1 0.6208765625 0.7470902773437501 0.62079609375 0.7398680559895833 0.617809375 0.73848472265625 0.61619453125 0.7442208333333333 0.61861640625 0.7488111106770834 0.6208765625 0.7470902773437501
0 0.99609375 0.4205729166666667 0.9986979166666666 0.421875 0.9986979166666666 0.42578125 0.9466145833333334 0.4270833333333333 0.9270833333333334 0.4296875 0.9153645833333334 0.4283854166666667 0.890625 0.4322916666666667 0.875 0.4466145833333333 0.8671875 0.45703125 0.8671875 0.4609375 0.859375 0.4739583333333333 0.8515625 0.5065104166666666 0.8515625 0.5520833333333334 0.8606770833333334 0.5859375 0.875 0.6106770833333334 0.8841145833333334 0.6197916666666666 0.8958333333333334 0.625 0.8971354166666666 0.6276041666666666 0.953125 0.6276041666666666 0.9544270833333334 0.625 0.9986979166666666 0.625 0.9986979166666666 0.6315104166666666 0.9283854166666666 0.6341145833333334 0.8984375 0.6341145833333334 0.8880208333333334 0.6302083333333334 0.8723958333333334 0.6158854166666666 0.8606770833333334 0.59765625 0.85546875 0.5846354166666666 0.85546875 0.5794270833333334 0.8528645833333334 0.5768229166666666 0.84765625 0.5481770833333334 0.8489583333333334 0.4986979166666667 0.8567708333333334 0.46875 0.875 0.4375 0.8880208333333334 0.4270833333333333 0.9010416666666666 0.4231770833333333 0.9947916666666666 0.4205729166666667
0 0.14322916666666666 0.4505208333333333 0.15885416666666666 0.4583333333333333 0.17057291666666666 0.4700520833333333 0.18229166666666666 0.4908854166666667 0.19010416666666666 0.5169270833333334 0.19270833333333334 0.5390625 0.19270833333333334 0.57421875 0.18619791666666666 0.6106770833333334 0.17447916666666666 0.6354166666666666 0.16276041666666666 0.6497395833333334 0.15104166666666666 0.6575520833333334 0.1328125 0.6614583333333334 0.09895833333333333 0.6614583333333334 0.07161458333333333 0.6640625 0.03125 0.6640625 0.028645833333333332 0.6627604166666666 0.028645833333333332 0.66015625 0.14192708333333334 0.6549479166666666 0.15494791666666666 0.6484375 0.16927083333333334 0.6341145833333334 0.1796875 0.6158854166666666 0.18880208333333334 0.5859375 0.19140625 0.546875 0.1875 0.51953125 0.1796875 0.4947916666666667 0.17708333333333334 0.4934895833333333 0.16927083333333334 0.4765625 0.16276041666666666 0.46875 0.14713541666666666 0.45703125 0.11067708333333333 0.4557291666666667 0.061197916666666664 0.45703125 0.059895833333333336 0.4596354166666667 0.02734375 0.4596354166666667 0.024739583333333332 0.4544270833333333 0.049479166666666664 0.4518229166666667 0.14192708333333334 0.4505208333333333
2 0.5182291666666666 0.43359375 0.515625 0.24088541666666666 0.5169270833333334 0.13020833333333334 0.5208333333333334 0.36328125 0.51953125 0.43359375
3 0.44140625 0.5455729166666666 0.4401041666666667 0.5651041666666666 0.4375 0.5690104166666666 0.43359375 0.5677083333333334 0.43359375 0.55078125 0.4401041666666667 0.5455729166666666
3 0.4700520833333333 0.2552083333333333 0.47265625 0.2552083333333333 0.4739583333333333 0.2643229166666667 0.4791666666666667 0.2708333333333333 0.4791666666666667 0.2734375 0.47265625 0.2786458333333333 0.46875 0.2786458333333333 0.4661458333333333 0.2760416666666667 0.4661458333333333 0.2630208333333333 0.4700520833333333 0.2565104166666667
3 0.49609375 0.6041666666666666 0.5 0.6041666666666666 0.5065104166666666 0.6106770833333334 0.5 0.62109375 0.49609375 0.62109375 0.4934895833333333 0.6158854166666666 0.4934895833333333 0.6080729166666666 0.49609375 0.60546875
3 0.3580729166666667 0.4791666666666667 0.3580729166666667 0.4986979166666667 0.3528645833333333 0.4986979166666667 0.3489583333333333 0.48828125 0.3502604166666667 0.4791666666666667 0.3567708333333333 0.4791666666666667
3 0.55859375 0.44140625 0.5598958333333334 0.4479166666666667 0.5572916666666666 0.4544270833333333 0.5572916666666666 0.46484375 0.5520833333333334 0.4752604166666667 0.5481770833333334 0.4674479166666667 0.5481770833333334 0.4440104166666667 0.5572916666666666 0.44140625
3 0.56640625 0.5625 0.5690104166666666 0.5625 0.5716145833333334 0.5716145833333334 0.56640625 0.5859375 0.5625 0.5872395833333334 0.5611979166666666 0.5677083333333334 0.56640625 0.5638020833333334
3 0.65625 0.37109375 0.6588541666666666 0.3736979166666667 0.6588541666666666 0.3828125 0.6549479166666666 0.3919270833333333 0.6497395833333334 0.3919270833333333 0.6497395833333334 0.3828125 0.6549479166666666 0.3723958333333333
3 0.6197916666666666 0.7408854166666666 0.62109375 0.7513020833333334 0.6080729166666666 0.77734375 0.6028645833333334 0.7682291666666666 0.6041666666666666 0.7630208333333334 0.609375 0.7486979166666666 0.6184895833333334 0.7408854166666666
3 0.5390625 0.23567708333333334 0.5455729166666666 0.23828125 0.5455729166666666 0.24479166666666666 0.5416666666666666 0.25390625 0.53515625 0.2552083333333333 0.53515625 0.24479166666666666 0.5377604166666666 0.23697916666666666
3 0.5765625 0.5458333333333333 0.578125 0.55277777734375 0.58046875 0.5486111106770833 0.584375 0.5458333333333333 0.5859375 0.5430555559895833 0.5859375 0.5375 0.5851562499999999 0.5361111106770834 0.5773437499999999 0.5361111106770834 0.5765625 0.5375 0.5765625 0.5458333333333333
3 0.521875 0.43333333333333335 0.5203125000000001 0.43472222265625 0.5187499999999999 0.4375 0.5164062500000001 0.4458333333333333 0.515625 0.45277777734375 0.5164062500000001 0.45416666666666666 0.52109375 0.4569444440104167 0.5234375 0.4569444440104167 0.52734375 0.45416666666666666 0.52890625 0.4513888893229167 0.5304687499999999 0.4458333333333333 0.5304687499999999 0.44166666666666665 0.5296875 0.43888888932291664 0.5265624999999999 0.43472222265625 0.5242187500000001 0.43333333333333335 0.521875 0.43333333333333335
3 0.525 0.6819444440104167 0.5234375 0.6680555559895834 0.5164062500000001 0.6708333333333334 0.5187499999999999 0.6986111106770833 0.525 0.6819444440104167