1 0.52416328125 0.5357763893229167 0.5243921875 0.53801527734375 0.5280578125000001 0.5369986106770833 0.52851640625 0.5337416666666667 0.52745703125 0.53159027734375 0.5261109375 0.5292638893229167 0.52462109375 0.5315027773437501 0.52416328125 0.5357763893229167
0 0.9088541666666666 0.4166666666666667 0.9986979166666666 0.4140625 0.9986979166666666 0.4205729166666667 0.9088541666666666 0.4231770833333333 0.8958333333333334 0.4283854166666667 0.8854166666666666 0.4375 0.8854166666666666 0.4401041666666667 0.875 0.4518229166666667 0.86328125 0.4817708333333333 0.8619791666666666 0.4947916666666667 0.859375 0.5 0.859375 0.5455729166666666 0.8619791666666666 0.55078125 0.86328125 0.5638020833333334 0.87109375 0.5872395833333334 0.8828125 0.60546875 0.8919270833333334 0.6145833333333334 0.91015625 0.6236979166666666 0.9986979166666666 0.62109375 0.9986979166666666 0.6276041666666666 0.9010416666666666 0.6276041666666666 0.8802083333333334 0.6106770833333334 0.8671875 0.5885416666666666 0.859375 0.5638020833333334 0.85546875 0.5325520833333334 0.8567708333333334 0.4986979166666667 0.8606770833333334 0.4778645833333333 0.8684895833333334 0.4557291666666667 0.8802083333333334 0.4361979166666667 0.8971354166666666 0.421875 0.9088541666666666 0.41796875
0 0.16015625 0.4505208333333333 0.16927083333333334 0.4583333333333333 0.18229166666666666 0.4765625 0.19010416666666666 0.4947916666666667 0.1953125 0.515625 0.1953125 0.52734375 0.19791666666666666 0.53515625 0.19791666666666666 0.56640625 0.19010416666666666 0.6067708333333334 0.17578125 0.6341145833333334 0.16015625 0.6497395833333334 0.1484375 0.6549479166666666 0.13932291666666666 0.65625 0.08723958333333333 0.6588541666666666 0.032552083333333336 0.6588541666666666 0.033854166666666664 0.6549479166666666 0.14322916666666666 0.6510416666666666 0.15234375 0.6484375 0.16276041666666666 0.640625 0.17578125 0.6263020833333334 0.18489583333333334 0.609375 0.1953125 0.5690104166666666 0.1953125 0.5325520833333334 0.1875 0.5078125 0.1875 0.4986979166666667 0.17317708333333334 0.4700520833333333 0.15885416666666666 0.4557291666666667 0.1484375 0.4505208333333333 0.13802083333333334 0.44921875 0.03125 0.453125 0.029947916666666668 0.44921875 0.0390625 0.4466145833333333 0.1484375 0.4453125 0.15885416666666666 0.4505208333333333
2 0.5260416666666666 0.6783854166666666 0.52734375 0.6627604166666666 0.5247395833333334 0.6393229166666666 0.5234375 0.5390625 0.52734375 0.5390625 0.5286458333333334 0.546875 0.52734375 0.6106770833333334 0.5299479166666666 0.6184895833333334 0.5286458333333334 0.6705729166666666 0.5325520833333334 0.9192708333333334 0.53125 0.9479166666666666 0.5286458333333334 0.9453125 0.52734375 0.8684895833333334 0.52734375 0.6796875
3 0.3138020833333333 0.55078125 0.3151041666666667 0.5677083333333334 0.3111979166666667 0.5729166666666666 0.3059895833333333 0.5703125 0.3059895833333333 0.5559895833333334 0.30859375 0.5520833333333334 0.3125 0.55078125
3 0.5247395833333334 0.5104166666666666 0.52734375 0.5143229166666666 0.5260416666666666 0.5364583333333334 0.5208333333333334 0.5364583333333334 0.51953125 0.53125 0.51953125 0.5169270833333334 0.5234375 0.51171875
3 0.8932291666666666 0.47265625 0.8971354166666666 0.4765625 0.90625 0.4778645833333333 0.9088541666666666 0.4830729166666667 0.90625 0.4921875 0.9036458333333334 0.4934895833333333 0.8984375 0.4895833333333333 0.8919270833333334 0.48828125 0.8919270833333334 0.4739583333333333
3 0.3828125 0.1640625 0.3854166666666667 0.171875 0.3854166666666667 0.18098958333333334 0.3828125 0.18619791666666666 0.37890625 0.18489583333333334 0.375 0.17447916666666666 0.3763020833333333 0.16536458333333334 0.37890625 0.16276041666666666 0.3815104166666667 0.1640625
3 0.5559895833333334 0.640625 0.5625 0.6419270833333334 0.5625 0.65234375 0.5598958333333334 0.6575520833333334 0.5559895833333334 0.6575520833333334 0.5559895833333334 0.6419270833333334
3 0.5872395833333334 0.8619791666666666 0.59765625 0.8658854166666666 0.5963541666666666 0.87890625 0.5872395833333334 0.8932291666666666 0.5872395833333334 0.86328125
3 0.79296875 0.13671875 0.7955729166666666 0.140625 0.7955729166666666 0.14713541666666666 0.78515625 0.16015625 0.7825520833333334 0.15885416666666666 0.7825520833333334 0.14583333333333334 0.7916666666666666 0.13671875
3 0.5091145833333334 0.14583333333333334 0.5182291666666666 0.14583333333333334 0.5208333333333334 0.15625 0.5182291666666666 0.17317708333333334 0.515625 0.17838541666666666 0.51171875 0.1796875 0.5078125 0.171875 0.5091145833333334 0.14713541666666666
3 0.16927083333333334 0.5104166666666666 0.17447916666666666 0.5104166666666666 0.17447916666666666 0.5130208333333334 0.18098958333333334 0.5182291666666666 0.17838541666666666 0.5260416666666666 0.1796875 0.5299479166666666 0.16796875 0.5338541666666666 0.16536458333333334 0.5286458333333334 0.16536458333333334 0.5182291666666666 0.16927083333333334 0.51171875
3 0.29765625 0.7291666666666666 0.3 0.7152777773437501 0.29843749999999997 0.70277777734375 0.2890625 0.7111111106770833 0.29453124999999997 0.7305555559895834 0.29765625 0.7291666666666666
3 0.39218749999999997 0.8555555559895834 0.39453125 0.86527777734375 0.39727421875 0.85335277734375 0.4025125 0.8464736106770833 0.4015625 0.8347222226562501 0.3984375 0.8263888893229167 0.39453125 0.8263888893229167 0.39218749999999997 0.8555555559895834
3 0.72109375 0.22777777734375002 0.7203125 0.23888888932291666 0.7195312500000001 0.24027777734375 0.7203125 0.24166666666666667 0.72109375 0.24166666666666667 0.7234375000000001 0.23750000000000002 0.72421875 0.23750000000000002 0.72421875 0.23611111067708335 0.728125 0.22916666666666666 0.73046875 0.22777777734375002 0.7335937499999999 0.2236111106770833 0.7335937499999999 0.21666666666666667 0.73203125 0.21527777734375 0.72421875 0.21805555598958334 0.7203125 0.2236111106770833 0.72109375 0.22777777734375002