1 0.88046875 0.6013888893229167 0.88125 0.60277777734375 0.884375 0.60277777734375 0.88515625 0.6 0.884375 0.59722222265625 0.8828125 0.5958333333333333 0.88046875 0.5958333333333333 0.88046875 0.6013888893229167
0 0.9036458333333334 0.4166666666666667 0.9153645833333334 0.4127604166666667 0.9986979166666666 0.41015625 0.9986979166666666 0.4153645833333333 0.9765625 0.4153645833333333 0.9752604166666666 0.41796875 0.9166666666666666 0.4192708333333333 0.9010416666666666 0.42578125 0.8893229166666666 0.4361979166666667 0.8763020833333334 0.4583333333333333 0.8671875 0.48828125 0.8645833333333334 0.51171875 0.8658854166666666 0.54296875 0.8723958333333334 0.5716145833333334 0.8671875 0.5677083333333334 0.86328125 0.5481770833333334 0.8619791666666666 0.5065104166666666 0.8645833333333334 0.484375 0.8671875 0.48046875 0.8723958333333334 0.45703125 0.8828125 0.4375 0.8958333333333334 0.4231770833333333 0.9036458333333334 0.41796875
0 0.1484375 0.4453125 0.16796875 0.4557291666666667 0.18229166666666666 0.4739583333333333 0.1953125 0.5104166666666666 0.1953125 0.51953125 0.19921875 0.53515625 0.19791666666666666 0.5807291666666666 0.19140625 0.6067708333333334 0.18229166666666666 0.6276041666666666 0.16666666666666666 0.6471354166666666 0.1484375 0.65625 0.125 0.6588541666666666 0.045572916666666664 0.6614583333333334 0.03515625 0.6614583333333334 0.03515625 0.6575520833333334 0.0390625 0.65625 0.11979166666666667 0.6536458333333334 0.15234375 0.6497395833333334 0.171875 0.6341145833333334 0.1875 0.6080729166666666 0.1953125 0.578125 0.19661458333333334 0.5651041666666666 0.1953125 0.5260416666666666 0.1875 0.4947916666666667 0.1796875 0.4817708333333333 0.1796875 0.4778645833333333 0.16666666666666666 0.4622395833333333 0.1484375 0.4505208333333333 0.03125 0.453125 0.03125 0.44921875 0.036458333333333336 0.4479166666666667 0.14713541666666666 0.4453125
2 0.52734375 0.3385416666666667 0.5299479166666666 0.34375 0.5286458333333334 0.4153645833333333 0.53125 0.6692708333333334 0.5338541666666666 0.6770833333333334 0.5325520833333334 0.7174479166666666 0.53515625 0.8216145833333334 0.53515625 0.94921875 0.5325520833333334 0.9479166666666666 0.53125 0.9270833333333334 0.53125 0.7526041666666666 0.5286458333333334 0.7044270833333334 0.5299479166666666 0.6927083333333334 0.52734375 0.6276041666666666 0.5286458333333334 0.5833333333333334 0.5260416666666666 0.45703125 0.52734375 0.3515625 0.5247395833333334 0.34765625 0.52734375 0.33984375
3 0.8307291666666666 0.8046875 0.8346354166666666 0.8059895833333334 0.8372395833333334 0.8125 0.8359375 0.82421875 0.8255208333333334 0.8216145833333334 0.8255208333333334 0.80859375 0.8294270833333334 0.8059895833333334
3 0.5390625 0.3059895833333333 0.5416666666666666 0.3072916666666667 0.5442708333333334 0.31640625 0.5416666666666666 0.328125 0.5364583333333334 0.328125 0.5377604166666666 0.3072916666666667
3 0.5911458333333334 0.3072916666666667 0.59765625 0.3125 0.59765625 0.3255208333333333 0.5924479166666666 0.3346354166666667 0.5872395833333334 0.3359375 0.5833333333333334 0.3268229166666667 0.5859375 0.3125 0.58984375 0.30859375
3 0.5494791666666666 0.6666666666666666 0.5546875 0.671875 0.5546875 0.6822916666666666 0.5520833333333334 0.6861979166666666 0.5494791666666666 0.6861979166666666 0.546875 0.6822916666666666 0.546875 0.671875 0.5494791666666666 0.66796875
3 0.5 0.4895833333333333 0.5078125 0.4934895833333333 0.5078125 0.4986979166666667 0.5026041666666666 0.5104166666666666 0.5026041666666666 0.5182291666666666 0.5 0.5208333333333334 0.5 0.5247395833333334 0.4973958333333333 0.5260416666666666 0.49609375 0.49609375 0.5 0.4908854166666667
3 0.875 0.57421875 0.8854166666666666 0.578125 0.8854166666666666 0.5872395833333334 0.8815104166666666 0.5911458333333334 0.8828125 0.6028645833333334 0.87890625 0.6015625 0.87890625 0.59375 0.8736979166666666 0.5885416666666666 0.8684895833333334 0.58984375 0.8619791666666666 0.5755208333333334 0.8619791666666666 0.5729166666666666 0.8658854166666666 0.5703125 0.8736979166666666 0.57421875
3 0.7942708333333334 0.4166666666666667 0.7994791666666666 0.4166666666666667 0.8033854166666666 0.421875 0.8020833333333334 0.4309895833333333 0.7942708333333334 0.4322916666666667 0.7916666666666666 0.4348958333333333 0.7890625 0.43359375 0.7890625 0.4296875 0.79296875 0.4244791666666667 0.7942708333333334 0.41796875
3 0.9440104166666666 0.5416666666666666 0.9557291666666666 0.5390625 0.9609375 0.546875 0.9596354166666666 0.5546875 0.9505208333333334 0.5559895833333334 0.94921875 0.5520833333333334 0.9466145833333334 0.5520833333333334 0.9453125 0.5546875 0.9427083333333334 0.5442708333333334 0.9440104166666666 0.54296875
3 0.767578125 0.22265625 0.014973958333333334 0.026692708333333332
3 0.21614583333333334 0.5234375 0.22135416666666666 0.5234375 0.22786458333333334 0.5299479166666666 0.2265625 0.5390625 0.21875 0.5442708333333334 0.21223958333333334 0.5364583333333334 0.21223958333333334 0.5299479166666666 0.21614583333333334 0.5247395833333334
3 0.6335937500000001 0.6861111106770833 0.6320312499999999 0.6708333333333334 0.62265625 0.6819444440104167 0.6242187499999999 0.6930555559895833 0.6335937500000001 0.6861111106770833
3 0.5929687499999999 0.85 0.6 0.8416666666666667 0.59921875 0.8250000000000001 0.5890624999999999 0.8347222226562501 0.589796875 0.8482736106770834 0.5929687499999999 0.85