1 0.41640625000000003 0.65972222265625 0.41796875 0.6583333333333333 0.41796875 0.65277777734375 0.4171875 0.6513888893229166 0.41328125 0.6513888893229166 0.41250000000000003 0.65277777734375 0.41250000000000003 0.6583333333333333 0.41328125 0.65972222265625 0.41640625000000003 0.65972222265625
0 0 0.421875 0.09895833333333333 0.4244791666666667 0.11067708333333333 0.4283854166666667 0.12239583333333333 0.4375 0.13802083333333334 0.4609375 0.14973958333333334 0.49609375 0.15104166666666666 0.51171875 0.15104166666666666 0.5533854166666666 0.14583333333333334 0.5794270833333334 0.13411458333333334 0.6067708333333334 0.11848958333333333 0.6263020833333334 0.11067708333333333 0.6315104166666666 0.09895833333333333 0.6354166666666666 0 0.6328125 0 0.625 0.006510416666666667 0.625 0.0078125 0.6276041666666666 0.08723958333333333 0.6302083333333334 0.10286458333333333 0.62890625 0.10546875 0.625 0.11458333333333333 0.62109375 0.12890625 0.60546875 0.13932291666666666 0.5859375 0.1484375 0.546875 0.14713541666666666 0.5052083333333334 0.13932291666666666 0.4739583333333333 0.12760416666666666 0.4518229166666667 0.11067708333333333 0.4348958333333333 0.10026041666666667 0.4309895833333333 0.08854166666666667 0.4296875 0 0.4270833333333333 0 0.4231770833333333
0 0.9505208333333334 0.453125 0.97265625 0.4544270833333333 0.97265625 0.4609375 0.8776041666666666 0.4596354166666667 0.8763020833333334 0.45703125 0.8580729166666666 0.45703125 0.8567708333333334 0.4596354166666667 0.8502604166666666 0.4609375 0.83984375 0.4674479166666667 0.8307291666666666 0.4765625 0.8190104166666666 0.4973958333333333 0.8111979166666666 0.5234375 0.8072916666666666 0.5598958333333334 0.8111979166666666 0.5911458333333334 0.8190104166666666 0.6158854166666666 0.8307291666666666 0.63671875 0.8450520833333334 0.6510416666666666 0.86328125 0.6575520833333334 0.9583333333333334 0.66015625 0.9700520833333334 0.6614583333333334 0.9700520833333334 0.6640625 0.9674479166666666 0.6653645833333334 0.8828125 0.6640625 0.8515625 0.66015625 0.83203125 0.6471354166666666 0.83203125 0.64453125 0.82421875 0.6354166666666666 0.8125 0.609375 0.8111979166666666 0.59765625 0.80859375 0.5950520833333334 0.8072916666666666 0.5872395833333334 0.8059895833333334 0.546875 0.8125 0.5052083333333334 0.8151041666666666 0.5026041666666666 0.81640625 0.4934895833333333 0.82421875 0.4817708333333333 0.82421875 0.4778645833333333 0.84375 0.45703125 0.8580729166666666 0.4518229166666667 0.94921875 0.453125
2 0.48046875 0.46875 0.4778645833333333 0.4739583333333333 0.4817708333333333 0.4973958333333333 0.4791666666666667 0.5833333333333334 0.48046875 0.6380208333333334 0.4778645833333333 0.7161458333333334 0.4778645833333333 0.87109375 0.4752604166666667 0.9505208333333334 0.47265625 0.9518229166666666 0.47265625 0.859375 0.4765625 0.70703125 0.4765625 0.4752604166666667 0.4791666666666667 0.4700520833333333
3 0.3984375 0.7604166666666666 0.4049479166666667 0.7565104166666666 0.4114583333333333 0.7565104166666666 0.4114583333333333 0.7630208333333334 0.4075520833333333 0.7721354166666666 0.4049479166666667 0.7734375 0.3997395833333333 0.7721354166666666 0.3971354166666667 0.7682291666666666 0.3984375 0.76171875
3 0.5638020833333334 0.5631510416666666 0.008463541666666666 0.018229166666666668
3 0.5052083333333334 0.5989583333333334 0.5091145833333334 0.6041666666666666 0.5091145833333334 0.6119791666666666 0.5065104166666666 0.6171875 0.5026041666666666 0.6158854166666666 0.50390625 0.6002604166666666
3 0.5364583333333334 0.2604166666666667 0.5403645833333334 0.265625 0.5390625 0.2838541666666667 0.5338541666666666 0.2825520833333333 0.5299479166666666 0.26953125 0.53125 0.2630208333333333 0.53515625 0.2604166666666667
3 0.6393229166666666 0.4934895833333333 0.65234375 0.4947916666666667 0.6497395833333334 0.5130208333333334 0.6432291666666666 0.5130208333333334 0.6393229166666666 0.4947916666666667
3 0.3502604166666667 0.375 0.3528645833333333 0.375 0.3580729166666667 0.3802083333333333 0.3580729166666667 0.3919270833333333 0.35546875 0.39453125 0.3502604166666667 0.38671875 0.3502604166666667 0.3763020833333333
3 0.453125 0.23958333333333334 0.4609375 0.23697916666666666 0.46484375 0.25 0.4635416666666667 0.2591145833333333 0.4596354166666667 0.26171875 0.453125 0.24088541666666666
3 0.44921875 0.53515625 0.4557291666666667 0.5338541666666666 0.4557291666666667 0.5533854166666666 0.453125 0.5559895833333334 0.44921875 0.55078125 0.44921875 0.5364583333333334
3 0.48593749999999997 0.67222222265625 0.48359375 0.6680555559895834 0.48046875 0.6708333333333334 0.48046875 0.6833333333333332 0.484375 0.6875 0.48593749999999997 0.67222222265625
3 0.4328125 0.5375 0.425 0.5361111106770834 0.42343749999999997 0.5430555559895833 0.42890625 0.5583333333333333 0.4328125 0.5541666666666667 0.4328125 0.5375
3 0.44609375 0.43472222265625 0.4453125 0.44722222265624995 0.45078124999999997 0.45416666666666666 0.45234375 0.43888888932291664 0.44609375 0.43472222265625
3 0.48359375 0.44027777734375 0.47734375 0.4375 0.4734375 0.4430555559895833 0.47265625 0.45277777734375 0.47734375 0.45972222265625 0.48515625 0.4583333333333333 0.48359375 0.44027777734375