1 0.37265624999999997 0.7374999999999999 0.37343750000000003 0.74027777734375 0.37656249999999997 0.74027777734375 0.37734375000000003 0.7388888893229167 0.37734375000000003 0.7333333333333334 0.37656249999999997 0.7319444440104167 0.37343750000000003 0.7319444440104167 0.37265624999999997 0.7333333333333334 0.37265624999999997 0.7374999999999999
0 0.9036458333333334 0.4166666666666667 0.9114583333333334 0.4140625 0.9986979166666666 0.4114583333333333 0.9986979166666666 0.41796875 0.9140625 0.4205729166666667 0.9036458333333334 0.4231770833333333 0.8932291666666666 0.4296875 0.87890625 0.4466145833333333 0.8671875 0.47265625 0.8619791666666666 0.4908854166666667 0.859375 0.5286458333333334 0.8619791666666666 0.5364583333333334 0.86328125 0.5559895833333334 0.8736979166666666 0.5872395833333334 0.88671875 0.6041666666666666 0.88671875 0.6067708333333334 0.8971354166666666 0.6158854166666666 0.9075520833333334 0.62109375 0.9986979166666666 0.6197916666666666 0.9986979166666666 0.6263020833333334 0.9049479166666666 0.6263020833333334 0.9036458333333334 0.6236979166666666 0.8997395833333334 0.6236979166666666 0.8919270833333334 0.6184895833333334 0.8802083333333334 0.6067708333333334 0.8684895833333334 0.5872395833333334 0.8606770833333334 0.5598958333333334 0.8567708333333334 0.5286458333333334 0.8619791666666666 0.4778645833333333 0.8684895833333334 0.45703125 0.87890625 0.44140625 0.8802083333333334 0.4361979166666667 0.8880208333333334 0.4270833333333333 0.9036458333333334 0.41796875
0 0.14713541666666666 0.4440104166666667 0.16276041666666666 0.4505208333333333 0.171875 0.4583333333333333 0.171875 0.4609375 0.18229166666666666 0.4739583333333333 0.18359375 0.48046875 0.19010416666666666 0.4908854166666667 0.1953125 0.5104166666666666 0.19791666666666666 0.5247395833333334 0.19791666666666666 0.5729166666666666 0.1953125 0.5911458333333334 0.19140625 0.59765625 0.1875 0.61328125 0.17578125 0.6341145833333334 0.15625 0.6510416666666666 0.14322916666666666 0.6549479166666666 0.053385416666666664 0.6588541666666666 0.03515625 0.6588541666666666 0.03515625 0.6536458333333334 0.14322916666666666 0.6497395833333334 0.14973958333333334 0.6484375 0.15104166666666666 0.6458333333333334 0.16276041666666666 0.640625 0.171875 0.6315104166666666 0.18359375 0.61328125 0.18880208333333334 0.5950520833333334 0.19140625 0.5924479166666666 0.19270833333333334 0.5768229166666666 0.1953125 0.5703125 0.1953125 0.5247395833333334 0.18880208333333334 0.4986979166666667 0.1796875 0.4778645833333333 0.171875 0.4661458333333333 0.15494791666666666 0.4518229166666667 0.14713541666666666 0.44921875 0.03515625 0.4518229166666667 0.03125 0.44921875 0.033854166666666664 0.4466145833333333 0.14583333333333334 0.4440104166666667
2 0.5247395833333334 0.12109375 0.52734375 0.3190104166666667 0.5260416666666666 0.44921875 0.5286458333333334 0.4557291666666667 0.52734375 0.5442708333333334 0.5299479166666666 0.5807291666666666 0.5299479166666666 0.67578125 0.5325520833333334 0.68359375 0.5299479166666666 0.71484375 0.5325520833333334 0.8502604166666666 0.53125 0.87890625 0.5338541666666666 0.9205729166666666 0.5325520833333334 0.9466145833333334 0.5299479166666666 0.9427083333333334 0.53125 0.9270833333333334 0.5286458333333334 0.8984375 0.5299479166666666 0.859375 0.52734375 0.7981770833333334 0.52734375 0.6315104166666666 0.5247395833333334 0.6276041666666666 0.5247395833333334 0.3203125 0.5221354166666666 0.20963541666666666 0.5234375 0.12239583333333333
3 0.38671875 0.19010416666666666 0.3893229166666667 0.19270833333333334 0.3880208333333333 0.21484375 0.3841145833333333 0.21484375 0.3828125 0.203125 0.3802083333333333 0.19921875 0.3802083333333333 0.1953125 0.3854166666666667 0.19010416666666666
3 0.3268229166666667 0.55859375 0.3307291666666667 0.5677083333333334 0.3307291666666667 0.5794270833333334 0.3268229166666667 0.5911458333333334 0.3268229166666667 0.5989583333333334 0.3229166666666667 0.5989583333333334 0.3229166666666667 0.5807291666666666 0.3203125 0.5755208333333334 0.3216145833333333 0.56640625 0.3255208333333333 0.5598958333333334
3 0.6158854166666666 0.8411458333333334 0.6158854166666666 0.8658854166666666 0.6119791666666666 0.8697916666666666 0.6080729166666666 0.8645833333333334 0.609375 0.8502604166666666 0.6145833333333334 0.8424479166666666
3 0.74609375 0.34375 0.74609375 0.3567708333333333 0.7369791666666666 0.36328125 0.734375 0.3619791666666667 0.7369791666666666 0.3463541666666667 0.7395833333333334 0.3424479166666667 0.7447916666666666 0.34375
3 0.4036458333333333 0.8776041666666666 0.40625 0.8776041666666666 0.4049479166666667 0.91015625 0.3997395833333333 0.9127604166666666 0.39453125 0.9075520833333334 0.3958333333333333 0.8919270833333334 0.4036458333333333 0.8828125 0.4036458333333333 0.87890625
3 0.50390625 0.16015625 0.5078125 0.16015625 0.51171875 0.16927083333333334 0.51171875 0.17838541666666666 0.5078125 0.18619791666666666 0.5078125 0.19270833333333334 0.5065104166666666 0.19401041666666666 0.5013020833333334 0.19140625 0.4986979166666667 0.171875 0.5013020833333334 0.16276041666666666 0.50390625 0.16145833333333334
3 0.5416666666666666 0.671875 0.5455729166666666 0.6770833333333334 0.5455729166666666 0.6809895833333334 0.54296875 0.6888020833333334 0.5390625 0.69140625 0.5364583333333334 0.6901041666666666 0.53515625 0.68359375 0.5364583333333334 0.67578125 0.5403645833333334 0.671875
3 0.7877604166666666 0.16666666666666666 0.7916666666666666 0.16666666666666666 0.79296875 0.16927083333333334 0.79296875 0.17838541666666666 0.78515625 0.19270833333333334 0.78515625 0.19661458333333334 0.78125 0.19010416666666666 0.7825520833333334 0.17447916666666666 0.7877604166666666 0.16796875
3 0.9205729166666666 0.4765625 0.9231770833333334 0.4817708333333333 0.921875 0.4921875 0.9140625 0.4921875 0.9075520833333334 0.4973958333333333 0.9075520833333334 0.4830729166666667 0.9192708333333334 0.4765625
3 0.17057291666666666 0.5455729166666666 0.17838541666666666 0.5533854166666666 0.17578125 0.5638020833333334 0.17057291666666666 0.5677083333333334 0.16536458333333334 0.56640625 0.16276041666666666 0.5598958333333334 0.1640625 0.55078125 0.16927083333333334 0.5455729166666666
3 0.3580729166666667 0.7408854166666666 0.3619791666666667 0.7447916666666666 0.3619791666666667 0.7513020833333334 0.3580729166666667 0.7591145833333334 0.3515625 0.7643229166666666 0.3489583333333333 0.76171875 0.3489583333333333 0.7447916666666666 0.3528645833333333 0.7369791666666666 0.3567708333333333 0.7408854166666666
3 0.521875 0.4430555559895833 0.51953125 0.4430555559895833 0.5187499999999999 0.44444444401041666 0.5187499999999999 0.44861111067708337 0.51953125 0.45 0.5203125000000001 0.44861111067708337 0.5242187500000001 0.44861111067708337 0.5265624999999999 0.44722222265624995 0.5265624999999999 0.44444444401041666 0.52578125 0.4430555559895833 0.5234375 0.4430555559895833 0.5226562499999999 0.44166666666666665 0.521875 0.4430555559895833