1 0.3328125 0.5125000000000001 0.33203125 0.5083333333333333 0.328125 0.5083333333333333 0.328125 0.51527777734375 0.33203125 0.51527777734375 0.3328125 0.5125000000000001
0 0 0.4140625 0.09114583333333333 0.4166666666666667 0.09244791666666667 0.4192708333333333 0.09895833333333333 0.4192708333333333 0.11458333333333333 0.4283854166666667 0.13411458333333334 0.4557291666666667 0.14192708333333334 0.4791666666666667 0.14713541666666666 0.5169270833333334 0.14583333333333334 0.5494791666666666 0.13671875 0.5859375 0.12630208333333334 0.60546875 0.11197916666666667 0.62109375 0.09505208333333333 0.6302083333333334 0 0.6276041666666666 0 0.62109375 0.07161458333333333 0.6236979166666666 0.09375 0.6236979166666666 0.10286458333333333 0.62109375 0.11979166666666667 0.6067708333333334 0.12109375 0.6015625 0.13151041666666666 0.5872395833333334 0.13671875 0.5677083333333334 0.13932291666666666 0.5651041666666666 0.14322916666666666 0.5455729166666666 0.14322916666666666 0.50390625 0.13932291666666666 0.4830729166666667 0.13671875 0.48046875 0.13541666666666666 0.4700520833333333 0.12890625 0.4596354166666667 0.12760416666666666 0.453125 0.11458333333333333 0.4348958333333333 0.10286458333333333 0.4270833333333333 0.09244791666666667 0.4231770833333333 0 0.4205729166666667 0 0.4153645833333333
0 0.91796875 0.4479166666666667 0.9739583333333334 0.4505208333333333 0.9739583333333334 0.4557291666666667 0.859375 0.4518229166666667 0.84765625 0.45703125 0.8294270833333334 0.4752604166666667 0.8190104166666666 0.4947916666666667 0.8111979166666666 0.51953125 0.8098958333333334 0.5755208333333334 0.8138020833333334 0.59375 0.8177083333333334 0.6015625 0.8190104166666666 0.6106770833333334 0.8268229166666666 0.6263020833333334 0.8333333333333334 0.6354166666666666 0.8515625 0.6510416666666666 0.8736979166666666 0.6549479166666666 0.8776041666666666 0.6536458333333334 0.9622395833333334 0.6575520833333334 0.9713541666666666 0.6588541666666666 0.97265625 0.6614583333333334 0.9700520833333334 0.6627604166666666 0.875 0.66015625 0.859375 0.6588541666666666 0.84765625 0.6549479166666666 0.8372395833333334 0.6471354166666666 0.82421875 0.6302083333333334 0.81640625 0.6158854166666666 0.8111979166666666 0.5911458333333334 0.80859375 0.5872395833333334 0.80859375 0.5208333333333334 0.81640625 0.4921875 0.8307291666666666 0.4661458333333333 0.8424479166666666 0.4544270833333333 0.859375 0.4466145833333333 0.9166666666666666 0.4479166666666667
2 0.48046875 0.12239583333333333 0.4817708333333333 0.2825520833333333 0.4791666666666667 0.3619791666666667 0.48046875 0.4557291666666667 0.4752604166666667 0.7200520833333334 0.4752604166666667 0.8736979166666666 0.4739583333333333 0.94921875 0.4713541666666667 0.9505208333333334 0.4700520833333333 0.9479166666666666 0.47265625 0.8658854166666666 0.47265625 0.6302083333333334 0.4752604166666667 0.59375 0.4765625 0.4869791666666667 0.4765625 0.25 0.4791666666666667 0.23307291666666666 0.48046875 0.12369791666666667
3 0.45703125 0.265625 0.4609375 0.24739583333333334 0.4635416666666667 0.24869791666666666 0.46875 0.2630208333333333 0.4635416666666667 0.26953125 0.4583333333333333 0.265625
3 0.3893229166666667 0.4934895833333333 0.3932291666666667 0.49609375 0.3958333333333333 0.5026041666666666 0.3958333333333333 0.515625 0.3919270833333333 0.51953125 0.38671875 0.5169270833333334 0.3815104166666667 0.5091145833333334 0.3828125 0.4973958333333333 0.3880208333333333 0.4934895833333333
3 0.5260416666666666 0.59765625 0.5299479166666666 0.59765625 0.5325520833333334 0.6002604166666666 0.5325520833333334 0.61328125 0.5260416666666666 0.6145833333333334 0.5260416666666666 0.5989583333333334
3 0.2109375 0.6458333333333334 0.22005208333333334 0.64453125 0.22005208333333334 0.6471354166666666 0.22526041666666666 0.6510416666666666 0.22265625 0.6692708333333334 0.21744791666666666 0.6627604166666666 0.21354166666666666 0.6614583333333334 0.2109375 0.65625 0.2109375 0.6471354166666666
3 0.3424479166666667 0.5625 0.3463541666666667 0.5625 0.3502604166666667 0.5690104166666666 0.3502604166666667 0.578125 0.34765625 0.5794270833333334 0.3385416666666667 0.5716145833333334 0.33984375 0.5651041666666666 0.3424479166666667 0.5638020833333334
3 0.4361979166666667 0.7356770833333334 0.4388020833333333 0.7356770833333334 0.44140625 0.7447916666666666 0.44140625 0.75390625 0.4322916666666667 0.75390625 0.4322916666666667 0.74609375 0.4361979166666667 0.7369791666666666
3 0.40234375 0.1953125 0.4049479166666667 0.1953125 0.4088541666666667 0.20572916666666666 0.4088541666666667 0.21614583333333334 0.4049479166666667 0.22005208333333334 0.4010416666666667 0.22005208333333334 0.40234375 0.19661458333333334
3 0.3489583333333333 0.4869791666666667 0.3502604166666667 0.5026041666666666 0.3463541666666667 0.5052083333333334 0.34375 0.5052083333333334 0.33984375 0.4973958333333333 0.33984375 0.48828125 0.34765625 0.4869791666666667
3 0.5846354166666666 0.4479166666666667 0.58984375 0.4479166666666667 0.59375 0.4557291666666667 0.5924479166666666 0.4635416666666667 0.5846354166666666 0.4661458333333333 0.58203125 0.4609375 0.5846354166666666 0.44921875
3 0.4375 0.37109375 0.4427083333333333 0.3723958333333333 0.4440104166666667 0.3776041666666667 0.4440104166666667 0.3880208333333333 0.4375 0.390625 0.4348958333333333 0.3880208333333333 0.4375 0.3723958333333333
3 0.25 0.4283854166666667 0.26171875 0.4283854166666667 0.2630208333333333 0.4309895833333333 0.26171875 0.4466145833333333 0.2591145833333333 0.4505208333333333 0.2526041666666667 0.44140625 0.25 0.4296875
3 0.3841145833333333 0.8359375 0.3880208333333333 0.8385416666666666 0.3880208333333333 0.8502604166666666 0.3841145833333333 0.85546875 0.3776041666666667 0.8489583333333334 0.3776041666666667 0.8424479166666666 0.3828125 0.8372395833333334