1 0.3 0.4611111106770833 0.30078125 0.46249999999999997 0.30390625 0.46249999999999997 0.3046875 0.45972222265625 0.30390625 0.45555555598958336 0.30078125 0.45555555598958336 0.3 0.4569444440104167 0.3 0.4611111106770833
0 0.8802083333333334 0.453125 0.8958333333333334 0.4361979166666667 0.9127604166666666 0.4296875 0.9986979166666666 0.4270833333333333 0.9986979166666666 0.4322916666666667 0.9153645833333334 0.4348958333333333 0.9088541666666666 0.4361979166666667 0.9075520833333334 0.4388020833333333 0.8958333333333334 0.4440104166666667 0.8828125 0.45703125 0.8736979166666666 0.4739583333333333 0.8658854166666666 0.4973958333333333 0.8619791666666666 0.5234375 0.86328125 0.5651041666666666 0.8697916666666666 0.5833333333333334 0.87109375 0.59375 0.8815104166666666 0.61328125 0.8997395833333334 0.6328125 0.9140625 0.6380208333333334 0.9986979166666666 0.6354166666666666 0.9986979166666666 0.640625 0.9140625 0.6432291666666666 0.8984375 0.6380208333333334 0.8841145833333334 0.6263020833333334 0.8684895833333334 0.59765625 0.8619791666666666 0.5755208333333334 0.859375 0.5572916666666666 0.859375 0.5182291666666666 0.8619791666666666 0.4986979166666667 0.8684895833333334 0.4752604166666667 0.8802083333333334 0.4544270833333333
0 0.10546875 0.4583333333333333 0.14453125 0.4583333333333333 0.14583333333333334 0.4609375 0.15625 0.4635416666666667 0.1640625 0.46875 0.171875 0.4765625 0.18359375 0.49609375 0.19140625 0.5182291666666666 0.19661458333333334 0.5494791666666666 0.1953125 0.59375 0.19140625 0.61328125 0.18229166666666666 0.63671875 0.17057291666666666 0.6549479166666666 0.16276041666666666 0.6614583333333334 0.15104166666666666 0.6692708333333334 0.140625 0.671875 0.032552083333333336 0.67578125 0.03125 0.6705729166666666 0.08723958333333333 0.6692708333333334 0.08854166666666667 0.6666666666666666 0.13151041666666666 0.6666666666666666 0.14713541666666666 0.6640625 0.15755208333333334 0.6588541666666666 0.16927083333333334 0.6484375 0.18489583333333334 0.62109375 0.19270833333333334 0.5885416666666666 0.19140625 0.5325520833333334 0.18880208333333334 0.51953125 0.1796875 0.49609375 0.1640625 0.4752604166666667 0.14713541666666666 0.46484375 0.028645833333333332 0.4674479166666667 0.028645833333333332 0.4635416666666667 0.03125 0.4622395833333333 0.10546875 0.4596354166666667
2 0.5221354166666666 0.13671875 0.5247395833333334 0.13671875 0.5260416666666666 0.15885416666666666 0.5247395833333334 0.22395833333333334 0.52734375 0.3736979166666667 0.52734375 0.5729166666666666 0.5299479166666666 0.6197916666666666 0.5299479166666666 0.765625 0.5325520833333334 0.8736979166666666 0.53125 0.8997395833333334 0.5338541666666666 0.9296875 0.53125 0.96484375 0.53125 0.94140625 0.5286458333333334 0.9270833333333334 0.52734375 0.65234375 0.5247395833333334 0.64453125 0.5234375 0.24479166666666666 0.5208333333333334 0.16276041666666666 0.5221354166666666 0.13802083333333334
3 0.23958333333333334 0.6458333333333334 0.23307291666666666 0.6380208333333334 0.23567708333333334 0.6302083333333334 0.24609375 0.62890625 0.24479166666666666 0.6419270833333334 0.24088541666666666 0.64453125
3 0.25 0.9127604166666666 0.26171875 0.91015625 0.2578125 0.9388020833333334 0.25390625 0.94140625 0.25390625 0.93359375 0.25 0.9270833333333334 0.25 0.9140625
3 0.0703125 0.5299479166666666 0.078125 0.5338541666666666 0.08723958333333333 0.53515625 0.08072916666666667 0.546875 0.07552083333333333 0.55078125 0.06640625 0.55078125 0.06380208333333333 0.5481770833333334 0.06380208333333333 0.5364583333333334 0.06640625 0.53125 0.06901041666666667 0.53125
3 0.1484375 0.4765625 0.15625 0.4765625 0.15494791666666666 0.4921875 0.14973958333333334 0.49609375 0.140625 0.484375 0.140625 0.4791666666666667 0.14322916666666666 0.4765625 0.14713541666666666 0.4765625
3 0.2838541666666667 0.49609375 0.28515625 0.5130208333333334 0.2825520833333333 0.515625 0.2786458333333333 0.5143229166666666 0.2747395833333333 0.5065104166666666 0.2747395833333333 0.5026041666666666 0.2825520833333333 0.49609375
3 0.15364583333333334 0.75 0.15755208333333334 0.74609375 0.16276041666666666 0.7447916666666666 0.16536458333333334 0.7408854166666666 0.16796875 0.75 0.16796875 0.7591145833333334 0.16276041666666666 0.7643229166666666 0.16015625 0.7643229166666666 0.15364583333333334 0.7578125 0.15364583333333334 0.7513020833333334
3 0.453125 0.4856770833333333 0.453125 0.4622395833333333 0.4557291666666667 0.44921875 0.4596354166666667 0.44921875 0.4622395833333333 0.4544270833333333 0.4596354166666667 0.48046875 0.4544270833333333 0.4856770833333333
3 0.5872395833333334 0.24088541666666666 0.58984375 0.24609375 0.5872395833333334 0.26171875 0.5833333333333334 0.2643229166666667 0.5807291666666666 0.26171875 0.5794270833333334 0.25390625 0.5794270833333334 0.24609375 0.5859375 0.2421875
3 0.3268229166666667 0.5338541666666666 0.3203125 0.52734375 0.3203125 0.5169270833333334 0.32421875 0.5143229166666666 0.3294270833333333 0.515625 0.328125 0.5325520833333334
3 0.8268229166666666 0.4791666666666667 0.8307291666666666 0.4791666666666667 0.8333333333333334 0.4947916666666667 0.8177083333333334 0.4934895833333333 0.8203125 0.484375 0.8268229166666666 0.48046875
3 0.2604166666666667 0.4544270833333333 0.2643229166666667 0.4622395833333333 0.265625 0.47265625 0.2578125 0.4830729166666667 0.2552083333333333 0.4817708333333333 0.25390625 0.4765625 0.25390625 0.4609375 0.2552083333333333 0.45703125 0.2591145833333333 0.4544270833333333
3 0.32421875 0.7541666666666668 0.32421875 0.7583333333333333 0.32578124999999997 0.75972222265625 0.32734375 0.7638888893229167 0.32734375 0.7722222226562501 0.328125 0.7736111106770833 0.32890625 0.7736111106770833 0.33203125 0.7625000000000001 0.33203125 0.7569444440104167 0.3328125 0.7555555559895833 0.3328125 0.74722222265625 0.33203125 0.7458333333333332 0.32890625 0.7458333333333332 0.32578124999999997 0.75277777734375 0.32421875 0.7541666666666668