1 0.29296875 0.4861111106770833 0.29453124999999997 0.48333333333333334 0.29453124999999997 0.4805555559895833 0.29375 0.4791666666666667 0.29062499999999997 0.4791666666666667 0.28984375 0.4805555559895833 0.2890625 0.48333333333333334 0.28984375 0.48472222265625 0.2921875 0.48472222265625 0.29296875 0.4861111106770833
3 0.2799479166666667 0.4609375 0.2838541666666667 0.4609375 0.2942708333333333 0.4752604166666667 0.2955729166666667 0.4817708333333333 0.2942708333333333 0.4856770833333333 0.2890625 0.4856770833333333 0.2877604166666667 0.4778645833333333 0.2838541666666667 0.4739583333333333 0.2760416666666667 0.4713541666666667 0.2760416666666667 0.4674479166666667 0.2799479166666667 0.4622395833333333
3 0.25 0.65234375 0.2565104166666667 0.65234375 0.265625 0.65625 0.2630208333333333 0.66796875 0.25390625 0.6692708333333334 0.25 0.6653645833333334 0.25 0.6536458333333334
3 0.37109375 0.2630208333333333 0.375 0.2630208333333333 0.3776041666666667 0.265625 0.3828125 0.2838541666666667 0.3828125 0.2890625 0.3776041666666667 0.2903645833333333 0.3697916666666667 0.26953125 0.37109375 0.2643229166666667
3 0.26171875 0.8385416666666666 0.265625 0.8385416666666666 0.26953125 0.84375 0.2669270833333333 0.8580729166666666 0.26171875 0.859375 0.2591145833333333 0.85546875 0.2591145833333333 0.8450520833333334 0.26171875 0.83984375
3 0.23046875 0.21223958333333334 0.234375 0.21223958333333334 0.23958333333333334 0.21744791666666666 0.2421875 0.22526041666666666 0.2421875 0.234375 0.23828125 0.23567708333333334 0.23046875 0.22265625 0.23046875 0.21354166666666666
3 0.3313802083333333 0.5533854166666666 0.013020833333333334 0.018229166666666668
3 0.3287760416666667 0.599609375 0.015625 0.018229166666666668
3 0.7552083333333334 0.5065104166666666 0.7604166666666666 0.5143229166666666 0.7591145833333334 0.5260416666666666 0.7552083333333334 0.5286458333333334 0.7486979166666666 0.5234375 0.7434895833333334 0.5130208333333334 0.7447916666666666 0.5104166666666666 0.7486979166666666 0.51171875 0.75390625 0.5065104166666666
3 0.09244791666666667 0.4544270833333333 0.09765625 0.4609375 0.10807291666666667 0.4622395833333333 0.10807291666666667 0.4713541666666667 0.10546875 0.4739583333333333 0.09375 0.47265625 0.08854166666666667 0.46484375 0.09114583333333333 0.4557291666666667
3 0.38671875 0.5083333333333333 0.38437499999999997 0.5125000000000001 0.3828125 0.5180555559895833 0.38984375 0.52222222265625 0.38984375 0.5111111106770834 0.38671875 0.5083333333333333
3 0.35546875 0.79722222265625 0.34921874999999997 0.8055555559895833 0.34921874999999997 0.8111111106770833 0.359375 0.8166666666666668 0.36171875000000003 0.80277777734375 0.35546875 0.79722222265625
3 0.38203125 0.375 0.375 0.37222222265625 0.371875 0.37638888932291664 0.37265624999999997 0.39027777734375 0.37734375000000003 0.3944444440104167 0.38359375 0.39027777734375 0.38203125 0.375
2 0.4739583333333333 0.12109375 0.4739583333333333 0.46484375 0.4713541666666667 0.5143229166666666 0.4700520833333333 0.7786458333333334 0.4661458333333333 0.9479166666666666 0.4635416666666667 0.9479166666666666 0.4635416666666667 0.8893229166666666 0.46484375 0.7825520833333334 0.4674479166666667 0.7591145833333334 0.47265625 0.12239583333333333
0 0.8328125000000001 0.6486111106770833 0.85546875 0.6583333333333333 0.8765625 0.65972222265625 0.9617187500000001 0.6611111106770834 0.96484375 0.6569444440104167 0.88046875 0.6541666666666667 0.83984375 0.64722222265625 0.82421875 0.6319444440104166 0.8109375 0.6069444440104167 0.8015625000000001 0.5638888893229167 0.8015625000000001 0.5416666666666666 0.8140625 0.48888888932291663 0.8273437499999999 0.4666666666666666 0.8453125 0.45277777734375 0.9617187500000001 0.45555555598958336 0.9656250000000001 0.4513888893229167 0.84375 0.44861111067708337 0.8171875000000001 0.47361111067708334 0.803125 0.50972222265625 0.7999999999999999 0.5291666666666667 0.79921875 0.5694444440104166 0.803125 0.59722222265625 0.8171875000000001 0.6305555559895833 0.8328125000000001 0.6486111106770833
0 0 0.6236111106770833 0.056640625 0.625 0.05734375 0.6208333333333333 0.065625 0.6263888893229167 0.08828124999999999 0.6263888893229167 0.1015625 0.6194444440104167 0.11796875 0.6013888893229167 0.13359374999999998 0.5666666666666667 0.13828125 0.5361111106770834 0.13671875 0.4875 0.1265625 0.45416666666666666 0.10703125000000001 0.425 0.0890625 0.4138888893229167 0.021875000000000002 0.40972222265625 0 0.40972222265625 0 0.41527777734375 0.08515625 0.4180555559895833 0.10234375 0.42638888932291663 0.1171875 0.44444444401041666 0.12812500000000002 0.4680555559895833 0.13515625 0.5 0.13593750000000002 0.5333333333333333 0.12578124999999998 0.57777777734375 0.1140625 0.6 0.0984375 0.6166666666666667 0.08984375 0.6208333333333333 0.01328125 0.6180555559895834 0 0.6194444440104167 0 0.6236111106770833