1 0.37265624999999997 0.15972222265625 0.37656249999999997 0.15972222265625 0.37343750000000003 0.15416666666666667 0.37265624999999997 0.15972222265625
0 0 0.4166666666666667 0.08723958333333333 0.4205729166666667 0.09635416666666667 0.421875 0.109375 0.4283854166666667 0.12630208333333334 0.4479166666666667 0.13411458333333334 0.4622395833333333 0.14192708333333334 0.4869791666666667 0.14322916666666666 0.50390625 0.14583333333333334 0.5091145833333334 0.14583333333333334 0.5377604166666666 0.14322916666666666 0.5403645833333334 0.14322916666666666 0.51171875 0.140625 0.5052083333333334 0.13932291666666666 0.48828125 0.13671875 0.4856770833333333 0.13541666666666666 0.4765625 0.125 0.453125 0.10807291666666667 0.43359375 0.09765625 0.4283854166666667 0.08463541666666667 0.42578125 0 0.4231770833333333 0 0.41796875
0 0.9479166666666666 0.453125 0.9817708333333334 0.4557291666666667 0.9817708333333334 0.4609375 0.88671875 0.4596354166666667 0.8854166666666666 0.45703125 0.8645833333333334 0.45703125 0.86328125 0.4596354166666667 0.84765625 0.4674479166666667 0.8333333333333334 0.484375 0.8255208333333334 0.4986979166666667 0.8190104166666666 0.5182291666666666 0.8177083333333334 0.5364583333333334 0.8151041666666666 0.5416666666666666 0.8151041666666666 0.57421875 0.8190104166666666 0.59765625 0.8268229166666666 0.62109375 0.84375 0.6471354166666666 0.85546875 0.65625 0.8802083333333334 0.6614583333333334 0.890625 0.66015625 0.9778645833333334 0.6640625 0.98046875 0.6666666666666666 0.9778645833333334 0.6705729166666666 0.91015625 0.66796875 0.9088541666666666 0.6653645833333334 0.8697916666666666 0.6653645833333334 0.8541666666666666 0.6614583333333334 0.8385416666666666 0.6497395833333334 0.8307291666666666 0.6354166666666666 0.828125 0.6341145833333334 0.8203125 0.6158854166666666 0.8151041666666666 0.5963541666666666 0.8151041666666666 0.5859375 0.8125 0.578125 0.8125 0.5403645833333334 0.8151041666666666 0.5338541666666666 0.81640625 0.5143229166666666 0.82421875 0.4921875 0.8307291666666666 0.4791666666666667 0.83984375 0.4674479166666667 0.85546875 0.4544270833333333 0.8658854166666666 0.4518229166666667 0.9466145833333334 0.453125
2 0.4778645833333333 0.5260416666666666 0.4817708333333333 0.5299479166666666 0.4765625 0.88671875 0.4778645833333333 0.94140625 0.4752604166666667 0.9596354166666666 0.47265625 0.9453125 0.47265625 0.8776041666666666 0.4752604166666667 0.8723958333333334 0.4765625 0.6119791666666666 0.4791666666666667 0.5559895833333334 0.4778645833333333 0.52734375
3 0.5247395833333334 0.1875 0.5299479166666666 0.19791666666666666 0.5286458333333334 0.21223958333333334 0.5234375 0.21223958333333334 0.5247395833333334 0.18880208333333334
3 0.59375 0.6770833333333334 0.6002604166666666 0.6770833333333334 0.6041666666666666 0.6822916666666666 0.6028645833333334 0.6979166666666666 0.59765625 0.6979166666666666 0.59765625 0.6848958333333334 0.59375 0.6783854166666666
3 0.2682291666666667 0.7018229166666666 0.2669270833333333 0.7161458333333334 0.2630208333333333 0.7200520833333334 0.2526041666666667 0.7174479166666666 0.2526041666666667 0.7044270833333334 0.2565104166666667 0.7057291666666666 0.2669270833333333 0.703125
3 0.4557291666666667 0.3919270833333333 0.4596354166666667 0.3932291666666667 0.4622395833333333 0.4049479166666667 0.4596354166666667 0.4088541666666667 0.4557291666666667 0.4088541666666667 0.4557291666666667 0.3932291666666667
3 0.4856770833333333 0.4856770833333333 0.4895833333333333 0.4895833333333333 0.4908854166666667 0.4973958333333333 0.4895833333333333 0.5065104166666666 0.4856770833333333 0.5130208333333334 0.4791666666666667 0.5091145833333334 0.4765625 0.4973958333333333 0.48046875 0.4869791666666667 0.484375 0.4856770833333333
3 0.4283854166666667 0.6028645833333334 0.43359375 0.609375 0.4322916666666667 0.62109375 0.4283854166666667 0.62109375 0.4231770833333333 0.6171875 0.4231770833333333 0.6106770833333334 0.4270833333333333 0.6041666666666666
3 0.3658854166666667 0.14973958333333334 0.3697916666666667 0.14973958333333334 0.3736979166666667 0.15494791666666666 0.3763020833333333 0.15494791666666666 0.3763020833333333 0.16145833333333334 0.37109375 0.1640625 0.37109375 0.16796875 0.3684895833333333 0.17057291666666666 0.36328125 0.16015625 0.36328125 0.15364583333333334 0.3658854166666667 0.15104166666666666
3 0.5989583333333334 0.3802083333333333 0.60546875 0.38671875 0.6028645833333334 0.3971354166666667 0.6002604166666666 0.3997395833333333 0.59765625 0.3984375 0.59765625 0.3815104166666667
3 0.4283854166666667 0.7369791666666666 0.4348958333333333 0.7486979166666666 0.4348958333333333 0.7604166666666666 0.4322916666666667 0.7630208333333334 0.4270833333333333 0.7604166666666666 0.4283854166666667 0.73828125
3 0.4015625 0.5513888893229166 0.39999999999999997 0.5361111106770834 0.39296875000000003 0.54027777734375 0.39296875000000003 0.5458333333333333 0.4015625 0.5513888893229166
3 0.13125 0.5458333333333333 0.1328125 0.5541666666666667 0.14566484375 0.5630291666666667 0.15272968750000002 0.5496388893229166 0.13671875 0.54027777734375 0.13125 0.5458333333333333
3 0.49140625 0.7541666666666668 0.49062500000000003 0.7666666666666666 0.4953125 0.7833333333333333 0.49765624999999997 0.7819444440104166 0.49921875 0.7569444440104167 0.49140625 0.7541666666666668