1 0.44687499999999997 0.6555555559895833 0.44687499999999997 0.65 0.44609375 0.6486111106770833 0.44375000000000003 0.65 0.44375000000000003 0.6541666666666667 0.44687499999999997 0.6555555559895833
0 0.8802083333333334 0.4453125 0.8893229166666666 0.4401041666666667 0.8919270833333334 0.4361979166666667 0.9075520833333334 0.4322916666666667 0.9986979166666666 0.4309895833333333 0.9986979166666666 0.4361979166666667 0.9596354166666666 0.4361979166666667 0.9583333333333334 0.4388020833333333 0.90234375 0.4401041666666667 0.8919270833333334 0.4440104166666667 0.87890625 0.4544270833333333 0.8671875 0.47265625 0.859375 0.4921875 0.8541666666666666 0.5169270833333334 0.8541666666666666 0.5598958333333334 0.859375 0.5859375 0.8619791666666666 0.5885416666666666 0.8671875 0.60546875 0.8841145833333334 0.62890625 0.8997395833333334 0.6380208333333334 0.91015625 0.6393229166666666 0.9440104166666666 0.63671875 0.9986979166666666 0.63671875 0.9986979166666666 0.640625 0.9947916666666666 0.6419270833333334 0.91796875 0.64453125 0.8997395833333334 0.6432291666666666 0.8841145833333334 0.6354166666666666 0.875 0.6263020833333334 0.8645833333333334 0.6106770833333334 0.8567708333333334 0.5911458333333334 0.85546875 0.5794270833333334 0.8515625 0.5690104166666666 0.8515625 0.51171875 0.8606770833333334 0.4765625 0.8723958333333334 0.4544270833333333 0.8802083333333334 0.4466145833333333
0 0.08333333333333333 0.4583333333333333 0.14453125 0.4583333333333333 0.14583333333333334 0.4609375 0.15625 0.46484375 0.16276041666666666 0.4700520833333333 0.17057291666666666 0.4778645833333333 0.18619791666666666 0.5091145833333334 0.19140625 0.53125 0.19401041666666666 0.5651041666666666 0.19140625 0.59765625 0.18229166666666666 0.62890625 0.171875 0.64453125 0.17057291666666666 0.6497395833333334 0.15755208333333334 0.6614583333333334 0.1484375 0.6653645833333334 0.14713541666666666 0.66796875 0.1328125 0.6705729166666666 0.028645833333333332 0.6731770833333334 0.028645833333333332 0.6692708333333334 0.037760416666666664 0.6692708333333334 0.0390625 0.6666666666666666 0.14453125 0.6627604166666666 0.15494791666666666 0.6575520833333334 0.171875 0.6393229166666666 0.18489583333333334 0.6106770833333334 0.19010416666666666 0.5846354166666666 0.19140625 0.5520833333333334 0.18489583333333334 0.5169270833333334 0.171875 0.48828125 0.15885416666666666 0.47265625 0.140625 0.4635416666666667 0.02734375 0.4661458333333333 0.024739583333333332 0.46484375 0.024739583333333332 0.4622395833333333 0.028645833333333332 0.4609375 0.08333333333333333 0.4596354166666667
2 0.5208333333333334 0.4192708333333333 0.5234375 0.4361979166666667 0.5221354166666666 0.484375 0.5260416666666666 0.6315104166666666 0.5247395833333334 0.7252604166666666 0.52734375 0.8229166666666666 0.52734375 0.9609375 0.5247395833333334 0.9622395833333334 0.5234375 0.9401041666666666 0.5247395833333334 0.86328125 0.51953125 0.515625 0.5208333333333334 0.4205729166666667
3 0.5455729166666666 0.24348958333333334 0.546875 0.2565104166666667 0.54296875 0.2630208333333333 0.5403645833333334 0.26171875 0.5403645833333334 0.24479166666666666 0.5442708333333334 0.24348958333333334
3 0.37890625 0.2591145833333333 0.3815104166666667 0.265625 0.3802083333333333 0.2799479166666667 0.3763020833333333 0.2799479166666667 0.3736979166666667 0.2734375 0.3736979166666667 0.2643229166666667 0.3776041666666667 0.2591145833333333
3 0.3684895833333333 0.5247395833333334 0.3697916666666667 0.5377604166666666 0.3671875 0.5403645833333334 0.3645833333333333 0.5403645833333334 0.3619791666666667 0.5364583333333334 0.3619791666666667 0.5260416666666666 0.3671875 0.5247395833333334
3 0.5149739583333334 0.3287760416666667 0.01171875 0.0234375
3 0.48046875 0.69921875 0.484375 0.703125 0.48046875 0.7161458333333334 0.48046875 0.7239583333333334 0.4765625 0.72265625 0.4765625 0.7044270833333334 0.4791666666666667 0.7005208333333334
3 0.5182291666666666 0.39453125 0.5208333333333334 0.3958333333333333 0.5234375 0.40234375 0.5234375 0.4127604166666667 0.5182291666666666 0.4205729166666667 0.5130208333333334 0.41796875 0.51171875 0.4140625 0.51171875 0.40234375 0.5143229166666666 0.3958333333333333 0.5169270833333334 0.39453125
3 0.4309895833333333 0.6315104166666666 0.43359375 0.6328125 0.4375 0.64453125 0.4453125 0.65234375 0.4440104166666667 0.65625 0.44140625 0.65625 0.4388020833333333 0.6510416666666666 0.4322916666666667 0.6575520833333334 0.4296875 0.65625 0.4309895833333333 0.6328125
3 0.5533854166666666 0.5494791666666666 0.5546875 0.5598958333333334 0.5533854166666666 0.5651041666666666 0.5494791666666666 0.5677083333333334 0.5455729166666666 0.5651041666666666 0.5455729166666666 0.5572916666666666 0.546875 0.55078125 0.5520833333333334 0.5494791666666666
3 0.5989583333333334 0.3411458333333333 0.60546875 0.33984375 0.6080729166666666 0.34375 0.6080729166666666 0.35546875 0.6015625 0.3671875 0.5989583333333334 0.3671875 0.5989583333333334 0.3424479166666667
3 0.25 0.5598958333333334 0.25390625 0.5651041666666666 0.25390625 0.578125 0.24869791666666666 0.58203125 0.24479166666666666 0.58203125 0.23958333333333334 0.57421875 0.23958333333333334 0.5677083333333334 0.24869791666666666 0.5598958333333334
3 0.50390625 0.4453125 0.5065104166666666 0.4453125 0.5104166666666666 0.4518229166666667 0.5104166666666666 0.4635416666666667 0.50390625 0.47265625 0.5013020833333334 0.47265625 0.5 0.4700520833333333 0.5 0.4622395833333333 0.49609375 0.4557291666666667 0.49609375 0.4518229166666667 0.5013020833333334 0.4505208333333333 0.50390625 0.4466145833333333
3 0.5390625 0.82421875 0.5416666666666666 0.8255208333333334 0.54296875 0.8411458333333334 0.5390625 0.8450520833333334 0.5364583333333334 0.8567708333333334 0.5338541666666666 0.85546875 0.53125 0.8489583333333334 0.53125 0.8359375 0.5390625 0.8255208333333334