1 0.36562500000000003 0.7138888893229166 0.36640625 0.7125 0.36562500000000003 0.7069444440104166 0.3625 0.7041666666666666 0.36171875000000003 0.7055555559895833 0.36093749999999997 0.7083333333333334 0.36171875000000003 0.7125 0.3625 0.7138888893229166 0.36562500000000003 0.7138888893229166
0 0.1328125 0.4739583333333333 0.13802083333333334 0.4869791666666667 0.13802083333333334 0.5052083333333334 0.140625 0.5182291666666666 0.13932291666666666 0.5455729166666666 0.13541666666666666 0.56640625 0.12890625 0.5859375 0.11458333333333333 0.609375 0.10677083333333333 0.6171875 0.09505208333333333 0.6236979166666666 0.09114583333333333 0.6236979166666666 0.08984375 0.6263020833333334 0.057291666666666664 0.6263020833333334 0.055989583333333336 0.6236979166666666 0 0.6236979166666666 0 0.6184895833333334 0.09114583333333333 0.6197916666666666 0.1015625 0.6145833333333334 0.11067708333333333 0.60546875 0.12369791666666667 0.5872395833333334 0.13541666666666666 0.55078125 0.13671875 0.5026041666666666 0.1328125 0.4752604166666667
0 0.9127604166666666 0.4479166666666667 0.9661458333333334 0.4505208333333333 0.9674479166666666 0.453125 0.9635416666666666 0.4557291666666667 0.8515625 0.4518229166666667 0.83984375 0.45703125 0.8268229166666666 0.46875 0.8190104166666666 0.4791666666666667 0.8190104166666666 0.4830729166666667 0.8111979166666666 0.49609375 0.8059895833333334 0.5221354166666666 0.8033854166666666 0.5260416666666666 0.8020833333333334 0.5651041666666666 0.8072916666666666 0.5963541666666666 0.8216145833333334 0.62890625 0.8333333333333334 0.6419270833333334 0.8463541666666666 0.6510416666666666 0.890625 0.6549479166666666 0.9635416666666666 0.6575520833333334 0.9635416666666666 0.6614583333333334 0.87890625 0.66015625 0.859375 0.6588541666666666 0.84375 0.6549479166666666 0.83203125 0.6484375 0.8190104166666666 0.6328125 0.80859375 0.6119791666666666 0.8072916666666666 0.6028645833333334 0.8033854166666666 0.5950520833333334 0.7994791666666666 0.5611979166666666 0.80078125 0.5260416666666666 0.80859375 0.4934895833333333 0.8203125 0.4700520833333333 0.8359375 0.453125 0.8515625 0.4466145833333333 0.9114583333333334 0.4479166666666667
2 0.4713541666666667 0.2760416666666667 0.47265625 0.12369791666666667 0.4752604166666667 0.12239583333333333 0.4739583333333333 0.46484375 0.4713541666666667 0.5078125 0.47265625 0.5638020833333334 0.4700520833333333 0.640625 0.4713541666666667 0.66015625 0.4700520833333333 0.7825520833333334 0.4674479166666667 0.8333333333333334 0.4674479166666667 0.9453125 0.4661458333333333 0.9479166666666666 0.4635416666666667 0.9479166666666666 0.4635416666666667 0.8658854166666666 0.4674479166666667 0.7734375 0.4674479166666667 0.6106770833333334 0.4700520833333333 0.5455729166666666 0.46875 0.4869791666666667 0.4713541666666667 0.4283854166666667 0.47265625 0.27734375
3 0.3515625 0.6861979166666666 0.3580729166666667 0.7018229166666666 0.3658854166666667 0.70703125 0.3658854166666667 0.71484375 0.359375 0.71484375 0.3502604166666667 0.7057291666666666 0.34375 0.70703125 0.3502604166666667 0.6875
3 0.11979166666666667 0.4557291666666667 0.12369791666666667 0.4609375 0.13020833333333334 0.4635416666666667 0.13020833333333334 0.4973958333333333 0.125 0.4947916666666667 0.12369791666666667 0.47265625 0.11979166666666667 0.46875 0.11458333333333333 0.4713541666666667 0.11197916666666667 0.4700520833333333 0.11328125 0.45703125 0.11848958333333333 0.4557291666666667
3 0.31640625 0.5950520833333334 0.3268229166666667 0.6145833333333334 0.3268229166666667 0.6197916666666666 0.31640625 0.6197916666666666 0.31640625 0.5963541666666666
3 0.7578125 0.51953125 0.7643229166666666 0.5260416666666666 0.7643229166666666 0.53125 0.7486979166666666 0.5364583333333334 0.7473958333333334 0.5325520833333334 0.75 0.5286458333333334 0.75 0.5234375 0.7526041666666666 0.51953125 0.7565104166666666 0.51953125
3 0.3502604166666667 0.5572916666666666 0.3541666666666667 0.55859375 0.3567708333333333 0.5690104166666666 0.35546875 0.5755208333333334 0.3515625 0.5768229166666666 0.3463541666666667 0.57421875 0.3502604166666667 0.55859375
3 0.3580729166666667 0.4869791666666667 0.3658854166666667 0.49609375 0.3658854166666667 0.5065104166666666 0.3606770833333333 0.5104166666666666 0.35546875 0.5078125 0.3567708333333333 0.48828125
3 0.2760416666666667 0.8372395833333334 0.2786458333333333 0.8372395833333334 0.28125 0.84765625 0.2786458333333333 0.8580729166666666 0.2734375 0.859375 0.2721354166666667 0.8463541666666666 0.2760416666666667 0.8385416666666666
3 0.3697916666666667 0.7825520833333334 0.3723958333333333 0.7825520833333334 0.3723958333333333 0.7864583333333334 0.37890625 0.7916666666666666 0.3776041666666667 0.8033854166666666 0.3736979166666667 0.8046875 0.3658854166666667 0.7955729166666666 0.3697916666666667 0.7838541666666666
3 0.24348958333333334 0.22526041666666666 0.24479166666666666 0.23958333333333334 0.2421875 0.2421875 0.23046875 0.22786458333333334 0.23177083333333334 0.21744791666666666 0.23567708333333334 0.21744791666666666 0.2421875 0.22526041666666666
3 0.3802083333333333 0.2265625 0.3815104166666667 0.2421875 0.3776041666666667 0.24869791666666666 0.3736979166666667 0.24739583333333334 0.3723958333333333 0.23177083333333334 0.3763020833333333 0.22526041666666666 0.37890625 0.2265625
3 0.3997395833333333 0.5052083333333334 0.4010416666666667 0.5182291666666666 0.3971354166666667 0.5234375 0.39453125 0.51953125 0.3932291666666667 0.5078125 0.3958333333333333 0.50390625 0.3984375 0.5052083333333334
3 0.38906250000000003 0.39999999999999997 0.37890625 0.40277777734375 0.38046874999999997 0.4180555559895833 0.38671875 0.42083333333333334 0.39140625 0.4138888893229167 0.38906250000000003 0.39999999999999997