1 0.46875 0.65 0.47031249999999997 0.65277777734375 0.471875 0.65277777734375 0.4734375 0.65 0.4734375 0.6458333333333334 0.471875 0.6444444440104167 0.46953125 0.6444444440104167 0.46875 0.6458333333333334 0.46875 0.65
0 0.9986979166666666 0.4283854166666667 0.9986979166666666 0.43359375 0.99609375 0.4348958333333333 0.9427083333333334 0.4361979166666667 0.94140625 0.4388020833333333 0.9401041666666666 0.4361979166666667 0.91015625 0.4361979166666667 0.9088541666666666 0.4388020833333333 0.89453125 0.44140625 0.8802083333333334 0.4505208333333333 0.8736979166666666 0.4583333333333333 0.86328125 0.4765625 0.8580729166666666 0.4973958333333333 0.85546875 0.5 0.8515625 0.5299479166666666 0.8541666666666666 0.5651041666666666 0.859375 0.5872395833333334 0.8736979166666666 0.6158854166666666 0.8880208333333334 0.6315104166666666 0.8997395833333334 0.63671875 0.9986979166666666 0.6354166666666666 0.9986979166666666 0.640625 0.953125 0.6419270833333334 0.89453125 0.640625 0.8841145833333334 0.6354166666666666 0.8684895833333334 0.6171875 0.8567708333333334 0.5924479166666666 0.85546875 0.58203125 0.8515625 0.5729166666666666 0.8489583333333334 0.5260416666666666 0.8528645833333334 0.4973958333333333 0.8606770833333334 0.47265625 0.8684895833333334 0.45703125 0.88671875 0.4375 0.8919270833333334 0.4348958333333333 0.9049479166666666 0.4309895833333333 0.9583333333333334 0.4309895833333333 0.9973958333333334 0.4283854166666667
0 0.109375 0.4557291666666667 0.13932291666666666 0.4557291666666667 0.14713541666666666 0.4583333333333333 0.1484375 0.4609375 0.15885416666666666 0.4661458333333333 0.17057291666666666 0.4778645833333333 0.171875 0.4830729166666667 0.17838541666666666 0.4908854166666667 0.18359375 0.5091145833333334 0.18619791666666666 0.51171875 0.19140625 0.5364583333333334 0.19010416666666666 0.5963541666666666 0.1875 0.6002604166666666 0.18619791666666666 0.61328125 0.17838541666666666 0.6328125 0.16666666666666666 0.6510416666666666 0.15494791666666666 0.6614583333333334 0.12890625 0.6692708333333334 0.06901041666666667 0.671875 0.02734375 0.671875 0.026041666666666668 0.6692708333333334 0.028645833333333332 0.6653645833333334 0.13541666666666666 0.6627604166666666 0.15104166666666666 0.6575520833333334 0.16276041666666666 0.6471354166666666 0.17578125 0.62890625 0.1875 0.59375 0.18880208333333334 0.5390625 0.18489583333333334 0.51953125 0.17578125 0.49609375 0.16536458333333334 0.4791666666666667 0.15885416666666666 0.47265625 0.13932291666666666 0.4622395833333333 0.024739583333333332 0.46484375 0.024739583333333332 0.4609375 0.02734375 0.4583333333333333 0.10807291666666667 0.4557291666666667
2 0.5208333333333334 0.46875 0.5234375 0.5768229166666666 0.5234375 0.7395833333333334 0.5260416666666666 0.8190104166666666 0.5260416666666666 0.9609375 0.5234375 0.95703125 0.5221354166666666 0.8815104166666666 0.5234375 0.8385416666666666 0.5182291666666666 0.4765625 0.5208333333333334 0.4700520833333333
3 0.53515625 0.2682291666666667 0.5325520833333334 0.265625 0.5325520833333334 0.24609375 0.5377604166666666 0.24479166666666666 0.5403645833333334 0.25 0.5403645833333334 0.26171875 0.5364583333333334 0.2669270833333333
3 0.4088541666666667 0.26171875 0.4010416666666667 0.28125 0.3971354166666667 0.2786458333333333 0.3984375 0.2552083333333333 0.4010416666666667 0.25390625 0.4075520833333333 0.26171875
3 0.4817708333333333 0.73046875 0.4817708333333333 0.7122395833333334 0.4856770833333333 0.7057291666666666 0.4895833333333333 0.7174479166666666 0.4869791666666667 0.7213541666666666 0.4869791666666667 0.7317708333333334 0.4830729166666667 0.73046875
3 0.3841145833333333 0.5208333333333334 0.38671875 0.5208333333333334 0.3880208333333333 0.5234375 0.3932291666666667 0.5234375 0.3893229166666667 0.5377604166666666 0.3841145833333333 0.5390625 0.3815104166666667 0.5325520833333334 0.3841145833333333 0.5221354166666666
3 0.5377604166666666 0.3385416666666667 0.5403645833333334 0.3502604166666667 0.5390625 0.3580729166666667 0.53515625 0.3619791666666667 0.5325520833333334 0.3606770833333333 0.53125 0.34375 0.5364583333333334 0.3385416666666667
3 0.6041666666666666 0.3385416666666667 0.6067708333333334 0.3450520833333333 0.60546875 0.3567708333333333 0.59765625 0.3697916666666667 0.5963541666666666 0.3463541666666667 0.5989583333333334 0.33984375 0.6028645833333334 0.3385416666666667
3 0.5455729166666666 0.5690104166666666 0.5494791666666666 0.5768229166666666 0.5494791666666666 0.5846354166666666 0.5455729166666666 0.5885416666666666 0.54296875 0.5885416666666666 0.5416666666666666 0.5859375 0.5403645833333334 0.578125 0.5442708333333334 0.5703125
3 0.5533854166666666 0.80859375 0.5572916666666666 0.8190104166666666 0.5572916666666666 0.8268229166666666 0.5533854166666666 0.8307291666666666 0.5533854166666666 0.83984375 0.5494791666666666 0.84375 0.5455729166666666 0.8346354166666666 0.546875 0.8229166666666666 0.5520833333333334 0.8138020833333334 0.5520833333333334 0.8098958333333334
3 0.2643229166666667 0.58203125 0.265625 0.5872395833333334 0.2747395833333333 0.59375 0.265625 0.6028645833333334 0.2604166666666667 0.6028645833333334 0.2578125 0.5989583333333334 0.2591145833333333 0.5859375 0.2630208333333333 0.58203125
3 0.4739583333333333 0.4576822916666667 0.011067708333333334 0.020833333333333332
3 0.4609375 0.6791666666666667 0.46875 0.65972222265625 0.46015625 0.65972222265625 0.45546875000000003 0.6680555559895834 0.4609375 0.6791666666666667
3 0.515625 0.43888888932291664 0.5226562499999999 0.4430555559895833 0.52578125 0.43888888932291664 0.5265624999999999 0.42222222265625 0.51796875 0.4180555559895833 0.5148437499999999 0.42638888932291663 0.515625 0.43888888932291664