2 0.46875 0.6305555559895833 0.46718750000000003 0.6916666666666668 0.46953125 0.7041666666666666 0.47031249999999997 0.625 0.46875 0.6305555559895833
2 0.465625 0.7763888893229166 0.46640624999999997 0.93472222265625 0.46953125 0.7152777773437501 0.46640624999999997 0.7263888893229167 0.465625 0.7763888893229166
2 0.471875 0.4513888893229167 0.46953125 0.45277777734375 0.46875 0.48333333333333334 0.46796875 0.6138888893229166 0.47031249999999997 0.6208333333333333 0.4734375 0.5361111106770834 0.471875 0.4513888893229167
2 0.47500000000000003 0.12361111067708334 0.471875 0.14305555598958333 0.47031249999999997 0.44722222265624995 0.4734375 0.44444444401041666 0.47421874999999997 0.4166666666666667 0.47500000000000003 0.12361111067708334
0 0 0.6236111106770833 0.0890625 0.6263888893229167 0.10859375 0.6138888893229166 0.12734375 0.5861111106770833 0.13671875 0.55277777734375 0.13984375000000002 0.52222222265625 0.13359374999999998 0.47500000000000003 0.11640625 0.43611111067708336 0.0890625 0.4138888893229167 0.01171875 0.40972222265625 0 0.40972222265625 0 0.4166666666666667 0.0890625 0.41944444401041664 0.10234375 0.42638888932291663 0.12578124999999998 0.46249999999999997 0.13203125000000002 0.48194444401041664 0.13593750000000002 0.5166666666666667 0.13359374999999998 0.5486111106770833 0.125 0.5791666666666667 0.1125 0.6013888893229167 0.09765625 0.6166666666666667 0.0890625 0.6208333333333333 0 0.6180555559895834 0 0.6236111106770833
0 0.8312499999999999 0.64722222265625 0.84921875 0.6569444440104167 0.87109375 0.65972222265625 0.9625 0.6611111106770834 0.96484375 0.6569444440104167 0.8421875 0.6486111106770833 0.8296875 0.6388888893229167 0.8125 0.6111111106770833 0.8046875 0.5819444440104167 0.80234375 0.5486111106770833 0.8117187499999999 0.49583333333333335 0.82578125 0.4694444440104167 0.84375 0.45416666666666666 0.96484375 0.45555555598958336 0.96640625 0.4513888893229167 0.84375 0.44861111067708337 0.8273437499999999 0.4611111106770833 0.81640625 0.4763888893229167 0.80625 0.5 0.7999999999999999 0.5305555559895833 0.79921875 0.5638888893229167 0.803125 0.5958333333333333 0.8132812500000001 0.6236111106770833 0.8312499999999999 0.64722222265625
1 0.28046875 0.4694444440104167 0.27968750000000003 0.4763888893229167 0.28281249999999997 0.47777777734375 0.28359375000000003 0.4708333333333334 0.28046875 0.4694444440104167
3 0.2604166666666667 0.8385416666666666 0.265625 0.84375 0.2708333333333333 0.8450520833333334 0.2708333333333333 0.8489583333333334 0.2669270833333333 0.8528645833333334 0.265625 0.8697916666666666 0.26171875 0.859375 0.25390625 0.8567708333333334 0.25390625 0.8424479166666666 0.2591145833333333 0.8385416666666666
3 0.26953125 0.4505208333333333 0.2721354166666667 0.4505208333333333 0.28125 0.4583333333333333 0.28125 0.4674479166666667 0.2838541666666667 0.47265625 0.2838541666666667 0.4765625 0.28125 0.4778645833333333 0.2747395833333333 0.4700520833333333 0.2682291666666667 0.4700520833333333 0.2669270833333333 0.4609375 0.26953125 0.4518229166666667
3 0.390625 0.5091145833333334 0.3971354166666667 0.5143229166666666 0.3971354166666667 0.5221354166666666 0.3932291666666667 0.52734375 0.390625 0.52734375 0.38671875 0.5221354166666666 0.38671875 0.5104166666666666 0.3893229166666667 0.5091145833333334
3 0.3255208333333333 0.5989583333333334 0.328125 0.59375 0.3346354166666667 0.5924479166666666 0.3372395833333333 0.5963541666666666 0.3372395833333333 0.6067708333333334 0.33203125 0.6080729166666666 0.3268229166666667 0.6002604166666666
3 0.24088541666666666 0.6471354166666666 0.010416666666666666 0.022135416666666668
3 0.3802083333333333 0.29296875 0.375 0.2825520833333333 0.3763020833333333 0.2747395833333333 0.3802083333333333 0.2747395833333333 0.3854166666666667 0.2838541666666667 0.3841145833333333 0.2942708333333333 0.3815104166666667 0.29296875
3 0.34765625 0.8216145833333334 0.34765625 0.8125 0.3541666666666667 0.8046875 0.35546875 0.7994791666666666 0.3567708333333333 0.8229166666666666 0.3489583333333333 0.8216145833333334
3 0.23046875 0.2109375 0.23958333333333334 0.21744791666666666 0.2421875 0.22395833333333334 0.2421875 0.23177083333333334 0.23828125 0.23567708333333334 0.23046875 0.22265625 0.23046875 0.21223958333333334
3 0.3216145833333333 0.55859375 0.328125 0.5611979166666666 0.33203125 0.5677083333333334 0.33203125 0.5729166666666666 0.328125 0.5768229166666666 0.32421875 0.5755208333333334 0.3203125 0.5690104166666666 0.3216145833333333 0.5598958333333334
3 0.7552083333333334 0.5078125 0.7578125 0.5169270833333334 0.75390625 0.52734375 0.75 0.52734375 0.74609375 0.5234375 0.7434895833333334 0.51171875 0.7513020833333334 0.5065104166666666 0.75390625 0.5078125
3 0.3736979166666667 0.375 0.3802083333333333 0.37890625 0.3828125 0.3854166666666667 0.3802083333333333 0.3984375 0.3736979166666667 0.3984375 0.3671875 0.390625 0.3671875 0.3828125 0.3736979166666667 0.3763020833333333
3 0.08463541666666667 0.4622395833333333 0.08854166666666667 0.4609375 0.10026041666666667 0.4674479166666667 0.10026041666666667 0.4752604166666667 0.09505208333333333 0.4739583333333333 0.08854166666666667 0.4765625 0.08333333333333333 0.4700520833333333 0.08463541666666667 0.4635416666666667