1 0.42578125 0.44027777734375 0.42578125 0.44444444401041666 0.42812500000000003 0.44722222265624995 0.4296875 0.44722222265624995 0.43124999999999997 0.44444444401041666 0.43124999999999997 0.44027777734375 0.43046875 0.43888888932291664 0.42890625 0.4375 0.4265625 0.43888888932291664 0.42578125 0.44027777734375
0 0.98046875 0.4166666666666667 0.9986979166666666 0.4166666666666667 0.9986979166666666 0.4231770833333333 0.9635416666666666 0.42578125 0.91015625 0.42578125 0.8958333333333334 0.4296875 0.8828125 0.44140625 0.87109375 0.45703125 0.859375 0.48828125 0.8580729166666666 0.50390625 0.85546875 0.5091145833333334 0.85546875 0.54296875 0.859375 0.56640625 0.8671875 0.58984375 0.87890625 0.609375 0.890625 0.62109375 0.8997395833333334 0.625 0.9010416666666666 0.6276041666666666 0.9778645833333334 0.6276041666666666 0.9791666666666666 0.625 0.9986979166666666 0.625 0.9986979166666666 0.6315104166666666 0.9036458333333334 0.6341145833333334 0.8893229166666666 0.6276041666666666 0.87109375 0.6067708333333334 0.8606770833333334 0.5859375 0.8528645833333334 0.55078125 0.8515625 0.5325520833333334 0.8528645833333334 0.5065104166666666 0.85546875 0.5026041666666666 0.85546875 0.4908854166666667 0.8606770833333334 0.4713541666666667 0.8684895833333334 0.453125 0.8854166666666666 0.4309895833333333 0.8984375 0.4231770833333333 0.91015625 0.4205729166666667 0.98046875 0.41796875
0 0.13802083333333334 0.4505208333333333 0.15494791666666666 0.4583333333333333 0.17057291666666666 0.4765625 0.17838541666666666 0.4921875 0.18619791666666666 0.515625 0.19010416666666666 0.5455729166666666 0.19010416666666666 0.5690104166666666 0.18619791666666666 0.5989583333333334 0.17578125 0.6276041666666666 0.16276041666666666 0.6484375 0.14322916666666666 0.6614583333333334 0.12630208333333334 0.6640625 0.0390625 0.6653645833333334 0.037760416666666664 0.66796875 0.0234375 0.6653645833333334 0.024739583333333332 0.6627604166666666 0.03515625 0.6614583333333334 0.12760416666666666 0.6588541666666666 0.14192708333333334 0.65625 0.15625 0.6471354166666666 0.15755208333333334 0.6432291666666666 0.16796875 0.6328125 0.17578125 0.6184895833333334 0.18489583333333334 0.5872395833333334 0.1875 0.5651041666666666 0.18619791666666666 0.5364583333333334 0.18359375 0.51953125 0.17578125 0.49609375 0.16145833333333334 0.47265625 0.15494791666666666 0.4661458333333333 0.13671875 0.4557291666666667 0.061197916666666664 0.45703125 0.059895833333333336 0.4596354166666667 0.020833333333333332 0.4596354166666667 0.01953125 0.45703125 0.0234375 0.453125 0.13671875 0.4505208333333333
2 0.5169270833333334 0.125 0.5234375 0.5338541666666666 0.5221354166666666 0.546875 0.51953125 0.5494791666666666 0.51953125 0.5651041666666666 0.5221354166666666 0.5677083333333334 0.5234375 0.6080729166666666 0.5221354166666666 0.6302083333333334 0.52734375 0.9348958333333334 0.5260416666666666 0.953125 0.5247395833333334 0.9544270833333334 0.5234375 0.9479166666666666 0.5208333333333334 0.6484375 0.51953125 0.5755208333333334 0.5169270833333334 0.5690104166666666 0.51953125 0.5338541666666666 0.5169270833333334 0.4596354166666667 0.5169270833333334 0.12630208333333334
3 0.6041666666666666 0.5455729166666666 0.6041666666666666 0.5572916666666666 0.59765625 0.5638020833333334 0.5963541666666666 0.5546875 0.5989583333333334 0.5481770833333334 0.6028645833333334 0.5455729166666666
3 0.5286458333333334 0.5260416666666666 0.53515625 0.5247395833333334 0.5377604166666666 0.5299479166666666 0.5377604166666666 0.54296875 0.5338541666666666 0.5494791666666666 0.5299479166666666 0.5494791666666666 0.52734375 0.546875 0.5286458333333334 0.52734375
3 0.47265625 0.22005208333333334 0.009114583333333334 0.026692708333333332
3 0.4973958333333333 0.4010416666666667 0.50390625 0.4075520833333333 0.5026041666666666 0.421875 0.4973958333333333 0.4231770833333333 0.4947916666666667 0.4192708333333333 0.4934895833333333 0.4049479166666667 0.49609375 0.40234375
3 0.7161458333333334 0.7317708333333334 0.71875 0.7317708333333334 0.71875 0.734375 0.7252604166666666 0.7408854166666666 0.7252604166666666 0.7447916666666666 0.71875 0.7486979166666666 0.7161458333333334 0.7552083333333334 0.7122395833333334 0.7526041666666666 0.7096354166666666 0.7434895833333334 0.7161458333333334 0.7330729166666666
3 0.4973958333333333 0.7395833333333334 0.5013020833333334 0.7408854166666666 0.5052083333333334 0.7473958333333334 0.50390625 0.75390625 0.4973958333333333 0.7578125 0.4973958333333333 0.7408854166666666
3 0.6360677083333334 0.2604166666666667 0.012369791666666666 0.0234375
3 0.5677083333333334 0.5833333333333334 0.5703125 0.5833333333333334 0.5729166666666666 0.5885416666666666 0.5729166666666666 0.6067708333333334 0.5677083333333334 0.6080729166666666 0.5677083333333334 0.5846354166666666
3 0.3997395833333333 0.7005208333333334 0.4088541666666667 0.7044270833333334 0.4088541666666667 0.7096354166666666 0.4036458333333333 0.7200520833333334 0.3984375 0.7200520833333334 0.3984375 0.7018229166666666
3 0.8294270833333334 0.55859375 0.83203125 0.5611979166666666 0.83203125 0.57421875 0.8203125 0.5755208333333334 0.81640625 0.57421875 0.8138020833333334 0.5703125 0.82421875 0.55859375 0.828125 0.55859375
3 0.54296875 0.8125 0.55078125 0.8268229166666666 0.5455729166666666 0.8372395833333334 0.5416666666666666 0.8346354166666666 0.5403645833333334 0.8229166666666666 0.54296875 0.8138020833333334
3 0.41484375 0.43888888932291664 0.41328125 0.44166666666666665 0.41328125 0.45277777734375 0.41562499999999997 0.4611111106770833 0.41875 0.4611111106770833 0.41953124999999997 0.45972222265625 0.42421875000000003 0.4430555559895833 0.42343749999999997 0.44027777734375 0.4171875 0.44027777734375 0.41640625000000003 0.43888888932291664 0.41484375 0.43888888932291664