1 0.5242187500000001 0.5361111106770834 0.5265624999999999 0.5375 0.5281250000000001 0.5361111106770834 0.5281250000000001 0.5305555559895833 0.52734375 0.5291666666666667 0.525 0.5291666666666667 0.5234375 0.5319444440104167 0.5242187500000001 0.5361111106770834
0 0.9986979166666666 0.4140625 0.9986979166666666 0.4205729166666667 0.9075520833333334 0.4231770833333333 0.8958333333333334 0.4283854166666667 0.8854166666666666 0.4375 0.8736979166666666 0.453125 0.86328125 0.4778645833333333 0.8619791666666666 0.4908854166666667 0.859375 0.49609375 0.859375 0.55078125 0.8697916666666666 0.5859375 0.8828125 0.6067708333333334 0.8958333333333334 0.6184895833333334 0.91015625 0.6236979166666666 0.9986979166666666 0.62109375 0.9986979166666666 0.6276041666666666 0.9583333333333334 0.62890625 0.8997395833333334 0.6276041666666666 0.8971354166666666 0.6236979166666666 0.8841145833333334 0.6158854166666666 0.8763020833333334 0.6067708333333334 0.8645833333333334 0.5846354166666666 0.8567708333333334 0.5533854166666666 0.8567708333333334 0.4934895833333333 0.8684895833333334 0.4544270833333333 0.87890625 0.4401041666666667 0.8802083333333334 0.4348958333333333 0.8971354166666666 0.421875 0.9075520833333334 0.4192708333333333 0.9088541666666666 0.4166666666666667 0.9973958333333334 0.4140625
0 0.15494791666666666 0.4479166666666667 0.16276041666666666 0.453125 0.17838541666666666 0.4713541666666667 0.18619791666666666 0.4869791666666667 0.19401041666666666 0.5130208333333334 0.19791666666666666 0.5533854166666666 0.1953125 0.58203125 0.19140625 0.5989583333333334 0.18619791666666666 0.6145833333333334 0.17447916666666666 0.6354166666666666 0.15494791666666666 0.65234375 0.140625 0.65625 0.08984375 0.6588541666666666 0.032552083333333336 0.6588541666666666 0.033854166666666664 0.6549479166666666 0.09895833333333333 0.6510416666666666 0.14322916666666666 0.6510416666666666 0.15104166666666666 0.6484375 0.16666666666666666 0.63671875 0.1796875 0.6184895833333334 0.1875 0.6002604166666666 0.19401041666666666 0.5677083333333334 0.19401041666666666 0.5338541666666666 0.18489583333333334 0.4934895833333333 0.16927083333333334 0.4661458333333333 0.16015625 0.45703125 0.1484375 0.4505208333333333 0.1328125 0.44921875 0.03125 0.453125 0.028645833333333332 0.4518229166666667 0.028645833333333332 0.44921875 0.036458333333333336 0.4466145833333333 0.08723958333333333 0.4453125 0.1484375 0.4453125 0.15364583333333334 0.4479166666666667
2 0.5247395833333334 0.5390625 0.52734375 0.546875 0.5260416666666666 0.5611979166666666 0.5286458333333334 0.6145833333333334 0.52734375 0.6536458333333334 0.5299479166666666 0.7200520833333334 0.53125 0.9466145833333334 0.5286458333333334 0.9466145833333334 0.52734375 0.9270833333333334 0.52734375 0.7330729166666666 0.5247395833333334 0.7057291666666666 0.5234375 0.5403645833333334
3 0.37890625 0.16276041666666666 0.3815104166666667 0.1640625 0.3841145833333333 0.17317708333333334 0.3828125 0.18489583333333334 0.37890625 0.18619791666666666 0.3763020833333333 0.18359375 0.375 0.16666666666666666 0.3776041666666667 0.1640625
3 0.3111979166666667 0.5533854166666666 0.3177083333333333 0.5546875 0.3190104166666667 0.5572916666666666 0.31640625 0.56640625 0.3098958333333333 0.5729166666666666 0.3059895833333333 0.5690104166666666 0.3059895833333333 0.55859375 0.3098958333333333 0.5533854166666666
3 0.5247395833333334 0.5130208333333334 0.5247395833333334 0.5377604166666666 0.5208333333333334 0.5364583333333334 0.51953125 0.53125 0.51953125 0.5169270833333334 0.5234375 0.5130208333333334
3 0.2942708333333333 0.7154947916666666 0.01171875 0.027994791666666668
3 0.17838541666666666 0.5169270833333334 0.17838541666666666 0.5260416666666666 0.18098958333333334 0.5325520833333334 0.171875 0.5338541666666666 0.16796875 0.5338541666666666 0.16536458333333334 0.5299479166666666 0.16536458333333334 0.5169270833333334 0.17057291666666666 0.5091145833333334 0.17708333333333334 0.5169270833333334
3 0.8932291666666666 0.47265625 0.8958333333333334 0.4765625 0.9036458333333334 0.4765625 0.90625 0.4791666666666667 0.9088541666666666 0.4830729166666667 0.90625 0.4908854166666667 0.9010416666666666 0.4921875 0.890625 0.4869791666666667 0.8919270833333334 0.4739583333333333
3 0.5559895833333334 0.640625 0.5611979166666666 0.6419270833333334 0.5625 0.6484375 0.5611979166666666 0.6549479166666666 0.5559895833333334 0.6588541666666666 0.5559895833333334 0.6419270833333334
3 0.7864583333333334 0.13671875 0.79296875 0.13541666666666666 0.7955729166666666 0.140625 0.79296875 0.15104166666666666 0.78515625 0.16015625 0.7825520833333334 0.15885416666666666 0.78125 0.15104166666666666 0.7864583333333334 0.13802083333333334
3 0.59375 0.88671875 0.59375 0.8828125 0.5911458333333334 0.8802083333333334 0.5911458333333334 0.8645833333333334 0.59375 0.86328125 0.5963541666666666 0.8645833333333334 0.5989583333333334 0.87109375 0.5989583333333334 0.8828125 0.5950520833333334 0.88671875
3 0.3971354166666667 0.8359375 0.4010416666666667 0.8424479166666666 0.4010416666666667 0.859375 0.3971354166666667 0.87109375 0.3919270833333333 0.86328125 0.3919270833333333 0.8489583333333334 0.3958333333333333 0.8372395833333334
3 0.7239583333333334 0.22526041666666666 0.73046875 0.22395833333333334 0.73046875 0.2421875 0.7265625 0.24609375 0.72265625 0.24479166666666666 0.7239583333333334 0.2265625
3 0.515625 0.14453125 0.5182291666666666 0.14583333333333334 0.51953125 0.15104166666666666 0.51953125 0.16796875 0.5143229166666666 0.17838541666666666 0.51171875 0.17838541666666666 0.5078125 0.17317708333333334 0.5065104166666666 0.15755208333333334 0.5091145833333334 0.14583333333333334 0.5143229166666666 0.14453125