1 0.7023437499999999 0.4513888893229167 0.703125 0.45277777734375 0.7046875 0.45277777734375 0.70703125 0.45 0.70703125 0.44722222265624995 0.7062499999999999 0.4458333333333333 0.7039062500000001 0.4458333333333333 0.7023437499999999 0.44861111067708337 0.7023437499999999 0.4513888893229167
0 0.9986979166666666 0.4153645833333333 0.9986979166666666 0.421875 0.9895833333333334 0.4231770833333333 0.9088541666666666 0.4244791666666667 0.8919270833333334 0.4296875 0.8815104166666666 0.4375 0.8815104166666666 0.4401041666666667 0.8671875 0.4583333333333333 0.85546875 0.4947916666666667 0.8541666666666666 0.5455729166666666 0.859375 0.5716145833333334 0.87109375 0.5989583333333334 0.8880208333333334 0.6184895833333334 0.90234375 0.625 0.9986979166666666 0.6223958333333334 0.9986979166666666 0.62890625 0.9453125 0.6315104166666666 0.8958333333333334 0.6302083333333334 0.890625 0.6276041666666666 0.8723958333333334 0.609375 0.8645833333333334 0.5963541666666666 0.8606770833333334 0.5885416666666666 0.859375 0.5794270833333334 0.8567708333333334 0.5768229166666666 0.8515625 0.5520833333333334 0.8515625 0.5026041666666666 0.8567708333333334 0.4752604166666667 0.8645833333333334 0.4544270833333333 0.8763020833333334 0.4361979166666667 0.8841145833333334 0.4283854166666667 0.8958333333333334 0.421875 0.90625 0.4192708333333333 0.9361979166666666 0.4192708333333333 0.9375 0.4166666666666667 0.9973958333333334 0.4153645833333333
0 0.13802083333333334 0.4479166666666667 0.15364583333333334 0.4544270833333333 0.16796875 0.46875 0.17447916666666666 0.4778645833333333 0.17447916666666666 0.4817708333333333 0.18229166666666666 0.49609375 0.18359375 0.5065104166666666 0.18619791666666666 0.5091145833333334 0.1875 0.5260416666666666 0.19010416666666666 0.5325520833333334 0.19140625 0.5611979166666666 0.18619791666666666 0.5989583333333334 0.18359375 0.6015625 0.18359375 0.6080729166666666 0.17838541666666666 0.62109375 0.16145833333333334 0.6471354166666666 0.15104166666666666 0.6549479166666666 0.140625 0.6588541666666666 0.041666666666666664 0.6640625 0.026041666666666668 0.6627604166666666 0.024739583333333332 0.66015625 0.029947916666666668 0.6588541666666666 0.13151041666666666 0.6549479166666666 0.14453125 0.65234375 0.15234375 0.6484375 0.16015625 0.640625 0.16796875 0.6315104166666666 0.17708333333333334 0.6145833333333334 0.18098958333333334 0.5989583333333334 0.18359375 0.5963541666666666 0.1875 0.5755208333333334 0.1875 0.5325520833333334 0.1796875 0.4986979166666667 0.16536458333333334 0.47265625 0.1484375 0.45703125 0.13932291666666666 0.453125 0.09765625 0.453125 0.06510416666666667 0.4557291666666667 0.022135416666666668 0.4544270833333333 0.022135416666666668 0.4518229166666667 0.024739583333333332 0.4505208333333333 0.13671875 0.4479166666666667
2 0.5169270833333334 0.125 0.51953125 0.19661458333333334 0.5182291666666666 0.2513020833333333 0.5208333333333334 0.2643229166666667 0.51953125 0.3658854166666667 0.5221354166666666 0.3893229166666667 0.51953125 0.3984375 0.5221354166666666 0.4075520833333333 0.51953125 0.4192708333333333 0.5221354166666666 0.453125 0.5221354166666666 0.6276041666666666 0.52734375 0.921875 0.5260416666666666 0.9518229166666666 0.5234375 0.9505208333333334 0.5221354166666666 0.86328125 0.51953125 0.6627604166666666 0.5208333333333334 0.5885416666666666 0.5182291666666666 0.5533854166666666 0.5169270833333334 0.45703125 0.5169270833333334 0.12630208333333334
3 0.41796875 0.51171875 0.4244791666666667 0.5091145833333334 0.4270833333333333 0.5130208333333334 0.4270833333333333 0.5234375 0.4244791666666667 0.5247395833333334 0.41796875 0.5234375 0.41796875 0.5130208333333334
3 0.50390625 0.2565104166666667 0.5078125 0.2565104166666667 0.51171875 0.265625 0.5078125 0.27734375 0.50390625 0.28125 0.5013020833333334 0.2786458333333333 0.5013020833333334 0.2669270833333333 0.50390625 0.2578125
3 0.51171875 0.5794270833333334 0.5104166666666666 0.5950520833333334 0.5078125 0.59765625 0.5013020833333334 0.5963541666666666 0.5 0.5924479166666666 0.5013020833333334 0.5833333333333334 0.5104166666666666 0.5794270833333334
3 0.7747395833333334 0.6223958333333334 0.7786458333333334 0.62109375 0.78515625 0.6276041666666666 0.78515625 0.6393229166666666 0.7747395833333334 0.6432291666666666 0.7747395833333334 0.6236979166666666
3 0.63671875 0.5572916666666666 0.640625 0.5598958333333334 0.640625 0.5716145833333334 0.6354166666666666 0.5768229166666666 0.6315104166666666 0.57421875 0.6328125 0.5625 0.6354166666666666 0.55859375
3 0.5345052083333334 0.3841145833333333 0.0078125 0.020833333333333332
3 0.6184895833333334 0.40625 0.62109375 0.4075520833333333 0.62109375 0.4192708333333333 0.6184895833333334 0.42578125 0.6145833333333334 0.42578125 0.61328125 0.4231770833333333 0.61328125 0.41015625 0.6145833333333334 0.4075520833333333 0.6171875 0.4075520833333333
3 0.578125 0.20052083333333334 0.5807291666666666 0.20052083333333334 0.58203125 0.20442708333333334 0.5807291666666666 0.21614583333333334 0.5768229166666666 0.22526041666666666 0.5716145833333334 0.22526041666666666 0.5703125 0.22135416666666666 0.5716145833333334 0.21614583333333334 0.5755208333333334 0.21223958333333334 0.578125 0.20182291666666666
3 0.6119791666666666 0.828125 0.6158854166666666 0.83984375 0.6158854166666666 0.8502604166666666 0.61328125 0.85546875 0.609375 0.8567708333333334 0.6067708333333334 0.8528645833333334 0.6106770833333334 0.8294270833333334
3 0.5598958333333334 0.7291666666666666 0.56640625 0.7395833333333334 0.56640625 0.7447916666666666 0.55859375 0.7513020833333334 0.5559895833333334 0.7421875 0.5598958333333334 0.73046875
3 0.5796875 0.51527777734375 0.5859375 0.5166666666666667 0.58984375 0.5111111106770834 0.58984375 0.4944444440104167 0.58046875 0.4944444440104167 0.578125 0.50277777734375 0.5796875 0.51527777734375
3 0.73828125 0.38472222265624995 0.734375 0.37361111067708336 0.7312500000000001 0.375 0.73046875 0.3833333333333333 0.73828125 0.38472222265624995