1 0.7578125 0.7888888893229167 0.759375 0.7861111106770834 0.759375 0.7819444440104166 0.75546875 0.7819444440104166 0.7546875000000001 0.7847222226562499 0.7546875000000001 0.7888888893229167 0.7578125 0.7888888893229167
0 0.9049479166666666 0.4166666666666667 0.9231770833333334 0.4127604166666667 0.9986979166666666 0.4114583333333333 0.9986979166666666 0.41796875 0.91796875 0.4192708333333333 0.9010416666666666 0.42578125 0.8880208333333334 0.4375 0.87890625 0.4518229166666667 0.8697916666666666 0.4752604166666667 0.8645833333333334 0.5052083333333334 0.8645833333333334 0.5390625 0.8697916666666666 0.5677083333333334 0.8828125 0.5963541666666666 0.8997395833333334 0.6158854166666666 0.9140625 0.6223958333333334 0.9986979166666666 0.6197916666666666 0.9986979166666666 0.6263020833333334 0.91015625 0.6276041666666666 0.8880208333333334 0.6119791666666666 0.8723958333333334 0.5859375 0.8619791666666666 0.5455729166666666 0.8606770833333334 0.5169270833333334 0.8645833333333334 0.4817708333333333 0.8723958333333334 0.4609375 0.8723958333333334 0.4557291666666667 0.8828125 0.4401041666666667 0.8841145833333334 0.4348958333333333 0.8958333333333334 0.4231770833333333 0.9049479166666666 0.41796875
0 0.1953125 0.5520833333333334 0.19791666666666666 0.5559895833333334 0.19791666666666666 0.5729166666666666 0.19010416666666666 0.609375 0.17838541666666666 0.6328125 0.16015625 0.6510416666666666 0.14713541666666666 0.65625 0.12109375 0.6588541666666666 0.03515625 0.66015625 0.032552083333333336 0.6575520833333334 0.05078125 0.6549479166666666 0.13932291666666666 0.65234375 0.15494791666666666 0.6484375 0.17578125 0.62890625 0.1875 0.60546875 0.1953125 0.5703125 0.1953125 0.5533854166666666
2 0.5247395833333334 0.12109375 0.52734375 0.19270833333333334 0.52734375 0.390625 0.5299479166666666 0.4401041666666667 0.5286458333333334 0.4752604166666667 0.53125 0.6822916666666666 0.5338541666666666 0.6875 0.5338541666666666 0.6979166666666666 0.53125 0.7044270833333334 0.53125 0.7395833333333334 0.5338541666666666 0.7578125 0.5325520833333334 0.7877604166666666 0.53515625 0.8697916666666666 0.53515625 0.94921875 0.5325520833333334 0.94921875 0.53125 0.9322916666666666 0.53125 0.82421875 0.5286458333333334 0.7669270833333334 0.5299479166666666 0.6875 0.52734375 0.6354166666666666 0.52734375 0.4479166666666667 0.5247395833333334 0.3997395833333333 0.5247395833333334 0.12239583333333333
3 0.5013020833333334 0.3294270833333333 0.50390625 0.3307291666666667 0.5065104166666666 0.3385416666666667 0.50390625 0.3489583333333333 0.5 0.3489583333333333 0.5 0.3307291666666667
3 0.5625 0.2903645833333333 0.56640625 0.2916666666666667 0.5703125 0.30078125 0.5703125 0.3072916666666667 0.56640625 0.3125 0.56640625 0.31640625 0.5638020833333334 0.3190104166666667 0.5559895833333334 0.3177083333333333 0.5546875 0.3046875 0.5559895833333334 0.2981770833333333 0.5611979166666666 0.2916666666666667
3 0.5247395833333334 0.6770833333333334 0.52734375 0.6783854166666666 0.5247395833333334 0.6966145833333334 0.5182291666666666 0.6966145833333334 0.515625 0.69140625 0.515625 0.6848958333333334 0.5208333333333334 0.6783854166666666 0.5234375 0.6783854166666666
3 0.4674479166666667 0.4830729166666667 0.4700520833333333 0.4934895833333333 0.4635416666666667 0.51953125 0.4609375 0.515625 0.4609375 0.4895833333333333 0.4622395833333333 0.4830729166666667 0.4661458333333333 0.4830729166666667
3 0.78515625 0.81640625 0.78515625 0.8255208333333334 0.7786458333333334 0.83203125 0.77734375 0.8372395833333334 0.7747395833333334 0.83984375 0.7721354166666666 0.8385416666666666 0.7708333333333334 0.82421875 0.7747395833333334 0.8177083333333334 0.7838541666666666 0.8177083333333334
3 0.5625 0.8645833333333334 0.55859375 0.8841145833333334 0.5559895833333334 0.8854166666666666 0.5520833333333334 0.8815104166666666 0.55078125 0.8723958333333334 0.5520833333333334 0.8671875 0.5611979166666666 0.8658854166666666
3 0.7760416666666666 0.4166666666666667 0.78515625 0.4166666666666667 0.7877604166666666 0.4205729166666667 0.7877604166666666 0.42578125 0.78125 0.42578125 0.77734375 0.4283854166666667 0.7760416666666666 0.4322916666666667 0.7734375 0.4322916666666667 0.7760416666666666 0.41796875
3 0.8203125 0.5455729166666666 0.8229166666666666 0.546875 0.82421875 0.5520833333333334 0.8229166666666666 0.5598958333333334 0.8190104166666666 0.5598958333333334 0.8151041666666666 0.5638020833333334 0.80859375 0.5638020833333334 0.8046875 0.5546875 0.8059895833333334 0.5481770833333334 0.8125 0.5520833333333334 0.8190104166666666 0.546875
3 0.6015625 0.73828125 0.6002604166666666 0.7278645833333334 0.6041666666666666 0.71875 0.609375 0.7200520833333334 0.6106770833333334 0.7265625 0.6080729166666666 0.7369791666666666 0.60546875 0.7395833333333334 0.6028645833333334 0.73828125
3 0.7721354166666666 0.20182291666666666 0.7734375 0.21354166666666666 0.7643229166666666 0.23046875 0.7604166666666666 0.2265625 0.7604166666666666 0.22005208333333334 0.765625 0.20572916666666666 0.7708333333333334 0.20182291666666666
3 0.9192708333333334 0.5247395833333334 0.9283854166666666 0.5299479166666666 0.9322916666666666 0.5299479166666666 0.9375 0.53515625 0.9348958333333334 0.54296875 0.9309895833333334 0.54296875 0.9270833333333334 0.5481770833333334 0.9231770833333334 0.5494791666666666 0.9192708333333334 0.5455729166666666 0.91796875 0.5403645833333334 0.9192708333333334 0.5260416666666666
3 0.18098958333333334 0.5325520833333334 0.1953125 0.5455729166666666 0.19401041666666666 0.55078125 0.18229166666666666 0.5546875 0.17578125 0.55078125 0.17317708333333334 0.5442708333333334 0.17578125 0.53515625 0.1796875 0.5325520833333334