1 0.5296875 0.54027777734375 0.5320312500000001 0.5416666666666666 0.53359375 0.5361111106770834 0.5328125 0.5333333333333333 0.5304687499999999 0.5333333333333333 0.52890625 0.5361111106770834 0.52890625 0.5375 0.5296875 0.54027777734375
0 0 0.4140625 0.09114583333333333 0.4166666666666667 0.09244791666666667 0.4192708333333333 0.09895833333333333 0.4192708333333333 0.10677083333333333 0.4231770833333333 0.11979166666666667 0.43359375 0.13411458333333334 0.4557291666666667 0.14192708333333334 0.4791666666666667 0.14713541666666666 0.51171875 0.14583333333333334 0.55078125 0.13802083333333334 0.5846354166666666 0.12630208333333334 0.60546875 0.11458333333333333 0.6197916666666666 0.09635416666666667 0.6302083333333334 0.041666666666666664 0.6302083333333334 0 0.6276041666666666 0 0.62109375 0.09635416666666667 0.6236979166666666 0.10546875 0.6197916666666666 0.12109375 0.60546875 0.13151041666666666 0.5885416666666666 0.14322916666666666 0.5481770833333334 0.14322916666666666 0.5026041666666666 0.140625 0.4869791666666667 0.13151041666666666 0.4609375 0.11458333333333333 0.4348958333333333 0.10286458333333333 0.4270833333333333 0.09244791666666667 0.4231770833333333 0 0.4205729166666667 0 0.4153645833333333
0 0.9075520833333334 0.4479166666666667 0.9739583333333334 0.4505208333333333 0.9765625 0.4544270833333333 0.9401041666666666 0.4557291666666667 0.9075520833333334 0.453125 0.8580729166666666 0.453125 0.83984375 0.46484375 0.8229166666666666 0.4895833333333333 0.8138020833333334 0.515625 0.8098958333333334 0.5638020833333334 0.8151041666666666 0.5963541666666666 0.8177083333333334 0.5989583333333334 0.8190104166666666 0.609375 0.8307291666666666 0.6315104166666666 0.8515625 0.6510416666666666 0.8671875 0.6549479166666666 0.9700520833333334 0.6588541666666666 0.9739583333333334 0.66015625 0.9713541666666666 0.6627604166666666 0.8580729166666666 0.6588541666666666 0.84765625 0.6549479166666666 0.8372395833333334 0.6471354166666666 0.828125 0.6354166666666666 0.81640625 0.61328125 0.80859375 0.5807291666666666 0.8072916666666666 0.5416666666666666 0.8125 0.5091145833333334 0.82421875 0.4778645833333333 0.83203125 0.4661458333333333 0.8424479166666666 0.4557291666666667 0.8541666666666666 0.44921875 0.90625 0.4479166666666667
2 0.48046875 0.12369791666666667 0.4830729166666667 0.125 0.48046875 0.38671875 0.4817708333333333 0.4674479166666667 0.4791666666666667 0.49609375 0.4752604166666667 0.9401041666666666 0.4739583333333333 0.9518229166666666 0.4713541666666667 0.94921875 0.47265625 0.76171875 0.4765625 0.6276041666666666 0.4752604166666667 0.5716145833333334 0.48046875 0.125
3 0.3841145833333333 0.5703125 0.390625 0.5703125 0.3932291666666667 0.578125 0.3919270833333333 0.5872395833333334 0.38671875 0.5859375 0.3828125 0.5794270833333334 0.3841145833333333 0.5716145833333334
3 0.50390625 0.25390625 0.5091145833333334 0.2565104166666667 0.5065104166666666 0.2747395833333333 0.5026041666666666 0.2747395833333333 0.5013020833333334 0.2630208333333333 0.50390625 0.2552083333333333
3 0.4466145833333333 0.5572916666666666 0.44140625 0.5520833333333334 0.4401041666666667 0.546875 0.44140625 0.53125 0.4466145833333333 0.5299479166666666 0.4518229166666667 0.5364583333333334 0.4518229166666667 0.5533854166666666 0.4505208333333333 0.5559895833333334 0.4479166666666667 0.5559895833333334
3 0.21354166666666666 0.5533854166666666 0.21614583333333334 0.5572916666666666 0.21614583333333334 0.58984375 0.21354166666666666 0.58984375 0.2109375 0.5703125 0.203125 0.5651041666666666 0.20182291666666666 0.5598958333333334 0.203125 0.5520833333333334 0.20572916666666666 0.5494791666666666 0.21223958333333334 0.5533854166666666
3 0.4661458333333333 0.4361979166666667 0.4674479166666667 0.4440104166666667 0.4635416666666667 0.4609375 0.4596354166666667 0.4609375 0.45703125 0.4557291666666667 0.45703125 0.4440104166666667 0.4609375 0.4375 0.46484375 0.4375
3 0.2630208333333333 0.7291666666666666 0.014973958333333334 0.022135416666666668
3 0.453125 0.7526041666666666 0.4557291666666667 0.7734375 0.4544270833333333 0.7864583333333334 0.44921875 0.7838541666666666 0.4440104166666667 0.765625 0.4453125 0.7604166666666666 0.4518229166666667 0.75390625
3 0.3736979166666667 0.265625 0.3671875 0.25390625 0.3671875 0.24739583333333334 0.3723958333333333 0.24479166666666666 0.3776041666666667 0.24609375 0.3776041666666667 0.2513020833333333 0.3802083333333333 0.2552083333333333 0.3802083333333333 0.2604166666666667 0.375 0.265625
3 0.4231770833333333 0.6321614583333334 0.011067708333333334 0.024739583333333332
3 0.5709635416666666 0.4557291666666667 0.01171875 0.022135416666666668
3 0.5598958333333334 0.6458333333333334 0.5638020833333334 0.6484375 0.5651041666666666 0.65234375 0.5638020833333334 0.6705729166666666 0.5598958333333334 0.671875 0.5559895833333334 0.66015625 0.5559895833333334 0.6549479166666666 0.5598958333333334 0.6471354166666666
3 0.4296875 0.8444444440104166 0.43046875 0.8611111106770833 0.4375 0.8624999999999999 0.43828125 0.8416666666666667 0.43359375 0.8388888893229166 0.4296875 0.8444444440104166