1 0.71640625 0.3555555559895833 0.7156250000000001 0.3513888893229167 0.7125 0.35277777734375 0.71328125 0.35694444401041664 0.71640625 0.3555555559895833
0 0.97265625 0.4166666666666667 0.9986979166666666 0.4166666666666667 0.9986979166666666 0.4231770833333333 0.9049479166666666 0.42578125 0.8880208333333334 0.4322916666666667 0.8736979166666666 0.4479166666666667 0.86328125 0.4661458333333333 0.85546875 0.4908854166666667 0.8528645833333334 0.51171875 0.8541666666666666 0.5533854166666666 0.86328125 0.5872395833333334 0.875 0.6067708333333334 0.8880208333333334 0.6197916666666666 0.8997395833333334 0.625 0.9986979166666666 0.6223958333333334 0.9986979166666666 0.62890625 0.9049479166666666 0.6328125 0.88671875 0.6263020833333334 0.8684895833333334 0.6067708333333334 0.8606770833333334 0.5911458333333334 0.8528645833333334 0.56640625 0.8489583333333334 0.5325520833333334 0.8515625 0.4947916666666667 0.8580729166666666 0.4700520833333333 0.8684895833333334 0.4479166666666667 0.8841145833333334 0.4283854166666667 0.90625 0.4205729166666667 0.97265625 0.41796875
0 0.14583333333333334 0.4505208333333333 0.15625 0.4557291666666667 0.17447916666666666 0.4765625 0.1875 0.5104166666666666 0.19140625 0.5325520833333334 0.19140625 0.5794270833333334 0.18229166666666666 0.6158854166666666 0.16666666666666666 0.6432291666666666 0.15885416666666666 0.6510416666666666 0.14713541666666666 0.6575520833333334 0.12369791666666667 0.6614583333333334 0.07942708333333333 0.6614583333333334 0.04296875 0.6640625 0.029947916666666668 0.6640625 0.026041666666666668 0.6614583333333334 0.03125 0.6588541666666666 0.13932291666666666 0.6549479166666666 0.15104166666666666 0.6497395833333334 0.15885416666666666 0.6432291666666666 0.171875 0.6276041666666666 0.18489583333333334 0.5963541666666666 0.18880208333333334 0.5755208333333334 0.18880208333333334 0.5325520833333334 0.1796875 0.49609375 0.17057291666666666 0.4791666666666667 0.16276041666666666 0.46875 0.14192708333333334 0.4544270833333333 0.125 0.453125 0.1015625 0.4557291666666667 0.024739583333333332 0.45703125 0.0234375 0.453125 0.08723958333333333 0.44921875 0.14453125 0.4505208333333333
2 0.5169270833333334 0.12760416666666666 0.51953125 0.19921875 0.5182291666666666 0.2760416666666667 0.5208333333333334 0.3359375 0.5234375 0.5703125 0.5221354166666666 0.6276041666666666 0.52734375 0.9205729166666666 0.5260416666666666 0.9505208333333334 0.5234375 0.9401041666666666 0.5234375 0.8229166666666666 0.5182291666666666 0.51171875 0.51953125 0.47265625 0.5169270833333334 0.4557291666666667 0.5169270833333334 0.12890625
3 0.4986979166666667 0.4479166666666667 0.50390625 0.453125 0.50390625 0.45703125 0.4973958333333333 0.4661458333333333 0.4934895833333333 0.46484375 0.4934895833333333 0.44921875 0.4973958333333333 0.4479166666666667
3 0.5078125 0.2708333333333333 0.5104166666666666 0.2708333333333333 0.51171875 0.2760416666666667 0.51171875 0.2890625 0.5104166666666666 0.2942708333333333 0.5078125 0.2955729166666667 0.5052083333333334 0.29296875 0.5052083333333334 0.27734375 0.5078125 0.2721354166666667
3 0.72265625 0.3072916666666667 0.72265625 0.31640625 0.7135416666666666 0.3255208333333333 0.7109375 0.3216145833333333 0.7109375 0.3098958333333333 0.71484375 0.3072916666666667 0.7213541666666666 0.3072916666666667
3 0.5442708333333334 0.6119791666666666 0.54296875 0.6002604166666666 0.5481770833333334 0.5872395833333334 0.55078125 0.5989583333333334 0.5533854166666666 0.6015625 0.5494791666666666 0.6106770833333334 0.5455729166666666 0.6119791666666666
3 0.5611979166666666 0.7356770833333334 0.5638020833333334 0.7434895833333334 0.5625 0.7486979166666666 0.55859375 0.7486979166666666 0.5546875 0.7447916666666666 0.5533854166666666 0.734375 0.5572916666666666 0.7317708333333334 0.5598958333333334 0.7356770833333334
3 0.56640625 0.4609375 0.5703125 0.4609375 0.5729166666666666 0.4635416666666667 0.5729166666666666 0.4817708333333333 0.56640625 0.4908854166666667 0.5625 0.4869791666666667 0.5611979166666666 0.4739583333333333 0.5625 0.4661458333333333 0.56640625 0.4622395833333333
3 0.72265625 0.5911458333333334 0.7252604166666666 0.59375 0.7252604166666666 0.6028645833333334 0.71875 0.609375 0.7122395833333334 0.60546875 0.7083333333333334 0.5989583333333334 0.7122395833333334 0.59375 0.7213541666666666 0.5911458333333334
3 0.6119791666666666 0.5481770833333334 0.6158854166666666 0.5533854166666666 0.6119791666666666 0.5703125 0.6067708333333334 0.5677083333333334 0.6067708333333334 0.5546875 0.6106770833333334 0.5494791666666666
3 0.625 0.7578125 0.6276041666666666 0.7591145833333334 0.6315104166666666 0.7734375 0.6302083333333334 0.7786458333333334 0.6276041666666666 0.7799479166666666 0.6223958333333334 0.7799479166666666 0.62109375 0.77734375 0.6223958333333334 0.7643229166666666 0.625 0.7591145833333334
3 0.6015625 0.4322916666666667 0.6080729166666666 0.43359375 0.6080729166666666 0.4466145833333333 0.60546875 0.44921875 0.6015625 0.44921875 0.6002604166666666 0.4453125 0.5989583333333334 0.4401041666666667 0.6015625 0.43359375
3 0.5520833333333334 0.21875 0.5546875 0.22526041666666666 0.5533854166666666 0.23567708333333334 0.5494791666666666 0.24348958333333334 0.546875 0.24088541666666666 0.546875 0.22916666666666666 0.5520833333333334 0.22005208333333334
3 0.4127604166666667 0.55078125 0.4140625 0.5611979166666666 0.4127604166666667 0.5716145833333334 0.41015625 0.5729166666666666 0.40625 0.5690104166666666 0.40625 0.5559895833333334 0.4075520833333333 0.5520833333333334 0.4114583333333333 0.55078125