1 0.571875 0.3125 0.57265625 0.30694444401041665 0.5710937500000001 0.30416666666666664 0.56796875 0.30555555598958334 0.56796875 0.3125 0.571875 0.3125
0 0.9986979166666666 0.4309895833333333 0.9986979166666666 0.4361979166666667 0.97265625 0.4361979166666667 0.9713541666666666 0.4388020833333333 0.9309895833333334 0.4388020833333333 0.9088541666666666 0.44140625 0.8971354166666666 0.4479166666666667 0.88671875 0.4583333333333333 0.875 0.4765625 0.8697916666666666 0.4921875 0.86328125 0.52734375 0.8645833333333334 0.5651041666666666 0.8736979166666666 0.5989583333333334 0.890625 0.6263020833333334 0.8997395833333334 0.6354166666666666 0.91015625 0.640625 0.9986979166666666 0.6393229166666666 0.9986979166666666 0.64453125 0.9661458333333334 0.64453125 0.96484375 0.6471354166666666 0.9348958333333334 0.6484375 0.91015625 0.6471354166666666 0.9088541666666666 0.64453125 0.8984375 0.640625 0.8841145833333334 0.6276041666666666 0.8723958333333334 0.6067708333333334 0.8645833333333334 0.5846354166666666 0.8606770833333334 0.5572916666666666 0.8606770833333334 0.5260416666666666 0.8645833333333334 0.49609375 0.87109375 0.4765625 0.8828125 0.4557291666666667 0.9036458333333334 0.4361979166666667 0.9192708333333334 0.4322916666666667 0.9973958333333334 0.4309895833333333
0 0.15234375 0.4635416666666667 0.17057291666666666 0.4752604166666667 0.17838541666666666 0.4856770833333333 0.19401041666666666 0.5208333333333334 0.1953125 0.5364583333333334 0.19791666666666666 0.5416666666666666 0.19921875 0.5690104166666666 0.19791666666666666 0.5950520833333334 0.19010416666666666 0.6276041666666666 0.17447916666666666 0.6549479166666666 0.16145833333333334 0.66796875 0.15104166666666666 0.6731770833333334 0.12630208333333334 0.67578125 0.08854166666666667 0.67578125 0.0703125 0.6783854166666666 0.03515625 0.6783854166666666 0.032552083333333336 0.67578125 0.03515625 0.6731770833333334 0.14583333333333334 0.6692708333333334 0.14713541666666666 0.6666666666666666 0.15885416666666666 0.6627604166666666 0.171875 0.6510416666666666 0.18489583333333334 0.62890625 0.19140625 0.6106770833333334 0.19661458333333334 0.5729166666666666 0.1953125 0.5442708333333334 0.1875 0.51171875 0.1796875 0.49609375 0.16666666666666666 0.4791666666666667 0.15494791666666666 0.4700520833333333 0.1484375 0.4674479166666667 0.03125 0.4700520833333333 0.03125 0.4661458333333333 0.11458333333333333 0.4622395833333333 0.15104166666666666 0.4635416666666667
2 0.5247395833333334 0.13932291666666666 0.52734375 0.1953125 0.5260416666666666 0.22005208333333334 0.5286458333333334 0.3463541666666667 0.52734375 0.3763020833333333 0.5299479166666666 0.43359375 0.53125 0.765625 0.5338541666666666 0.8072916666666666 0.53515625 0.92578125 0.53515625 0.9622395833333334 0.5338541666666666 0.9674479166666666 0.53125 0.9661458333333334 0.53125 0.8528645833333334 0.5286458333333334 0.7903645833333334 0.52734375 0.4817708333333333 0.5247395833333334 0.4739583333333333 0.5247395833333334 0.140625
3 0.3391927083333333 0.580078125 0.016276041666666668 0.0234375
3 0.2877604166666667 0.63671875 0.2942708333333333 0.6419270833333334 0.2942708333333333 0.64453125 0.2864583333333333 0.6536458333333334 0.28125 0.6510416666666666 0.2799479166666667 0.6432291666666666 0.28125 0.6380208333333334 0.2864583333333333 0.63671875
3 0.7122395833333334 0.4049479166666667 0.71875 0.3984375 0.72265625 0.3984375 0.71875 0.421875 0.7161458333333334 0.4231770833333333 0.7109375 0.4192708333333333 0.7096354166666666 0.4127604166666667 0.7122395833333334 0.40625
3 0.40234375 0.8951822916666666 0.015625 0.034505208333333336
3 0.16471354166666666 0.5143229166666666 0.016927083333333332 0.0234375
3 0.3619791666666667 0.4049479166666667 0.3723958333333333 0.4192708333333333 0.3658854166666667 0.4309895833333333 0.3606770833333333 0.43359375 0.3567708333333333 0.42578125 0.3567708333333333 0.41015625 0.3606770833333333 0.40625
3 0.43359375 0.4505208333333333 0.4361979166666667 0.4505208333333333 0.4401041666666667 0.4609375 0.4361979166666667 0.4713541666666667 0.4309895833333333 0.46875 0.4296875 0.4583333333333333 0.43359375 0.4518229166666667
3 0.5579427083333334 0.25390625 0.010416666666666666 0.024739583333333332
3 0.46875 0.3072916666666667 0.4713541666666667 0.30859375 0.4752604166666667 0.3177083333333333 0.47265625 0.328125 0.46875 0.3294270833333333 0.4661458333333333 0.3151041666666667 0.4674479166666667 0.30859375
3 0.34765625 0.3190104166666667 0.3528645833333333 0.3268229166666667 0.3502604166666667 0.3372395833333333 0.3450520833333333 0.3346354166666667 0.34375 0.3203125 0.3463541666666667 0.3190104166666667
3 0.23697916666666666 0.3411458333333333 0.24479166666666666 0.34765625 0.24088541666666666 0.36328125 0.23567708333333334 0.36328125 0.23177083333333334 0.3528645833333333 0.23177083333333334 0.34375 0.23567708333333334 0.3411458333333333
3 0.34609375000000003 0.7333333333333334 0.34453125 0.7194444440104166 0.34921874999999997 0.7055555559895833 0.33828125000000003 0.7138888893229166 0.34140624999999997 0.7430555559895833 0.34609375000000003 0.7333333333333334