1 0.615625 0.6 0.6164062499999999 0.6013888893229167 0.61875 0.6013888893229167 0.6203124999999999 0.5986111106770834 0.6203124999999999 0.5930555559895833 0.61953125 0.5916666666666667 0.6171875 0.5916666666666667 0.615625 0.5944444440104167 0.615625 0.6
0 0.9986979166666666 0.4140625 0.9986979166666666 0.4205729166666667 0.90625 0.4231770833333333 0.8958333333333334 0.4270833333333333 0.8828125 0.4375 0.87109375 0.453125 0.86328125 0.4713541666666667 0.8619791666666666 0.4817708333333333 0.8580729166666666 0.4908854166666667 0.8580729166666666 0.5013020833333334 0.85546875 0.5065104166666666 0.85546875 0.5390625 0.8580729166666666 0.5572916666666666 0.8671875 0.5872395833333334 0.8776041666666666 0.6015625 0.87890625 0.6067708333333334 0.8919270833333334 0.6184895833333334 0.9036458333333334 0.6236979166666666 0.9986979166666666 0.62109375 0.9986979166666666 0.6276041666666666 0.9557291666666666 0.6302083333333334 0.90234375 0.6302083333333334 0.8880208333333334 0.6223958333333334 0.8723958333333334 0.60546875 0.8619791666666666 0.5859375 0.8528645833333334 0.546875 0.8515625 0.5182291666666666 0.85546875 0.48828125 0.8684895833333334 0.44921875 0.87109375 0.4479166666666667 0.87890625 0.43359375 0.8919270833333334 0.4231770833333333 0.8997395833333334 0.4192708333333333 0.90625 0.4192708333333333 0.9075520833333334 0.4166666666666667 0.9973958333333334 0.4140625
0 0.1484375 0.4505208333333333 0.15755208333333334 0.4557291666666667 0.17447916666666666 0.4765625 0.18229166666666666 0.4934895833333333 0.1875 0.51171875 0.19140625 0.53515625 0.19140625 0.57421875 0.18229166666666666 0.6145833333333334 0.17057291666666666 0.63671875 0.16145833333333334 0.6471354166666666 0.14453125 0.6575520833333334 0.11067708333333333 0.6614583333333334 0.05859375 0.6627604166666666 0.02734375 0.6627604166666666 0.024739583333333332 0.6614583333333334 0.028645833333333332 0.6588541666666666 0.140625 0.6536458333333334 0.15234375 0.6484375 0.16536458333333334 0.6354166666666666 0.1796875 0.6106770833333334 0.1875 0.5794270833333334 0.1875 0.52734375 0.1796875 0.49609375 0.16927083333333334 0.4765625 0.15885416666666666 0.46484375 0.14453125 0.4544270833333333 0.125 0.4518229166666667 0.024739583333333332 0.4557291666666667 0.0234375 0.4518229166666667 0.04296875 0.44921875 0.12630208333333334 0.4466145833333333 0.13541666666666666 0.4466145833333333 0.14713541666666666 0.4505208333333333
2 0.5182291666666666 0.12239583333333333 0.5208333333333334 0.26171875 0.51953125 0.2981770833333333 0.5221354166666666 0.3463541666666667 0.5221354166666666 0.51171875 0.5247395833333334 0.6171875 0.5234375 0.6549479166666666 0.5260416666666666 0.7135416666666666 0.5260416666666666 0.8671875 0.5286458333333334 0.9205729166666666 0.52734375 0.9505208333333334 0.5247395833333334 0.9505208333333334 0.5234375 0.9270833333333334 0.5234375 0.7552083333333334 0.51953125 0.6223958333333334 0.5208333333333334 0.5716145833333334 0.5182291666666666 0.4622395833333333 0.51953125 0.4166666666666667 0.515625 0.1484375 0.5169270833333334 0.12369791666666667
3 0.4140625 0.4075520833333333 0.4192708333333333 0.4192708333333333 0.4166666666666667 0.4296875 0.4140625 0.4309895833333333 0.41015625 0.4283854166666667 0.41015625 0.41015625 0.4127604166666667 0.4088541666666667
3 0.5520833333333334 0.24869791666666666 0.5546875 0.24869791666666666 0.5559895833333334 0.2526041666666667 0.5559895833333334 0.2669270833333333 0.55078125 0.26953125 0.5494791666666666 0.2552083333333333 0.5520833333333334 0.25
3 0.6015625 0.19791666666666666 0.6041666666666666 0.19791666666666666 0.6041666666666666 0.2109375 0.5989583333333334 0.21744791666666666 0.5950520833333334 0.21484375 0.5950520833333334 0.20703125 0.6015625 0.19921875
3 0.45703125 0.6145833333333334 0.4609375 0.6171875 0.4609375 0.6236979166666666 0.4557291666666667 0.6328125 0.4518229166666667 0.6302083333333334 0.4518229166666667 0.6184895833333334 0.4557291666666667 0.6145833333333334
3 0.7552083333333334 0.4557291666666667 0.7578125 0.4583333333333333 0.76171875 0.4583333333333333 0.7630208333333334 0.4635416666666667 0.7565104166666666 0.4713541666666667 0.7552083333333334 0.484375 0.7486979166666666 0.4973958333333333 0.74609375 0.4830729166666667 0.75 0.4752604166666667 0.7513020833333334 0.45703125 0.75390625 0.4557291666666667
3 0.78515625 0.65625 0.7890625 0.66015625 0.7877604166666666 0.6731770833333334 0.7786458333333334 0.6692708333333334 0.77734375 0.6653645833333334 0.77734375 0.6575520833333334 0.78125 0.6549479166666666 0.7838541666666666 0.65625
3 0.5559895833333334 0.7486979166666666 0.5598958333333334 0.75 0.5651041666666666 0.7604166666666666 0.5638020833333334 0.765625 0.5546875 0.765625 0.5559895833333334 0.75
3 0.66015625 0.5130208333333334 0.6640625 0.5182291666666666 0.6640625 0.5260416666666666 0.65625 0.5364583333333334 0.65625 0.546875 0.6536458333333334 0.5494791666666666 0.6510416666666666 0.5481770833333334 0.6510416666666666 0.5234375 0.65234375 0.51953125 0.6588541666666666 0.5143229166666666
3 0.57421875 0.37890625 0.5755208333333334 0.3854166666666667 0.5729166666666666 0.3984375 0.5703125 0.3984375 0.5677083333333334 0.3919270833333333 0.5703125 0.3802083333333333 0.5729166666666666 0.37890625
3 0.6158854166666666 0.845703125 0.012369791666666666 0.022135416666666668
3 0.61953125 0.49861111067708336 0.615625 0.5055555559895833 0.61484375 0.5083333333333333 0.61484375 0.5138888893229167 0.615625 0.5166666666666667 0.6203124999999999 0.5208333333333334 0.6242187499999999 0.5208333333333334 0.6281249999999999 0.5180555559895833 0.6281249999999999 0.5166666666666667 0.6296875000000001 0.5138888893229167 0.6296875000000001 0.5069444440104166 0.6281249999999999 0.5013888893229167 0.6234375 0.49722222265625 0.6218750000000001 0.49861111067708336 0.61953125 0.49861111067708336
3 0.6578125 0.5888888893229166 0.6546875 0.6 0.6546875 0.60277777734375 0.65859375 0.60277777734375 0.6609375000000001 0.6013888893229167 0.6632812499999999 0.59722222265625 0.6632812499999999 0.5930555559895833 0.6640625 0.5916666666666667 0.6632812499999999 0.5888888893229166 0.6625 0.5875 0.66015625 0.5875 0.6578125 0.5888888893229166