1 0.75234375 0.48888888932291663 0.7515625 0.4944444440104167 0.7546875000000001 0.49583333333333335 0.75625 0.49027777734375005 0.75234375 0.48888888932291663
3 0.84765625 0.5208333333333334 0.8502604166666666 0.5286458333333334 0.8580729166666666 0.5325520833333334 0.8580729166666666 0.5364583333333334 0.8528645833333334 0.5416666666666666 0.8528645833333334 0.5455729166666666 0.8502604166666666 0.5481770833333334 0.8424479166666666 0.546875 0.8411458333333334 0.5377604166666666 0.8450520833333334 0.5325520833333334 0.84765625 0.5221354166666666
3 0.5319010416666666 0.5162760416666666 0.010416666666666666 0.04296875
3 0.9296875 0.546875 0.9375 0.5494791666666666 0.9466145833333334 0.546875 0.953125 0.5533854166666666 0.953125 0.5572916666666666 0.9466145833333334 0.5625 0.9466145833333334 0.5651041666666666 0.9401041666666666 0.56640625 0.9375 0.5651041666666666 0.9296875 0.5481770833333334
3 0.7682291666666666 0.6393229166666666 0.77734375 0.6497395833333334 0.7825520833333334 0.6510416666666666 0.7825520833333334 0.66015625 0.7721354166666666 0.6640625 0.7682291666666666 0.640625
3 0.16145833333333334 0.4765625 0.17057291666666666 0.4947916666666667 0.17057291666666666 0.515625 0.16796875 0.515625 0.16536458333333334 0.51171875 0.1640625 0.4934895833333333 0.15234375 0.4869791666666667 0.15234375 0.4765625 0.15494791666666666 0.4739583333333333 0.15885416666666666 0.4739583333333333 0.16015625 0.4765625
3 0.83203125 0.7942708333333334 0.83984375 0.8033854166666666 0.8450520833333334 0.8046875 0.8463541666666666 0.80859375 0.8463541666666666 0.8151041666666666 0.8385416666666666 0.8294270833333334 0.8359375 0.8294270833333334 0.8346354166666666 0.8125 0.8307291666666666 0.7994791666666666 0.83203125 0.7955729166666666
3 0.4010416666666667 0.24348958333333334 0.4049479166666667 0.24609375 0.4036458333333333 0.2630208333333333 0.3997395833333333 0.26171875 0.3971354166666667 0.2552083333333333 0.3971354166666667 0.24479166666666666 0.3997395833333333 0.24348958333333334
3 0.7291666666666666 0.5390625 0.7291666666666666 0.55078125 0.7252604166666666 0.5546875 0.71875 0.5520833333333334 0.7174479166666666 0.5442708333333334 0.72265625 0.5377604166666666 0.7278645833333334 0.5390625
3 0.6901041666666666 0.5416666666666666 0.6927083333333334 0.5442708333333334 0.6940104166666666 0.5416666666666666 0.6966145833333334 0.5416666666666666 0.703125 0.55078125 0.69921875 0.55859375 0.6953125 0.5598958333333334 0.6875 0.546875 0.6875 0.5442708333333334 0.6901041666666666 0.54296875
3 0.7484375 0.4680555559895833 0.7484375 0.4569444440104167 0.74453125 0.45 0.7335937499999999 0.4569444440104167 0.7328125 0.46527777734375 0.7374999999999999 0.4763888893229167 0.74453125 0.47500000000000003 0.7484375 0.4680555559895833
3 0.77890625 0.9125 0.7781250000000001 0.9263888893229167 0.7859375000000001 0.9319444440104167 0.7890625 0.9180555559895834 0.77890625 0.9125
3 0.65 0.7583333333333333 0.646875 0.75277777734375 0.6398437499999999 0.7569444440104167 0.646875 0.7847222226562499 0.65 0.7847222226562499 0.6476562499999999 0.7791666666666667 0.65 0.7583333333333333
2 0.4752604166666667 0.13541666666666666 0.4778645833333333 0.13671875 0.4778645833333333 0.1640625 0.4752604166666667 0.28515625 0.4739583333333333 0.64453125 0.4713541666666667 0.6640625 0.4700520833333333 0.9401041666666666 0.4674479166666667 0.9622395833333334 0.46484375 0.9361979166666666 0.4674479166666667 0.9231770833333334 0.4661458333333333 0.8802083333333334 0.4700520833333333 0.6627604166666666 0.46875 0.6276041666666666 0.4713541666666667 0.6002604166666666 0.47265625 0.25390625 0.4752604166666667 0.13671875
0 0.94244765625 0.6708333333333334 0.9451482747395833 0.6669055169270833 0.9382812500000001 0.66527777734375 0.853125 0.6625 0.8351562499999999 0.6513888893229166 0.81875 0.6291666666666667 0.8117187499999999 0.6124999999999999 0.8046875 0.5736111106770834 0.8046875 0.5486111106770833 0.8156249999999999 0.5013888893229167 0.83046875 0.4763888893229167 0.8453125 0.46388888932291666 0.97109375 0.46388888932291666 0.97109375 0.45972222265625 0.84609375 0.4583333333333333 0.828125 0.47222222265625 0.8171875000000001 0.48888888932291663 0.80703125 0.51527777734375 0.80234375 0.54027777734375 0.80234375 0.5833333333333334 0.80703125 0.6083333333333333 0.8203125 0.64027777734375 0.84140625 0.6625 0.85546875 0.6680555559895834 0.94244765625 0.6708333333333334
0 0 0.6375000000000001 0.0890625 0.64027777734375 0.109375 0.62777777734375 0.1265625 0.6041666666666666 0.13671875 0.5736111106770834 0.14140624999999998 0.5388888893229167 0.13749999999999998 0.49583333333333335 0.1265625 0.46249999999999997 0.11328125 0.44166666666666665 0.09296875 0.42777777734375005 0.025781250000000002 0.4236111106770833 0 0.4236111106770833 0 0.43055555598958334 0.08984375 0.43333333333333335 0.10312500000000001 0.44027777734375 0.1171875 0.45555555598958336 0.12812500000000002 0.47777777734375 0.13515625 0.5069444440104166 0.13515625 0.5638888893229167 0.12578124999999998 0.5944444440104167 0.10078125 0.62777777734375 0.07890625 0.63472222265625 0 0.6305555559895833 0 0.6375000000000001