1 0.35546875 0.38472222265624995 0.35390625000000003 0.39166666666666666 0.35703124999999997 0.3944444440104167 0.35859375 0.3875 0.35546875 0.38472222265624995
0 0 0.4322916666666667 0.08463541666666667 0.4348958333333333 0.09505208333333333 0.4375 0.09635416666666667 0.4401041666666667 0.11067708333333333 0.4479166666666667 0.11848958333333333 0.45703125 0.11979166666666667 0.4622395833333333 0.12239583333333333 0.4635416666666667 0.13020833333333334 0.4778645833333333 0.13802083333333334 0.5052083333333334 0.14192708333333334 0.5416666666666666 0.13932291666666666 0.57421875 0.13020833333333334 0.6080729166666666 0.11979166666666667 0.6263020833333334 0.10546875 0.640625 0.09244791666666667 0.6484375 0.08333333333333333 0.6497395833333334 0 0.6471354166666666 0 0.640625 0.0078125 0.6393229166666666 0.09114583333333333 0.6419270833333334 0.10286458333333333 0.6354166666666666 0.11197916666666667 0.6276041666666666 0.12760416666666666 0.6015625 0.13541666666666666 0.5768229166666666 0.13802083333333334 0.5533854166666666 0.13671875 0.515625 0.1328125 0.4986979166666667 0.12239583333333333 0.47265625 0.10677083333333333 0.4518229166666667 0.08854166666666667 0.4427083333333333 0 0.4401041666666667 0 0.43359375
0 0.8958333333333334 0.4635416666666667 0.9674479166666666 0.4661458333333333 0.96875 0.4700520833333333 0.9309895833333334 0.4713541666666667 0.8515625 0.46875 0.8346354166666666 0.4778645833333333 0.8190104166666666 0.4973958333333333 0.8072916666666666 0.5286458333333334 0.8033854166666666 0.5520833333333334 0.8033854166666666 0.5872395833333334 0.8059895833333334 0.59375 0.8072916666666666 0.609375 0.8151041666666666 0.6315104166666666 0.8268229166666666 0.6510416666666666 0.8359375 0.66015625 0.8502604166666666 0.6666666666666666 0.8515625 0.6692708333333334 0.8815104166666666 0.671875 0.9505208333333334 0.6731770833333334 0.9635416666666666 0.6744791666666666 0.9661458333333334 0.67578125 0.96484375 0.6796875 0.8567708333333334 0.67578125 0.8463541666666666 0.6731770833333334 0.8359375 0.66796875 0.8268229166666666 0.6588541666666666 0.8190104166666666 0.6484375 0.80859375 0.6263020833333334 0.80078125 0.58984375 0.80078125 0.5494791666666666 0.8033854166666666 0.5442708333333334 0.8046875 0.5260416666666666 0.81640625 0.4947916666666667 0.8268229166666666 0.4817708333333333 0.8268229166666666 0.4791666666666667 0.84375 0.4661458333333333 0.8515625 0.4635416666666667 0.89453125 0.4635416666666667
2 0.4739583333333333 0.23958333333333334 0.4739583333333333 0.58203125 0.4713541666666667 0.6432291666666666 0.4700520833333333 0.9049479166666666 0.4674479166666667 0.9674479166666666 0.46484375 0.9661458333333334 0.46484375 0.9283854166666666 0.4674479166666667 0.8645833333333334 0.47265625 0.24088541666666666
3 0.6484375 0.2708333333333333 0.6575520833333334 0.2604166666666667 0.6614583333333334 0.2630208333333333 0.6614583333333334 0.2747395833333333 0.6575520833333334 0.2838541666666667 0.65234375 0.28125 0.6471354166666666 0.2734375 0.6484375 0.2721354166666667
3 0.6653645833333334 0.5677083333333334 0.6692708333333334 0.5729166666666666 0.6692708333333334 0.578125 0.6640625 0.5846354166666666 0.66015625 0.5846354166666666 0.65234375 0.5716145833333334 0.6536458333333334 0.5690104166666666 0.6640625 0.5677083333333334
3 0.53515625 0.3209635416666667 0.0078125 0.01953125
3 0.51171875 0.39453125 0.5169270833333334 0.4049479166666667 0.5130208333333334 0.4192708333333333 0.5091145833333334 0.421875 0.50390625 0.4140625 0.50390625 0.3984375 0.5078125 0.3932291666666667 0.5104166666666666 0.39453125
3 0.5859375 0.6510416666666666 0.5846354166666666 0.6458333333333334 0.59375 0.640625 0.59765625 0.64453125 0.5963541666666666 0.6588541666666666 0.59375 0.6588541666666666 0.5872395833333334 0.6510416666666666
3 0.4583333333333333 0.4986979166666667 0.4609375 0.5065104166666666 0.45703125 0.515625 0.453125 0.5130208333333334 0.4518229166666667 0.5091145833333334 0.4518229166666667 0.5052083333333334 0.45703125 0.4986979166666667
3 0.5677083333333334 0.7083333333333334 0.5690104166666666 0.7317708333333334 0.5651041666666666 0.7330729166666666 0.5625 0.7278645833333334 0.5625 0.7135416666666666 0.5677083333333334 0.7096354166666666
3 0.4322916666666667 0.3255208333333333 0.4348958333333333 0.3255208333333333 0.4401041666666667 0.33203125 0.4401041666666667 0.33984375 0.4361979166666667 0.3450520833333333 0.43359375 0.3450520833333333 0.4309895833333333 0.3424479166666667 0.4322916666666667 0.3268229166666667
3 0.4401041666666667 0.23177083333333334 0.4440104166666667 0.23177083333333334 0.4466145833333333 0.23697916666666666 0.4466145833333333 0.24739583333333334 0.4427083333333333 0.2513020833333333 0.4388020833333333 0.24088541666666666 0.4401041666666667 0.23307291666666666
3 0.7708333333333334 0.48828125 0.7786458333333334 0.49609375 0.7786458333333334 0.5052083333333334 0.7708333333333334 0.51171875 0.765625 0.51171875 0.765625 0.4908854166666667 0.76953125 0.48828125
3 0.34375 0.3776041666666667 0.3463541666666667 0.3776041666666667 0.3502604166666667 0.38671875 0.3489583333333333 0.3971354166666667 0.34375 0.3919270833333333 0.34375 0.37890625
3 0.5026041666666666 0.8567708333333334 0.5065104166666666 0.8619791666666666 0.5078125 0.8776041666666666 0.5026041666666666 0.8776041666666666 0.5 0.8697916666666666 0.5013020833333334 0.8580729166666666