1 0.46640624999999997 0.5194444440104167 0.46718750000000003 0.5208333333333334 0.47031249999999997 0.5208333333333334 0.47109375000000003 0.5194444440104167 0.47109375000000003 0.51527777734375 0.46953125 0.5125000000000001 0.46718750000000003 0.5138888893229167 0.46640624999999997 0.51527777734375 0.46640624999999997 0.5194444440104167
0 0 0.4244791666666667 0.09895833333333333 0.4270833333333333 0.10677083333333333 0.4283854166666667 0.11848958333333333 0.4348958333333333 0.13151041666666666 0.4505208333333333 0.14192708333333334 0.4700520833333333 0.14973958333333334 0.4934895833333333 0.15364583333333334 0.5325520833333334 0.15104166666666666 0.5651041666666666 0.14192708333333334 0.5963541666666666 0.13151041666666666 0.6145833333333334 0.11588541666666667 0.6315104166666666 0.10416666666666667 0.63671875 0 0.6341145833333334 0 0.62890625 0.10026041666666667 0.6315104166666666 0.11067708333333333 0.6276041666666666 0.12890625 0.609375 0.140625 0.5872395833333334 0.14713541666666666 0.56640625 0.14973958333333334 0.5455729166666666 0.1484375 0.5078125 0.13932291666666666 0.47265625 0.12890625 0.4544270833333333 0.11067708333333333 0.4361979166666667 0.09895833333333333 0.4322916666666667 0.01953125 0.4296875 0 0.4309895833333333 0 0.42578125
0 0.8828125 0.453125 0.9192708333333334 0.4557291666666667 0.96484375 0.4557291666666667 0.9739583333333334 0.45703125 0.9739583333333334 0.4609375 0.92578125 0.4622395833333333 0.859375 0.4596354166666667 0.84375 0.4661458333333333 0.8307291666666666 0.4791666666666667 0.8229166666666666 0.4921875 0.8151041666666666 0.5104166666666666 0.8098958333333334 0.5338541666666666 0.8098958333333334 0.5859375 0.8177083333333334 0.6145833333333334 0.8307291666666666 0.6380208333333334 0.83984375 0.6484375 0.8541666666666666 0.6575520833333334 0.875 0.66015625 0.96875 0.6627604166666666 0.96875 0.66796875 0.94921875 0.66796875 0.9479166666666666 0.6653645833333334 0.8802083333333334 0.6653645833333334 0.8541666666666666 0.6627604166666666 0.8359375 0.65234375 0.8190104166666666 0.6276041666666666 0.80859375 0.5950520833333334 0.8059895833333334 0.5677083333333334 0.8072916666666666 0.5325520833333334 0.81640625 0.49609375 0.8268229166666666 0.4765625 0.84765625 0.45703125 0.859375 0.453125 0.8815104166666666 0.453125
2 0.4778645833333333 0.4778645833333333 0.4817708333333333 0.48828125 0.4765625 0.8854166666666666 0.4778645833333333 0.9309895833333334 0.4752604166666667 0.9518229166666666 0.47265625 0.9518229166666666 0.47265625 0.87109375 0.4752604166666667 0.84375 0.4765625 0.7434895833333334 0.4765625 0.5989583333333334 0.4791666666666667 0.5377604166666666 0.4765625 0.4921875 0.4778645833333333 0.4791666666666667
3 0.6510416666666666 0.5546875 0.6614583333333334 0.55859375 0.6640625 0.5651041666666666 0.6614583333333334 0.5755208333333334 0.6549479166666666 0.5768229166666666 0.6510416666666666 0.5559895833333334
3 0.5078125 0.7161458333333334 0.0078125 0.018229166666666668
3 0.5377604166666666 0.2643229166666667 0.54296875 0.2708333333333333 0.5416666666666666 0.2825520833333333 0.5390625 0.2864583333333333 0.5364583333333334 0.2864583333333333 0.5338541666666666 0.27734375 0.5338541666666666 0.265625 0.5364583333333334 0.2643229166666667
3 0.5052083333333334 0.6184895833333334 0.5091145833333334 0.6276041666666666 0.5052083333333334 0.6354166666666666 0.5026041666666666 0.6354166666666666 0.5 0.6302083333333334 0.5 0.6223958333333334 0.50390625 0.6184895833333334
3 0.5651041666666666 0.5559895833333334 0.5677083333333334 0.5611979166666666 0.5651041666666666 0.5729166666666666 0.5611979166666666 0.5716145833333334 0.5598958333333334 0.56640625 0.5611979166666666 0.5572916666666666 0.5638020833333334 0.5559895833333334
3 0.42578125 0.5716145833333334 0.4296875 0.5703125 0.4283854166666667 0.58984375 0.4244791666666667 0.5911458333333334 0.4205729166666667 0.58203125 0.4205729166666667 0.5755208333333334 0.42578125 0.5729166666666666
3 0.4427083333333333 0.4088541666666667 0.4440104166666667 0.421875 0.4401041666666667 0.4244791666666667 0.4361979166666667 0.4192708333333333 0.4361979166666667 0.41015625 0.44140625 0.4088541666666667
3 0.3736979166666667 0.33984375 0.3763020833333333 0.3450520833333333 0.3763020833333333 0.3567708333333333 0.3736979166666667 0.359375 0.3671875 0.3515625 0.3671875 0.3424479166666667 0.3723958333333333 0.33984375
3 0.4114583333333333 0.765625 0.41015625 0.78515625 0.4049479166666667 0.7825520833333334 0.40625 0.7682291666666666 0.41015625 0.765625
3 0.4622395833333333 0.23958333333333334 0.46484375 0.2565104166666667 0.4596354166666667 0.2630208333333333 0.453125 0.2421875 0.4609375 0.23958333333333334
3 0.51953125 0.4778645833333333 0.5221354166666666 0.4817708333333333 0.5208333333333334 0.5013020833333334 0.5182291666666666 0.5013020833333334 0.5143229166666666 0.4921875 0.5143229166666666 0.4778645833333333 0.5182291666666666 0.4778645833333333
3 0.484375 0.44166666666666665 0.47890625000000003 0.44027777734375 0.47421874999999997 0.44861111067708337 0.47421874999999997 0.4569444440104167 0.4796875 0.46388888932291666 0.4875 0.4569444440104167 0.484375 0.44166666666666665