1 0.46796875 0.56527777734375 0.46875 0.5638888893229167 0.46875 0.55972222265625 0.46640624999999997 0.5569444440104167 0.46484375 0.5583333333333333 0.4640625 0.55972222265625 0.4640625 0.5638888893229167 0.46640624999999997 0.5666666666666667 0.46796875 0.56527777734375
3 0.2682291666666667 0.2825520833333333 0.2708333333333333 0.28515625 0.2708333333333333 0.3046875 0.26171875 0.30078125 0.2578125 0.2942708333333333 0.2578125 0.2864583333333333 0.2669270833333333 0.2825520833333333
3 0.6223958333333334 0.16145833333333334 0.6263020833333334 0.16666666666666666 0.6263020833333334 0.17447916666666666 0.6197916666666666 0.18619791666666666 0.6158854166666666 0.18619791666666666 0.61328125 0.18229166666666666 0.6171875 0.1640625 0.62109375 0.16145833333333334
3 0.6783854166666666 0.5520833333333334 0.6822916666666666 0.5572916666666666 0.6822916666666666 0.5690104166666666 0.6783854166666666 0.57421875 0.67578125 0.5729166666666666 0.6744791666666666 0.5572916666666666 0.6783854166666666 0.5533854166666666
3 0.5989583333333334 0.875 0.60546875 0.8893229166666666 0.60546875 0.9049479166666666 0.6015625 0.9114583333333334 0.59765625 0.9088541666666666 0.5963541666666666 0.8815104166666666 0.5989583333333334 0.8763020833333334
3 0.4375 0.6380208333333334 0.4427083333333333 0.6380208333333334 0.4427083333333333 0.6549479166666666 0.4375 0.6536458333333334 0.4375 0.6393229166666666
3 0.1953125 0.14583333333333334 0.19921875 0.14583333333333334 0.20052083333333334 0.14973958333333334 0.21223958333333334 0.16015625 0.20963541666666666 0.16536458333333334 0.19661458333333334 0.15885416666666666 0.19401041666666666 0.15625 0.1953125 0.14713541666666666
3 0.38671875 0.8828125 0.3828125 0.8776041666666666 0.3828125 0.8671875 0.3854166666666667 0.86328125 0.3919270833333333 0.8606770833333334 0.3958333333333333 0.8606770833333334 0.3958333333333333 0.8658854166666666 0.3932291666666667 0.8697916666666666 0.3932291666666667 0.87890625 0.3880208333333333 0.8828125
3 0.48046875 0.14322916666666666 0.4856770833333333 0.14192708333333334 0.4895833333333333 0.14453125 0.4908854166666667 0.1484375 0.4908854166666667 0.171875 0.484375 0.17447916666666666 0.48046875 0.16927083333333334 0.4778645833333333 0.15755208333333334 0.48046875 0.14453125
3 0.7057291666666666 0.7083333333333334 0.71484375 0.7174479166666666 0.7135416666666666 0.73046875 0.7096354166666666 0.734375 0.703125 0.72265625 0.7057291666666666 0.7096354166666666
3 0.09895833333333333 0.4765625 0.09895833333333333 0.4921875 0.08723958333333333 0.4947916666666667 0.08203125 0.4934895833333333 0.08072916666666667 0.4895833333333333 0.08333333333333333 0.4791666666666667 0.09244791666666667 0.4791666666666667 0.09765625 0.4765625
3 0.8346354166666666 0.5130208333333334 0.8385416666666666 0.5260416666666666 0.8372395833333334 0.53515625 0.8346354166666666 0.5377604166666666 0.82421875 0.53125 0.8190104166666666 0.5182291666666666 0.8190104166666666 0.515625 0.8294270833333334 0.5169270833333334 0.8333333333333334 0.5130208333333334
3 0.4765625 0.5130208333333334 0.4817708333333333 0.5234375 0.4817708333333333 0.5377604166666666 0.48046875 0.5403645833333334 0.4778645833333333 0.5377604166666666 0.4752604166666667 0.5403645833333334 0.4739583333333333 0.5481770833333334 0.4713541666666667 0.546875 0.4713541666666667 0.5390625 0.47265625 0.5208333333333334 0.4752604166666667 0.5143229166666666
2 0.47265625 0.5377604166666666 0.4739583333333333 0.66796875 0.4700520833333333 0.859375 0.4713541666666667 0.92578125 0.4700520833333333 0.9453125 0.4674479166666667 0.9466145833333334 0.46875 0.68359375 0.4713541666666667 0.6484375 0.4700520833333333 0.55078125 0.47265625 0.5390625
0 0 0.6236111106770833 0.09296875 0.6263888893229167 0.1125 0.6138888893229166 0.12734375 0.5930555559895833 0.13984375000000002 0.5569444440104167 0.14296875 0.52222222265625 0.140625 0.48888888932291663 0.12421875 0.4430555559895833 0.11328125 0.42777777734375005 0.09296875 0.41527777734375 0.017968750000000002 0.41111111067708334 0 0.41111111067708334 0 0.4166666666666667 0.08828124999999999 0.41944444401041664 0.11328125 0.43611111067708336 0.13125 0.4694444440104167 0.13515625 0.48472222265625 0.13828125 0.5361111106770834 0.13515625 0.55972222265625 0.12109375 0.5930555559895833 0.1203125 0.60277777734375 0.11484375000000001 0.60277777734375 0.09999999999999999 0.6180555559895834 0.0890625 0.62222222265625 0 0.6194444440104167 0 0.6236111106770833
0 0.84765625 0.4430555559895833 0.828125 0.4569444440104167 0.8171875000000001 0.47222222265625 0.8141662591145833 0.4814724388020833 0.8210937500000001 0.47777777734375 0.82421875 0.46249999999999997 0.828125 0.46527777734375 0.8523437500000001 0.44722222265624995 0.9695312500000001 0.45 0.9695312500000001 0.4458333333333333 0.84765625 0.4430555559895833
0 0.8135793580729166 0.48326937109374996 0.803125 0.51527777734375 0.803125 0.54487847265625 0.81484375 0.48888888932291663 0.8135793580729166 0.48326937109374996
0 0.9500000000000001 0.6513888893229166 0.86553828125 0.6486111106770833 0.8406250000000001 0.6430555559895833 0.81484375 0.60972222265625 0.803125 0.5524305559895833 0.803125 0.5819444440104167 0.8140625 0.6166666666666667 0.8296875 0.64027777734375 0.8445312500000001 0.65 0.86484375 0.6541666666666667 0.9625 0.6569444440104167 0.9617187500000001 0.65277777734375 0.9500000000000001 0.6513888893229166