1 0.52890625 0.5180555559895833 0.5296875 0.5208333333333334 0.53125 0.5208333333333334 0.53359375 0.5180555559895833 0.53359375 0.5138888893229167 0.5320312500000001 0.5125000000000001 0.5296875 0.5125000000000001 0.52890625 0.5138888893229167 0.52890625 0.5180555559895833
0 0.9986979166666666 0.4231770833333333 0.9986979166666666 0.4296875 0.9856770833333334 0.4283854166666667 0.9088541666666666 0.4309895833333333 0.8893229166666666 0.4348958333333333 0.8671875 0.45703125 0.859375 0.47265625 0.8515625 0.4986979166666667 0.8489583333333334 0.5260416666666666 0.8515625 0.5638020833333334 0.859375 0.5885416666666666 0.8697916666666666 0.6080729166666666 0.8802083333333334 0.6197916666666666 0.8958333333333334 0.6302083333333334 0.9986979166666666 0.6276041666666666 0.9986979166666666 0.6328125 0.9453125 0.6354166666666666 0.89453125 0.6354166666666666 0.8815104166666666 0.62890625 0.8671875 0.61328125 0.8567708333333334 0.5950520833333334 0.84765625 0.5611979166666666 0.8463541666666666 0.5247395833333334 0.8489583333333334 0.4934895833333333 0.8567708333333334 0.46875 0.8645833333333334 0.453125 0.8763020833333334 0.4375 0.8932291666666666 0.4270833333333333 0.9973958333333334 0.4231770833333333
0 0.14322916666666666 0.453125 0.15494791666666666 0.4583333333333333 0.17057291666666666 0.4739583333333333 0.18229166666666666 0.4947916666666667 0.18359375 0.50390625 0.18619791666666666 0.5065104166666666 0.19140625 0.53125 0.19270833333333334 0.5533854166666666 0.19140625 0.5872395833333334 0.18619791666666666 0.6106770833333334 0.17578125 0.6341145833333334 0.16666666666666666 0.6471354166666666 0.15625 0.65625 0.140625 0.6627604166666666 0.0859375 0.6653645833333334 0.028645833333333332 0.6653645833333334 0.028645833333333332 0.6627604166666666 0.03125 0.6614583333333334 0.140625 0.6575520833333334 0.15494791666666666 0.6510416666666666 0.171875 0.6315104166666666 0.18098958333333334 0.61328125 0.18880208333333334 0.5846354166666666 0.19140625 0.5572916666666666 0.18489583333333334 0.5143229166666666 0.18098958333333334 0.5078125 0.1796875 0.4986979166666667 0.16536458333333334 0.4752604166666667 0.1484375 0.4622395833333333 0.140625 0.4596354166666667 0.040364583333333336 0.4622395833333333 0.024739583333333332 0.4609375 0.024739583333333332 0.4557291666666667 0.14192708333333334 0.453125
2 0.5182291666666666 0.46484375 0.51953125 0.4739583333333333 0.5221354166666666 0.4765625 0.5208333333333334 0.578125 0.5260416666666666 0.9505208333333334 0.5234375 0.9518229166666666 0.5221354166666666 0.9479166666666666 0.5208333333333334 0.92578125 0.5208333333333334 0.7591145833333334 0.5169270833333334 0.5520833333333334 0.5169270833333334 0.5065104166666666 0.51953125 0.5026041666666666 0.5169270833333334 0.4908854166666667 0.5169270833333334 0.4661458333333333
3 0.5364583333333334 0.23828125 0.5455729166666666 0.24088541666666666 0.5377604166666666 0.26171875 0.5338541666666666 0.2565104166666667 0.5364583333333334 0.23958333333333334
3 0.4361979166666667 0.564453125 0.008463541666666666 0.020833333333333332
3 0.4635416666666667 0.2643229166666667 0.46484375 0.2747395833333333 0.4622395833333333 0.2864583333333333 0.45703125 0.2838541666666667 0.4544270833333333 0.2747395833333333 0.45703125 0.265625 0.4596354166666667 0.2630208333333333 0.4622395833333333 0.2643229166666667
3 0.4954427083333333 0.61328125 0.009114583333333334 0.026692708333333332
3 0.5677083333333334 0.55078125 0.5768229166666666 0.55078125 0.5768229166666666 0.5572916666666666 0.5690104166666666 0.56640625 0.56640625 0.56640625 0.5677083333333334 0.5520833333333334
3 0.5559895833333334 0.4309895833333333 0.5520833333333334 0.4166666666666667 0.55859375 0.41015625 0.5611979166666666 0.4114583333333333 0.5625 0.421875 0.5572916666666666 0.4296875
3 0.5807291666666666 0.7473958333333334 0.5833333333333334 0.7473958333333334 0.58984375 0.7565104166666666 0.5885416666666666 0.7643229166666666 0.5833333333333334 0.7682291666666666 0.5807291666666666 0.765625 0.5807291666666666 0.7486979166666666
3 0.5078125 0.49609375 0.51171875 0.4973958333333333 0.51171875 0.5013020833333334 0.5143229166666666 0.50390625 0.5104166666666666 0.515625 0.5065104166666666 0.5169270833333334 0.5013020833333334 0.5104166666666666 0.5013020833333334 0.5052083333333334 0.5078125 0.4973958333333333
3 0.3411458333333333 0.5260416666666666 0.34765625 0.5260416666666666 0.3515625 0.5234375 0.34765625 0.5455729166666666 0.3411458333333333 0.5442708333333334 0.3411458333333333 0.52734375
3 0.6328125 0.3684895833333333 0.011067708333333334 0.020833333333333332
3 0.50546875 0.7125 0.5070312499999999 0.69027777734375 0.5007812500000001 0.6916666666666668 0.49921875 0.7194444440104166 0.50546875 0.7125
3 0.5140625 0.45972222265625 0.5242187500000001 0.45972222265625 0.52734375 0.45416666666666666 0.5265624999999999 0.4458333333333333 0.52109375 0.43888888932291664 0.515625 0.44166666666666665 0.5140625 0.45972222265625