1 0.7000000000000001 0.4611111106770833 0.7000000000000001 0.4569444440104167 0.69921875 0.45555555598958336 0.6960937500000001 0.45555555598958336 0.6953125 0.45972222265625 0.6960937500000001 0.46249999999999997 0.69921875 0.46249999999999997 0.7000000000000001 0.4611111106770833
0 0 0.4270833333333333 0.0859375 0.4296875 0.10286458333333333 0.4361979166666667 0.11848958333333333 0.453125 0.13020833333333334 0.4752604166666667 0.13671875 0.4986979166666667 0.13932291666666666 0.5182291666666666 0.13932291666666666 0.5572916666666666 0.13671875 0.5755208333333334 0.12630208333333334 0.6067708333333334 0.11458333333333333 0.6263020833333334 0.10026041666666667 0.6380208333333334 0.08463541666666667 0.6432291666666666 0 0.640625 0 0.6354166666666666 0.08463541666666667 0.6380208333333334 0.09895833333333333 0.6328125 0.1171875 0.61328125 0.12760416666666666 0.59375 0.12890625 0.5833333333333334 0.13541666666666666 0.5651041666666666 0.13671875 0.5481770833333334 0.13671875 0.5234375 0.13151041666666666 0.4921875 0.125 0.4739583333333333 0.11067708333333333 0.4505208333333333 0.08984375 0.4361979166666667 0 0.4322916666666667 0 0.4283854166666667
0 0.8541666666666666 0.4583333333333333 0.8932291666666666 0.4583333333333333 0.89453125 0.4609375 0.9427083333333334 0.4609375 0.9700520833333334 0.4635416666666667 0.9700520833333334 0.4674479166666667 0.8515625 0.46484375 0.8307291666666666 0.4791666666666667 0.8255208333333334 0.4895833333333333 0.8190104166666666 0.49609375 0.8098958333333334 0.51953125 0.8059895833333334 0.5442708333333334 0.8059895833333334 0.5885416666666666 0.8098958333333334 0.609375 0.8229166666666666 0.6393229166666666 0.8359375 0.6549479166666666 0.8567708333333334 0.6653645833333334 0.9674479166666666 0.6705729166666666 0.9661458333333334 0.67578125 0.9231770833333334 0.6731770833333334 0.91796875 0.6744791666666666 0.8580729166666666 0.671875 0.8450520833333334 0.66796875 0.82421875 0.6497395833333334 0.81640625 0.63671875 0.8072916666666666 0.61328125 0.8020833333333334 0.5755208333333334 0.8020833333333334 0.5494791666666666 0.8072916666666666 0.5182291666666666 0.8151041666666666 0.49609375 0.8268229166666666 0.4765625 0.8424479166666666 0.4635416666666667 0.8541666666666666 0.4596354166666667
2 0.4739583333333333 0.13671875 0.4765625 0.13671875 0.4778645833333333 0.15234375 0.4752604166666667 0.24479166666666666 0.4739583333333333 0.64453125 0.4713541666666667 0.65234375 0.4700520833333333 0.9270833333333334 0.4674479166666667 0.94140625 0.4674479166666667 0.96484375 0.46484375 0.9466145833333334 0.4674479166666667 0.8997395833333334 0.4661458333333333 0.8736979166666666 0.46875 0.765625 0.46875 0.6197916666666666 0.4713541666666667 0.5729166666666666 0.4739583333333333 0.13802083333333334
3 0.7526041666666666 0.62890625 0.76171875 0.62890625 0.765625 0.63671875 0.7591145833333334 0.6471354166666666 0.75390625 0.6419270833333334 0.7526041666666666 0.6302083333333334
3 0.7369791666666666 0.91015625 0.7486979166666666 0.9127604166666666 0.7486979166666666 0.9270833333333334 0.7447916666666666 0.93359375 0.7447916666666666 0.94140625 0.7408854166666666 0.9388020833333334 0.7369791666666666 0.9114583333333334
3 0.9283854166666666 0.5299479166666666 0.9322916666666666 0.53125 0.9348958333333334 0.5364583333333334 0.9348958333333334 0.5481770833333334 0.9322916666666666 0.55078125 0.9231770833333334 0.55078125 0.91796875 0.546875 0.9114583333333334 0.5364583333333334 0.9270833333333334 0.53125
3 0.8424479166666666 0.4765625 0.85546875 0.4765625 0.8580729166666666 0.4791666666666667 0.8567708333333334 0.4869791666666667 0.8489583333333334 0.49609375 0.84375 0.4921875 0.8424479166666666 0.4778645833333333
3 0.7174479166666666 0.49609375 0.7239583333333334 0.5026041666666666 0.7239583333333334 0.5065104166666666 0.71875 0.515625 0.7135416666666666 0.5130208333333334 0.7135416666666666 0.4973958333333333 0.7161458333333334 0.49609375
3 0.83203125 0.7408854166666666 0.8450520833333334 0.75 0.8450520833333334 0.7578125 0.8385416666666666 0.7643229166666666 0.8359375 0.7643229166666666 0.8307291666666666 0.7591145833333334 0.83203125 0.7421875
3 0.5416666666666666 0.4674479166666667 0.011067708333333334 0.037760416666666664
3 0.4114583333333333 0.24088541666666666 0.4192708333333333 0.24609375 0.41796875 0.26171875 0.4140625 0.2643229166666667 0.41015625 0.2591145833333333 0.41015625 0.2421875
3 0.6770833333333334 0.515625 0.6783854166666666 0.52734375 0.671875 0.5338541666666666 0.6692708333333334 0.5260416666666666 0.6692708333333334 0.515625 0.67578125 0.515625
3 0.16796875 0.4791666666666667 0.171875 0.4791666666666667 0.17838541666666666 0.484375 0.17838541666666666 0.48828125 0.18098958333333334 0.4908854166666667 0.1796875 0.4947916666666667 0.16536458333333334 0.4947916666666667 0.16796875 0.48046875
3 0.7408854166666666 0.4544270833333333 0.7447916666666666 0.4609375 0.7447916666666666 0.4765625 0.7434895833333334 0.4817708333333333 0.7408854166666666 0.4830729166666667 0.7330729166666666 0.47265625 0.7356770833333334 0.4583333333333333 0.7395833333333334 0.4544270833333333
3 0.66796875 0.7625000000000001 0.6710937499999999 0.7736111106770833 0.671875 0.7736111106770833 0.6726562500000001 0.7722222226562501 0.6726562500000001 0.7638888893229167 0.67421875 0.75972222265625 0.67578125 0.7583333333333333 0.67578125 0.7541666666666668 0.67421875 0.75277777734375 0.6710937499999999 0.7458333333333332 0.66796875 0.7458333333333332 0.6671874999999999 0.74722222265625 0.6671874999999999 0.7555555559895833 0.66796875 0.7569444440104167 0.66796875 0.7625000000000001