1 0.6359374999999999 0.3944444440104167 0.6375000000000001 0.3986111106770833 0.6390625 0.39722222265625 0.6414062500000001 0.39722222265625 0.6421875 0.3944444440104167 0.6421875 0.39027777734375 0.640625 0.3888888893229167 0.6375000000000001 0.3888888893229167 0.6359374999999999 0.39166666666666666 0.6359374999999999 0.3944444440104167
0 0.9986979166666666 0.43359375 0.9986979166666666 0.4401041666666667 0.9622395833333334 0.4401041666666667 0.94140625 0.4427083333333333 0.9283854166666666 0.44140625 0.90234375 0.4453125 0.88671875 0.45703125 0.875 0.4752604166666667 0.8671875 0.4947916666666667 0.8619791666666666 0.515625 0.8606770833333334 0.5364583333333334 0.86328125 0.5755208333333334 0.8736979166666666 0.6067708333333334 0.88671875 0.6263020833333334 0.8958333333333334 0.6354166666666666 0.9075520833333334 0.6419270833333334 0.9986979166666666 0.6393229166666666 0.9986979166666666 0.6471354166666666 0.9296875 0.6497395833333334 0.90625 0.6484375 0.8932291666666666 0.640625 0.8802083333333334 0.6276041666666666 0.87890625 0.6223958333333334 0.8684895833333334 0.6080729166666666 0.859375 0.5729166666666666 0.859375 0.5572916666666666 0.8567708333333334 0.546875 0.859375 0.5143229166666666 0.8645833333333334 0.4895833333333333 0.8802083333333334 0.45703125 0.8919270833333334 0.4453125 0.90234375 0.4401041666666667 0.9036458333333334 0.4375 0.9153645833333334 0.4348958333333333 0.9973958333333334 0.43359375
0 0.14713541666666666 0.4635416666666667 0.16015625 0.46875 0.17057291666666666 0.4765625 0.18229166666666666 0.4934895833333333 0.19401041666666666 0.5234375 0.19791666666666666 0.546875 0.19791666666666666 0.59375 0.19401041666666666 0.6145833333333334 0.18619791666666666 0.63671875 0.17447916666666666 0.65625 0.16276041666666666 0.66796875 0.15234375 0.6731770833333334 0.140625 0.67578125 0.0390625 0.6796875 0.032552083333333336 0.6796875 0.032552083333333336 0.67578125 0.048177083333333336 0.6731770833333334 0.14713541666666666 0.6692708333333334 0.1484375 0.6666666666666666 0.15234375 0.6666666666666666 0.16276041666666666 0.66015625 0.17317708333333334 0.6497395833333334 0.18359375 0.6328125 0.19140625 0.6106770833333334 0.19140625 0.6028645833333334 0.1953125 0.58984375 0.1953125 0.546875 0.19140625 0.52734375 0.18359375 0.5052083333333334 0.16536458333333334 0.4791666666666667 0.15104166666666666 0.4700520833333333 0.13932291666666666 0.4674479166666667 0.11197916666666667 0.4700520833333333 0.03125 0.4713541666666667 0.032552083333333336 0.4661458333333333 0.14583333333333334 0.4635416666666667
2 0.5247395833333334 0.140625 0.52734375 0.23958333333333334 0.5260416666666666 0.3151041666666667 0.5286458333333334 0.4583333333333333 0.52734375 0.4830729166666667 0.5299479166666666 0.5286458333333334 0.5286458333333334 0.57421875 0.53125 0.6796875 0.53125 0.8489583333333334 0.5338541666666666 0.875 0.5325520833333334 0.9661458333333334 0.53125 0.9674479166666666 0.5299479166666666 0.9401041666666666 0.53125 0.9283854166666666 0.52734375 0.7526041666666666 0.5286458333333334 0.6875 0.5260416666666666 0.6380208333333334 0.52734375 0.5924479166666666 0.5247395833333334 0.5520833333333334 0.5234375 0.14192708333333334
3 0.34375 0.2591145833333333 0.3502604166666667 0.26953125 0.3502604166666667 0.27734375 0.34765625 0.2799479166666667 0.3411458333333333 0.2786458333333333 0.3424479166666667 0.2604166666666667
3 0.3372395833333333 0.5677083333333334 0.3450520833333333 0.5690104166666666 0.3463541666666667 0.5716145833333334 0.3359375 0.5846354166666666 0.3294270833333333 0.578125 0.3294270833333333 0.5729166666666666 0.3359375 0.5677083333333334
3 0.46875 0.3111979166666667 0.4739583333333333 0.32421875 0.4739583333333333 0.328125 0.46875 0.3346354166666667 0.4622395833333333 0.3294270833333333 0.4622395833333333 0.3216145833333333 0.46484375 0.3125 0.4674479166666667 0.3111979166666667
3 0.4934895833333333 0.3932291666666667 0.4986979166666667 0.4010416666666667 0.4986979166666667 0.4075520833333333 0.4947916666666667 0.41796875 0.4908854166666667 0.4205729166666667 0.48828125 0.4192708333333333 0.4856770833333333 0.4127604166666667 0.4856770833333333 0.3997395833333333 0.4921875 0.3932291666666667
3 0.4036458333333333 0.6419270833333334 0.4088541666666667 0.6419270833333334 0.4127604166666667 0.64453125 0.4140625 0.6484375 0.41015625 0.6575520833333334 0.4049479166666667 0.6588541666666666 0.40234375 0.65234375 0.4036458333333333 0.6432291666666666
3 0.6497395833333334 0.3815104166666667 0.65234375 0.390625 0.6510416666666666 0.3971354166666667 0.6458333333333334 0.4010416666666667 0.63671875 0.3984375 0.63671875 0.390625 0.6432291666666666 0.3893229166666667 0.6458333333333334 0.3828125 0.6484375 0.3815104166666667
3 0.54296875 0.5234375 0.5403645833333334 0.51171875 0.5455729166666666 0.50390625 0.5494791666666666 0.5065104166666666 0.55078125 0.51171875 0.546875 0.5234375 0.5442708333333334 0.5234375
3 0.43359375 0.7109375 0.4375 0.7109375 0.44140625 0.7174479166666666 0.4401041666666667 0.7239583333333334 0.4348958333333333 0.73046875 0.4322916666666667 0.71875 0.43359375 0.7122395833333334
3 0.56640625 0.3255208333333333 0.5703125 0.3307291666666667 0.5703125 0.3424479166666667 0.56640625 0.3463541666666667 0.5638020833333334 0.3424479166666667 0.5638020833333334 0.3333333333333333 0.56640625 0.3268229166666667
3 0.5546875 0.23177083333333334 0.55859375 0.23177083333333334 0.5611979166666666 0.23828125 0.5572916666666666 0.2526041666666667 0.5546875 0.2526041666666667 0.5520833333333334 0.24739583333333334 0.5520833333333334 0.23828125 0.5546875 0.23307291666666666
3 0.22265625 0.51171875 0.22135416666666666 0.5026041666666666 0.22395833333333334 0.49609375 0.22786458333333334 0.4934895833333333 0.23177083333333334 0.4934895833333333 0.234375 0.49609375 0.234375 0.5091145833333334 0.2265625 0.5143229166666666 0.22395833333333334 0.51171875
3 0.4973958333333333 0.8541666666666666 0.4986979166666667 0.859375 0.50390625 0.8619791666666666 0.4986979166666667 0.8776041666666666 0.4934895833333333 0.8815104166666666 0.4934895833333333 0.8606770833333334 0.4973958333333333 0.85546875