1 0.42343749999999997 0.44027777734375 0.425 0.4430555559895833 0.4265625 0.4430555559895833 0.42890625 0.44027777734375 0.42890625 0.43472222265625 0.42734374999999997 0.43333333333333335 0.425 0.43333333333333335 0.42343749999999997 0.43611111067708336 0.42343749999999997 0.44027777734375
0 0.9986979166666666 0.4153645833333333 0.9986979166666666 0.421875 0.9908854166666666 0.4231770833333333 0.921875 0.4244791666666667 0.9010416666666666 0.4270833333333333 0.8880208333333334 0.4348958333333333 0.87890625 0.4453125 0.87109375 0.45703125 0.86328125 0.4752604166666667 0.8567708333333334 0.5143229166666666 0.8580729166666666 0.5546875 0.8671875 0.5872395833333334 0.8828125 0.6119791666666666 0.8932291666666666 0.62109375 0.90625 0.625 0.9075520833333334 0.6276041666666666 0.9166666666666666 0.6276041666666666 0.91796875 0.625 0.9192708333333334 0.6276041666666666 0.9244791666666666 0.6276041666666666 0.92578125 0.625 0.9986979166666666 0.6236979166666666 0.9986979166666666 0.6302083333333334 0.9348958333333334 0.6328125 0.9049479166666666 0.6328125 0.8971354166666666 0.6302083333333334 0.8763020833333334 0.6119791666666666 0.8645833333333334 0.5924479166666666 0.8567708333333334 0.5677083333333334 0.8528645833333334 0.5338541666666666 0.85546875 0.4947916666666667 0.8606770833333334 0.47265625 0.8723958333333334 0.4466145833333333 0.87890625 0.4401041666666667 0.87890625 0.4375 0.8958333333333334 0.4231770833333333 0.9114583333333334 0.4192708333333333 0.953125 0.4192708333333333 0.9544270833333334 0.4166666666666667 0.9973958333333334 0.4153645833333333
0 0.13932291666666666 0.44921875 0.15494791666666666 0.4557291666666667 0.17057291666666666 0.47265625 0.18229166666666666 0.49609375 0.18229166666666666 0.5013020833333334 0.1875 0.5143229166666666 0.1875 0.5234375 0.19140625 0.5390625 0.19140625 0.57421875 0.18619791666666666 0.6015625 0.17838541666666666 0.6236979166666666 0.1640625 0.6471354166666666 0.15494791666666666 0.6549479166666666 0.14322916666666666 0.66015625 0.12109375 0.6627604166666666 0.04296875 0.6653645833333334 0.024739583333333332 0.6640625 0.024739583333333332 0.6614583333333334 0.08463541666666667 0.6575520833333334 0.12760416666666666 0.6575520833333334 0.13932291666666666 0.65625 0.15494791666666666 0.6484375 0.171875 0.6276041666666666 0.18098958333333334 0.6080729166666666 0.18880208333333334 0.5690104166666666 0.18880208333333334 0.5403645833333334 0.18359375 0.5104166666666666 0.18098958333333334 0.5078125 0.1796875 0.4986979166666667 0.17578125 0.4908854166666667 0.16796875 0.4765625 0.14583333333333334 0.45703125 0.13932291666666666 0.4544270833333333 0.1171875 0.4544270833333333 0.033854166666666664 0.45703125 0.03125 0.4596354166666667 0.029947916666666668 0.45703125 0.022135416666666668 0.45703125 0.022135416666666668 0.4544270833333333 0.032552083333333336 0.4518229166666667 0.13802083333333334 0.44921875
3 0.60546875 0.5559895833333334 0.6080729166666666 0.5572916666666666 0.6080729166666666 0.56640625 0.6015625 0.5729166666666666 0.59765625 0.5638020833333334 0.59765625 0.5520833333333334 0.6041666666666666 0.5559895833333334
3 0.5338541666666666 0.5208333333333334 0.5390625 0.53125 0.5377604166666666 0.5442708333333334 0.5338541666666666 0.5481770833333334 0.53125 0.5481770833333334 0.5286458333333334 0.5442708333333334 0.5286458333333334 0.5286458333333334 0.5338541666666666 0.5221354166666666
3 0.47265625 0.21614583333333334 0.4765625 0.21875 0.4778645833333333 0.22395833333333334 0.4752604166666667 0.24088541666666666 0.47265625 0.24348958333333334 0.4700520833333333 0.24088541666666666 0.46875 0.22005208333333334 0.4713541666666667 0.21744791666666666
3 0.4973958333333333 0.3997395833333333 0.4986979166666667 0.4153645833333333 0.49609375 0.421875 0.4921875 0.421875 0.4908854166666667 0.4192708333333333 0.4921875 0.4049479166666667 0.49609375 0.3997395833333333
3 0.7174479166666666 0.7174479166666666 0.7252604166666666 0.7239583333333334 0.7252604166666666 0.7330729166666666 0.71875 0.7356770833333334 0.71484375 0.734375 0.7135416666666666 0.71875 0.7161458333333334 0.7174479166666666
3 0.5052083333333334 0.7408854166666666 0.51171875 0.7486979166666666 0.51171875 0.7565104166666666 0.5078125 0.7630208333333334 0.5052083333333334 0.76171875 0.50390625 0.7408854166666666
3 0.5729166666666666 0.578125 0.5755208333333334 0.5859375 0.57421875 0.5924479166666666 0.5703125 0.5963541666666666 0.56640625 0.59375 0.5651041666666666 0.5859375 0.56640625 0.58203125 0.5716145833333334 0.578125
3 0.6354166666666666 0.24479166666666666 0.640625 0.2591145833333333 0.6354166666666666 0.2643229166666667 0.6354166666666666 0.2669270833333333 0.6302083333333334 0.2669270833333333 0.6302083333333334 0.2552083333333333 0.6341145833333334 0.24609375
3 0.41796875 0.4361979166666667 0.41796875 0.4596354166666667 0.4140625 0.4622395833333333 0.41015625 0.4609375 0.4075520833333333 0.4427083333333333 0.4114583333333333 0.4375 0.4166666666666667 0.4361979166666667
3 0.41015625 0.7213541666666666 0.40625 0.7135416666666666 0.40625 0.6979166666666666 0.4166666666666667 0.69140625 0.4192708333333333 0.6927083333333334 0.4140625 0.7057291666666666 0.4140625 0.7161458333333334 0.4114583333333333 0.7200520833333334
3 0.8229166666666666 0.5598958333333334 0.8255208333333334 0.5625 0.8255208333333334 0.5729166666666666 0.8229166666666666 0.5768229166666666 0.8125 0.57421875 0.8138020833333334 0.56640625 0.8177083333333334 0.5611979166666666 0.8216145833333334 0.5598958333333334
3 0.5481770833333334 0.82421875 0.5533854166666666 0.8450520833333334 0.5494791666666666 0.8528645833333334 0.5442708333333334 0.8515625 0.5442708333333334 0.83984375 0.546875 0.8372395833333334 0.5481770833333334 0.8255208333333334
2 0.5182291666666666 0.12369791666666667 0.5221354166666666 0.3177083333333333 0.5221354166666666 0.56640625 0.5247395833333334 0.58203125 0.5234375 0.6015625 0.52734375 0.8216145833333334 0.5260416666666666 0.8697916666666666 0.5286458333333334 0.9231770833333334 0.52734375 0.953125 0.5247395833333334 0.953125 0.5234375 0.7447916666666666 0.51953125 0.57421875 0.5208333333333334 0.5299479166666666 0.5182291666666666 0.4453125 0.51953125 0.4036458333333333 0.5169270833333334 0.125