1 0.5812499999999999 0.6569444440104167 0.58046875 0.6513888893229166 0.5773437499999999 0.6513888893229166 0.5773437499999999 0.6583333333333333 0.5812499999999999 0.6569444440104167
0 0.9986979166666666 0.4140625 0.9986979166666666 0.4205729166666667 0.9309895833333334 0.421875 0.90625 0.4231770833333333 0.8984375 0.42578125 0.8841145833333334 0.4348958333333333 0.8736979166666666 0.44921875 0.859375 0.4830729166666667 0.8580729166666666 0.5013020833333334 0.85546875 0.5065104166666666 0.85546875 0.5377604166666666 0.859375 0.5638020833333334 0.87109375 0.59375 0.8841145833333334 0.6119791666666666 0.8958333333333334 0.62109375 0.9036458333333334 0.6236979166666666 0.9986979166666666 0.62109375 0.9986979166666666 0.6276041666666666 0.94921875 0.6302083333333334 0.90234375 0.6302083333333334 0.8854166666666666 0.6197916666666666 0.8723958333333334 0.60546875 0.86328125 0.5885416666666666 0.8528645833333334 0.546875 0.8515625 0.5182291666666666 0.85546875 0.4869791666666667 0.8645833333333334 0.4557291666666667 0.87890625 0.43359375 0.8893229166666666 0.4244791666666667 0.8997395833333334 0.4192708333333333 0.9049479166666666 0.4192708333333333 0.90625 0.4166666666666667 0.9973958333333334 0.4140625
0 0.13671875 0.4466145833333333 0.15104166666666666 0.4518229166666667 0.15885416666666666 0.45703125 0.16796875 0.4674479166666667 0.17447916666666666 0.4765625 0.18619791666666666 0.5078125 0.19140625 0.5416666666666666 0.19140625 0.5651041666666666 0.19010416666666666 0.5794270833333334 0.18229166666666666 0.6119791666666666 0.17057291666666666 0.6354166666666666 0.15494791666666666 0.65234375 0.14453125 0.6575520833333334 0.12630208333333334 0.66015625 0.057291666666666664 0.6627604166666666 0.02734375 0.6627604166666666 0.024739583333333332 0.6614583333333334 0.02734375 0.6588541666666666 0.13932291666666666 0.6536458333333334 0.15104166666666666 0.6484375 0.1640625 0.6354166666666666 0.1796875 0.6080729166666666 0.18489583333333334 0.58984375 0.18880208333333334 0.55859375 0.1875 0.5299479166666666 0.1796875 0.4973958333333333 0.17057291666666666 0.4791666666666667 0.15885416666666666 0.46484375 0.14192708333333334 0.453125 0.11458333333333333 0.4518229166666667 0.024739583333333332 0.4557291666666667 0.022135416666666668 0.4518229166666667 0.04296875 0.44921875 0.13541666666666666 0.4466145833333333
2 0.5169270833333334 0.12239583333333333 0.51953125 0.1640625 0.5221354166666666 0.5559895833333334 0.5247395833333334 0.6197916666666666 0.5234375 0.6901041666666666 0.52734375 0.87109375 0.5260416666666666 0.9127604166666666 0.5286458333333334 0.9244791666666666 0.52734375 0.9505208333333334 0.5247395833333334 0.9505208333333334 0.5234375 0.9322916666666666 0.5247395833333334 0.8932291666666666 0.51953125 0.6302083333333334 0.515625 0.15234375 0.5169270833333334 0.12369791666666667
3 0.4270833333333333 0.4088541666666667 0.4296875 0.4127604166666667 0.4283854166666667 0.4322916666666667 0.4231770833333333 0.4309895833333333 0.4205729166666667 0.42578125 0.421875 0.4140625 0.42578125 0.4088541666666667
3 0.5546875 0.24348958333333334 0.5559895833333334 0.2526041666666667 0.55078125 0.26953125 0.5481770833333334 0.26953125 0.546875 0.265625 0.546875 0.25 0.5533854166666666 0.24348958333333334
3 0.59765625 0.19921875 0.60546875 0.1953125 0.60546875 0.20572916666666666 0.5989583333333334 0.21744791666666666 0.5950520833333334 0.21484375 0.59765625 0.20052083333333334
3 0.44921875 0.6315104166666666 0.4518229166666667 0.6315104166666666 0.4557291666666667 0.63671875 0.4544270833333333 0.6471354166666666 0.4518229166666667 0.6497395833333334 0.4479166666666667 0.6484375 0.4466145833333333 0.6354166666666666 0.44921875 0.6328125
3 0.578125 0.3854166666666667 0.5807291666666666 0.3880208333333333 0.5807291666666666 0.3971354166666667 0.5755208333333334 0.40625 0.5716145833333334 0.4049479166666667 0.5703125 0.39453125 0.5716145833333334 0.3893229166666667 0.5768229166666666 0.3854166666666667
3 0.77734375 0.6614583333333334 0.78125 0.6640625 0.78515625 0.671875 0.78515625 0.68359375 0.7786458333333334 0.6783854166666666 0.7747395833333334 0.6822916666666666 0.7721354166666666 0.6809895833333334 0.7760416666666666 0.6627604166666666
3 0.6484375 0.6080729166666666 0.012369791666666666 0.01953125
3 0.7604166666666666 0.4869791666666667 0.7591145833333334 0.4739583333333333 0.76171875 0.4713541666666667 0.7682291666666666 0.4713541666666667 0.7721354166666666 0.4765625 0.76953125 0.4817708333333333 0.76171875 0.4856770833333333
3 0.65625 0.5 0.66015625 0.5052083333333334 0.66015625 0.5130208333333334 0.6549479166666666 0.5169270833333334 0.6510416666666666 0.515625 0.65234375 0.5052083333333334 0.65625 0.5013020833333334
3 0.60801484375 0.8642694440104166 0.6124906250000001 0.8642694440104166 0.61497734375 0.8545513893229167 0.6161578125 0.841075 0.60801484375 0.8337888893229167 0.6047828125 0.8373236106770833 0.6070203125 0.8519013893229167 0.60801484375 0.8642694440104166
3 0.54647578125 0.7507152773437501 0.54324375 0.7586666666666666 0.55144921875 0.7546916666666666 0.55716796875 0.7569 0.5566703125 0.7445305559895834 0.5561734375 0.74364722265625 0.552940625 0.7361375 0.5492109374999999 0.7348125 0.546725 0.7449722226562501 0.54647578125 0.7507152773437501