1 0.1546875 0.92777777734375 0.15546875000000002 0.9305555559895833 0.15703124999999998 0.9319444440104167 0.15859375 0.9305555559895833 0.15937500000000002 0.92777777734375 0.15937500000000002 0.9236111106770833 0.15859375 0.92222222265625 0.15546875000000002 0.92222222265625 0.1546875 0.9236111106770833 0.1546875 0.92777777734375
3 0.14322916666666666 0.5403645833333334 0.14713541666666666 0.5598958333333334 0.14192708333333334 0.5598958333333334 0.13671875 0.5546875 0.1328125 0.5546875 0.13020833333333334 0.5520833333333334 0.13020833333333334 0.546875 0.13411458333333334 0.5416666666666666 0.14192708333333334 0.5403645833333334
3 0.3346354166666667 0.484375 0.33984375 0.48828125 0.34375 0.49609375 0.34375 0.5052083333333334 0.3346354166666667 0.51171875 0.328125 0.5013020833333334 0.328125 0.4895833333333333 0.3333333333333333 0.484375
3 0.23958333333333334 0.734375 0.24348958333333334 0.73828125 0.24609375 0.7486979166666666 0.24609375 0.7578125 0.2421875 0.765625 0.23958333333333334 0.765625 0.23307291666666666 0.7591145833333334 0.23958333333333334 0.7356770833333334
3 0.2799479166666667 0.5520833333333334 0.2890625 0.5559895833333334 0.2916666666666667 0.5546875 0.2890625 0.56640625 0.28125 0.5729166666666666 0.27734375 0.5716145833333334 0.2734375 0.5611979166666666 0.2734375 0.5533854166666666 0.2786458333333333 0.5520833333333334
3 0.13932291666666666 0.8841145833333334 0.140625 0.8984375 0.1328125 0.9036458333333334 0.12630208333333334 0.8997395833333334 0.12630208333333334 0.8932291666666666 0.13411458333333334 0.8841145833333334 0.13802083333333334 0.8841145833333334
3 0.4973958333333333 0.6015625 0.5 0.6028645833333334 0.50390625 0.6158854166666666 0.5026041666666666 0.6223958333333334 0.4973958333333333 0.6223958333333334 0.4973958333333333 0.6028645833333334
3 0.15364583333333334 0.9231770833333334 0.15625 0.9231770833333334 0.15755208333333334 0.92578125 0.15234375 0.9544270833333334 0.1484375 0.9596354166666666 0.14192708333333334 0.9557291666666666 0.14192708333333334 0.9479166666666666 0.15234375 0.9348958333333334 0.15364583333333334 0.9244791666666666
3 0.8372395833333334 0.4778645833333333 0.8411458333333334 0.4778645833333333 0.84765625 0.4830729166666667 0.84765625 0.4934895833333333 0.8411458333333334 0.4934895833333333 0.8385416666666666 0.49609375 0.8346354166666666 0.5221354166666666 0.8294270833333334 0.5234375 0.828125 0.5130208333333334 0.83203125 0.5052083333333334 0.8333333333333334 0.4908854166666667 0.8359375 0.48828125 0.8372395833333334 0.4791666666666667
3 0.609375 0.24088541666666666 0.6106770833333334 0.24869791666666666 0.6041666666666666 0.2643229166666667 0.6002604166666666 0.2630208333333333 0.6002604166666666 0.2565104166666667 0.6028645833333334 0.2421875 0.6080729166666666 0.24088541666666666
3 0.0546875 0.625 0.059895833333333336 0.625 0.061197916666666664 0.6302083333333334 0.05078125 0.640625 0.040364583333333336 0.6419270833333334 0.0390625 0.6393229166666666 0.0390625 0.6341145833333334 0.041666666666666664 0.6302083333333334 0.0546875 0.6263020833333334
3 0.8411458333333334 0.4778645833333333 0.84765625 0.4830729166666667 0.84765625 0.4947916666666667 0.8372395833333334 0.4921875 0.8372395833333334 0.4778645833333333 0.83984375 0.4778645833333333
3 0.40703125 0.7611111106770833 0.40546875 0.7541666666666668 0.3984375 0.76527777734375 0.3984375 0.7888888893229167 0.40703125 0.7611111106770833
2 0.5208333333333334 0.13411458333333334 0.5234375 0.20442708333333334 0.5234375 0.3411458333333333 0.5260416666666666 0.44921875 0.5247395833333334 0.4817708333333333 0.52734375 0.5872395833333334 0.52734375 0.7486979166666666 0.5299479166666666 0.7903645833333334 0.53125 0.8997395833333334 0.53125 0.9596354166666666 0.5286458333333334 0.9609375 0.52734375 0.95703125 0.52734375 0.8255208333333334 0.5247395833333334 0.7760416666666666 0.5234375 0.5065104166666666 0.5208333333333334 0.40234375 0.5221354166666666 0.3671875 0.51953125 0.24739583333333334 0.5208333333333334 0.13541666666666666
0 1 0.42222222265625 0.9703125 0.42222222265625 0.9015624999999999 0.42777777734375005 0.8875000000000001 0.4375 0.8734375 0.4569444440104167 0.859375 0.49722222265625 0.8562500000000001 0.5361111106770834 0.86171875 0.5750000000000001 0.8765625 0.6111111106770833 0.88828125 0.6263888893229167 0.9109375000000001 0.6388888893229167 1 0.6361111106770834 1 0.6291666666666667 0.9 0.6291666666666667 0.88671875 0.6166666666666667 0.87265625 0.5944444440104167 0.86484375 0.5708333333333333 0.8609375 0.5444444440104167 0.8640625000000001 0.4944444440104167 0.8859374999999999 0.44722222265624995 0.8976562499999999 0.43611111067708336 0.9132812499999999 0.43055555598958334 1 0.42638888932291663 1 0.42222222265625
0 0.14493336458333334 0.4584237864583333 0.02734375 0.45972222265625 0.029687500000000002 0.46388888932291666 0.06796875000000001 0.46388888932291666 0.14140624999999998 0.4611111106770833 0.14493336458333334 0.4584237864583333
0 0.19609374999999998 0.5444444440104167 0.18984375 0.5111111106770834 0.1796875 0.4861111106770833 0.165625 0.4666666666666666 0.15312499999999998 0.4583333333333333 0.147283765625 0.45839783333333334 0.1484375 0.46249999999999997 0.17265624999999998 0.48194444401041664 0.18359375 0.50277777734375 0.19218749999999998 0.5361111106770834 0.19140625 0.59027777734375 0.18437499999999998 0.6166666666666667 0.17109375000000002 0.6430555559895833 0.14375000000000002 0.6625 0.07578125000000001 0.6638888893229167 0.0546875 0.6694444440104167 0.13203125000000002 0.6680555559895834 0.15859375 0.6611111106770834 0.17578125 0.6430555559895833 0.18984375 0.6124999999999999 0.19609374999999998 0.5805555559895833 0.19609374999999998 0.5444444440104167