1 0.59609375 0.43472222265625 0.59765625 0.4375 0.6 0.4375 0.6007812499999999 0.43611111067708336 0.6007812499999999 0.43055555598958334 0.6 0.42777777734375005 0.59765625 0.4291666666666667 0.59609375 0.4319444440104167 0.59609375 0.43472222265625
0 0.8997395833333334 0.4375 0.9153645833333334 0.4348958333333333 0.9986979166666666 0.43359375 0.9986979166666666 0.4401041666666667 0.91015625 0.4427083333333333 0.89453125 0.4479166666666667 0.8828125 0.4583333333333333 0.8697916666666666 0.4791666666666667 0.859375 0.5130208333333334 0.8580729166666666 0.52734375 0.8580729166666666 0.5598958333333334 0.86328125 0.5859375 0.875 0.6145833333333334 0.89453125 0.63671875 0.90625 0.6419270833333334 0.9986979166666666 0.6393229166666666 0.9986979166666666 0.6471354166666666 0.9036458333333334 0.6484375 0.8841145833333334 0.6354166666666666 0.8763020833333334 0.6263020833333334 0.875 0.62109375 0.8645833333333334 0.60546875 0.85546875 0.56640625 0.8567708333333334 0.5091145833333334 0.8684895833333334 0.4713541666666667 0.87109375 0.4700520833333333 0.8763020833333334 0.4583333333333333 0.8841145833333334 0.44921875 0.8997395833333334 0.4388020833333333
0 0.14973958333333334 0.46484375 0.1640625 0.47265625 0.17057291666666666 0.4791666666666667 0.18229166666666666 0.4973958333333333 0.18229166666666666 0.5013020833333334 0.19010416666666666 0.5169270833333334 0.1953125 0.5442708333333334 0.19661458333333334 0.578125 0.19401041666666666 0.6028645833333334 0.18619791666666666 0.6315104166666666 0.17057291666666666 0.6575520833333334 0.16015625 0.66796875 0.15234375 0.671875 0.13541666666666666 0.67578125 0.061197916666666664 0.6783854166666666 0.03125 0.6783854166666666 0.03125 0.6731770833333334 0.11197916666666667 0.671875 0.14453125 0.6692708333333334 0.14583333333333334 0.6666666666666666 0.15885416666666666 0.6614583333333334 0.171875 0.6484375 0.18359375 0.6276041666666666 0.19140625 0.6002604166666666 0.19140625 0.5377604166666666 0.18489583333333334 0.5130208333333334 0.17578125 0.4947916666666667 0.15885416666666666 0.4752604166666667 0.14973958333333334 0.4700520833333333 0.140625 0.4674479166666667 0.12630208333333334 0.4674479166666667 0.10807291666666667 0.4700520833333333 0.028645833333333332 0.4713541666666667 0.028645833333333332 0.4674479166666667 0.09114583333333333 0.4635416666666667 0.1484375 0.46484375
2 0.5221354166666666 0.14192708333333334 0.5260416666666666 0.3111979166666667 0.5260416666666666 0.5677083333333334 0.5286458333333334 0.6341145833333334 0.52734375 0.6796875 0.5299479166666666 0.7369791666666666 0.53125 0.9674479166666666 0.5286458333333334 0.9674479166666666 0.52734375 0.9609375 0.52734375 0.765625 0.5234375 0.6471354166666666 0.5247395833333334 0.5833333333333334 0.5208333333333334 0.14322916666666666
3 0.3567708333333333 0.265625 0.3567708333333333 0.24479166666666666 0.3619791666666667 0.24869791666666666 0.3645833333333333 0.2578125 0.3645833333333333 0.26171875 0.3580729166666667 0.265625
3 0.3411458333333333 0.5716145833333334 0.3385416666666667 0.5611979166666666 0.3411458333333333 0.5546875 0.3515625 0.5559895833333334 0.3541666666666667 0.5598958333333334 0.3502604166666667 0.5625 0.3463541666666667 0.5716145833333334 0.3424479166666667 0.5716145833333334
3 0.4830729166666667 0.3033854166666667 0.48828125 0.3111979166666667 0.4869791666666667 0.32421875 0.48046875 0.3255208333333333 0.4778645833333333 0.3216145833333333 0.4778645833333333 0.3125 0.4817708333333333 0.3046875
3 0.4192708333333333 0.6399739583333334 0.013020833333333334 0.01953125
3 0.56640625 0.5143229166666666 0.5690104166666666 0.5169270833333334 0.5690104166666666 0.5286458333333334 0.56640625 0.53125 0.5598958333333334 0.5299479166666666 0.5598958333333334 0.5208333333333334 0.5651041666666666 0.5143229166666666
3 0.6080729166666666 0.4036458333333333 0.609375 0.4153645833333333 0.60546875 0.421875 0.6041666666666666 0.4401041666666667 0.59765625 0.4453125 0.5950520833333334 0.4322916666666667 0.6015625 0.4192708333333333 0.6028645833333334 0.4075520833333333 0.6067708333333334 0.4036458333333333
3 0.4544270833333333 0.7141927083333334 0.010416666666666666 0.01953125
3 0.5833333333333334 0.3502604166666667 0.58203125 0.3411458333333333 0.5859375 0.3294270833333333 0.5885416666666666 0.3307291666666667 0.58984375 0.3411458333333333 0.5872395833333334 0.3489583333333333 0.5846354166666666 0.3502604166666667
3 0.5546875 0.24088541666666666 0.5572916666666666 0.24348958333333334 0.5572916666666666 0.25390625 0.5533854166666666 0.2591145833333333 0.5494791666666666 0.2565104166666667 0.5494791666666666 0.24739583333333334 0.55078125 0.2421875 0.5533854166666666 0.24088541666666666
3 0.23697916666666666 0.51953125 0.24088541666666666 0.5247395833333334 0.23958333333333334 0.53515625 0.23697916666666666 0.5377604166666666 0.22786458333333334 0.5364583333333334 0.22526041666666666 0.5299479166666666 0.23046875 0.5182291666666666 0.23307291666666666 0.5169270833333334 0.23567708333333334 0.51953125
3 0.5026041666666666 0.3932291666666667 0.5052083333333334 0.41015625 0.50390625 0.4153645833333333 0.5 0.4192708333333333 0.49609375 0.41796875 0.49609375 0.4140625 0.4934895833333333 0.4114583333333333 0.4934895833333333 0.3984375 0.4973958333333333 0.3932291666666667 0.5013020833333334 0.3932291666666667
3 0.5143229166666666 0.8489583333333334 0.515625 0.8606770833333334 0.5143229166666666 0.8658854166666666 0.5104166666666666 0.8684895833333334 0.5052083333333334 0.8658854166666666 0.5052083333333334 0.8580729166666666 0.5091145833333334 0.8502604166666666 0.5130208333333334 0.8489583333333334