1 0.56484375 0.6791666666666667 0.56796875 0.6791666666666667 0.56796875 0.6708333333333334 0.56484375 0.6708333333333334 0.5640625 0.67222222265625 0.5640625 0.67777777734375 0.56484375 0.6791666666666667
0 0.9049479166666666 0.4166666666666667 0.9986979166666666 0.4140625 0.9986979166666666 0.4205729166666667 0.90625 0.4231770833333333 0.8958333333333334 0.4270833333333333 0.8828125 0.4375 0.8697916666666666 0.45703125 0.8619791666666666 0.4752604166666667 0.85546875 0.5091145833333334 0.85546875 0.53515625 0.86328125 0.5755208333333334 0.8697916666666666 0.5911458333333334 0.87890625 0.60546875 0.890625 0.6171875 0.9036458333333334 0.6236979166666666 0.9986979166666666 0.62109375 0.9986979166666666 0.6276041666666666 0.9869791666666666 0.62890625 0.9036458333333334 0.6302083333333334 0.8841145833333334 0.6184895833333334 0.8645833333333334 0.5911458333333334 0.8567708333333334 0.5677083333333334 0.8528645833333334 0.5390625 0.8528645833333334 0.5065104166666666 0.85546875 0.5013020833333334 0.8567708333333334 0.4830729166666667 0.8645833333333334 0.45703125 0.8763020833333334 0.4375 0.8841145833333334 0.4283854166666667 0.9049479166666666 0.41796875
0 0.14322916666666666 0.4479166666666667 0.15755208333333334 0.4557291666666667 0.171875 0.47265625 0.18229166666666666 0.4947916666666667 0.1875 0.5130208333333334 0.1875 0.5221354166666666 0.19140625 0.5377604166666666 0.19140625 0.5703125 0.18229166666666666 0.61328125 0.17057291666666666 0.6354166666666666 0.16015625 0.6458333333333334 0.16015625 0.6484375 0.14453125 0.6575520833333334 0.12760416666666666 0.66015625 0.055989583333333336 0.6627604166666666 0.02734375 0.6627604166666666 0.024739583333333332 0.6614583333333334 0.02734375 0.6588541666666666 0.13932291666666666 0.6536458333333334 0.14713541666666666 0.6510416666666666 0.16015625 0.640625 0.16796875 0.6315104166666666 0.17578125 0.6171875 0.1796875 0.609375 0.18098958333333334 0.5989583333333334 0.18359375 0.5963541666666666 0.18880208333333334 0.5651041666666666 0.1875 0.5286458333333334 0.1796875 0.4973958333333333 0.17057291666666666 0.4791666666666667 0.15625 0.4622395833333333 0.14192708333333334 0.453125 0.12239583333333333 0.4518229166666667 0.024739583333333332 0.4557291666666667 0.022135416666666668 0.4518229166666667 0.037760416666666664 0.44921875 0.11328125 0.4466145833333333 0.14192708333333334 0.4479166666666667
2 0.5182291666666666 0.12239583333333333 0.5208333333333334 0.2760416666666667 0.51953125 0.3033854166666667 0.5221354166666666 0.3450520833333333 0.5221354166666666 0.52734375 0.5247395833333334 0.6184895833333334 0.5234375 0.6549479166666666 0.5260416666666666 0.7174479166666666 0.5260416666666666 0.8880208333333334 0.5286458333333334 0.9231770833333334 0.52734375 0.9505208333333334 0.5247395833333334 0.9505208333333334 0.5234375 0.9270833333333334 0.5234375 0.7578125 0.51953125 0.6315104166666666 0.5208333333333334 0.609375 0.5182291666666666 0.46484375 0.51953125 0.4309895833333333 0.5169270833333334 0.2994791666666667 0.5169270833333334 0.12239583333333333
3 0.59765625 0.19791666666666666 0.6067708333333334 0.19791666666666666 0.60546875 0.20963541666666666 0.6015625 0.21484375 0.6015625 0.21875 0.5950520833333334 0.21744791666666666 0.59765625 0.19921875
3 0.43359375 0.4127604166666667 0.4361979166666667 0.4192708333333333 0.4361979166666667 0.4283854166666667 0.4322916666666667 0.4322916666666667 0.4270833333333333 0.4309895833333333 0.42578125 0.4283854166666667 0.4270833333333333 0.4166666666666667 0.4322916666666667 0.4127604166666667
3 0.5520833333333334 0.2421875 0.5546875 0.2513020833333333 0.5494791666666666 0.2669270833333333 0.5455729166666666 0.2669270833333333 0.54296875 0.2643229166666667 0.54296875 0.24739583333333334 0.55078125 0.2421875
3 0.6419270833333334 0.6067708333333334 0.6471354166666666 0.6067708333333334 0.6484375 0.609375 0.6484375 0.62109375 0.640625 0.6223958333333334 0.6380208333333334 0.6197916666666666 0.6419270833333334 0.6080729166666666
3 0.7760416666666666 0.6783854166666666 0.018229166666666668 0.018229166666666668
3 0.6536458333333334 0.5026041666666666 0.65625 0.5026041666666666 0.6588541666666666 0.5065104166666666 0.6588541666666666 0.5182291666666666 0.65625 0.51953125 0.65625 0.5221354166666666 0.65234375 0.5221354166666666 0.6497395833333334 0.51953125 0.6497395833333334 0.5143229166666666 0.6536458333333334 0.50390625
3 0.4518229166666667 0.6315104166666666 0.4544270833333333 0.63671875 0.4518229166666667 0.6549479166666666 0.44921875 0.65625 0.4453125 0.6536458333333334 0.4453125 0.6419270833333334 0.4505208333333333 0.6328125
3 0.6106770833333334 0.83984375 0.61328125 0.8424479166666666 0.6119791666666666 0.8502604166666666 0.60546875 0.8580729166666666 0.6028645833333334 0.8528645833333334 0.6028645833333334 0.8359375 0.609375 0.83984375
3 0.5437500000000001 0.7277777773437499 0.5437500000000001 0.7388888893229167 0.54296875 0.74027777734375 0.54296875 0.7458333333333332 0.5437500000000001 0.74722222265625 0.5437500000000001 0.7583333333333333 0.5476562500000001 0.7569444440104167 0.54921875 0.7541666666666668 0.5484375 0.7513888893229167 0.55078125 0.7430555559895833 0.5539062499999999 0.74027777734375 0.5539062499999999 0.7374999999999999 0.55078125 0.7319444440104167 0.5484375 0.7319444440104167 0.546875 0.7333333333333334 0.5437500000000001 0.7277777773437499
3 0.6078125 0.5263888893229166 0.6164062499999999 0.5319444440104167 0.62109375 0.5208333333333334 0.6203124999999999 0.5125000000000001 0.61328125 0.5069444440104166 0.609375 0.50972222265625 0.6078125 0.5263888893229166
3 0.578125 0.41111111067708334 0.5828125000000001 0.3958333333333333 0.5812499999999999 0.3888888893229167 0.5750000000000001 0.39027777734375 0.5734374999999999 0.4083333333333334 0.578125 0.41111111067708334
3 0.7726562499999999 0.4875 0.7734375 0.4805555559895833 0.7625000000000001 0.47500000000000003 0.7625000000000001 0.49027777734375005 0.7726562499999999 0.4875