1 0.8410625 0.9357736106770833 0.842375 0.93022222265625 0.844 0.9313319440104166 0.845125 0.9282222226562501 0.841640625 0.9228055559895832 0.8393125 0.9272236106770834 0.8395625 0.9319986106770833 0.8410625 0.9357736106770833
0 0 0.4231770833333333 0.08854166666666667 0.42578125 0.09895833333333333 0.4283854166666667 0.11588541666666667 0.4427083333333333 0.12630208333333334 0.4583333333333333 0.13541666666666666 0.4791666666666667 0.14192708333333334 0.51171875 0.14192708333333334 0.5533854166666666 0.13411458333333334 0.5911458333333334 0.12369791666666667 0.6119791666666666 0.10677083333333333 0.6315104166666666 0.09505208333333333 0.6380208333333334 0 0.63671875 0 0.6315104166666666 0.08854166666666667 0.6341145833333334 0.1015625 0.62890625 0.11588541666666667 0.6145833333333334 0.13151041666666666 0.5859375 0.13932291666666666 0.5520833333333334 0.13932291666666666 0.515625 0.13671875 0.5091145833333334 0.13541666666666666 0.4921875 0.12109375 0.45703125 0.11067708333333333 0.4440104166666667 0.1015625 0.4388020833333333 0.09895833333333333 0.4348958333333333 0.08723958333333333 0.4309895833333333 0.020833333333333332 0.4283854166666667 0 0.4296875 0 0.4244791666666667
0 0.9010416666666666 0.4557291666666667 0.96484375 0.4583333333333333 0.9661458333333334 0.4609375 0.96875 0.4609375 0.9700520833333334 0.4583333333333333 0.9713541666666666 0.4635416666666667 0.9283854166666666 0.46484375 0.8541666666666666 0.4622395833333333 0.8359375 0.47265625 0.8294270833333334 0.4791666666666667 0.8190104166666666 0.49609375 0.8177083333333334 0.50390625 0.8098958333333334 0.5208333333333334 0.8059895833333334 0.5520833333333334 0.8059895833333334 0.5716145833333334 0.8111979166666666 0.6067708333333334 0.8190104166666666 0.6276041666666666 0.8268229166666666 0.640625 0.84375 0.6575520833333334 0.8528645833333334 0.6614583333333334 0.9427083333333334 0.6653645833333334 0.9466145833333334 0.6692708333333334 0.9479166666666666 0.6666666666666666 0.9674479166666666 0.6666666666666666 0.9700520833333334 0.6692708333333334 0.9700520833333334 0.671875 0.9674479166666666 0.6731770833333334 0.8645833333333334 0.6692708333333334 0.8463541666666666 0.6640625 0.8359375 0.6575520833333334 0.8268229166666666 0.6484375 0.81640625 0.6315104166666666 0.8072916666666666 0.60546875 0.8033854166666666 0.5794270833333334 0.8046875 0.5338541666666666 0.8125 0.5026041666666666 0.82421875 0.4791666666666667 0.8359375 0.4661458333333333 0.8463541666666666 0.4583333333333333 0.8541666666666666 0.4557291666666667 0.8997395833333334 0.4557291666666667
2 0.4765625 0.13411458333333334 0.4791666666666667 0.140625 0.4791666666666667 0.1953125 0.4752604166666667 0.45703125 0.4752604166666667 0.6432291666666666 0.4713541666666667 0.7955729166666666 0.4713541666666667 0.9453125 0.4700520833333333 0.9596354166666666 0.4674479166666667 0.9596354166666666 0.4765625 0.13541666666666666
3 0.75 0.75 0.7552083333333334 0.7526041666666666 0.7578125 0.765625 0.7552083333333334 0.7734375 0.7526041666666666 0.7747395833333334 0.7473958333333334 0.7721354166666666 0.7421875 0.765625 0.7421875 0.7591145833333334 0.75 0.7513020833333334
3 0.6497395833333334 0.48828125 0.6549479166666666 0.4934895833333333 0.6549479166666666 0.5104166666666666 0.6536458333333334 0.515625 0.6510416666666666 0.5169270833333334 0.6432291666666666 0.5130208333333334 0.6393229166666666 0.50390625 0.640625 0.4934895833333333 0.6484375 0.48828125
3 0.58984375 0.765625 0.5924479166666666 0.765625 0.5924479166666666 0.7747395833333334 0.5963541666666666 0.78125 0.5950520833333334 0.7903645833333334 0.5911458333333334 0.7903645833333334 0.5872395833333334 0.7864583333333334 0.58984375 0.7669270833333334
3 0.15559895833333334 0.4856770833333333 0.014322916666666666 0.014973958333333334
3 0.8658854166666666 0.8411458333333334 0.8684895833333334 0.8424479166666666 0.8684895833333334 0.8502604166666666 0.8776041666666666 0.8645833333333334 0.8763020833333334 0.8763020833333334 0.8723958333333334 0.87890625 0.8658854166666666 0.87890625 0.86328125 0.8763020833333334 0.8619791666666666 0.8697916666666666 0.8645833333333334 0.8424479166666666
3 0.7122395833333334 0.5755208333333334 0.01171875 0.0234375
3 0.83984375 0.92578125 0.84375 0.9270833333333334 0.84765625 0.9388020833333334 0.8580729166666666 0.9505208333333334 0.85546875 0.9622395833333334 0.8528645833333334 0.9635416666666666 0.84765625 0.9596354166666666 0.83984375 0.9270833333333334
3 0.8684895833333334 0.52734375 0.8723958333333334 0.53125 0.8723958333333334 0.5364583333333334 0.8658854166666666 0.5455729166666666 0.85546875 0.5442708333333334 0.85546875 0.5364583333333334 0.8606770833333334 0.52734375 0.8671875 0.52734375
3 0.72265625 0.5494791666666666 0.7278645833333334 0.55078125 0.7330729166666666 0.5559895833333334 0.7330729166666666 0.5598958333333334 0.72265625 0.5677083333333334 0.7200520833333334 0.5651041666666666 0.72265625 0.55078125
3 0.4908854166666667 0.6276041666666666 0.4947916666666667 0.6328125 0.4934895833333333 0.64453125 0.4908854166666667 0.64453125 0.4869791666666667 0.6380208333333334 0.4869791666666667 0.62890625 0.4895833333333333 0.6276041666666666
3 0.9375 0.625 0.9453125 0.625 0.9466145833333334 0.6276041666666666 0.9544270833333334 0.62890625 0.9583333333333334 0.6328125 0.95703125 0.640625 0.9479166666666666 0.640625 0.9375 0.6315104166666666 0.9375 0.6263020833333334
3 0.390625 0.25416666666666665 0.39375 0.26527777734374997 0.39765625 0.2625 0.3984375 0.2611111106770833 0.3984375 0.25 0.39765625 0.24583333333333335 0.39687500000000003 0.24444444401041665 0.39375 0.24444444401041665 0.39140625 0.24861111067708333 0.390625 0.25416666666666665