1 0.47212578125 0.5318583333333333 0.47409453125 0.5352305559895834 0.47557109375 0.5357305559895833 0.47683671875 0.5333569440104167 0.47683671875 0.5297333333333333 0.47662578125000005 0.52710972265625 0.47458671874999997 0.52588472265625 0.47240703125 0.52848472265625 0.47212578125 0.5318583333333333
0 0 0.4114583333333333 0.06901041666666667 0.4127604166666667 0.09114583333333333 0.4140625 0.09895833333333333 0.4166666666666667 0.11848958333333333 0.43359375 0.12760416666666666 0.4518229166666667 0.13020833333333334 0.453125 0.13802083333333334 0.4765625 0.14192708333333334 0.5 0.14192708333333334 0.54296875 0.13802083333333334 0.56640625 0.13020833333333334 0.5885416666666666 0.11458333333333333 0.6119791666666666 0.10286458333333333 0.62109375 0.0859375 0.6276041666666666 0.048177083333333336 0.6263020833333334 0.046875 0.6236979166666666 0.044270833333333336 0.6236979166666666 0.04296875 0.6263020833333334 0.041666666666666664 0.6236979166666666 0.029947916666666668 0.6236979166666666 0.028645833333333332 0.6263020833333334 0.0078125 0.6263020833333334 0.006510416666666667 0.6236979166666666 0 0.6236979166666666 0 0.6184895833333334 0.09114583333333333 0.62109375 0.10026041666666667 0.6171875 0.11328125 0.60546875 0.12369791666666667 0.5911458333333334 0.1328125 0.5690104166666666 0.13932291666666666 0.5403645833333334 0.13932291666666666 0.5026041666666666 0.13671875 0.49609375 0.13541666666666666 0.4791666666666667 0.12760416666666666 0.45703125 0.11588541666666667 0.4375 0.10807291666666667 0.4296875 0.09114583333333333 0.4205729166666667 0 0.41796875 0 0.4127604166666667
0 0.8763020833333334 0.44140625 0.953125 0.4453125 0.9635416666666666 0.4440104166666667 0.9700520833333334 0.4453125 0.9700520833333334 0.44921875 0.8528645833333334 0.4466145833333333 0.8333333333333334 0.4583333333333333 0.8190104166666666 0.4778645833333333 0.8190104166666666 0.4817708333333333 0.8138020833333334 0.4895833333333333 0.8059895833333334 0.5247395833333334 0.8046875 0.5611979166666666 0.8072916666666666 0.58203125 0.8151041666666666 0.6080729166666666 0.8255208333333334 0.6263020833333334 0.8359375 0.63671875 0.8450520833333334 0.6432291666666666 0.8567708333333334 0.6458333333333334 0.8580729166666666 0.6484375 0.9518229166666666 0.6510416666666666 0.9661458333333334 0.65234375 0.9661458333333334 0.65625 0.8932291666666666 0.6549479166666666 0.84765625 0.6510416666666666 0.83984375 0.6471354166666666 0.828125 0.63671875 0.8125 0.6106770833333334 0.8046875 0.5859375 0.8020833333333334 0.5598958333333334 0.8033854166666666 0.5182291666666666 0.80859375 0.4934895833333333 0.8151041666666666 0.4817708333333333 0.81640625 0.4739583333333333 0.83203125 0.453125 0.8489583333333334 0.4427083333333333 0.875 0.44140625
2 0.4739583333333333 0.53125 0.4765625 0.5377604166666666 0.4739583333333333 0.55078125 0.4739583333333333 0.70703125 0.4713541666666667 0.7434895833333334 0.4700520833333333 0.9453125 0.4674479166666667 0.9453125 0.4674479166666667 0.8411458333333334 0.47265625 0.5325520833333334
3 0.6197916666666666 0.16015625 0.6236979166666666 0.16145833333333334 0.6263020833333334 0.16536458333333334 0.6263020833333334 0.17317708333333334 0.6223958333333334 0.18229166666666666 0.6197916666666666 0.18489583333333334 0.6158854166666666 0.18489583333333334 0.61328125 0.1796875 0.61328125 0.17447916666666666 0.6184895833333334 0.16145833333333334
3 0.6783854166666666 0.5625 0.010416666666666666 0.01953125
3 0.4739583333333333 0.5052083333333334 0.4778645833333333 0.5052083333333334 0.4791666666666667 0.5078125 0.48046875 0.5208333333333334 0.4791666666666667 0.53125 0.4765625 0.5338541666666666 0.47265625 0.5338541666666666 0.4739583333333333 0.5065104166666666
3 0.5885416666666666 0.8671875 0.5950520833333334 0.8671875 0.6002604166666666 0.8723958333333334 0.6002604166666666 0.8919270833333334 0.5963541666666666 0.8971354166666666 0.59375 0.8971354166666666 0.5885416666666666 0.8684895833333334
3 0.4375 0.6380208333333334 0.4427083333333333 0.6380208333333334 0.4440104166666667 0.6419270833333334 0.4440104166666667 0.6549479166666666 0.4401041666666667 0.6549479166666666 0.4361979166666667 0.6484375 0.4375 0.6393229166666666
3 0.38671875 0.8606770833333334 0.3958333333333333 0.859375 0.3958333333333333 0.8645833333333334 0.3932291666666667 0.8671875 0.3932291666666667 0.8776041666666666 0.390625 0.8815104166666666 0.38671875 0.8815104166666666 0.3828125 0.8736979166666666 0.3828125 0.8658854166666666 0.38671875 0.8619791666666666
3 0.2643229166666667 0.26171875 0.2669270833333333 0.2630208333333333 0.2721354166666667 0.2747395833333333 0.2721354166666667 0.28125 0.26953125 0.2838541666666667 0.2578125 0.2721354166666667 0.2578125 0.2630208333333333 0.2630208333333333 0.26171875
3 0.20703125 0.16927083333333334 0.19921875 0.15494791666666666 0.20052083333333334 0.14453125 0.20572916666666666 0.14583333333333334 0.21223958333333334 0.15755208333333334 0.21354166666666666 0.17317708333333334 0.2109375 0.17317708333333334 0.20833333333333334 0.16927083333333334
3 0.48046875 0.14192708333333334 0.4895833333333333 0.14322916666666666 0.4921875 0.14973958333333334 0.4908854166666667 0.17057291666666666 0.484375 0.17447916666666666 0.4778645833333333 0.16015625 0.48046875 0.14322916666666666
3 0.70703125 0.70703125 0.7161458333333334 0.7161458333333334 0.7135416666666666 0.73046875 0.7109375 0.7317708333333334 0.703125 0.7200520833333334 0.7057291666666666 0.7083333333333334
3 0.0859375 0.4700520833333333 0.08984375 0.46875 0.10026041666666667 0.4765625 0.10026041666666667 0.4895833333333333 0.09635416666666667 0.4869791666666667 0.08854166666666667 0.4869791666666667 0.08463541666666667 0.4830729166666667 0.0859375 0.4713541666666667
3 0.8190104166666666 0.5299479166666666 0.8190104166666666 0.515625 0.828125 0.5065104166666666 0.8346354166666666 0.515625 0.8333333333333334 0.52734375 0.8307291666666666 0.53125 0.8203125 0.5299479166666666