1 0.6203124999999999 0.1875 0.6234375 0.1875 0.6242187499999999 0.18611111067708333 0.6242187499999999 0.17916666666666667 0.6234375 0.17777777734375 0.62265625 0.17916666666666667 0.6203124999999999 0.17916666666666667 0.6203124999999999 0.1875
3 0.6028645833333334 0.5377604166666666 0.60546875 0.5403645833333334 0.60546875 0.55078125 0.6002604166666666 0.5559895833333334 0.59765625 0.5546875 0.59765625 0.5455729166666666 0.5989583333333334 0.5390625 0.6015625 0.5377604166666666
3 0.47265625 0.19270833333333334 0.4752604166666667 0.19270833333333334 0.4765625 0.1953125 0.4765625 0.20963541666666666 0.4752604166666667 0.21614583333333334 0.47265625 0.21614583333333334 0.4700520833333333 0.21354166666666666 0.46875 0.20442708333333334 0.4700520833333333 0.19661458333333334 0.47265625 0.19401041666666666
3 0.6263020833333334 0.16145833333333334 0.6263020833333334 0.14583333333333334 0.62890625 0.14322916666666666 0.6354166666666666 0.14322916666666666 0.63671875 0.15104166666666666 0.6328125 0.15885416666666666 0.6276041666666666 0.16145833333333334
3 0.86328125 0.5501302083333334 0.020182291666666668 0.041666666666666664
3 0.7428385416666666 0.716796875 0.013020833333333334 0.022135416666666668
3 0.5091145833333334 0.7434895833333334 0.51171875 0.7434895833333334 0.5143229166666666 0.75 0.5143229166666666 0.76171875 0.5091145833333334 0.7643229166666666 0.5091145833333334 0.7447916666666666
3 0.5625 0.3932291666666667 0.56640625 0.3932291666666667 0.5690104166666666 0.3984375 0.5690104166666666 0.4036458333333333 0.5651041666666666 0.4088541666666667 0.5625 0.4088541666666667 0.5625 0.39453125
3 0.5182291666666666 0.4752604166666667 0.5221354166666666 0.4830729166666667 0.5221354166666666 0.4973958333333333 0.51953125 0.5026041666666666 0.515625 0.50390625 0.51171875 0.4986979166666667 0.51171875 0.4830729166666667 0.5130208333333334 0.4778645833333333 0.5169270833333334 0.4765625
3 0.57421875 0.6002604166666666 0.578125 0.6002604166666666 0.5807291666666666 0.6028645833333334 0.5807291666666666 0.6158854166666666 0.5768229166666666 0.6171875 0.5729166666666666 0.61328125 0.57421875 0.6015625
3 0.3958333333333333 0.359375 0.4010416666666667 0.3619791666666667 0.4036458333333333 0.3723958333333333 0.40234375 0.3802083333333333 0.3971354166666667 0.3802083333333333 0.39453125 0.3697916666666667 0.3958333333333333 0.3606770833333333
3 0.4075520833333333 0.6783854166666666 0.41015625 0.69140625 0.40625 0.69921875 0.40234375 0.6979166666666666 0.3997395833333333 0.6901041666666666 0.3997395833333333 0.6848958333333334 0.40625 0.6783854166666666
3 0.5768229166666666 0.7506510416666666 0.01171875 0.0234375
2 0.5208333333333334 0.5104166666666666 0.5247395833333334 0.7473958333333334 0.5234375 0.7786458333333334 0.52734375 0.9322916666666666 0.5260416666666666 0.9609375 0.5247395833333334 0.9622395833333334 0.5234375 0.953125 0.5234375 0.8528645833333334 0.5208333333333334 0.7994791666666666 0.5208333333333334 0.671875 0.5182291666666666 0.58203125 0.5182291666666666 0.5247395833333334 0.5208333333333334 0.5234375 0.5208333333333334 0.51171875
0 1 0.62777777734375 0.90078125 0.6291666666666667 0.8742187499999999 0.6013888893229167 0.86328125 0.57222222265625 0.859375 0.5763888893229167 0.8734375 0.6083333333333333 0.88828125 0.6263888893229167 0.9015624999999999 0.63472222265625 1 0.6333333333333333 1 0.62777777734375
0 1 0.4180555559895833 0.978125 0.4180555559895833 0.9140625 0.42083333333333334 0.8875000000000001 0.4319444440104167 0.86953125 0.4569444440104167 0.8601562500000001 0.48194444401041664 0.85546875 0.50972222265625 0.8562500000000001 0.53472222265625 0.859375 0.5319444440104167 0.86484375 0.4805555559895833 0.8718750000000001 0.46249999999999997 0.88671875 0.44027777734375 0.91015625 0.42777777734375005 1 0.425 1 0.4180555559895833
0 0.14140624999999998 0.45555555598958336 0.01953125 0.45972222265625 0.01875 0.46388888932291666 0.14453125 0.46388888932291666 0.16171875 0.47777777734375 0.17421875 0.49861111067708336 0.18515625 0.5388888893229167 0.18671875000000002 0.5611111106770833 0.18437499999999998 0.5930555559895833 0.17421875 0.6263888893229167 0.15 0.6569444440104167 0.13125 0.6638888893229167 0.02421875 0.6708333333333334 0.12968749999999998 0.6694444440104167 0.15859375 0.6569444440104167 0.17578125 0.6319444440104166 0.18359375 0.6124999999999999 0.18984375 0.57777777734375 0.18671875000000002 0.5263888893229166 0.1796875 0.5 0.16874999999999998 0.4791666666666667 0.14140624999999998 0.45555555598958336