1 0.6171875 0.775 0.6171875 0.7708333333333334 0.615625 0.7666666666666666 0.61328125 0.7680555559895833 0.6124999999999999 0.7694444440104166 0.6124999999999999 0.7763888893229166 0.615625 0.7791666666666667 0.6171875 0.775
0 0 0.4114583333333333 0.08854166666666667 0.4140625 0.10677083333333333 0.4231770833333333 0.11848958333333333 0.4348958333333333 0.11979166666666667 0.4401041666666667 0.13020833333333334 0.4557291666666667 0.13932291666666666 0.48828125 0.14192708333333334 0.5130208333333334 0.13932291666666666 0.5559895833333334 0.13151041666666666 0.5846354166666666 0.11979166666666667 0.60546875 0.10677083333333333 0.6184895833333334 0.08854166666666667 0.6276041666666666 0.01953125 0.6263020833333334 0.018229166666666668 0.6236979166666666 0.016927083333333332 0.6263020833333334 0.014322916666666666 0.6263020833333334 0.013020833333333334 0.6236979166666666 0 0.6236979166666666 0 0.6184895833333334 0.057291666666666664 0.62109375 0.08854166666666667 0.62109375 0.09765625 0.6184895833333334 0.11328125 0.60546875 0.125 0.5872395833333334 0.13541666666666666 0.5572916666666666 0.13671875 0.5377604166666666 0.13932291666666666 0.5338541666666666 0.13932291666666666 0.5091145833333334 0.13671875 0.50390625 0.13411458333333334 0.4791666666666667 0.12369791666666667 0.4518229166666667 0.11458333333333333 0.4375 0.10677083333333333 0.4296875 0.08984375 0.4205729166666667 0 0.41796875 0 0.4127604166666667
0 0.93359375 0.4453125 0.9661458333333334 0.4466145833333333 0.9661458333333334 0.4518229166666667 0.8515625 0.44921875 0.8359375 0.45703125 0.8190104166666666 0.4778645833333333 0.8072916666666666 0.5078125 0.8072916666666666 0.5143229166666666 0.8033854166666666 0.5247395833333334 0.8033854166666666 0.5690104166666666 0.8059895833333334 0.5729166666666666 0.8111979166666666 0.6015625 0.8190104166666666 0.6197916666666666 0.8346354166666666 0.6393229166666666 0.84765625 0.6458333333333334 0.8489583333333334 0.6484375 0.8723958333333334 0.6510416666666666 0.87890625 0.6497395833333334 0.9635416666666666 0.6536458333333334 0.9635416666666666 0.6588541666666666 0.8802083333333334 0.6549479166666666 0.875 0.65625 0.8424479166666666 0.6510416666666666 0.8359375 0.6471354166666666 0.8177083333333334 0.6263020833333334 0.80859375 0.6067708333333334 0.8072916666666666 0.5963541666666666 0.8033854166666666 0.5885416666666666 0.80078125 0.5703125 0.80078125 0.52734375 0.8033854166666666 0.51171875 0.81640625 0.4739583333333333 0.828125 0.4596354166666667 0.828125 0.45703125 0.8385416666666666 0.44921875 0.8515625 0.4440104166666667 0.9322916666666666 0.4453125
2 0.4739583333333333 0.4479166666666667 0.4765625 0.4557291666666667 0.4739583333333333 0.4700520833333333 0.4739583333333333 0.62890625 0.4713541666666667 0.6419270833333334 0.47265625 0.69921875 0.4700520833333333 0.7591145833333334 0.4713541666666667 0.7942708333333334 0.46875 0.9453125 0.4661458333333333 0.9466145833333334 0.46484375 0.921875 0.4674479166666667 0.9049479166666666 0.4661458333333333 0.8645833333333334 0.46875 0.7565104166666666 0.46875 0.6106770833333334 0.4713541666666667 0.5729166666666666 0.47265625 0.44921875
3 0.6119791666666666 0.20182291666666666 0.6171875 0.20703125 0.61328125 0.2265625 0.60546875 0.2265625 0.6080729166666666 0.21744791666666666 0.6080729166666666 0.20442708333333334 0.6106770833333334 0.203125
3 0.6705729166666666 0.5611979166666666 0.6731770833333334 0.5625 0.6770833333333334 0.5729166666666666 0.6744791666666666 0.5807291666666666 0.6692708333333334 0.578125 0.66796875 0.5677083333333334 0.6705729166666666 0.5625
3 0.48046875 0.43359375 0.4830729166666667 0.4375 0.4856770833333333 0.4713541666666667 0.4830729166666667 0.4713541666666667 0.4765625 0.4596354166666667 0.4752604166666667 0.4361979166666667 0.4791666666666667 0.4348958333333333
3 0.63671875 0.7421875 0.6419270833333334 0.7473958333333334 0.6419270833333334 0.7643229166666666 0.6380208333333334 0.765625 0.6315104166666666 0.7565104166666666 0.6315104166666666 0.7486979166666666 0.63671875 0.7434895833333334
3 0.3828125 0.8606770833333334 0.3802083333333333 0.85546875 0.3802083333333333 0.8450520833333334 0.3828125 0.8385416666666666 0.3893229166666667 0.8502604166666666 0.3893229166666667 0.859375 0.3841145833333333 0.8606770833333334
3 0.2591145833333333 0.34765625 0.2630208333333333 0.3515625 0.265625 0.3645833333333333 0.2643229166666667 0.3684895833333333 0.26171875 0.3684895833333333 0.26171875 0.3658854166666667 0.2526041666666667 0.359375 0.2526041666666667 0.3502604166666667 0.2578125 0.34765625
3 0.5924479166666666 0.8776041666666666 0.6002604166666666 0.8841145833333334 0.6002604166666666 0.89453125 0.6028645833333334 0.9010416666666666 0.5989583333333334 0.9075520833333334 0.5924479166666666 0.9075520833333334 0.5924479166666666 0.87890625
3 0.4947916666666667 0.16536458333333334 0.5013020833333334 0.171875 0.5026041666666666 0.17838541666666666 0.5 0.19140625 0.4947916666666667 0.1953125 0.48828125 0.18229166666666666 0.48828125 0.17317708333333334 0.4934895833333333 0.16666666666666666
3 0.4596354166666667 0.6731770833333334 0.46484375 0.6875 0.4635416666666667 0.6966145833333334 0.4596354166666667 0.6966145833333334 0.45703125 0.6940104166666666 0.4583333333333333 0.6744791666666666
3 0.21484375 0.17578125 0.21744791666666666 0.17838541666666666 0.21875 0.1875 0.21744791666666666 0.19791666666666666 0.21484375 0.19791666666666666 0.20703125 0.18880208333333334 0.20572916666666666 0.18359375 0.20572916666666666 0.17708333333333334 0.21354166666666666 0.17578125
3 0.08333333333333333 0.4817708333333333 0.09114583333333333 0.4830729166666667 0.08854166666666667 0.4973958333333333 0.07682291666666667 0.49609375 0.07552083333333333 0.4856770833333333 0.078125 0.4817708333333333 0.08203125 0.4817708333333333
3 0.8229166666666666 0.55078125 0.8268229166666666 0.55078125 0.8307291666666666 0.5572916666666666 0.8294270833333334 0.5690104166666666 0.8229166666666666 0.5716145833333334 0.8125 0.5611979166666666 0.8229166666666666 0.5520833333333334