1 0.8390624999999999 0.9263888893229167 0.83984375 0.9319444440104167 0.84140625 0.93472222265625 0.84375 0.93472222265625 0.8445312500000001 0.9319444440104167 0.84375 0.9291666666666667 0.84375 0.9249999999999999 0.8429687499999999 0.9236111106770833 0.83984375 0.9249999999999999 0.8390624999999999 0.9263888893229167
3 0.859375 0.52734375 0.8697916666666666 0.5325520833333334 0.87109375 0.53515625 0.8697916666666666 0.54296875 0.8658854166666666 0.546875 0.85546875 0.5481770833333334 0.8541666666666666 0.5442708333333334 0.859375 0.5286458333333334
3 0.6484375 0.5130208333333334 0.6432291666666666 0.5052083333333334 0.6432291666666666 0.4947916666666667 0.6471354166666666 0.4895833333333333 0.6510416666666666 0.48828125 0.6549479166666666 0.48828125 0.6588541666666666 0.4934895833333333 0.6588541666666666 0.5091145833333334 0.6549479166666666 0.515625 0.6497395833333334 0.5130208333333334
3 0.7552083333333334 0.75 0.7552083333333334 0.75390625 0.7604166666666666 0.76171875 0.7552083333333334 0.7721354166666666 0.7513020833333334 0.765625 0.7447916666666666 0.765625 0.7421875 0.7630208333333334 0.7447916666666666 0.7552083333333334 0.7513020833333334 0.7486979166666666 0.75390625 0.75
3 0.15104166666666666 0.4791666666666667 0.16145833333333334 0.4778645833333333 0.16145833333333334 0.4921875 0.14973958333333334 0.4908854166666667 0.15104166666666666 0.48046875
3 0.39453125 0.24348958333333334 0.3971354166666667 0.24479166666666666 0.3997395833333333 0.25390625 0.4036458333333333 0.2799479166666667 0.40234375 0.2877604166666667 0.4010416666666667 0.2890625 0.3984375 0.2864583333333333 0.39453125 0.2760416666666667 0.3932291666666667 0.2604166666666667 0.390625 0.2565104166666667 0.390625 0.24739583333333334 0.3932291666666667 0.24479166666666666
3 0.86328125 0.8541666666666666 0.8658854166666666 0.8541666666666666 0.8671875 0.8619791666666666 0.8697916666666666 0.8658854166666666 0.8723958333333334 0.8658854166666666 0.8776041666666666 0.8776041666666666 0.8763020833333334 0.8841145833333334 0.87109375 0.8841145833333334 0.8619791666666666 0.8763020833333334 0.86328125 0.85546875
3 0.7096354166666666 0.5572916666666666 0.7161458333333334 0.5611979166666666 0.71875 0.56640625 0.7135416666666666 0.5794270833333334 0.7096354166666666 0.5807291666666666 0.7083333333333334 0.578125 0.7083333333333334 0.55859375
3 0.849609375 0.9440104166666666 0.01953125 0.037760416666666664
3 0.4986979166666667 0.6627604166666666 0.4921875 0.6510416666666666 0.4921875 0.6432291666666666 0.4869791666666667 0.6328125 0.48828125 0.6236979166666666 0.49609375 0.6171875 0.4973958333333333 0.6497395833333334 0.5013020833333334 0.6614583333333334 0.5 0.6627604166666666
3 0.9375 0.625 0.9466145833333334 0.625 0.9479166666666666 0.6276041666666666 0.9583333333333334 0.6315104166666666 0.9583333333333334 0.6393229166666666 0.953125 0.6419270833333334 0.9440104166666666 0.6380208333333334 0.9361979166666666 0.62890625 0.9375 0.6263020833333334
3 0.72109375 0.5499999999999999 0.7195312500000001 0.55972222265625 0.7218749999999999 0.5638888893229167 0.7312500000000001 0.5583333333333333 0.7257812499999999 0.5499999999999999 0.72109375 0.5499999999999999
3 0.59609375 0.7999999999999999 0.5953125 0.7722222226562501 0.5906250000000001 0.7680555559895833 0.58984375 0.7819444440104166 0.59609375 0.7999999999999999
0 0 0.63472222265625 0.090625 0.6388888893229167 0.1125 0.625 0.13125 0.5958333333333333 0.1421875 0.5486111106770833 0.140625 0.49722222265625 0.13046875 0.46527777734375 0.11640625 0.44166666666666665 0.0890625 0.425 0.0031249999999999997 0.42083333333333334 0 0.42083333333333334 0 0.42777777734375005 0.07781249999999999 0.43055555598958334 0.10234375 0.43611111067708336 0.11640625 0.45 0.13203125000000002 0.48194444401041664 0.13828125 0.5125000000000001 0.1390625 0.5388888893229167 0.13593750000000002 0.5666666666666667 0.123046875 0.6006944440104166 0.09999999999999999 0.6291666666666667 0.08828124999999999 0.6333333333333333 0 0.6291666666666667 0 0.63472222265625
0 0.8289062500000001 0.6430555559895833 0.8156249999999999 0.6180555559895834 0.80859375 0.5944444440104167 0.8054687500000001 0.56527777734375 0.8078124999999999 0.5333333333333333 0.81484375 0.5055555559895833 0.828125 0.4805555559895833 0.8523437500000001 0.4611111106770833 0.97265625 0.46249999999999997 0.97109375 0.4583333333333333 0.90234375 0.45555555598958336 0.84609375 0.4583333333333333 0.8312499999999999 0.4694444440104167 0.81640625 0.49305555598958334 0.803125 0.5416666666666666 0.803125 0.5805555559895833 0.80703125 0.6013888893229167 0.8140625 0.625 0.83046875 0.6513888893229166 0.84375 0.6625 0.8578125 0.6666666666666666 0.93515625 0.6694444440104167 0.9375 0.6680555559895834 0.8523437500000001 0.6611111106770834 0.8289062500000001 0.6430555559895833
2 0.4778645833333333 0.1328125 0.4791666666666667 0.19791666666666666 0.4752604166666667 0.64453125 0.4700520833333333 0.9609375 0.4674479166666667 0.9596354166666666 0.4674479166666667 0.8671875 0.4700520833333333 0.7747395833333334 0.46875 0.7552083333333334 0.4713541666666667 0.7213541666666666 0.47265625 0.4075520833333333 0.4765625 0.13411458333333334