1 0.30390625 0.5083333333333333 0.30546875 0.5111111106770834 0.30703125000000003 0.5111111106770834 0.30859375 0.5083333333333333 0.30859375 0.5041666666666667 0.3078125 0.50277777734375 0.30546875 0.50277777734375 0.30390625 0.5041666666666667 0.30390625 0.5083333333333333
0 0 0.4114583333333333 0.016927083333333332 0.41015625 0.07942708333333333 0.4127604166666667 0.09244791666666667 0.4153645833333333 0.10286458333333333 0.421875 0.11588541666666667 0.4348958333333333 0.12630208333333334 0.453125 0.13671875 0.4869791666666667 0.13932291666666666 0.5143229166666666 0.13802083333333334 0.5481770833333334 0.13020833333333334 0.5794270833333334 0.11588541666666667 0.6067708333333334 0.10286458333333333 0.6197916666666666 0.0859375 0.6276041666666666 0.022135416666666668 0.6263020833333334 0.020833333333333332 0.6236979166666666 0 0.6236979166666666 0 0.6184895833333334 0.08723958333333333 0.62109375 0.09895833333333333 0.6158854166666666 0.10807291666666667 0.6080729166666666 0.12369791666666667 0.5846354166666666 0.13541666666666666 0.5455729166666666 0.13671875 0.5299479166666666 0.13541666666666666 0.4973958333333333 0.1328125 0.4830729166666667 0.12890625 0.4765625 0.12890625 0.4700520833333333 0.11197916666666667 0.4375 0.10286458333333333 0.4283854166666667 0.08463541666666667 0.4192708333333333 0.01171875 0.41796875 0.010416666666666666 0.4153645833333333 0.00390625 0.4153645833333333 0.0026041666666666665 0.41796875 0 0.41796875 0 0.4127604166666667
0 0.8776041666666666 0.4466145833333333 0.96484375 0.4505208333333333 0.9674479166666666 0.453125 0.9661458333333334 0.4557291666666667 0.94140625 0.4557291666666667 0.8515625 0.4518229166666667 0.83984375 0.45703125 0.8307291666666666 0.46484375 0.8151041666666666 0.4869791666666667 0.8033854166666666 0.5247395833333334 0.8020833333333334 0.5677083333333334 0.8033854166666666 0.58203125 0.8098958333333334 0.6067708333333334 0.8229166666666666 0.6315104166666666 0.83984375 0.6484375 0.8450520833333334 0.6510416666666666 0.8606770833333334 0.6536458333333334 0.9622395833333334 0.6575520833333334 0.9635416666666666 0.6614583333333334 0.9010416666666666 0.6614583333333334 0.8489583333333334 0.6575520833333334 0.8346354166666666 0.6510416666666666 0.82421875 0.640625 0.81640625 0.6302083333333334 0.80859375 0.61328125 0.80078125 0.5859375 0.7994791666666666 0.5690104166666666 0.80078125 0.5234375 0.80859375 0.4921875 0.8203125 0.4700520833333333 0.8346354166666666 0.4544270833333333 0.84375 0.44921875 0.8541666666666666 0.4466145833333333 0.8763020833333334 0.4466145833333333
2 0.4739583333333333 0.12109375 0.4739583333333333 0.4609375 0.4713541666666667 0.4752604166666667 0.47265625 0.50390625 0.4700520833333333 0.7552083333333334 0.4674479166666667 0.80859375 0.4661458333333333 0.9466145833333334 0.4635416666666667 0.9479166666666666 0.4635416666666667 0.8658854166666666 0.46484375 0.7669270833333334 0.4674479166666667 0.73046875 0.4700520833333333 0.484375 0.46875 0.4453125 0.47265625 0.2890625 0.47265625 0.12239583333333333
3 0.3072916666666667 0.4791666666666667 0.3072916666666667 0.4895833333333333 0.3111979166666667 0.49609375 0.3098958333333333 0.5104166666666666 0.3072916666666667 0.5130208333333334 0.3046875 0.5104166666666666 0.3046875 0.5026041666666666 0.2981770833333333 0.4908854166666667 0.2994791666666667 0.4856770833333333 0.3072916666666667 0.48046875
3 0.2799479166666667 0.6705729166666666 0.2838541666666667 0.6692708333333334 0.2903645833333333 0.67578125 0.2903645833333333 0.6809895833333334 0.2838541666666667 0.6848958333333334 0.2799479166666667 0.6796875 0.2799479166666667 0.671875
3 0.3697916666666667 0.24739583333333334 0.375 0.24739583333333334 0.3776041666666667 0.25 0.3802083333333333 0.2604166666666667 0.3802083333333333 0.2682291666666667 0.3776041666666667 0.26953125 0.3763020833333333 0.2747395833333333 0.3736979166666667 0.2734375 0.3697916666666667 0.24869791666666666
3 0.2760416666666667 0.83984375 0.27734375 0.8515625 0.2747395833333333 0.8580729166666666 0.26953125 0.8606770833333334 0.2669270833333333 0.8567708333333334 0.2682291666666667 0.8450520833333334 0.26953125 0.8424479166666666 0.2747395833333333 0.8411458333333334
3 0.359375 0.7942708333333334 0.36328125 0.7942708333333334 0.3645833333333333 0.796875 0.3658854166666667 0.8072916666666666 0.3697916666666667 0.81640625 0.3697916666666667 0.8229166666666666 0.3671875 0.8255208333333334 0.3619791666666667 0.82421875 0.359375 0.8177083333333334 0.3606770833333333 0.8125 0.3580729166666667 0.80859375 0.3541666666666667 0.8072916666666666 0.359375 0.7955729166666666
3 0.38671875 0.5078125 0.390625 0.5130208333333334 0.390625 0.5221354166666666 0.38671875 0.5247395833333334 0.3828125 0.51953125 0.3815104166666667 0.5143229166666666 0.3854166666666667 0.5091145833333334
3 0.3411458333333333 0.5286458333333334 0.34375 0.5364583333333334 0.3411458333333333 0.546875 0.3385416666666667 0.5494791666666666 0.3294270833333333 0.5364583333333334 0.33203125 0.5325520833333334 0.33984375 0.5286458333333334
3 0.3190104166666667 0.578125 0.3255208333333333 0.5833333333333334 0.328125 0.5885416666666666 0.3255208333333333 0.5989583333333334 0.3216145833333333 0.5989583333333334 0.3125 0.5872395833333334 0.3125 0.58203125 0.3177083333333333 0.578125
3 0.23307291666666666 0.21484375 0.2421875 0.22395833333333334 0.24088541666666666 0.23567708333333334 0.23828125 0.23567708333333334 0.22916666666666666 0.22395833333333334 0.22916666666666666 0.21614583333333334 0.23177083333333334 0.21484375
3 0.7552083333333334 0.5026041666666666 0.76171875 0.5130208333333334 0.7604166666666666 0.5260416666666666 0.7565104166666666 0.52734375 0.7486979166666666 0.5130208333333334 0.74609375 0.51171875 0.74609375 0.5078125 0.7513020833333334 0.5078125 0.75390625 0.50390625
3 0.10677083333333333 0.44921875 0.109375 0.4518229166666667 0.1171875 0.453125 0.11588541666666667 0.46875 0.10416666666666667 0.4661458333333333 0.1015625 0.4635416666666667 0.10026041666666667 0.4505208333333333 0.10546875 0.44921875
3 0.3859375 0.39305555598958336 0.38359375 0.3805555559895833 0.375 0.37916666666666665 0.37265624999999997 0.3833333333333333 0.375 0.39722222265625 0.38203125 0.3986111106770833 0.3859375 0.39305555598958336