1 0.5484375 0.5888888893229166 0.54921875 0.5875 0.54921875 0.58472222265625 0.5476562500000001 0.5819444440104167 0.5460937499999999 0.5819444440104167 0.54453125 0.58472222265625 0.5453125 0.5875 0.5460937499999999 0.5888888893229166 0.5484375 0.5888888893229166
0 0 0.4140625 0.08854166666666667 0.4166666666666667 0.08984375 0.4192708333333333 0.10416666666666667 0.421875 0.11458333333333333 0.4283854166666667 0.13411458333333334 0.4557291666666667 0.14192708333333334 0.4791666666666667 0.14713541666666666 0.5143229166666666 0.14583333333333334 0.5533854166666666 0.14322916666666666 0.5559895833333334 0.14322916666666666 0.5651041666666666 0.13932291666666666 0.57421875 0.13802083333333334 0.5846354166666666 0.12630208333333334 0.6067708333333334 0.10677083333333333 0.6263020833333334 0.09244791666666667 0.6315104166666666 0 0.62890625 0 0.6223958333333334 0.08854166666666667 0.625 0.10416666666666667 0.62109375 0.11588541666666667 0.6119791666666666 0.12890625 0.59375 0.13671875 0.57421875 0.13671875 0.5690104166666666 0.13932291666666666 0.56640625 0.14322916666666666 0.5455729166666666 0.14322916666666666 0.5026041666666666 0.13932291666666666 0.4830729166666667 0.13671875 0.48046875 0.13671875 0.4752604166666667 0.12760416666666666 0.453125 0.11067708333333333 0.4322916666666667 0.09114583333333333 0.4231770833333333 0.010416666666666666 0.421875 0 0.4205729166666667 0 0.4153645833333333
0 0.8932291666666666 0.4479166666666667 0.9661458333333334 0.4505208333333333 0.9752604166666666 0.4518229166666667 0.9765625 0.4557291666666667 0.859375 0.453125 0.8411458333333334 0.46484375 0.8333333333333334 0.47265625 0.8216145833333334 0.4934895833333333 0.8151041666666666 0.51171875 0.8111979166666666 0.5325520833333334 0.8111979166666666 0.5768229166666666 0.8190104166666666 0.609375 0.8268229166666666 0.6263020833333334 0.8346354166666666 0.63671875 0.8463541666666666 0.6484375 0.8541666666666666 0.65234375 0.875 0.65625 0.9661458333333334 0.6588541666666666 0.9739583333333334 0.66015625 0.96875 0.6640625 0.875 0.6614583333333334 0.8567708333333334 0.6588541666666666 0.8372395833333334 0.6471354166666666 0.82421875 0.6302083333333334 0.8229166666666666 0.6236979166666666 0.81640625 0.61328125 0.80859375 0.5807291666666666 0.8072916666666666 0.5455729166666666 0.8125 0.5091145833333334 0.82421875 0.4778645833333333 0.83984375 0.4583333333333333 0.8515625 0.4505208333333333 0.8619791666666666 0.4479166666666667 0.8919270833333334 0.4479166666666667
2 0.48046875 0.12369791666666667 0.4830729166666667 0.12760416666666666 0.48046875 0.36328125 0.4817708333333333 0.4674479166666667 0.4791666666666667 0.4895833333333333 0.4752604166666667 0.94140625 0.4739583333333333 0.9518229166666666 0.4713541666666667 0.94921875 0.48046875 0.125
3 0.37890625 0.5807291666666666 0.37890625 0.5729166666666666 0.3828125 0.5677083333333334 0.38671875 0.5677083333333334 0.3893229166666667 0.5703125 0.3893229166666667 0.5794270833333334 0.3854166666666667 0.5846354166666666 0.3828125 0.5846354166666666 0.3802083333333333 0.5807291666666666
3 0.4427083333333333 0.52734375 0.4466145833333333 0.5325520833333334 0.44921875 0.5442708333333334 0.4466145833333333 0.55078125 0.4440104166666667 0.5520833333333334 0.4388020833333333 0.5520833333333334 0.4361979166666667 0.5494791666666666 0.4361979166666667 0.5325520833333334 0.44140625 0.52734375
3 0.5 0.2552083333333333 0.5026041666666666 0.2552083333333333 0.5078125 0.2682291666666667 0.5052083333333334 0.2799479166666667 0.4986979166666667 0.2799479166666667 0.49609375 0.2669270833333333 0.5 0.2565104166666667
3 0.4192708333333333 0.6360677083333334 0.010416666666666666 0.01953125
3 0.4557291666666667 0.44140625 0.4596354166666667 0.4440104166666667 0.4622395833333333 0.453125 0.4622395833333333 0.4596354166666667 0.4557291666666667 0.4596354166666667 0.453125 0.4544270833333333 0.453125 0.4466145833333333 0.4557291666666667 0.4427083333333333
3 0.2630208333333333 0.7239583333333334 0.2643229166666667 0.73828125 0.26171875 0.7408854166666666 0.2552083333333333 0.7408854166666666 0.2526041666666667 0.7369791666666666 0.2526041666666667 0.7278645833333334 0.26171875 0.7239583333333334
3 0.4557291666666667 0.7473958333333334 0.4557291666666667 0.7682291666666666 0.453125 0.7721354166666666 0.44921875 0.76953125 0.4479166666666667 0.7565104166666666 0.4544270833333333 0.7486979166666666
3 0.37109375 0.2421875 0.37890625 0.24479166666666666 0.3815104166666667 0.24869791666666666 0.3815104166666667 0.2591145833333333 0.3802083333333333 0.26171875 0.3776041666666667 0.26171875 0.37109375 0.2552083333333333 0.37109375 0.24348958333333334
3 0.5625 0.44921875 0.5677083333333334 0.4505208333333333 0.5703125 0.4583333333333333 0.5690104166666666 0.46875 0.5625 0.46875 0.55859375 0.4622395833333333 0.55859375 0.4557291666666667 0.5625 0.4505208333333333
3 0.5533854166666666 0.6419270833333334 0.5638020833333334 0.64453125 0.5690104166666666 0.65625 0.5677083333333334 0.6653645833333334 0.5638020833333334 0.6653645833333334 0.5533854166666666 0.6510416666666666 0.5533854166666666 0.6432291666666666
3 0.20963541666666666 0.546875 0.22135416666666666 0.5481770833333334 0.22005208333333334 0.5572916666666666 0.21223958333333334 0.5638020833333334 0.20963541666666666 0.5638020833333334 0.20572916666666666 0.5572916666666666 0.20572916666666666 0.5520833333333334 0.20963541666666666 0.5481770833333334
3 0.42578125 0.8333333333333334 0.4283854166666667 0.8333333333333334 0.4348958333333333 0.8450520833333334 0.4348958333333333 0.8567708333333334 0.4322916666666667 0.859375 0.42578125 0.8567708333333334 0.42578125 0.8346354166666666