1 0.540625 0.6555555559895833 0.540625 0.65 0.5398437500000001 0.6486111106770833 0.5382812499999999 0.6486111106770833 0.53671875 0.65 0.53671875 0.6555555559895833 0.5398437500000001 0.6569444440104167 0.540625 0.6555555559895833
0 0 0.4296875 0.09505208333333333 0.4322916666666667 0.11067708333333333 0.4375 0.12760416666666666 0.4544270833333333 0.13932291666666666 0.4765625 0.14583333333333334 0.4973958333333333 0.14973958333333334 0.52734375 0.1484375 0.5638020833333334 0.14322916666666666 0.58984375 0.13411458333333334 0.6119791666666666 0.11848958333333333 0.6328125 0.09895833333333333 0.6432291666666666 0 0.640625 0 0.6354166666666666 0.09635416666666667 0.6380208333333334 0.109375 0.6328125 0.12369791666666667 0.6184895833333334 0.13541666666666666 0.5989583333333334 0.14322916666666666 0.57421875 0.14713541666666666 0.5442708333333334 0.14453125 0.5091145833333334 0.13541666666666666 0.4765625 0.12369791666666667 0.45703125 0.11197916666666667 0.4466145833333333 0.10286458333333333 0.44140625 0.09114583333333333 0.4388020833333333 0.00390625 0.4361979166666667 0 0.4348958333333333 0 0.4309895833333333
0 0.8541666666666666 0.4583333333333333 0.9427083333333334 0.4583333333333333 0.9440104166666666 0.4609375 0.9752604166666666 0.4622395833333333 0.9739583333333334 0.46484375 0.8541666666666666 0.46484375 0.83984375 0.4739583333333333 0.8307291666666666 0.484375 0.8151041666666666 0.515625 0.8111979166666666 0.5325520833333334 0.8111979166666666 0.59375 0.8216145833333334 0.6263020833333334 0.8346354166666666 0.6471354166666666 0.84375 0.65625 0.8541666666666666 0.6614583333333334 0.8658854166666666 0.6640625 0.96484375 0.6666666666666666 0.9661458333333334 0.6692708333333334 0.9700520833333334 0.6666666666666666 0.9713541666666666 0.6692708333333334 0.9739583333333334 0.6692708333333334 0.9700520833333334 0.6731770833333334 0.9388020833333334 0.6731770833333334 0.87109375 0.6705729166666666 0.8541666666666666 0.66796875 0.8528645833333334 0.6653645833333334 0.8424479166666666 0.6614583333333334 0.8346354166666666 0.6549479166666666 0.81640625 0.6263020833333334 0.8072916666666666 0.5885416666666666 0.8072916666666666 0.5390625 0.8111979166666666 0.5182291666666666 0.8203125 0.4921875 0.8268229166666666 0.484375 0.828125 0.4791666666666667 0.8359375 0.4700520833333333 0.8541666666666666 0.4596354166666667
2 0.4778645833333333 0.4479166666666667 0.48046875 0.4622395833333333 0.4765625 0.7760416666666666 0.4778645833333333 0.7903645833333334 0.4752604166666667 0.8489583333333334 0.4752604166666667 0.9596354166666666 0.4739583333333333 0.9622395833333334 0.47265625 0.9609375 0.4713541666666667 0.9427083333333334 0.4778645833333333 0.44921875
3 0.453125 0.8190104166666666 0.45703125 0.828125 0.4544270833333333 0.8424479166666666 0.44921875 0.8411458333333334 0.4466145833333333 0.83203125 0.4479166666666667 0.8255208333333334 0.4518229166666667 0.8203125
3 0.6106770833333334 0.2604166666666667 0.6119791666666666 0.2799479166666667 0.6067708333333334 0.2838541666666667 0.5989583333333334 0.2760416666666667 0.60546875 0.2630208333333333 0.609375 0.2604166666666667
3 0.515625 0.7005208333333334 0.5182291666666666 0.70703125 0.5182291666666666 0.7278645833333334 0.515625 0.7278645833333334 0.5130208333333334 0.7239583333333334 0.5104166666666666 0.7109375 0.5104166666666666 0.70703125 0.5143229166666666 0.7018229166666666
3 0.54296875 0.6666666666666666 0.5455729166666666 0.6653645833333334 0.5494791666666666 0.65625 0.5533854166666666 0.65625 0.5559895833333334 0.6588541666666666 0.5533854166666666 0.67578125 0.55078125 0.6770833333333334 0.54296875 0.66796875
3 0.3971354166666667 0.3385416666666667 0.3997395833333333 0.33984375 0.4036458333333333 0.3515625 0.4010416666666667 0.3697916666666667 0.3971354166666667 0.3658854166666667 0.3919270833333333 0.3515625 0.3919270833333333 0.3450520833333333 0.3958333333333333 0.33984375
3 0.62109375 0.5208333333333334 0.6236979166666666 0.5208333333333334 0.625 0.5247395833333334 0.6236979166666666 0.5364583333333334 0.6197916666666666 0.5390625 0.61328125 0.5338541666666666 0.61328125 0.5299479166666666 0.62109375 0.5221354166666666
3 0.4609375 0.24739583333333334 0.46484375 0.2565104166666667 0.4635416666666667 0.2682291666666667 0.4661458333333333 0.27734375 0.4661458333333333 0.2877604166666667 0.4635416666666667 0.2903645833333333 0.4596354166666667 0.2838541666666667 0.4557291666666667 0.2643229166666667 0.4557291666666667 0.25 0.4596354166666667 0.24739583333333334
3 0.453125 0.5572916666666666 0.4557291666666667 0.55859375 0.4557291666666667 0.5651041666666666 0.4583333333333333 0.5690104166666666 0.4583333333333333 0.578125 0.453125 0.5794270833333334 0.44921875 0.5768229166666666 0.453125 0.55859375
3 0.73828125 0.5768229166666666 0.7447916666666666 0.5768229166666666 0.7486979166666666 0.5859375 0.7486979166666666 0.5924479166666666 0.73828125 0.6002604166666666 0.7356770833333334 0.5963541666666666 0.73828125 0.578125
3 0.46875 0.3307291666666667 0.4739583333333333 0.33203125 0.4765625 0.33984375 0.4765625 0.34765625 0.4739583333333333 0.3528645833333333 0.4713541666666667 0.3528645833333333 0.46484375 0.3450520833333333 0.46875 0.33203125
3 0.515625 0.4479166666666667 0.5182291666666666 0.44921875 0.5208333333333334 0.4674479166666667 0.5169270833333334 0.4700520833333333 0.5143229166666666 0.4661458333333333 0.5143229166666666 0.44921875
3 0.48593749999999997 0.425 0.484375 0.41250000000000003 0.4796875 0.4083333333333334 0.47421874999999997 0.4138888893229167 0.4734375 0.42777777734375005 0.48046875 0.43472222265625 0.48359375 0.4319444440104167 0.48593749999999997 0.425