1 0.8921875 0.6124999999999999 0.89296875 0.61527777734375 0.89609375 0.61527777734375 0.8976562499999999 0.6124999999999999 0.896875 0.60972222265625 0.89453125 0.6069444440104167 0.8921875 0.6083333333333333 0.8921875 0.6124999999999999
0 0.9049479166666666 0.4166666666666667 0.91796875 0.4127604166666667 0.9986979166666666 0.41015625 0.9986979166666666 0.4153645833333333 0.9166666666666666 0.4192708333333333 0.9036458333333334 0.4244791666666667 0.8893229166666666 0.4375 0.875 0.4635416666666667 0.8658854166666666 0.5052083333333334 0.8658854166666666 0.5364583333333334 0.87109375 0.5651041666666666 0.8763020833333334 0.5768229166666666 0.875 0.5859375 0.8645833333333334 0.5520833333333334 0.8645833333333334 0.4895833333333333 0.8723958333333334 0.4609375 0.8802083333333334 0.4440104166666667 0.8919270833333334 0.4270833333333333 0.9049479166666666 0.41796875
0 0.14713541666666666 0.4453125 0.15885416666666666 0.44921875 0.17057291666666666 0.4583333333333333 0.18229166666666666 0.4739583333333333 0.19401041666666666 0.5026041666666666 0.19921875 0.5325520833333334 0.19921875 0.5690104166666666 0.19791666666666666 0.5846354166666666 0.19140625 0.609375 0.18229166666666666 0.62890625 0.17447916666666666 0.6393229166666666 0.16796875 0.64453125 0.16796875 0.6471354166666666 0.15494791666666666 0.6549479166666666 0.12890625 0.6588541666666666 0.09635416666666667 0.6588541666666666 0.0703125 0.6614583333333334 0.03515625 0.6614583333333334 0.03515625 0.6575520833333334 0.14322916666666666 0.65234375 0.15625 0.6484375 0.171875 0.6354166666666666 0.1875 0.609375 0.1953125 0.58203125 0.1953125 0.5247395833333334 0.18880208333333334 0.4973958333333333 0.1796875 0.4778645833333333 0.16145833333333334 0.45703125 0.15234375 0.4518229166666667 0.11848958333333333 0.4505208333333333 0.03125 0.453125 0.03125 0.4505208333333333 0.044270833333333336 0.4479166666666667 0.14583333333333334 0.4453125
2 0.5260416666666666 0.12109375 0.52734375 0.24609375 0.5299479166666666 0.2916666666666667 0.53125 0.6341145833333334 0.53515625 0.7578125 0.53515625 0.9505208333333334 0.5325520833333334 0.93359375 0.53125 0.6927083333333334 0.5286458333333334 0.6419270833333334 0.5247395833333334 0.12109375
3 0.8294270833333334 0.8111979166666666 0.8385416666666666 0.8098958333333334 0.84375 0.8216145833333334 0.8411458333333334 0.828125 0.8307291666666666 0.82421875 0.828125 0.8216145833333334 0.8294270833333334 0.8125
3 0.5442708333333334 0.3059895833333333 0.5494791666666666 0.3125 0.5494791666666666 0.3255208333333333 0.5455729166666666 0.3346354166666667 0.5390625 0.3255208333333333 0.5390625 0.3177083333333333 0.54296875 0.3138020833333333 0.5442708333333334 0.3072916666666667
3 0.8841145833333334 0.5833333333333334 0.8854166666666666 0.5859375 0.8932291666666666 0.5833333333333334 0.8997395833333334 0.5924479166666666 0.8997395833333334 0.59765625 0.89453125 0.6041666666666666 0.8958333333333334 0.61328125 0.8932291666666666 0.6158854166666666 0.890625 0.61328125 0.8893229166666666 0.6041666666666666 0.8828125 0.6015625 0.87890625 0.59375 0.8763020833333334 0.5807291666666666 0.87890625 0.5794270833333334 0.8828125 0.5833333333333334
3 0.6354166666666666 0.6705729166666666 0.63671875 0.6809895833333334 0.6328125 0.6861979166666666 0.62890625 0.68359375 0.62890625 0.671875 0.6315104166666666 0.6692708333333334 0.6341145833333334 0.6705729166666666
3 0.8020833333333334 0.4114583333333333 0.8059895833333334 0.4114583333333333 0.8098958333333334 0.4192708333333333 0.80859375 0.421875 0.7955729166666666 0.43359375 0.79296875 0.43359375 0.7903645833333334 0.4296875 0.796875 0.4166666666666667 0.8020833333333334 0.4127604166666667
3 0.5611979166666666 0.66015625 0.5611979166666666 0.67578125 0.5559895833333334 0.68359375 0.55078125 0.6770833333333334 0.55078125 0.671875 0.5520833333333334 0.6666666666666666 0.5598958333333334 0.66015625
3 0.5078125 0.4908854166666667 0.5143229166666666 0.4921875 0.5130208333333334 0.5052083333333334 0.5104166666666666 0.5091145833333334 0.5052083333333334 0.5065104166666666 0.5052083333333334 0.4947916666666667 0.5078125 0.4921875
3 0.7623697916666666 0.22005208333333334 0.028645833333333332 0.020833333333333332
3 0.9557291666666666 0.5455729166666666 0.9674479166666666 0.5494791666666666 0.96875 0.5572916666666666 0.9674479166666666 0.5598958333333334 0.9557291666666666 0.55859375 0.9518229166666666 0.5611979166666666 0.9466145833333334 0.55078125 0.9505208333333334 0.5455729166666666 0.9544270833333334 0.5455729166666666
3 0.23567708333333334 0.53125 0.23828125 0.5325520833333334 0.23828125 0.53515625 0.22786458333333334 0.5442708333333334 0.22395833333333334 0.54296875 0.22005208333333334 0.5364583333333334 0.22005208333333334 0.5286458333333334 0.22395833333333334 0.5234375 0.22786458333333334 0.5234375 0.234375 0.53125
3 0.6028645833333334 0.8151041666666666 0.60546875 0.8151041666666666 0.60546875 0.8203125 0.6080729166666666 0.82421875 0.60546875 0.8385416666666666 0.6002604166666666 0.84375 0.5950520833333334 0.8359375 0.5950520833333334 0.828125 0.6028645833333334 0.81640625
3 0.59609375 0.33888888932291666 0.603125 0.3319444440104167 0.6062500000000001 0.32638888932291665 0.60546875 0.31527777734375 0.5945312500000001 0.3125 0.5929687499999999 0.3361111106770833 0.59609375 0.33888888932291666