1 0.3046875 0.27638888932291666 0.3046875 0.2833333333333333 0.3078125 0.28472222265624997 0.30859375 0.27777777734375003 0.3046875 0.27638888932291666
0 0 0.4322916666666667 0.078125 0.43359375 0.09114583333333333 0.4361979166666667 0.10286458333333333 0.4440104166666667 0.11588541666666667 0.4583333333333333 0.13020833333333334 0.48828125 0.13541666666666666 0.51171875 0.13802083333333334 0.5442708333333334 0.13541666666666666 0.5729166666666666 0.12630208333333334 0.60546875 0.11458333333333333 0.6263020833333334 0.09895833333333333 0.6419270833333334 0.09114583333333333 0.64453125 0.08723958333333333 0.6484375 0.006510416666666667 0.6471354166666666 0.005208333333333333 0.64453125 0 0.6471354166666666 0 0.6393229166666666 0.07942708333333333 0.6419270833333334 0.08854166666666667 0.640625 0.09895833333333333 0.6354166666666666 0.11588541666666667 0.6145833333333334 0.12760416666666666 0.58984375 0.1328125 0.56640625 0.13411458333333334 0.546875 0.1328125 0.5169270833333334 0.125 0.4856770833333333 0.11588541666666667 0.4674479166666667 0.09895833333333333 0.4479166666666667 0.08854166666666667 0.4427083333333333 0.07552083333333333 0.4401041666666667 0 0.4388020833333333 0 0.43359375
0 0.9635416666666666 0.4661458333333333 0.9635416666666666 0.4713541666666667 0.8515625 0.4674479166666667 0.8385416666666666 0.47265625 0.8255208333333334 0.484375 0.8111979166666666 0.5065104166666666 0.8033854166666666 0.53125 0.7994791666666666 0.55859375 0.8020833333333334 0.5963541666666666 0.8072916666666666 0.6184895833333334 0.8229166666666666 0.6497395833333334 0.83203125 0.6588541666666666 0.8450520833333334 0.6666666666666666 0.8502604166666666 0.6666666666666666 0.8515625 0.6692708333333334 0.9622395833333334 0.6731770833333334 0.9622395833333334 0.6783854166666666 0.8619791666666666 0.67578125 0.8489583333333334 0.6744791666666666 0.8359375 0.6692708333333334 0.8190104166666666 0.65234375 0.8072916666666666 0.6302083333333334 0.8072916666666666 0.625 0.80078125 0.6106770833333334 0.796875 0.578125 0.796875 0.5546875 0.7994791666666666 0.5481770833333334 0.80078125 0.5286458333333334 0.8072916666666666 0.5065104166666666 0.8229166666666666 0.4791666666666667 0.8333333333333334 0.4700520833333333 0.8463541666666666 0.4635416666666667 0.9622395833333334 0.4661458333333333
2 0.4713541666666667 0.140625 0.4739583333333333 0.14192708333333334 0.4739583333333333 0.18880208333333334 0.4713541666666667 0.2643229166666667 0.4700520833333333 0.6497395833333334 0.4674479166666667 0.6901041666666666 0.46875 0.7135416666666666 0.4661458333333333 0.8450520833333334 0.4674479166666667 0.88671875 0.4661458333333333 0.9518229166666666 0.46484375 0.9661458333333334 0.4635416666666667 0.9674479166666666 0.4622395833333333 0.9596354166666666 0.4661458333333333 0.6614583333333334 0.46484375 0.6419270833333334 0.4674479166666667 0.6002604166666666 0.4700520833333333 0.2643229166666667 0.46875 0.22265625 0.4713541666666667 0.14192708333333334
3 0.6536458333333334 0.56640625 0.6588541666666666 0.5729166666666666 0.6575520833333334 0.5846354166666666 0.65234375 0.5846354166666666 0.6484375 0.5794270833333334 0.6484375 0.5716145833333334 0.65234375 0.5677083333333334
3 0.59375 0.3098958333333333 0.5989583333333334 0.3098958333333333 0.6028645833333334 0.3216145833333333 0.5989583333333334 0.3307291666666667 0.5924479166666666 0.328125 0.59375 0.3111979166666667
3 0.5494791666666666 0.8697916666666666 0.5520833333333334 0.8723958333333334 0.5533854166666666 0.89453125 0.55078125 0.8971354166666666 0.5442708333333334 0.8971354166666666 0.5403645833333334 0.88671875 0.5481770833333334 0.87109375
3 0.4322916666666667 0.22265625 0.4361979166666667 0.22265625 0.4388020833333333 0.22526041666666666 0.4401041666666667 0.23177083333333334 0.4401041666666667 0.23958333333333334 0.4361979166666667 0.2421875 0.43359375 0.23958333333333334 0.4322916666666667 0.22395833333333334
3 0.6549479166666666 0.6393229166666666 0.6575520833333334 0.6432291666666666 0.6575520833333334 0.6536458333333334 0.6549479166666666 0.6575520833333334 0.6510416666666666 0.65625 0.6484375 0.6510416666666666 0.6484375 0.6432291666666666 0.6536458333333334 0.6393229166666666
3 0.609375 0.7005208333333334 0.61328125 0.7057291666666666 0.6119791666666666 0.7200520833333334 0.609375 0.7213541666666666 0.60546875 0.7122395833333334 0.60546875 0.7057291666666666 0.6080729166666666 0.7018229166666666
3 0.4947916666666667 0.287109375 0.0078125 0.0234375
3 0.3216145833333333 0.234375 0.3307291666666667 0.24479166666666666 0.3307291666666667 0.2578125 0.32421875 0.26171875 0.3190104166666667 0.2591145833333333 0.3203125 0.23567708333333334
3 0.57421875 0.4010416666666667 0.5768229166666666 0.4036458333333333 0.578125 0.4140625 0.5729166666666666 0.4270833333333333 0.5703125 0.4270833333333333 0.5651041666666666 0.4192708333333333 0.56640625 0.4036458333333333 0.5703125 0.3997395833333333 0.5729166666666666 0.4010416666666667
3 0.5143229166666666 0.4700520833333333 0.5169270833333334 0.4700520833333333 0.5221354166666666 0.4778645833333333 0.5182291666666666 0.4921875 0.515625 0.4934895833333333 0.51171875 0.4908854166666667 0.5104166666666666 0.4791666666666667 0.5143229166666666 0.4713541666666667
3 0.8059895833333334 0.4505208333333333 0.8098958333333334 0.4557291666666667 0.8098958333333334 0.4609375 0.8033854166666666 0.4713541666666667 0.7981770833333334 0.4713541666666667 0.7890625 0.4609375 0.7890625 0.4583333333333333 0.79296875 0.4557291666666667 0.7981770833333334 0.4557291666666667 0.8046875 0.4505208333333333
3 0.70703125 0.3072916666666667 0.7174479166666666 0.3072916666666667 0.7213541666666666 0.3111979166666667 0.7200520833333334 0.3203125 0.7174479166666666 0.3229166666666667 0.7174479166666666 0.3307291666666667 0.71484375 0.3307291666666667 0.7109375 0.32421875 0.7109375 0.3177083333333333 0.70703125 0.30859375