1 0.53125 0.5208333333333334 0.53359375 0.5208333333333334 0.5343749999999999 0.5194444440104167 0.5343749999999999 0.51527777734375 0.5328125 0.5125000000000001 0.5296875 0.51527777734375 0.5296875 0.5180555559895833 0.53125 0.5208333333333334
0 0.8763020833333334 0.4401041666666667 0.8828125 0.43359375 0.8958333333333334 0.4270833333333333 0.9986979166666666 0.4244791666666667 0.9986979166666666 0.4309895833333333 0.97265625 0.4296875 0.9010416666666666 0.4322916666666667 0.8893229166666666 0.4361979166666667 0.8736979166666666 0.4505208333333333 0.8619791666666666 0.4700520833333333 0.8541666666666666 0.4934895833333333 0.8502604166666666 0.5182291666666666 0.8515625 0.5572916666666666 0.859375 0.5872395833333334 0.87109375 0.609375 0.88671875 0.625 0.8958333333333334 0.6302083333333334 0.9075520833333334 0.6315104166666666 0.9986979166666666 0.62890625 0.9986979166666666 0.6341145833333334 0.8984375 0.63671875 0.8828125 0.6302083333333334 0.8645833333333334 0.609375 0.8567708333333334 0.59375 0.85546875 0.5833333333333334 0.8528645833333334 0.5807291666666666 0.8489583333333334 0.5651041666666666 0.84765625 0.51171875 0.8489583333333334 0.4986979166666667 0.8567708333333334 0.4713541666666667 0.8645833333333334 0.4544270833333333 0.8763020833333334 0.44140625
0 0.026041666666666668 0.4557291666666667 0.078125 0.453125 0.14453125 0.453125 0.15625 0.4583333333333333 0.171875 0.4739583333333333 0.18359375 0.49609375 0.19010416666666666 0.515625 0.19401041666666666 0.5494791666666666 0.19401041666666666 0.5729166666666666 0.1875 0.609375 0.17838541666666666 0.6315104166666666 0.16276041666666666 0.65234375 0.14713541666666666 0.6614583333333334 0.140625 0.6627604166666666 0.029947916666666668 0.6653645833333334 0.028645833333333332 0.6640625 0.03125 0.6614583333333334 0.14192708333333334 0.6575520833333334 0.15885416666666666 0.6484375 0.17578125 0.6276041666666666 0.17578125 0.6236979166666666 0.18489583333333334 0.60546875 0.19140625 0.5716145833333334 0.19140625 0.5442708333333334 0.1875 0.5182291666666666 0.18098958333333334 0.50390625 0.18098958333333334 0.4986979166666667 0.16796875 0.4765625 0.15494791666666666 0.46484375 0.14322916666666666 0.4596354166666667 0.13802083333333334 0.4596354166666667 0.13671875 0.45703125 0.13020833333333334 0.45703125 0.12890625 0.4596354166666667 0.0859375 0.4609375 0.026041666666666668 0.4609375 0.026041666666666668 0.45703125
0 0.5299479166666666 0.45703125 0.5494791666666666 0.4713541666666667 0.5611979166666666 0.4908854166666667 0.5690104166666666 0.5169270833333334 0.5703125 0.5611979166666666 0.56640625 0.5859375 0.5572916666666666 0.6080729166666666 0.5416666666666666 0.6263020833333334 0.52734375 0.6341145833333334 0.5221354166666666 0.6315104166666666 0.5078125 0.6315104166666666 0.5013020833333334 0.6276041666666666 0.4973958333333333 0.6197916666666666 0.4895833333333333 0.6158854166666666 0.4778645833333333 0.5924479166666666 0.4739583333333333 0.5794270833333334 0.4713541666666667 0.55859375 0.4713541666666667 0.5325520833333334 0.47265625 0.5182291666666666 0.4817708333333333 0.48828125 0.4934895833333333 0.4700520833333333 0.51171875 0.4583333333333333 0.5130208333333334 0.4622395833333333 0.4947916666666667 0.4752604166666667 0.48046875 0.5 0.48046875 0.5078125 0.4765625 0.5143229166666666 0.4739583333333333 0.53515625 0.4765625 0.5755208333333334 0.48828125 0.6067708333333334 0.4986979166666667 0.6184895833333334 0.51171875 0.6276041666666666 0.5182291666666666 0.6276041666666666 0.5208333333333334 0.6302083333333334 0.5286458333333334 0.6276041666666666 0.5455729166666666 0.6158854166666666 0.5520833333333334 0.6080729166666666 0.5559895833333334 0.5989583333333334 0.55859375 0.59765625 0.56640625 0.5703125 0.56640625 0.5182291666666666 0.5625 0.50390625 0.5598958333333334 0.5013020833333334 0.5598958333333334 0.49609375 0.5546875 0.4869791666666667 0.5416666666666666 0.4700520833333333 0.5247395833333334 0.4609375 0.5286458333333334 0.45703125
0 0.5390625 0.8684895833333334 0.5494791666666666 0.875 0.5494791666666666 0.8776041666666666 0.55859375 0.88671875 0.5638020833333334 0.8958333333333334 0.57421875 0.92578125 0.57421875 0.9518229166666666 0.5716145833333334 0.9479166666666666 0.5716145833333334 0.9348958333333334 0.5677083333333334 0.9283854166666666 0.56640625 0.9114583333333334 0.55859375 0.89453125 0.5377604166666666 0.8736979166666666 0.5234375 0.8697916666666666 0.5130208333333334 0.8736979166666666 0.4921875 0.89453125 0.4830729166666667 0.9166666666666666 0.4791666666666667 0.94921875 0.4765625 0.9544270833333334 0.4778645833333333 0.9231770833333334 0.48046875 0.9205729166666666 0.48046875 0.9140625 0.48828125 0.8932291666666666 0.4934895833333333 0.8854166666666666 0.5052083333333334 0.8723958333333334 0.5182291666666666 0.8658854166666666 0.5325520833333334 0.8658854166666666 0.5377604166666666 0.8684895833333334
2 0.5208333333333334 0.4765625 0.52734375 0.921875 0.5260416666666666 0.953125 0.5234375 0.9518229166666666 0.5208333333333334 0.79296875 0.5221354166666666 0.7591145833333334 0.5182291666666666 0.5078125 0.5182291666666666 0.4895833333333333 0.5208333333333334 0.4778645833333333
3 0.4856770833333333 0.7135416666666666 0.48828125 0.71484375 0.4908854166666667 0.7213541666666666 0.4895833333333333 0.7330729166666666 0.4869791666666667 0.7356770833333334 0.4856770833333333 0.734375 0.4830729166666667 0.7278645833333334 0.4856770833333333 0.71484375
3 0.4635416666666667 0.275390625 0.010416666666666666 0.0234375
3 0.4973958333333333 0.640625 0.4934895833333333 0.63671875 0.4921875 0.6315104166666666 0.4934895833333333 0.6223958333333334 0.4986979166666667 0.62109375 0.5 0.6236979166666666 0.4986979166666667 0.6393229166666666
3 0.4375 0.5546875 0.4401041666666667 0.5572916666666666 0.4401041666666667 0.5690104166666666 0.4375 0.5729166666666666 0.4348958333333333 0.5729166666666666 0.43359375 0.5703125 0.43359375 0.5559895833333334 0.4361979166666667 0.5546875
3 0.5768229166666666 0.5833333333333334 0.5807291666666666 0.5872395833333334 0.5807291666666666 0.5963541666666666 0.5755208333333334 0.6015625 0.5729166666666666 0.5989583333333334 0.5729166666666666 0.5924479166666666 0.5768229166666666 0.5846354166666666
3 0.6328125 0.3229166666666667 0.6380208333333334 0.328125 0.63671875 0.3359375 0.6328125 0.33984375 0.62890625 0.33984375 0.6276041666666666 0.3372395833333333 0.6263020833333334 0.3307291666666667 0.6315104166666666 0.32421875
3 0.5559895833333334 0.4075520833333333 0.5625 0.40625 0.5651041666666666 0.4088541666666667 0.5598958333333334 0.421875 0.5559895833333334 0.4192708333333333 0.5559895833333334 0.4088541666666667
3 0.5911458333333334 0.7708333333333334 0.6002604166666666 0.76953125 0.6015625 0.7734375 0.6002604166666666 0.7825520833333334 0.59375 0.7903645833333334 0.58984375 0.7799479166666666 0.5911458333333334 0.7721354166666666
3 0.5390625 0.23828125 0.546875 0.24088541666666666 0.5416666666666666 0.26171875 0.5364583333333334 0.2604166666666667 0.53515625 0.2578125 0.5377604166666666 0.23958333333333334
3 0.3372395833333333 0.5677083333333334 0.33984375 0.5755208333333334 0.3424479166666667 0.5768229166666666 0.3424479166666667 0.5950520833333334 0.33984375 0.5989583333333334 0.3359375 0.59765625 0.3333333333333333 0.5794270833333334 0.3372395833333333 0.5690104166666666
3 0.4765625 0.4622395833333333 0.4791666666666667 0.46484375 0.4778645833333333 0.4817708333333333 0.4739583333333333 0.4817708333333333 0.47265625 0.4739583333333333 0.4752604166666667 0.4635416666666667
3 0.515625 0.45972222265625 0.5265624999999999 0.45972222265625 0.5281250000000001 0.44444444401041666 0.5242187500000001 0.43888888932291664 0.5187499999999999 0.44027777734375 0.515625 0.45972222265625