1 0.315625 0.4861111106770833 0.31640625 0.48472222265625 0.31640625 0.4791666666666667 0.31328125 0.47777777734375 0.3125 0.4791666666666667 0.3125 0.48333333333333334 0.31328125 0.4861111106770833 0.315625 0.4861111106770833
0 0 0.4140625 0.09244791666666667 0.4166666666666667 0.09375 0.4192708333333333 0.09895833333333333 0.4192708333333333 0.11458333333333333 0.4283854166666667 0.13020833333333334 0.44921875 0.13802083333333334 0.4674479166666667 0.14322916666666666 0.4869791666666667 0.14713541666666666 0.5169270833333334 0.14583333333333334 0.5481770833333334 0.14322916666666666 0.5533854166666666 0.14192708333333334 0.5690104166666666 0.13541666666666666 0.5885416666666666 0.12630208333333334 0.60546875 0.11197916666666667 0.62109375 0.09505208333333333 0.6302083333333334 0 0.6276041666666666 0 0.62109375 0.06510416666666667 0.6236979166666666 0.09375 0.6236979166666666 0.10286458333333333 0.62109375 0.11979166666666667 0.6067708333333334 0.12890625 0.5924479166666666 0.13932291666666666 0.5638020833333334 0.14322916666666666 0.5403645833333334 0.14322916666666666 0.5052083333333334 0.13932291666666666 0.4830729166666667 0.13671875 0.48046875 0.13671875 0.4739583333333333 0.12890625 0.4596354166666667 0.12760416666666666 0.453125 0.11458333333333333 0.4348958333333333 0.10286458333333333 0.4270833333333333 0.09244791666666667 0.4231770833333333 0 0.4205729166666667 0 0.4153645833333333
0 0.9205729166666666 0.4479166666666667 0.9739583333333334 0.4505208333333333 0.9739583333333334 0.4557291666666667 0.8580729166666666 0.4518229166666667 0.84765625 0.45703125 0.8333333333333334 0.4700520833333333 0.8190104166666666 0.4947916666666667 0.8177083333333334 0.50390625 0.8138020833333334 0.5104166666666666 0.8098958333333334 0.5325520833333334 0.8111979166666666 0.5807291666666666 0.8190104166666666 0.609375 0.8255208333333334 0.6197916666666666 0.8268229166666666 0.6263020833333334 0.84765625 0.6484375 0.8619791666666666 0.6536458333333334 0.96875 0.6575520833333334 0.9713541666666666 0.6588541666666666 0.9713541666666666 0.6614583333333334 0.9635416666666666 0.6627604166666666 0.8776041666666666 0.66015625 0.8515625 0.65625 0.8385416666666666 0.6484375 0.8385416666666666 0.6458333333333334 0.82421875 0.6302083333333334 0.81640625 0.61328125 0.80859375 0.5859375 0.80859375 0.51953125 0.8190104166666666 0.4856770833333333 0.8307291666666666 0.4661458333333333 0.83984375 0.4557291666666667 0.8502604166666666 0.44921875 0.859375 0.4466145833333333 0.9192708333333334 0.4479166666666667
2 0.4778645833333333 0.2760416666666667 0.4778645833333333 0.2838541666666667 0.4817708333333333 0.2955729166666667 0.4778645833333333 0.5572916666666666 0.4791666666666667 0.6302083333333334 0.4752604166666667 0.7434895833333334 0.4739583333333333 0.9505208333333334 0.4713541666666667 0.94921875 0.4700520833333333 0.92578125 0.47265625 0.8645833333333334 0.47265625 0.7174479166666666 0.4752604166666667 0.66796875 0.4739583333333333 0.6171875 0.4778645833333333 0.27734375
3 0.5846354166666666 0.4778645833333333 0.5872395833333334 0.4856770833333333 0.58203125 0.4921875 0.5768229166666666 0.4908854166666667 0.5768229166666666 0.4778645833333333 0.5833333333333334 0.4778645833333333
3 0.4778645833333333 0.25 0.4830729166666667 0.2604166666666667 0.4817708333333333 0.26953125 0.4778645833333333 0.2721354166666667 0.4752604166666667 0.2682291666666667 0.4752604166666667 0.25390625 0.4778645833333333 0.2513020833333333
3 0.51171875 0.609375 0.50390625 0.5911458333333334 0.515625 0.5911458333333334 0.5182291666666666 0.6028645833333334 0.5169270833333334 0.6067708333333334 0.5130208333333334 0.6080729166666666
3 0.4537760416666667 0.3782552083333333 0.011067708333333334 0.020833333333333332
3 0.36328125 0.4505208333333333 0.359375 0.4440104166666667 0.359375 0.4375 0.3658854166666667 0.4296875 0.3697916666666667 0.4322916666666667 0.3697916666666667 0.4401041666666667 0.3684895833333333 0.4505208333333333 0.3645833333333333 0.4505208333333333
3 0.21744791666666666 0.63671875 0.22786458333333334 0.6354166666666666 0.2265625 0.65625 0.21875 0.6536458333333334 0.21484375 0.6484375 0.21484375 0.640625 0.21744791666666666 0.6380208333333334
3 0.35546875 0.5572916666666666 0.3580729166666667 0.5677083333333334 0.3567708333333333 0.57421875 0.34765625 0.5729166666666666 0.3463541666666667 0.5677083333333334 0.34765625 0.5611979166666666 0.3541666666666667 0.5572916666666666
3 0.265625 0.3997395833333333 0.2682291666666667 0.4010416666666667 0.2669270833333333 0.41796875 0.265625 0.4192708333333333 0.2565104166666667 0.4088541666666667 0.2591145833333333 0.4036458333333333 0.2630208333333333 0.4036458333333333 0.265625 0.4010416666666667
3 0.412109375 0.208984375 0.010416666666666666 0.0234375
3 0.3815104166666667 0.8463541666666666 0.3828125 0.8411458333333334 0.3919270833333333 0.83203125 0.3919270833333333 0.8515625 0.38671875 0.8567708333333334 0.3828125 0.8515625 0.3828125 0.84765625
3 0.40859375000000003 0.50277777734375 0.40390624999999997 0.49305555598958334 0.39453125 0.5 0.39687500000000003 0.51527777734375 0.40390624999999997 0.5208333333333334 0.40781249999999997 0.5180555559895833 0.40859375000000003 0.50277777734375
3 0.43146640625 0.7437444440104167 0.43254765624999997 0.7512416666666667 0.44362968750000004 0.7382749999999999 0.4366015625 0.72675 0.43146640625 0.7437444440104167