1 0.703125 0.28611111067708334 0.7039062500000001 0.28750000000000003 0.70703125 0.28750000000000003 0.7078125000000001 0.28611111067708334 0.7078125000000001 0.2819444440104167 0.70703125 0.2805555559895833 0.7039062500000001 0.2791666666666667 0.703125 0.2805555559895833 0.703125 0.28611111067708334
0 0.9986979166666666 0.4309895833333333 0.9986979166666666 0.4388020833333333 0.91796875 0.4401041666666667 0.9036458333333334 0.4440104166666667 0.88671875 0.4583333333333333 0.875 0.4778645833333333 0.8671875 0.5 0.86328125 0.52734375 0.86328125 0.55859375 0.87109375 0.5924479166666666 0.8828125 0.6158854166666666 0.8997395833333334 0.6354166666666666 0.9127604166666666 0.640625 0.9986979166666666 0.6380208333333334 0.9986979166666666 0.64453125 0.9622395833333334 0.64453125 0.9609375 0.6471354166666666 0.91015625 0.6471354166666666 0.9088541666666666 0.64453125 0.8958333333333334 0.6393229166666666 0.8828125 0.6263020833333334 0.8684895833333334 0.59765625 0.8619791666666666 0.5716145833333334 0.8619791666666666 0.5104166666666666 0.8684895833333334 0.4830729166666667 0.8802083333333334 0.4583333333333333 0.8919270833333334 0.4453125 0.90234375 0.4375 0.9153645833333334 0.43359375 0.9973958333333334 0.4309895833333333
0 0.15364583333333334 0.4635416666666667 0.1640625 0.46875 0.17447916666666666 0.4778645833333333 0.1875 0.4986979166666667 0.1953125 0.5208333333333334 0.19921875 0.5455729166666666 0.20052083333333334 0.5729166666666666 0.19791666666666666 0.60546875 0.19010416666666666 0.6302083333333334 0.17838541666666666 0.65234375 0.16145833333333334 0.66796875 0.15364583333333334 0.671875 0.140625 0.6744791666666666 0.07682291666666667 0.6770833333333334 0.03515625 0.6770833333333334 0.03515625 0.6731770833333334 0.13541666666666666 0.6692708333333334 0.13671875 0.6666666666666666 0.14973958333333334 0.6666666666666666 0.16276041666666666 0.66015625 0.17578125 0.6471354166666666 0.1875 0.6263020833333334 0.19270833333333334 0.6028645833333334 0.1953125 0.5989583333333334 0.1953125 0.5364583333333334 0.1875 0.5078125 0.1796875 0.4934895833333333 0.16796875 0.4778645833333333 0.15364583333333334 0.46875 0.11067708333333333 0.4674479166666667 0.036458333333333336 0.4700520833333333 0.032552083333333336 0.46875 0.032552083333333336 0.4661458333333333 0.11067708333333333 0.4622395833333333 0.15234375 0.4635416666666667
2 0.5286458333333334 0.3229166666666667 0.53515625 0.96484375 0.5325520833333334 0.9635416666666666 0.53125 0.94140625 0.53125 0.7734375 0.5286458333333334 0.71484375 0.5286458333333334 0.5690104166666666 0.5260416666666666 0.4700520833333333 0.52734375 0.3450520833333333 0.5247395833333334 0.32421875 0.52734375 0.3229166666666667
3 0.30078125 0.28515625 0.3033854166666667 0.28515625 0.3111979166666667 0.2942708333333333 0.3072916666666667 0.3046875 0.3020833333333333 0.3046875 0.2994791666666667 0.2942708333333333 0.30078125 0.2864583333333333
3 0.3463541666666667 0.56640625 0.3502604166666667 0.5716145833333334 0.3502604166666667 0.5755208333333334 0.34375 0.5846354166666666 0.3372395833333333 0.578125 0.3372395833333333 0.5729166666666666 0.3411458333333333 0.5677083333333334 0.3450520833333333 0.56640625
3 0.4244791666666667 0.3033854166666667 0.43359375 0.3111979166666667 0.4322916666666667 0.3190104166666667 0.4283854166666667 0.3229166666666667 0.4231770833333333 0.3216145833333333 0.4231770833333333 0.3046875
3 0.5631510416666666 0.22916666666666666 0.009114583333333334 0.022135416666666668
3 0.52734375 0.2942708333333333 0.5299479166666666 0.296875 0.53125 0.3098958333333333 0.53125 0.3177083333333333 0.52734375 0.3216145833333333 0.5247395833333334 0.3216145833333333 0.5221354166666666 0.3177083333333333 0.5208333333333334 0.3072916666666667 0.5208333333333334 0.2994791666666667 0.5260416666666666 0.2942708333333333
3 0.37109375 0.6354166666666666 0.3802083333333333 0.6432291666666666 0.3736979166666667 0.6536458333333334 0.3684895833333333 0.6549479166666666 0.3658854166666667 0.6484375 0.3658854166666667 0.640625 0.3697916666666667 0.63671875
3 0.6953125 0.28125 0.6927083333333334 0.27734375 0.6927083333333334 0.2630208333333333 0.6953125 0.2604166666666667 0.703125 0.26171875 0.7018229166666666 0.2747395833333333 0.69921875 0.2799479166666667 0.6966145833333334 0.2799479166666667
3 0.4075520833333333 0.7180989583333334 0.012369791666666666 0.024739583333333332
3 0.453125 0.3932291666666667 0.45703125 0.3958333333333333 0.4609375 0.40625 0.4544270833333333 0.421875 0.4505208333333333 0.421875 0.4466145833333333 0.4127604166666667 0.4466145833333333 0.3984375 0.4518229166666667 0.3932291666666667
3 0.5 0.4713541666666667 0.50390625 0.4713541666666667 0.5078125 0.4791666666666667 0.5065104166666666 0.4895833333333333 0.50390625 0.4921875 0.5 0.4908854166666667 0.4947916666666667 0.4817708333333333 0.4947916666666667 0.4778645833333333 0.5 0.47265625
3 0.4609375 0.8697916666666666 0.4635416666666667 0.8697916666666666 0.46484375 0.8723958333333334 0.47265625 0.8723958333333334 0.4674479166666667 0.8880208333333334 0.4622395833333333 0.89453125 0.4596354166666667 0.8815104166666666 0.4609375 0.87109375
3 0.20963541666666666 0.4440104166666667 0.21354166666666666 0.4466145833333333 0.21875 0.45703125 0.21875 0.4635416666666667 0.21354166666666666 0.46484375 0.20703125 0.46484375 0.20442708333333334 0.4622395833333333 0.203125 0.4505208333333333 0.20442708333333334 0.4466145833333333 0.20833333333333334 0.4440104166666667