1 0.6945312499999999 0.7611111106770833 0.6960937500000001 0.7638888893229167 0.696875 0.7638888893229167 0.7000000000000001 0.75972222265625 0.7000000000000001 0.75277777734375 0.696875 0.75277777734375 0.6953125 0.7541666666666668 0.6945312499999999 0.7569444440104167 0.6945312499999999 0.7611111106770833
0 0.9986979166666666 0.4114583333333333 0.9986979166666666 0.41796875 0.921875 0.4192708333333333 0.9075520833333334 0.421875 0.8984375 0.4270833333333333 0.88671875 0.4375 0.8854166666666666 0.4427083333333333 0.875 0.4583333333333333 0.8684895833333334 0.4765625 0.8645833333333334 0.49609375 0.86328125 0.5390625 0.8671875 0.5598958333333334 0.8763020833333334 0.5859375 0.8893229166666666 0.6067708333333334 0.9010416666666666 0.6171875 0.9140625 0.6223958333333334 0.9986979166666666 0.6197916666666666 0.9986979166666666 0.6263020833333334 0.9635416666666666 0.6276041666666666 0.91015625 0.6276041666666666 0.90625 0.6236979166666666 0.8958333333333334 0.6197916666666666 0.8828125 0.6067708333333334 0.875 0.58984375 0.87109375 0.5859375 0.8645833333333334 0.56640625 0.8606770833333334 0.5325520833333334 0.8619791666666666 0.4921875 0.8684895833333334 0.46484375 0.8763020833333334 0.4466145833333333 0.8919270833333334 0.42578125 0.9049479166666666 0.4166666666666667 0.9114583333333334 0.4140625 0.9309895833333334 0.4127604166666667 0.9973958333333334 0.4114583333333333
0 0.14713541666666666 0.4453125 0.15755208333333334 0.44921875 0.16666666666666666 0.4557291666666667 0.18229166666666666 0.4765625 0.19401041666666666 0.5091145833333334 0.1953125 0.5260416666666666 0.19791666666666666 0.5325520833333334 0.19661458333333334 0.54296875 0.19401041666666666 0.5377604166666666 0.19140625 0.51171875 0.18359375 0.48828125 0.17317708333333334 0.4700520833333333 0.15494791666666666 0.453125 0.13932291666666666 0.44921875 0.05859375 0.453125 0.03125 0.453125 0.028645833333333332 0.4505208333333333 0.03125 0.4479166666666667 0.05859375 0.4466145833333333 0.14583333333333334 0.4453125
2 0.5247395833333334 0.12109375 0.5286458333333334 0.3229166666666667 0.52734375 0.4401041666666667 0.53125 0.6158854166666666 0.53125 0.8020833333333334 0.5338541666666666 0.8372395833333334 0.5338541666666666 0.8776041666666666 0.53125 0.8776041666666666 0.5299479166666666 0.859375 0.52734375 0.68359375 0.5286458333333334 0.6653645833333334 0.5260416666666666 0.6197916666666666 0.52734375 0.5091145833333334 0.5247395833333334 0.4635416666666667 0.5234375 0.2747395833333333 0.5247395833333334 0.12239583333333333
3 0.4765625 0.3489583333333333 0.4739583333333333 0.3450520833333333 0.4739583333333333 0.33203125 0.4778645833333333 0.3268229166666667 0.48046875 0.328125 0.4817708333333333 0.3359375 0.48046875 0.34765625 0.4778645833333333 0.3489583333333333
3 0.5013020833333334 0.6940104166666666 0.4973958333333333 0.6848958333333334 0.4973958333333333 0.6796875 0.5013020833333334 0.67578125 0.5052083333333334 0.67578125 0.5091145833333334 0.6809895833333334 0.5078125 0.6901041666666666 0.50390625 0.6953125 0.5026041666666666 0.6940104166666666
3 0.7903645833333334 0.5247395833333334 0.7955729166666666 0.5260416666666666 0.80078125 0.53125 0.7994791666666666 0.5403645833333334 0.7890625 0.5455729166666666 0.78515625 0.5403645833333334 0.78515625 0.52734375 0.7903645833333334 0.5260416666666666
3 0.5494791666666666 0.3072916666666667 0.5455729166666666 0.3033854166666667 0.54296875 0.29296875 0.5442708333333334 0.2799479166666667 0.5520833333333334 0.27734375 0.5572916666666666 0.28515625 0.5572916666666666 0.2942708333333333 0.55078125 0.3059895833333333
3 0.7643229166666666 0.3958333333333333 0.7682291666666666 0.3958333333333333 0.76953125 0.3984375 0.77734375 0.3984375 0.7760416666666666 0.4075520833333333 0.7669270833333334 0.4153645833333333 0.765625 0.4049479166666667 0.7630208333333334 0.4010416666666667 0.7643229166666666 0.3971354166666667
3 0.5989583333333334 0.7473958333333334 0.59765625 0.734375 0.6015625 0.7278645833333334 0.60546875 0.7278645833333334 0.60546875 0.7434895833333334 0.6015625 0.7486979166666666 0.6002604166666666 0.7473958333333334
3 0.7643229166666666 0.22916666666666666 0.7591145833333334 0.22526041666666666 0.7591145833333334 0.22265625 0.765625 0.20442708333333334 0.7682291666666666 0.20182291666666666 0.7721354166666666 0.20182291666666666 0.7734375 0.20442708333333334 0.7734375 0.2109375 0.765625 0.22786458333333334
3 0.9231770833333334 0.5 0.9270833333333334 0.50390625 0.9322916666666666 0.50390625 0.9361979166666666 0.5104166666666666 0.9322916666666666 0.51953125 0.91796875 0.515625 0.91796875 0.5 0.921875 0.5
3 0.1875 0.5390625 0.19140625 0.5455729166666666 0.19921875 0.546875 0.19140625 0.5598958333333334 0.18489583333333334 0.5598958333333334 0.1796875 0.5546875 0.18098958333333334 0.5442708333333334 0.18619791666666666 0.5390625
3 0.4453125 0.48828125 0.4479166666666667 0.4895833333333333 0.4479166666666667 0.49609375 0.4427083333333333 0.5091145833333334 0.44140625 0.5234375 0.4388020833333333 0.5234375 0.4375 0.51953125 0.4348958333333333 0.4921875 0.4375 0.48828125 0.4440104166666667 0.48828125
3 0.7468750000000001 0.85 0.75546875 0.8486111106770834 0.75546875 0.8361111106770833 0.7453124999999999 0.8388888893229166 0.74375 0.8444444440104166 0.7468750000000001 0.85
3 0.5320312500000001 0.8791666666666668 0.5320312500000001 0.9013888893229166 0.5328125 0.9041666666666667 0.53359375 0.9041666666666667 0.53359375 0.9 0.5382812499999999 0.89027777734375 0.5390625 0.8861111106770833 0.5390625 0.8805555559895833 0.5382812499999999 0.8763888893229167 0.53671875 0.875 0.5328125 0.875 0.5320312500000001 0.8791666666666668