1 0.7859375000000001 0.7680555559895833 0.78671875 0.7694444440104166 0.7890625 0.7666666666666666 0.7890625 0.7638888893229167 0.7882812499999999 0.7625000000000001 0.78671875 0.7611111106770833 0.7859375000000001 0.7638888893229167 0.7859375000000001 0.7680555559895833
0 0.9036458333333334 0.4166666666666667 0.9192708333333334 0.4127604166666667 0.9986979166666666 0.41015625 0.9986979166666666 0.4153645833333333 0.9895833333333334 0.4153645833333333 0.98828125 0.41796875 0.91796875 0.4192708333333333 0.9075520833333334 0.421875 0.8984375 0.4270833333333333 0.8880208333333334 0.4375 0.875 0.4609375 0.8697916666666666 0.4752604166666667 0.8645833333333334 0.5065104166666666 0.8645833333333334 0.5364583333333334 0.87109375 0.5703125 0.8828125 0.5950520833333334 0.8997395833333334 0.6158854166666666 0.9166666666666666 0.6223958333333334 0.9986979166666666 0.6197916666666666 0.9986979166666666 0.6263020833333334 0.9856770833333334 0.6263020833333334 0.984375 0.6236979166666666 0.9791666666666666 0.6236979166666666 0.9778645833333334 0.6263020833333334 0.9140625 0.6276041666666666 0.8958333333333334 0.6184895833333334 0.8841145833333334 0.6067708333333334 0.8828125 0.6015625 0.8723958333333334 0.5859375 0.8645833333333334 0.55859375 0.8606770833333334 0.5234375 0.8645833333333334 0.4830729166666667 0.8684895833333334 0.4674479166666667 0.87890625 0.4440104166666667 0.88671875 0.4322916666666667 0.9036458333333334 0.41796875
0 0.1484375 0.4453125 0.16666666666666666 0.4544270833333333 0.18229166666666666 0.4752604166666667 0.19401041666666666 0.5065104166666666 0.19661458333333334 0.5247395833333334 0.1953125 0.5364583333333334 0.19140625 0.5091145833333334 0.18489583333333334 0.4895833333333333 0.171875 0.4674479166666667 0.15494791666666666 0.453125 0.14192708333333334 0.44921875 0.03125 0.453125 0.032552083333333336 0.4479166666666667 0.14713541666666666 0.4453125
2 0.5247395833333334 0.11979166666666667 0.52734375 0.18098958333333334 0.52734375 0.3815104166666667 0.5299479166666666 0.4361979166666667 0.5299479166666666 0.5859375 0.5325520833333334 0.67578125 0.53125 0.6796875 0.52734375 0.67578125 0.5286458333333334 0.6080729166666666 0.5260416666666666 0.4609375 0.52734375 0.44140625 0.5247395833333334 0.390625 0.5247395833333334 0.12109375
3 0.51171875 0.3229166666666667 0.515625 0.3255208333333333 0.5182291666666666 0.3359375 0.5143229166666666 0.3489583333333333 0.5091145833333334 0.34765625 0.5104166666666666 0.32421875
3 0.56640625 0.296875 0.5716145833333334 0.296875 0.5768229166666666 0.3046875 0.5768229166666666 0.3138020833333333 0.5729166666666666 0.32421875 0.5677083333333334 0.3255208333333333 0.5638020833333334 0.3216145833333333 0.5625 0.31640625 0.5625 0.3046875 0.5638020833333334 0.2994791666666667 0.56640625 0.2981770833333333
3 0.5247395833333334 0.6770833333333334 0.5286458333333334 0.67578125 0.53515625 0.6822916666666666 0.5338541666666666 0.6888020833333334 0.52734375 0.6953125 0.5247395833333334 0.6940104166666666 0.5247395833333334 0.6783854166666666
3 0.8229166666666666 0.5533854166666666 0.83203125 0.5572916666666666 0.83203125 0.5677083333333334 0.8203125 0.56640625 0.81640625 0.5546875 0.8216145833333334 0.5533854166666666
3 0.4772135416666667 0.4934895833333333 0.013020833333333334 0.020833333333333332
3 0.6119791666666666 0.703125 0.6171875 0.7135416666666666 0.6158854166666666 0.72265625 0.6119791666666666 0.7265625 0.6067708333333334 0.7161458333333334 0.6067708333333334 0.7109375 0.6106770833333334 0.7044270833333334
3 0.7734375 0.4479166666666667 0.7734375 0.4309895833333333 0.7786458333333334 0.4244791666666667 0.78515625 0.4244791666666667 0.78515625 0.4309895833333333 0.7786458333333334 0.4361979166666667 0.77734375 0.4453125 0.7747395833333334 0.4479166666666667
3 0.7955729166666666 0.78515625 0.7981770833333334 0.7942708333333334 0.7981770833333334 0.8072916666666666 0.7955729166666666 0.8138020833333334 0.7903645833333334 0.8138020833333334 0.7877604166666666 0.8059895833333334 0.7890625 0.80078125 0.7942708333333334 0.796875 0.7955729166666666 0.7864583333333334
3 0.5703125 0.8515625 0.5729166666666666 0.8684895833333334 0.56640625 0.8841145833333334 0.5598958333333334 0.8763020833333334 0.5598958333333334 0.8684895833333334 0.5638020833333334 0.8580729166666666 0.5690104166666666 0.8528645833333334
3 0.7734375 0.20572916666666666 0.7760416666666666 0.21484375 0.765625 0.22526041666666666 0.76171875 0.22395833333333334 0.76171875 0.21744791666666666 0.7630208333333334 0.21354166666666666 0.7721354166666666 0.20572916666666666
3 0.19010416666666666 0.53125 0.1953125 0.53515625 0.19661458333333334 0.5416666666666666 0.1953125 0.5494791666666666 0.19010416666666666 0.5520833333333334 0.18489583333333334 0.55078125 0.18098958333333334 0.5455729166666666 0.18098958333333334 0.5377604166666666 0.18489583333333334 0.5325520833333334 0.18880208333333334 0.53125
3 0.92578125 0.5416666666666666 0.9401041666666666 0.546875 0.9401041666666666 0.5533854166666666 0.9375 0.5559895833333334 0.92578125 0.5572916666666666 0.92578125 0.54296875