1 0.37421875 0.17500000000000002 0.375 0.17777777734375 0.37656249999999997 0.17916666666666667 0.378125 0.17777777734375 0.378125 0.17222222265625 0.37734375000000003 0.1708333333333333 0.37578125 0.1708333333333333 0.37421875 0.17361111067708335 0.37421875 0.17500000000000002
2 0.4778645833333333 0.5104166666666666 0.4817708333333333 0.53125 0.4791666666666667 0.5807291666666666 0.4778645833333333 0.80078125 0.4739583333333333 0.9596354166666666 0.4713541666666667 0.9348958333333334 0.4752604166666667 0.796875 0.4739583333333333 0.7473958333333334 0.4765625 0.6888020833333334 0.4765625 0.51171875
0 0 0.4166666666666667 0.0234375 0.4166666666666667 0.024739583333333332 0.4192708333333333 0.08333333333333333 0.4205729166666667 0.09505208333333333 0.421875 0.10677083333333333 0.4270833333333333 0.11848958333333333 0.4375 0.13151041666666666 0.4583333333333333 0.14192708333333334 0.4908854166666667 0.14583333333333334 0.51953125 0.14583333333333334 0.5325520833333334 0.14322916666666666 0.53515625 0.140625 0.53125 0.140625 0.5 0.13671875 0.4895833333333333 0.13541666666666666 0.4778645833333333 0.125 0.4544270833333333 0.11067708333333333 0.4361979166666667 0.10026041666666667 0.4296875 0.08723958333333333 0.42578125 0.014322916666666666 0.4244791666666667 0 0.4231770833333333 0 0.41796875
0 0.8828125 0.4518229166666667 0.9791666666666666 0.4557291666666667 0.9817708333333334 0.4609375 0.9635416666666666 0.4622395833333333 0.8763020833333334 0.4596354166666667 0.875 0.45703125 0.8658854166666666 0.45703125 0.8645833333333334 0.4596354166666667 0.8606770833333334 0.4596354166666667 0.8463541666666666 0.4674479166666667 0.8372395833333334 0.4765625 0.8229166666666666 0.5026041666666666 0.8138020833333334 0.5416666666666666 0.8151041666666666 0.5859375 0.8268229166666666 0.6263020833333334 0.8424479166666666 0.6471354166666666 0.859375 0.6588541666666666 0.8723958333333334 0.6614583333333334 0.9661458333333334 0.6640625 0.9778645833333334 0.6653645833333334 0.9765625 0.6705729166666666 0.9127604166666666 0.6692708333333334 0.8971354166666666 0.66796875 0.8958333333333334 0.6653645833333334 0.859375 0.6640625 0.84375 0.65625 0.8346354166666666 0.6471354166666666 0.8229166666666666 0.6263020833333334 0.81640625 0.6080729166666666 0.8111979166666666 0.5768229166666666 0.8111979166666666 0.5403645833333334 0.8203125 0.4986979166666667 0.8307291666666666 0.4778645833333333 0.8489583333333334 0.4583333333333333 0.859375 0.453125 0.8815104166666666 0.4518229166666667
3 0.3971354166666667 0.53515625 0.3997395833333333 0.5377604166666666 0.4010416666666667 0.55078125 0.3971354166666667 0.5520833333333334 0.3932291666666667 0.546875 0.3932291666666667 0.5390625 0.3958333333333333 0.5364583333333334
3 0.5234375 0.19010416666666666 0.5286458333333334 0.1953125 0.5286458333333334 0.21223958333333334 0.5247395833333334 0.21484375 0.5221354166666666 0.20963541666666666 0.5234375 0.19140625
3 0.13541666666666666 0.5299479166666666 0.14192708333333334 0.53515625 0.14322916666666666 0.5598958333333334 0.14583333333333334 0.5651041666666666 0.14583333333333334 0.5677083333333334 0.14322916666666666 0.5690104166666666 0.140625 0.5677083333333334 0.13802083333333334 0.546875 0.12760416666666666 0.54296875 0.12760416666666666 0.5299479166666666 0.13411458333333334 0.5299479166666666
3 0.4231770833333333 0.59765625 0.4270833333333333 0.6067708333333334 0.4270833333333333 0.61328125 0.4231770833333333 0.6145833333333334 0.41796875 0.6119791666666666 0.41796875 0.6002604166666666 0.421875 0.59765625
3 0.2591145833333333 0.703125 0.2630208333333333 0.7161458333333334 0.2630208333333333 0.7239583333333334 0.2552083333333333 0.7252604166666666 0.2513020833333333 0.7200520833333334 0.25 0.71484375 0.2578125 0.7044270833333334
3 0.4869791666666667 0.7421875 0.4895833333333333 0.7421875 0.4908854166666667 0.7447916666666666 0.4921875 0.7552083333333334 0.4908854166666667 0.7604166666666666 0.484375 0.7565104166666666 0.4869791666666667 0.7434895833333334
3 0.43359375 0.3932291666666667 0.4388020833333333 0.3932291666666667 0.4427083333333333 0.4010416666666667 0.4427083333333333 0.4075520833333333 0.4361979166666667 0.41015625 0.4322916666666667 0.4036458333333333 0.43359375 0.39453125
3 0.3723958333333333 0.14973958333333334 0.3776041666666667 0.16536458333333334 0.3763020833333333 0.17838541666666666 0.37109375 0.17317708333333334 0.3697916666666667 0.16536458333333334 0.3658854166666667 0.15885416666666666 0.3671875 0.15234375 0.37109375 0.14973958333333334
3 0.599609375 0.3671875 0.010416666666666666 0.0234375
3 0.48046875 0.5 0.4752604166666667 0.4908854166666667 0.4765625 0.4752604166666667 0.4817708333333333 0.4739583333333333 0.4856770833333333 0.4791666666666667 0.4869791666666667 0.4895833333333333 0.4856770833333333 0.49609375 0.4817708333333333 0.4986979166666667
3 0.5911458333333334 0.67578125 0.59375 0.67578125 0.5989583333333334 0.6822916666666666 0.5963541666666666 0.6953125 0.5924479166666666 0.6966145833333334 0.58984375 0.6927083333333334 0.5911458333333334 0.6770833333333334
3 0.4270833333333333 0.73828125 0.4283854166666667 0.75390625 0.4244791666666667 0.7578125 0.4192708333333333 0.75390625 0.4192708333333333 0.7473958333333334 0.421875 0.7408854166666666 0.42578125 0.73828125