1 0.38984375 0.7263888893229167 0.39140625 0.7291666666666666 0.39375 0.7291666666666666 0.39453125 0.7263888893229167 0.39453125 0.7222222226562499 0.39375 0.7194444440104166 0.390625 0.7194444440104166 0.38984375 0.7208333333333333 0.38984375 0.7263888893229167
0 0.1328125 0.4713541666666667 0.13802083333333334 0.4856770833333333 0.13932291666666666 0.5 0.13932291666666666 0.546875 0.13020833333333334 0.58203125 0.11458333333333333 0.609375 0.10286458333333333 0.6197916666666666 0.09505208333333333 0.6236979166666666 0.08984375 0.6236979166666666 0.08854166666666667 0.6263020833333334 0 0.6223958333333334 0 0.6171875 0.09114583333333333 0.6197916666666666 0.10286458333333333 0.61328125 0.109375 0.6067708333333334 0.109375 0.6041666666666666 0.12369791666666667 0.5859375 0.13541666666666666 0.55078125 0.13671875 0.50390625 0.1328125 0.47265625
0 0.8984375 0.4466145833333333 0.9231770833333334 0.44921875 0.9635416666666666 0.44921875 0.9674479166666666 0.453125 0.9309895833333334 0.4544270833333333 0.8502604166666666 0.4518229166666667 0.83203125 0.4635416666666667 0.8229166666666666 0.47265625 0.8111979166666666 0.4947916666666667 0.8033854166666666 0.5247395833333334 0.8020833333333334 0.5651041666666666 0.8072916666666666 0.5963541666666666 0.8229166666666666 0.6302083333333334 0.83203125 0.640625 0.84765625 0.6510416666666666 0.8658854166666666 0.6536458333333334 0.8776041666666666 0.65234375 0.8997395833333334 0.6549479166666666 0.9361979166666666 0.6549479166666666 0.9635416666666666 0.6575520833333334 0.9635416666666666 0.6614583333333334 0.9244791666666666 0.6614583333333334 0.84765625 0.65625 0.8307291666666666 0.6471354166666666 0.8307291666666666 0.64453125 0.81640625 0.62890625 0.8072916666666666 0.6080729166666666 0.80078125 0.58203125 0.7994791666666666 0.5390625 0.8046875 0.5052083333333334 0.81640625 0.4752604166666667 0.83203125 0.4557291666666667 0.8450520833333334 0.4479166666666667 0.8971354166666666 0.4466145833333333
2 0.4739583333333333 0.12239583333333333 0.4765625 0.12890625 0.4765625 0.16796875 0.4739583333333333 0.2903645833333333 0.4739583333333333 0.4752604166666667 0.4713541666666667 0.50390625 0.47265625 0.55859375 0.4700520833333333 0.7890625 0.4674479166666667 0.8424479166666666 0.4674479166666667 0.9453125 0.4635416666666667 0.9466145833333334 0.46484375 0.80859375 0.4674479166666667 0.7747395833333334 0.4674479166666667 0.6184895833333334 0.4700520833333333 0.546875 0.46875 0.4921875 0.4713541666666667 0.4427083333333333 0.4739583333333333 0.12369791666666667
3 0.328125 0.6197916666666666 0.3307291666666667 0.62109375 0.3359375 0.63671875 0.3346354166666667 0.6471354166666666 0.3255208333333333 0.640625 0.32421875 0.63671875 0.328125 0.6302083333333334 0.328125 0.62109375
3 0.37890625 0.22135416666666666 0.3815104166666667 0.22135416666666666 0.3841145833333333 0.2265625 0.38671875 0.24088541666666666 0.38671875 0.24609375 0.3815104166666667 0.24479166666666666 0.375 0.234375 0.37890625 0.22265625
3 0.23697916666666666 0.21875 0.24479166666666666 0.22786458333333334 0.24479166666666666 0.23958333333333334 0.24088541666666666 0.23958333333333334 0.234375 0.23046875 0.23307291666666666 0.22005208333333334 0.23567708333333334 0.21875
3 0.3515625 0.56640625 0.35546875 0.5703125 0.3619791666666667 0.5716145833333334 0.3645833333333333 0.5768229166666666 0.3645833333333333 0.5872395833333334 0.359375 0.58984375 0.35546875 0.5859375 0.3515625 0.5677083333333334
3 0.3736979166666667 0.5013020833333334 0.37109375 0.4934895833333333 0.3763020833333333 0.4869791666666667 0.3802083333333333 0.4934895833333333 0.3802083333333333 0.5026041666666666 0.375 0.5013020833333334
3 0.2786458333333333 0.8372395833333334 0.28125 0.84765625 0.27734375 0.8567708333333334 0.2734375 0.8567708333333334 0.2721354166666667 0.8528645833333334 0.2721354166666667 0.8424479166666666 0.27734375 0.8372395833333334
3 0.3763020833333333 0.78515625 0.3802083333333333 0.7942708333333334 0.3802083333333333 0.8033854166666666 0.375 0.8046875 0.37109375 0.7994791666666666 0.37109375 0.7942708333333334 0.375 0.7864583333333334
3 0.7526041666666666 0.52734375 0.7552083333333334 0.52734375 0.7643229166666666 0.53515625 0.76171875 0.54296875 0.75390625 0.5455729166666666 0.7526041666666666 0.5286458333333334
3 0.11979166666666667 0.4544270833333333 0.125 0.4609375 0.13020833333333334 0.4635416666666667 0.13020833333333334 0.4674479166666667 0.12239583333333333 0.4713541666666667 0.11328125 0.4700520833333333 0.11328125 0.4635416666666667 0.11848958333333333 0.4557291666666667
3 0.4010416666666667 0.5026041666666666 0.41015625 0.5104166666666666 0.40625 0.51953125 0.40234375 0.51953125 0.3984375 0.5143229166666666 0.3971354166666667 0.50390625 0.3997395833333333 0.5026041666666666
3 0.3671875 0.6940104166666666 0.3763020833333333 0.6940104166666666 0.37890625 0.7057291666666666 0.3776041666666667 0.7122395833333334 0.3736979166666667 0.71484375 0.3671875 0.703125 0.3671875 0.6953125
3 0.38046874999999997 0.41250000000000003 0.38125000000000003 0.4236111106770833 0.38671875 0.42777777734375005 0.39375 0.4180555559895833 0.3875 0.4055555559895833 0.38046874999999997 0.41250000000000003