1 0.3828125 0.7486111106770833 0.3828125 0.7444444440104167 0.38125000000000003 0.7416666666666667 0.3796875 0.7416666666666667 0.378125 0.7444444440104167 0.378125 0.74722222265625 0.3796875 0.75 0.3828125 0.7486111106770833
0 0 0.4192708333333333 0.09244791666666667 0.421875 0.11458333333333333 0.4283854166666667 0.12239583333333333 0.4348958333333333 0.13802083333333334 0.4583333333333333 0.14973958333333334 0.4973958333333333 0.15104166666666666 0.5130208333333334 0.15104166666666666 0.546875 0.14713541666666666 0.5716145833333334 0.13802083333333334 0.5963541666666666 0.13020833333333334 0.6106770833333334 0.11328125 0.6276041666666666 0.1015625 0.6328125 0 0.6302083333333334 0 0.6236979166666666 0.07161458333333333 0.625 0.07291666666666667 0.6276041666666666 0.09895833333333333 0.6276041666666666 0.10026041666666667 0.625 0.11197916666666667 0.62109375 0.12760416666666666 0.60546875 0.13671875 0.5885416666666666 0.14453125 0.5651041666666666 0.1484375 0.5299479166666666 0.14713541666666666 0.5052083333333334 0.13932291666666666 0.47265625 0.12760416666666666 0.4505208333333333 0.109375 0.4322916666666667 0.09895833333333333 0.4283854166666667 0.08463541666666667 0.4270833333333333 0.0703125 0.4283854166666667 0.049479166666666664 0.42578125 0.0078125 0.42578125 0 0.4244791666666667 0 0.4205729166666667
0 0.8919270833333334 0.44921875 0.9661458333333334 0.4518229166666667 0.9739583333333334 0.453125 0.9739583333333334 0.45703125 0.8580729166666666 0.4544270833333333 0.83984375 0.46484375 0.8268229166666666 0.4791666666666667 0.8190104166666666 0.4947916666666667 0.8111979166666666 0.51953125 0.80859375 0.5403645833333334 0.80859375 0.5690104166666666 0.8111979166666666 0.58984375 0.8177083333333334 0.6119791666666666 0.8294270833333334 0.6328125 0.8450520833333334 0.6484375 0.85546875 0.6536458333333334 0.96875 0.6588541666666666 0.9700520833333334 0.6627604166666666 0.9674479166666666 0.6640625 0.875 0.6614583333333334 0.8502604166666666 0.6575520833333334 0.8359375 0.6484375 0.828125 0.6393229166666666 0.8125 0.609375 0.8111979166666666 0.59765625 0.8072916666666666 0.5872395833333334 0.8059895833333334 0.5416666666666666 0.80859375 0.5182291666666666 0.81640625 0.4908854166666667 0.82421875 0.4752604166666667 0.8424479166666666 0.4557291666666667 0.8580729166666666 0.44921875 0.890625 0.44921875
2 0.48046875 0.13020833333333334 0.4830729166666667 0.13151041666666666 0.4817708333333333 0.4036458333333333 0.48046875 0.43359375 0.4765625 0.4322916666666667 0.4791666666666667 0.3997395833333333 0.48046875 0.13151041666666666
3 0.3802083333333333 0.7408854166666666 0.3841145833333333 0.7486979166666666 0.3841145833333333 0.7630208333333334 0.3736979166666667 0.76171875 0.375 0.75 0.37890625 0.7421875
3 0.40625 0.5755208333333334 0.4114583333333333 0.578125 0.4192708333333333 0.578125 0.4192708333333333 0.5872395833333334 0.4114583333333333 0.59765625 0.4049479166666667 0.5911458333333334 0.40625 0.5768229166666666
3 0.55078125 0.5390625 0.5598958333333334 0.5390625 0.5611979166666666 0.5416666666666666 0.5611979166666666 0.5559895833333334 0.5572916666666666 0.55859375 0.5533854166666666 0.5481770833333334 0.5494791666666666 0.5442708333333334 0.55078125 0.5403645833333334
3 0.4401041666666667 0.4817708333333333 0.4401041666666667 0.4752604166666667 0.43359375 0.4596354166666667 0.43359375 0.4453125 0.4388020833333333 0.4440104166666667 0.4427083333333333 0.4479166666666667 0.44140625 0.4609375 0.4440104166666667 0.4739583333333333 0.4427083333333333 0.4817708333333333 0.4401041666666667 0.4830729166666667
3 0.4088541666666667 0.5416666666666666 0.4127604166666667 0.5416666666666666 0.4153645833333333 0.5442708333333334 0.4153645833333333 0.5598958333333334 0.4114583333333333 0.5611979166666666 0.4075520833333333 0.5520833333333334 0.4088541666666667 0.54296875
3 0.3385416666666667 0.3697916666666667 0.3463541666666667 0.3802083333333333 0.3450520833333333 0.4127604166666667 0.3424479166666667 0.4114583333333333 0.3385416666666667 0.3880208333333333 0.3346354166666667 0.3815104166666667 0.3346354166666667 0.37109375 0.3372395833333333 0.3697916666666667
3 0.51953125 0.2565104166666667 0.5234375 0.265625 0.5234375 0.2747395833333333 0.5208333333333334 0.2799479166666667 0.515625 0.2747395833333333 0.515625 0.2708333333333333 0.51171875 0.2682291666666667 0.51171875 0.2643229166666667 0.5182291666666666 0.2565104166666667
3 0.6393229166666666 0.4778645833333333 0.6419270833333334 0.4778645833333333 0.6458333333333334 0.484375 0.6458333333333334 0.4973958333333333 0.6432291666666666 0.5013020833333334 0.63671875 0.4986979166666667 0.63671875 0.484375 0.6393229166666666 0.4791666666666667
3 0.49765624999999997 0.62222222265625 0.49765624999999997 0.6124999999999999 0.496875 0.6083333333333333 0.4953125 0.6055555559895833 0.49296875 0.6055555559895833 0.49140625 0.6083333333333333 0.49062500000000003 0.6124999999999999 0.49140625 0.6180555559895834 0.49453125000000003 0.62222222265625 0.49765624999999997 0.62222222265625
3 0.47265625 0.45277777734375 0.4765625 0.45277777734375 0.47890625000000003 0.45 0.47890625000000003 0.4375 0.4765625 0.4319444440104167 0.47031249999999997 0.4319444440104167 0.46875 0.43472222265625 0.46796875 0.43472222265625 0.46718750000000003 0.43611111067708336 0.46718750000000003 0.44444444401041666 0.46875 0.45 0.47265625 0.45277777734375
3 0.46015625 0.24583333333333335 0.4609375 0.24444444401041665 0.46171875 0.24027777734375 0.46171875 0.23472222265625 0.4609375 0.2333333333333333 0.45859374999999997 0.2333333333333333 0.45625 0.23611111067708335 0.45390625 0.23611111067708335 0.453125 0.23750000000000002 0.453125 0.24027777734375 0.45625 0.24583333333333335 0.46015625 0.24583333333333335
3 0.47421874999999997 0.6694444440104167 0.47109375000000003 0.67222222265625 0.46875 0.6819444440104167 0.4765625 0.7069444440104166 0.47890625000000003 0.6749999999999999 0.47421874999999997 0.6694444440104167