1 0.4734375 0.65 0.47500000000000003 0.65 0.47578125 0.6458333333333334 0.47421874999999997 0.6430555559895833 0.47265625 0.6444444440104167 0.471875 0.64722222265625 0.4734375 0.65
3 0.5325520833333334 0.24479166666666666 0.5364583333333334 0.24348958333333334 0.5403645833333334 0.25 0.5403645833333334 0.26171875 0.5364583333333334 0.2669270833333333 0.5338541666666666 0.2669270833333333 0.53125 0.2643229166666667 0.5325520833333334 0.24609375
3 0.40234375 0.25 0.4088541666666667 0.2604166666666667 0.40625 0.2734375 0.40234375 0.2747395833333333 0.40234375 0.2513020833333333
3 0.38671875 0.5208333333333334 0.3893229166666667 0.5208333333333334 0.3919270833333333 0.5247395833333334 0.3984375 0.5260416666666666 0.3984375 0.5286458333333334 0.3880208333333333 0.5390625 0.3841145833333333 0.5338541666666666 0.3841145833333333 0.5260416666666666 0.38671875 0.5221354166666666
3 0.5390625 0.33984375 0.5416666666666666 0.3424479166666667 0.5416666666666666 0.35546875 0.5390625 0.359375 0.53515625 0.3580729166666667 0.53515625 0.3541666666666667 0.5325520833333334 0.3515625 0.5325520833333334 0.3424479166666667 0.5377604166666666 0.3411458333333333
3 0.59765625 0.3658854166666667 0.5963541666666666 0.3450520833333333 0.6002604166666666 0.3385416666666667 0.60546875 0.33984375 0.60546875 0.3567708333333333 0.6015625 0.3645833333333333 0.59765625 0.3671875
3 0.54296875 0.5716145833333334 0.5455729166666666 0.5716145833333334 0.5494791666666666 0.5794270833333334 0.5494791666666666 0.5872395833333334 0.54296875 0.5885416666666666 0.5403645833333334 0.58203125 0.54296875 0.5729166666666666
3 0.5520833333333334 0.8098958333333334 0.5559895833333334 0.8098958333333334 0.55859375 0.8151041666666666 0.55859375 0.8255208333333334 0.5520833333333334 0.8372395833333334 0.5481770833333334 0.828125 0.5520833333333334 0.8111979166666666
3 0.4661458333333333 0.6588541666666666 0.4661458333333333 0.6744791666666666 0.4609375 0.6731770833333334 0.4609375 0.6588541666666666 0.46484375 0.6588541666666666
3 0.4830729166666667 0.7109375 0.4869791666666667 0.7109375 0.4908854166666667 0.7174479166666666 0.4869791666666667 0.7278645833333334 0.4830729166666667 0.7278645833333334 0.4830729166666667 0.7122395833333334
3 0.2630208333333333 0.5833333333333334 0.2682291666666667 0.5833333333333334 0.26953125 0.5885416666666666 0.2734375 0.5924479166666666 0.2708333333333333 0.6002604166666666 0.265625 0.60546875 0.2630208333333333 0.60546875 0.2604166666666667 0.6002604166666666 0.2604166666666667 0.5911458333333334 0.2630208333333333 0.5846354166666666
3 0.46875 0.4453125 0.4752604166666667 0.4518229166666667 0.4713541666666667 0.4635416666666667 0.46875 0.4635416666666667 0.46484375 0.4518229166666667 0.46484375 0.4466145833333333 0.4674479166666667 0.4453125
3 0.5164062500000001 0.44444444401041666 0.51953125 0.44722222265624995 0.5265624999999999 0.44027777734375 0.5265624999999999 0.425 0.51953125 0.42083333333333334 0.5148437499999999 0.42777777734375005 0.5164062500000001 0.44444444401041666
2 0.5208333333333334 0.46875 0.52734375 0.9348958333333334 0.5260416666666666 0.9596354166666666 0.5247395833333334 0.9609375 0.5234375 0.9557291666666666 0.5221354166666666 0.8802083333333334 0.5234375 0.8502604166666666 0.5182291666666666 0.48046875 0.5208333333333334 0.4700520833333333
0 1 0.42777777734375005 0.978125 0.42777777734375005 0.8992187500000001 0.4319444440104167 0.88671875 0.4375 0.8734375 0.4513888893229167 0.8562500000000001 0.4875 0.85 0.5291666666666667 0.8523437500000001 0.5680555559895833 0.859375 0.5958333333333333 0.8765625 0.625 0.89609375 0.64027777734375 1 0.6388888893229167 1 0.63472222265625 0.9015624999999999 0.6361111106770834 0.8914062500000001 0.6319444440104166 0.8734375 0.6124999999999999 0.859375 0.5805555559895833 0.8546874999999999 0.5583333333333333 0.85390625 0.52222222265625 0.8578125 0.49861111067708336 0.8718750000000001 0.46249999999999997 0.884375 0.44722222265624995 0.90234375 0.4375 1 0.43472222265625 1 0.42777777734375005
0 0.17578125 0.48472222265625 0.17265624999999998 0.4861111106770833 0.16874999999999998 0.47361111067708334 0.14921874999999998 0.4583333333333333 0.025781250000000002 0.45972222265625 0.14609375 0.4611111106770833 0.15937500000000002 0.4694444440104167 0.17734375 0.49305555598958334 0.19218749999999998 0.5388888893229167 0.18984375 0.5444444440104167 0.19140625 0.5736111106770834 0.18515625 0.6083333333333333 0.16953125 0.64027777734375 0.15312499999999998 0.6569444440104167 0.12890625 0.6625 0.028906249999999998 0.66527777734375 0.0265625 0.6694444440104167 0.12968749999999998 0.6680555559895834 0.15625 0.6611111106770834 0.17578125 0.64027777734375 0.18671875000000002 0.61527777734375 0.19375 0.57777777734375 0.19296875 0.5430555559895833 0.18984375 0.5208333333333334 0.1796875 0.4916666666666667 0.17578125 0.48472222265625