1 0.313771875 0.2774166666666667 0.3162046875 0.28143055598958333 0.3179421875 0.28112222265625003 0.3186375 0.27957777734375 0.31776875 0.27000833333333335 0.3153796875 0.26728611067708336 0.312903125 0.2740208333333333 0.313771875 0.2774166666666667
0 0 0.4322916666666667 0.08463541666666667 0.4348958333333333 0.10286458333333333 0.4440104166666667 0.11458333333333333 0.4557291666666667 0.13020833333333334 0.4856770833333333 0.13671875 0.5130208333333334 0.13802083333333334 0.53125 0.13671875 0.5703125 0.13020833333333334 0.5989583333333334 0.11458333333333333 0.62890625 0.10286458333333333 0.640625 0.08463541666666667 0.6497395833333334 0 0.6471354166666666 0 0.640625 0.07942708333333333 0.6432291666666666 0.08854166666666667 0.6419270833333334 0.09895833333333333 0.63671875 0.109375 0.6263020833333334 0.12369791666666667 0.6028645833333334 0.13151041666666666 0.578125 0.13541666666666666 0.5442708333333334 0.1328125 0.5104166666666666 0.12890625 0.5013020833333334 0.12760416666666666 0.4908854166666667 0.11979166666666667 0.47265625 0.10677083333333333 0.4544270833333333 0.09635416666666667 0.4466145833333333 0.0859375 0.4427083333333333 0 0.4401041666666667 0 0.43359375
0 0.9505208333333334 0.4661458333333333 0.9661458333333334 0.4674479166666667 0.9661458333333334 0.4713541666666667 0.95703125 0.47265625 0.8515625 0.46875 0.8359375 0.4765625 0.8229166666666666 0.4895833333333333 0.8177083333333334 0.4986979166666667 0.8177083333333334 0.5026041666666666 0.8111979166666666 0.51171875 0.8033854166666666 0.5377604166666666 0.80078125 0.5690104166666666 0.8033854166666666 0.5989583333333334 0.8059895833333334 0.6028645833333334 0.8059895833333334 0.6106770833333334 0.8111979166666666 0.6276041666666666 0.8216145833333334 0.6471354166666666 0.8385416666666666 0.6640625 0.8463541666666666 0.6666666666666666 0.84765625 0.6692708333333334 0.8658854166666666 0.671875 0.9635416666666666 0.6744791666666666 0.9635416666666666 0.6796875 0.86328125 0.6770833333333334 0.83984375 0.671875 0.81640625 0.6484375 0.8046875 0.6197916666666666 0.7994791666666666 0.5924479166666666 0.7994791666666666 0.5481770833333334 0.8072916666666666 0.5091145833333334 0.8203125 0.4856770833333333 0.83203125 0.47265625 0.8424479166666666 0.4661458333333333 0.8515625 0.4635416666666667 0.94921875 0.4661458333333333
2 0.47265625 0.140625 0.4739583333333333 0.3411458333333333 0.4713541666666667 0.37890625 0.4713541666666667 0.6471354166666666 0.4674479166666667 0.7903645833333334 0.4674479166666667 0.9466145833333334 0.4661458333333333 0.9661458333333334 0.4635416666666667 0.9674479166666666 0.46484375 0.7239583333333334 0.4674479166666667 0.69140625 0.46875 0.5481770833333334 0.46875 0.3515625 0.4713541666666667 0.2994791666666667 0.4700520833333333 0.24869791666666666 0.47265625 0.14192708333333334
3 0.6549479166666666 0.5677083333333334 0.66015625 0.57421875 0.6588541666666666 0.5846354166666666 0.6549479166666666 0.5872395833333334 0.6484375 0.578125 0.6484375 0.57421875 0.6536458333333334 0.5677083333333334
3 0.6080729166666666 0.3125 0.6106770833333334 0.3151041666666667 0.6119791666666666 0.3294270833333333 0.6106770833333334 0.33203125 0.60546875 0.33203125 0.6015625 0.3255208333333333 0.6028645833333334 0.3190104166666667 0.6080729166666666 0.3138020833333333
3 0.4388020833333333 0.22526041666666666 0.4388020833333333 0.24479166666666666 0.4361979166666667 0.24348958333333334 0.43359375 0.23567708333333334 0.43359375 0.22526041666666666 0.4375 0.22526041666666666
3 0.31640625 0.25 0.3203125 0.25 0.32421875 0.2604166666666667 0.3229166666666667 0.2734375 0.3177083333333333 0.2799479166666667 0.3151041666666667 0.2786458333333333 0.3151041666666667 0.26171875 0.3125 0.2552083333333333 0.31640625 0.2513020833333333
3 0.6197916666666666 0.69921875 0.6223958333333334 0.7018229166666666 0.6223958333333334 0.7161458333333334 0.6197916666666666 0.7200520833333334 0.6158854166666666 0.7174479166666666 0.6145833333333334 0.703125 0.6184895833333334 0.69921875
3 0.5494791666666666 0.87109375 0.5546875 0.875 0.5572916666666666 0.8815104166666666 0.5572916666666666 0.8919270833333334 0.5546875 0.89453125 0.55078125 0.89453125 0.5455729166666666 0.8841145833333334 0.5494791666666666 0.87890625 0.5494791666666666 0.8723958333333334
3 0.5872395833333334 0.40234375 0.5885416666666666 0.4192708333333333 0.5846354166666666 0.4270833333333333 0.58203125 0.4270833333333333 0.5768229166666666 0.4192708333333333 0.5768229166666666 0.40625 0.5807291666666666 0.4010416666666667 0.5859375 0.40234375
3 0.5234375 0.4700520833333333 0.5286458333333334 0.47265625 0.53125 0.4791666666666667 0.5299479166666666 0.48828125 0.5260416666666666 0.4921875 0.5234375 0.4908854166666667 0.51953125 0.4817708333333333 0.51953125 0.4765625 0.5234375 0.4713541666666667
3 0.7994791666666666 0.4583333333333333 0.8033854166666666 0.4622395833333333 0.8111979166666666 0.4609375 0.8151041666666666 0.46484375 0.8138020833333334 0.47265625 0.80859375 0.4778645833333333 0.8033854166666666 0.4778645833333333 0.80078125 0.4739583333333333 0.7994791666666666 0.4596354166666667
3 0.7135416666666666 0.3255208333333333 0.7174479166666666 0.3255208333333333 0.7239583333333334 0.3203125 0.7291666666666666 0.3216145833333333 0.7291666666666666 0.328125 0.7252604166666666 0.3333333333333333 0.7239583333333334 0.3411458333333333 0.7200520833333334 0.3411458333333333 0.7174479166666666 0.3385416666666667 0.7135416666666666 0.3268229166666667
3 0.6666666666666666 0.640625 0.6692708333333334 0.65234375 0.6653645833333334 0.6640625 0.6588541666666666 0.65625 0.65625 0.64453125 0.6575520833333334 0.6419270833333334 0.6653645833333334 0.640625
3 0.5046875000000001 0.29861111067708335 0.5046875000000001 0.27638888932291666 0.5 0.2791666666666667 0.5007812500000001 0.29444444401041664 0.5046875000000001 0.29861111067708335