1 0.58203125 0.6583333333333333 0.58359375 0.65972222265625 0.5867187500000001 0.65972222265625 0.5875 0.6583333333333333 0.5875 0.65277777734375 0.5867187500000001 0.6513888893229166 0.5828125000000001 0.6513888893229166 0.58203125 0.65277777734375 0.58203125 0.6583333333333333
0 0.8854166666666666 0.62109375 0.8932291666666666 0.625 0.8958333333333334 0.62890625 0.9075520833333334 0.6302083333333334 0.9908854166666666 0.6276041666666666 0.9921875 0.625 0.9986979166666666 0.625 0.9986979166666666 0.6328125 0.8997395833333334 0.6354166666666666 0.8880208333333334 0.6315104166666666 0.8802083333333334 0.6263020833333334 0.8645833333333334 0.6067708333333334 0.8567708333333334 0.5911458333333334 0.8489583333333334 0.5651041666666666 0.8489583333333334 0.49609375 0.8567708333333334 0.4700520833333333 0.87109375 0.4440104166666667 0.8802083333333334 0.43359375 0.8880208333333334 0.4283854166666667 0.8997395833333334 0.4244791666666667 0.9635416666666666 0.421875 0.9986979166666666 0.421875 0.9986979166666666 0.4270833333333333 0.91015625 0.4296875 0.8932291666666666 0.4322916666666667 0.8880208333333334 0.4348958333333333 0.87109375 0.4518229166666667 0.859375 0.4739583333333333 0.8580729166666666 0.484375 0.8541666666666666 0.4908854166666667 0.8502604166666666 0.5169270833333334 0.8515625 0.5559895833333334 0.859375 0.5859375 0.8697916666666666 0.60546875 0.8841145833333334 0.62109375
0 0.14973958333333334 0.4544270833333333 0.15494791666666666 0.45703125 0.17447916666666666 0.4778645833333333 0.17447916666666666 0.4817708333333333 0.18229166666666666 0.4934895833333333 0.19010416666666666 0.5234375 0.19270833333333334 0.546875 0.19140625 0.5872395833333334 0.18229166666666666 0.6197916666666666 0.16666666666666666 0.6471354166666666 0.14713541666666666 0.66015625 0.11588541666666667 0.6640625 0.06640625 0.6653645833333334 0.03125 0.6653645833333334 0.028645833333333332 0.6640625 0.028645833333333332 0.6614583333333334 0.14322916666666666 0.65625 0.15364583333333334 0.6510416666666666 0.16796875 0.63671875 0.1796875 0.6158854166666666 0.18880208333333334 0.5846354166666666 0.19140625 0.5546875 0.1875 0.5234375 0.1796875 0.4973958333333333 0.16796875 0.4765625 0.15885416666666666 0.4674479166666667 0.1484375 0.4609375 0.14192708333333334 0.4596354166666667 0.140625 0.45703125 0.12239583333333333 0.45703125 0.12109375 0.4596354166666667 0.026041666666666668 0.4609375 0.024739583333333332 0.4557291666666667 0.048177083333333336 0.453125 0.10286458333333333 0.4518229166666667 0.140625 0.4518229166666667 0.1484375 0.4544270833333333
2 0.5182291666666666 0.46875 0.5208333333333334 0.4700520833333333 0.5221354166666666 0.4752604166666667 0.5221354166666666 0.70703125 0.5260416666666666 0.859375 0.5260416666666666 0.9518229166666666 0.5234375 0.9505208333333334 0.5208333333333334 0.87109375 0.5208333333333334 0.7161458333333334 0.5182291666666666 0.6380208333333334 0.51953125 0.5833333333333334 0.5169270833333334 0.4973958333333333 0.5208333333333334 0.4739583333333333 0.5182291666666666 0.4700520833333333
3 0.5872395833333334 0.7565104166666666 0.59375 0.7565104166666666 0.6015625 0.7630208333333334 0.6015625 0.7682291666666666 0.5989583333333334 0.7721354166666666 0.59375 0.7734375 0.5911458333333334 0.7721354166666666 0.5872395833333334 0.7630208333333334 0.5872395833333334 0.7578125
3 0.43359375 0.5716145833333334 0.4309895833333333 0.5611979166666666 0.4348958333333333 0.5546875 0.4388020833333333 0.55859375 0.4388020833333333 0.56640625 0.4348958333333333 0.5716145833333334
3 0.4934895833333333 0.5989583333333334 0.49609375 0.6028645833333334 0.49609375 0.6158854166666666 0.4921875 0.6171875 0.4895833333333333 0.6119791666666666 0.4895833333333333 0.6041666666666666 0.4921875 0.6002604166666666
3 0.46484375 0.2604166666666667 0.46875 0.26953125 0.4635416666666667 0.2838541666666667 0.4583333333333333 0.2825520833333333 0.4583333333333333 0.265625 0.4635416666666667 0.2604166666666667
3 0.359375 0.4934895833333333 0.35546875 0.5130208333333334 0.3489583333333333 0.5130208333333334 0.3463541666666667 0.4947916666666667 0.3580729166666667 0.4934895833333333
3 0.6458333333333334 0.375 0.6484375 0.375 0.6497395833333334 0.3802083333333333 0.6484375 0.38671875 0.6432291666666666 0.39453125 0.640625 0.3919270833333333 0.640625 0.3802083333333333 0.6458333333333334 0.3763020833333333
3 0.5455729166666666 0.23958333333333334 0.5390625 0.26171875 0.53515625 0.2591145833333333 0.5338541666666666 0.2552083333333333 0.5364583333333334 0.23828125 0.5390625 0.23697916666666666 0.5442708333333334 0.23958333333333334
3 0.54296875 0.5338541666666666 0.5494791666666666 0.53515625 0.5494791666666666 0.55078125 0.5455729166666666 0.5559895833333334 0.54296875 0.5533854166666666 0.54296875 0.53515625
3 0.51953125 0.6833333333333332 0.51953125 0.6708333333333334 0.5164062500000001 0.6680555559895834 0.5140625 0.67222222265625 0.515625 0.6875 0.51953125 0.6833333333333332
3 0.5710937500000001 0.5583333333333333 0.5765625 0.5430555559895833 0.5750000000000001 0.5361111106770834 0.5671875000000001 0.5375 0.5671875000000001 0.5541666666666667 0.5710937500000001 0.5583333333333333
3 0.5546875 0.44722222265624995 0.5539062499999999 0.43472222265625 0.5476562500000001 0.43888888932291664 0.54921875 0.45416666666666666 0.5546875 0.44722222265624995
3 0.5148437499999999 0.4583333333333333 0.5226562499999999 0.45972222265625 0.52734375 0.45277777734375 0.5265624999999999 0.4430555559895833 0.5226562499999999 0.4375 0.5164062500000001 0.44027777734375 0.5148437499999999 0.4583333333333333