1 0.47265625 0.53472222265625 0.4734375 0.5375 0.4765625 0.5375 0.47734375 0.5361111106770834 0.47734375 0.5291666666666667 0.4765625 0.52777777734375 0.4734375 0.52777777734375 0.47265625 0.5305555559895833 0.47265625 0.53472222265625
0 0 0.4140625 0.09114583333333333 0.4166666666666667 0.09244791666666667 0.4192708333333333 0.10026041666666667 0.4205729166666667 0.11458333333333333 0.4296875 0.13020833333333334 0.453125 0.13802083333333334 0.47265625 0.14192708333333334 0.48828125 0.14453125 0.515625 0.14192708333333334 0.5598958333333334 0.13411458333333334 0.5872395833333334 0.11979166666666667 0.6106770833333334 0.10286458333333333 0.6263020833333334 0.09114583333333333 0.6302083333333334 0 0.6276041666666666 0 0.62109375 0.09114583333333333 0.6236979166666666 0.10416666666666667 0.6184895833333334 0.11588541666666667 0.6080729166666666 0.12760416666666666 0.58984375 0.13541666666666666 0.5703125 0.13671875 0.55859375 0.140625 0.5481770833333334 0.13932291666666666 0.4895833333333333 0.13671875 0.4856770833333333 0.13541666666666666 0.4752604166666667 0.125 0.4518229166666667 0.11067708333333333 0.43359375 0.09114583333333333 0.4231770833333333 0.009114583333333334 0.421875 0 0.4205729166666667 0 0.4153645833333333
0 0.9088541666666666 0.4453125 0.9622395833333334 0.4466145833333333 0.9700520833333334 0.4479166666666667 0.9700520833333334 0.4518229166666667 0.85546875 0.44921875 0.83984375 0.45703125 0.8229166666666666 0.4765625 0.8151041666666666 0.4921875 0.8138020833333334 0.5026041666666666 0.8111979166666666 0.5065104166666666 0.8098958333333334 0.5234375 0.8059895833333334 0.53515625 0.8059895833333334 0.5677083333333334 0.8098958333333334 0.5924479166666666 0.8151041666666666 0.6080729166666666 0.8255208333333334 0.6276041666666666 0.8359375 0.6393229166666666 0.8515625 0.6497395833333334 0.9674479166666666 0.6549479166666666 0.9674479166666666 0.6588541666666666 0.91015625 0.6588541666666666 0.8515625 0.6549479166666666 0.83984375 0.6497395833333334 0.8229166666666666 0.6315104166666666 0.8125 0.6119791666666666 0.8111979166666666 0.6028645833333334 0.8072916666666666 0.5950520833333334 0.8033854166666666 0.5729166666666666 0.8033854166666666 0.5286458333333334 0.80859375 0.5 0.8203125 0.47265625 0.8346354166666666 0.4544270833333333 0.8515625 0.4453125 0.9075520833333334 0.4453125
2 0.4765625 0.12369791666666667 0.4791666666666667 0.13020833333333334 0.4752604166666667 0.4466145833333333 0.4765625 0.5143229166666666 0.4739583333333333 0.5169270833333334 0.47265625 0.5130208333333334 0.4752604166666667 0.2942708333333333 0.4739583333333333 0.17447916666666666 0.4765625 0.17057291666666666 0.4765625 0.125
3 0.6236979166666666 0.1640625 0.6263020833333334 0.17317708333333334 0.6197916666666666 0.18619791666666666 0.6158854166666666 0.18229166666666666 0.6158854166666666 0.16927083333333334 0.6197916666666666 0.16276041666666666 0.6223958333333334 0.1640625
3 0.6848958333333334 0.5611979166666666 0.009114583333333334 0.022135416666666668
3 0.4752604166666667 0.5143229166666666 0.48046875 0.515625 0.4817708333333333 0.5182291666666666 0.4791666666666667 0.53515625 0.4778645833333333 0.5377604166666666 0.4739583333333333 0.5377604166666666 0.47265625 0.5325520833333334 0.4752604166666667 0.515625
3 0.5963541666666666 0.8463541666666666 0.5989583333333334 0.8463541666666666 0.6028645833333334 0.8567708333333334 0.6028645833333334 0.87109375 0.59765625 0.8723958333333334 0.5963541666666666 0.8645833333333334 0.59375 0.8619791666666666 0.59375 0.8502604166666666 0.5963541666666666 0.84765625
3 0.484375 0.14453125 0.4895833333333333 0.14583333333333334 0.4934895833333333 0.15494791666666666 0.4908854166666667 0.17578125 0.4869791666666667 0.17708333333333334 0.48046875 0.17057291666666666 0.4791666666666667 0.15494791666666666 0.4830729166666667 0.14583333333333334
3 0.3971354166666667 0.8645833333333334 0.3997395833333333 0.8645833333333334 0.4049479166666667 0.8723958333333334 0.4036458333333333 0.8815104166666666 0.3971354166666667 0.8841145833333334 0.39453125 0.8815104166666666 0.39453125 0.87109375 0.3971354166666667 0.8658854166666666
3 0.2760416666666667 0.23697916666666666 0.2799479166666667 0.24479166666666666 0.2799479166666667 0.2526041666666667 0.2760416666666667 0.2604166666666667 0.2721354166666667 0.2578125 0.265625 0.24739583333333334 0.265625 0.23958333333333334 0.26953125 0.23567708333333334 0.2747395833333333 0.23697916666666666
3 0.7109375 0.7109375 0.7135416666666666 0.7135416666666666 0.7135416666666666 0.7200520833333334 0.7096354166666666 0.7330729166666666 0.7044270833333334 0.7252604166666666 0.7018229166666666 0.7161458333333334 0.7018229166666666 0.7122395833333334 0.7096354166666666 0.7109375
3 0.10091145833333333 0.4837239583333333 0.018229166666666668 0.020833333333333332
3 0.4401041666666667 0.640625 0.4427083333333333 0.640625 0.4440104166666667 0.6432291666666666 0.4453125 0.6536458333333334 0.4427083333333333 0.6588541666666666 0.4375 0.6510416666666666 0.4375 0.64453125 0.4401041666666667 0.6419270833333334
3 0.828125 0.5091145833333334 0.8346354166666666 0.5182291666666666 0.8333333333333334 0.5325520833333334 0.8190104166666666 0.5325520833333334 0.8216145833333334 0.5260416666666666 0.8203125 0.5182291666666666 0.8255208333333334 0.5143229166666666 0.8268229166666666 0.5104166666666666
3 0.20572916666666666 0.13671875 0.21614583333333334 0.14453125 0.21744791666666666 0.15494791666666666 0.21354166666666666 0.15755208333333334 0.20182291666666666 0.15104166666666666 0.20052083333333334 0.14322916666666666 0.20182291666666666 0.13802083333333334 0.20442708333333334 0.13671875