1 0.53125 0.5638888893229167 0.5320312500000001 0.56527777734375 0.53359375 0.5666666666666667 0.5359375000000001 0.5638888893229167 0.5359375000000001 0.55972222265625 0.53515625 0.5583333333333333 0.53359375 0.5569444440104167 0.53125 0.55972222265625 0.53125 0.5638888893229167
3 0.7330729166666666 0.2825520833333333 0.7408854166666666 0.2864583333333333 0.7408854166666666 0.2942708333333333 0.7369791666666666 0.30078125 0.73046875 0.3046875 0.7278645833333334 0.3046875 0.7278645833333334 0.28515625 0.7317708333333334 0.2825520833333333
3 0.37890625 0.16145833333333334 0.3815104166666667 0.1640625 0.3854166666666667 0.18229166666666666 0.3828125 0.18619791666666666 0.37890625 0.18619791666666666 0.3723958333333333 0.17447916666666666 0.3723958333333333 0.16666666666666666 0.3776041666666667 0.16145833333333334
3 0.3203125 0.5520833333333334 0.32421875 0.5572916666666666 0.3229166666666667 0.5729166666666666 0.3203125 0.57421875 0.31640625 0.5690104166666666 0.31640625 0.5572916666666666 0.3190104166666667 0.5533854166666666
3 0.3997395833333333 0.875 0.40234375 0.8815104166666666 0.40234375 0.9036458333333334 0.4010416666666667 0.9088541666666666 0.3971354166666667 0.9114583333333334 0.3932291666666667 0.9049479166666666 0.3932291666666667 0.8893229166666666 0.3997395833333333 0.8763020833333334
3 0.5559895833333334 0.6380208333333334 0.5611979166666666 0.6380208333333334 0.5625 0.640625 0.5611979166666666 0.6536458333333334 0.5559895833333334 0.6549479166666666 0.5559895833333334 0.6393229166666666
3 0.7994791666666666 0.14583333333333334 0.8033854166666666 0.14583333333333334 0.8046875 0.15625 0.7942708333333334 0.1640625 0.7890625 0.16536458333333334 0.7864583333333334 0.16145833333333334 0.7890625 0.15625 0.7994791666666666 0.14713541666666666
3 0.6028645833333334 0.8606770833333334 0.6106770833333334 0.8619791666666666 0.6158854166666666 0.8671875 0.6158854166666666 0.8776041666666666 0.6119791666666666 0.8828125 0.609375 0.8828125 0.60546875 0.87890625 0.6028645833333334 0.8619791666666666
3 0.5149739583333334 0.158203125 0.014973958333333334 0.033203125
3 0.2916666666666667 0.7083333333333334 0.2955729166666667 0.7174479166666666 0.2916666666666667 0.7317708333333334 0.2890625 0.734375 0.2864583333333333 0.7330729166666666 0.2838541666666667 0.72265625 0.2838541666666667 0.7174479166666666 0.2916666666666667 0.7096354166666666
3 0.8997395833333334 0.4765625 0.90625 0.4791666666666667 0.9140625 0.4778645833333333 0.91796875 0.484375 0.9166666666666666 0.4934895833333333 0.9140625 0.4947916666666667 0.8997395833333334 0.4921875 0.8997395833333334 0.4778645833333333
3 0.1640625 0.5130208333333334 0.16666666666666666 0.5130208333333334 0.16927083333333334 0.5169270833333334 0.1796875 0.515625 0.17447916666666666 0.53125 0.1640625 0.5377604166666666 0.16015625 0.5299479166666666 0.1640625 0.5143229166666666
3 0.5221354166666666 0.5130208333333334 0.5260416666666666 0.5208333333333334 0.52734375 0.546875 0.5247395833333334 0.5481770833333334 0.5234375 0.5403645833333334 0.5208333333333334 0.5377604166666666 0.5182291666666666 0.5403645833333334 0.5169270833333334 0.5377604166666666 0.5169270833333334 0.5234375 0.5208333333333334 0.5143229166666666
2 0.5247395833333334 0.5377604166666666 0.5286458333333334 0.55078125 0.52734375 0.6484375 0.5299479166666666 0.68359375 0.5286458333333334 0.7057291666666666 0.53125 0.82421875 0.53125 0.9466145833333334 0.5286458333333334 0.9453125 0.52734375 0.92578125 0.5286458333333334 0.859375 0.5247395833333334 0.66796875 0.5247395833333334 0.5390625
0 1 0.41111111067708334 0.98203125 0.41111111067708334 0.9070312500000001 0.41527777734375 0.88671875 0.42777777734375005 0.8757812500000001 0.4430555559895833 0.859375 0.48888888932291663 0.85703125 0.52222222265625 0.8601562500000001 0.5569444440104167 0.87265625 0.5930555559895833 0.8875000000000001 0.6138888893229166 0.9070312500000001 0.6263888893229167 1 0.6236111106770833 1 0.6194444440104167 0.9109375000000001 0.62222222265625 0.9 0.6180555559895834 0.88515625 0.60277777734375 0.8796875000000001 0.60277777734375 0.87890625 0.5930555559895833 0.86484375 0.55972222265625 0.86171875 0.5361111106770834 0.86484375 0.48472222265625 0.86875 0.4694444440104167 0.88671875 0.43611111067708336 0.91171875 0.41944444401041664 1 0.4166666666666667 1 0.41111111067708334
0 0.18583374088541668 0.4814724388020833 0.18281250000000002 0.47222222265625 0.171875 0.4569444440104167 0.15234375 0.4430555559895833 0.03046875 0.4458333333333333 0.03046875 0.45 0.14765625000000002 0.44722222265624995 0.171875 0.46527777734375 0.17578125 0.46249999999999997 0.17890625000000002 0.47777777734375 0.18583374088541668 0.4814724388020833
0 0.196875 0.51527777734375 0.18642064192708332 0.48326937109374996 0.18515625 0.48888888932291663 0.196875 0.54487847265625 0.196875 0.51527777734375
0 0.196875 0.5819444440104167 0.196875 0.5524305559895833 0.18515625 0.60972222265625 0.15937500000000002 0.6430555559895833 0.13446171875 0.6486111106770833 0.049999999999999996 0.6513888893229166 0.038281249999999996 0.65277777734375 0.0375 0.6569444440104167 0.13515625 0.6541666666666667 0.15546875000000002 0.65 0.1703125 0.64027777734375 0.1859375 0.6166666666666667 0.196875 0.5819444440104167