1 0.4421875 0.6875 0.4421875 0.6819444440104167 0.43906249999999997 0.6805555559895833 0.43828125 0.6819444440104167 0.43828125 0.6861111106770833 0.43906249999999997 0.6875 0.4421875 0.6875
0 0 0.4140625 0.09505208333333333 0.4166666666666667 0.09635416666666667 0.4192708333333333 0.10286458333333333 0.4205729166666667 0.11328125 0.4270833333333333 0.13020833333333334 0.44921875 0.13802083333333334 0.4674479166666667 0.14322916666666666 0.48828125 0.14713541666666666 0.51953125 0.14583333333333334 0.546875 0.14322916666666666 0.5520833333333334 0.14192708333333334 0.5690104166666666 0.13541666666666666 0.5885416666666666 0.12239583333333333 0.6106770833333334 0.10286458333333333 0.6276041666666666 0.09635416666666667 0.6302083333333334 0 0.6276041666666666 0 0.62109375 0.06510416666666667 0.6236979166666666 0.09505208333333333 0.6236979166666666 0.10286458333333333 0.62109375 0.11588541666666667 0.6106770833333334 0.13151041666666666 0.5872395833333334 0.13671875 0.56640625 0.13932291666666666 0.5638020833333334 0.14322916666666666 0.5390625 0.14322916666666666 0.5065104166666666 0.140625 0.5013020833333334 0.13932291666666666 0.484375 0.12890625 0.4557291666666667 0.11458333333333333 0.4348958333333333 0.09375 0.4231770833333333 0.006510416666666667 0.4205729166666667 0 0.4192708333333333 0 0.4153645833333333
0 0.8854166666666666 0.4466145833333333 0.95703125 0.44921875 0.9752604166666666 0.4505208333333333 0.9778645833333334 0.453125 0.9739583333333334 0.4557291666666667 0.9609375 0.4557291666666667 0.86328125 0.4518229166666667 0.8515625 0.4557291666666667 0.8489583333333334 0.4596354166666667 0.83984375 0.46484375 0.8229166666666666 0.4895833333333333 0.8151041666666666 0.51171875 0.8111979166666666 0.53125 0.8111979166666666 0.5755208333333334 0.8190104166666666 0.6080729166666666 0.8333333333333334 0.6341145833333334 0.84765625 0.6484375 0.8580729166666666 0.6536458333333334 0.9596354166666666 0.6575520833333334 0.9713541666666666 0.6588541666666666 0.9739583333333334 0.66015625 0.97265625 0.6627604166666666 0.859375 0.6588541666666666 0.84375 0.65234375 0.83203125 0.640625 0.81640625 0.6119791666666666 0.80859375 0.578125 0.8072916666666666 0.5442708333333334 0.8125 0.5091145833333334 0.8203125 0.4856770833333333 0.83203125 0.4661458333333333 0.8385416666666666 0.4609375 0.83984375 0.45703125 0.84765625 0.4518229166666667 0.8619791666666666 0.4466145833333333 0.8841145833333334 0.4466145833333333
2 0.48046875 0.12239583333333333 0.4830729166666667 0.125 0.4830729166666667 0.15494791666666666 0.4791666666666667 0.6315104166666666 0.4752604166666667 0.78125 0.4752604166666667 0.9322916666666666 0.4739583333333333 0.9518229166666666 0.4713541666666667 0.9505208333333334 0.48046875 0.12369791666666667
3 0.3977864583333333 0.20638020833333334 0.012369791666666666 0.020833333333333332
3 0.44921875 0.2421875 0.4544270833333333 0.2421875 0.4583333333333333 0.24869791666666666 0.4583333333333333 0.2604166666666667 0.453125 0.2669270833333333 0.44921875 0.2630208333333333 0.4466145833333333 0.2552083333333333 0.4466145833333333 0.24739583333333334 0.44921875 0.24348958333333334
3 0.5494791666666666 0.6393229166666666 0.5533854166666666 0.6484375 0.5533854166666666 0.6575520833333334 0.546875 0.6588541666666666 0.5455729166666666 0.6484375 0.5481770833333334 0.640625
3 0.3580729166666667 0.6158854166666666 0.011067708333333334 0.020833333333333332
3 0.45703125 0.7239583333333334 0.4596354166666667 0.7421875 0.453125 0.74609375 0.44921875 0.7395833333333334 0.44921875 0.7330729166666666 0.4557291666666667 0.7252604166666666
3 0.3958333333333333 0.8359375 0.3958333333333333 0.8515625 0.3932291666666667 0.85546875 0.38671875 0.8450520833333334 0.38671875 0.83984375 0.39453125 0.8359375
3 0.3450520833333333 0.5052083333333334 0.3489583333333333 0.5130208333333334 0.3489583333333333 0.5247395833333334 0.3424479166666667 0.5247395833333334 0.33984375 0.5221354166666666 0.33984375 0.515625 0.34375 0.5065104166666666
3 0.22135416666666666 0.6731770833333334 0.22395833333333334 0.6731770833333334 0.23046875 0.6796875 0.23046875 0.68359375 0.22526041666666666 0.6888020833333334 0.21744791666666666 0.6901041666666666 0.21744791666666666 0.6822916666666666 0.22135416666666666 0.6744791666666666
3 0.5677083333333334 0.4140625 0.5703125 0.421875 0.5677083333333334 0.4348958333333333 0.5625 0.4322916666666667 0.5625 0.4140625 0.56640625 0.4140625
3 0.39375 0.5291666666666667 0.390625 0.5111111106770834 0.38203125 0.51527777734375 0.38125000000000003 0.525 0.38437499999999997 0.5333333333333333 0.38828124999999997 0.5361111106770834 0.39375 0.5291666666666667
3 0.41796875 0.39305555598958336 0.421875 0.4083333333333334 0.42734374999999997 0.4083333333333334 0.425 0.39027777734375 0.41796875 0.39305555598958336
3 0.234375 0.48194444401041664 0.2265625 0.48472222265625 0.22578125000000002 0.49027777734375005 0.234375 0.5013888893229167 0.23906249999999998 0.5013888893229167 0.234375 0.48194444401041664