1 0.18828124999999998 0.5611111106770833 0.1890625 0.55972222265625 0.1890625 0.5555555559895834 0.18828124999999998 0.5541666666666667 0.18437499999999998 0.5541666666666667 0.18359375 0.5555555559895834 0.18359375 0.55972222265625 0.18515625 0.5611111106770833 0.18828124999999998 0.5611111106770833
0 0 0.4088541666666667 0.07552083333333333 0.4114583333333333 0.09505208333333333 0.4166666666666667 0.10677083333333333 0.4270833333333333 0.12369791666666667 0.4544270833333333 0.12760416666666666 0.46875 0.13020833333333334 0.4713541666666667 0.13541666666666666 0.5052083333333334 0.13411458333333334 0.55078125 0.13020833333333334 0.5690104166666666 0.11848958333333333 0.5963541666666666 0.1015625 0.6171875 0.08723958333333333 0.6236979166666666 0.0859375 0.6263020833333334 0 0.6236979166666666 0 0.6184895833333334 0.08463541666666667 0.62109375 0.09895833333333333 0.61328125 0.11588541666666667 0.5924479166666666 0.12369791666666667 0.5755208333333334 0.125 0.5677083333333334 0.12760416666666666 0.5651041666666666 0.1328125 0.5325520833333334 0.1328125 0.5065104166666666 0.12760416666666666 0.4752604166666667 0.11848958333333333 0.4518229166666667 0.10286458333333333 0.4296875 0.08463541666666667 0.4192708333333333 0.041666666666666664 0.41796875 0.040364583333333336 0.4153645833333333 0.037760416666666664 0.41796875 0.03515625 0.4153645833333333 0 0.4153645833333333 0 0.41015625
0 0.8645833333333334 0.4453125 0.96484375 0.44921875 0.9661458333333334 0.453125 0.9583333333333334 0.4544270833333333 0.8515625 0.4505208333333333 0.8372395833333334 0.45703125 0.8190104166666666 0.4778645833333333 0.8111979166666666 0.4934895833333333 0.8033854166666666 0.51953125 0.8020833333333334 0.5703125 0.8098958333333334 0.6067708333333334 0.8229166666666666 0.6315104166666666 0.84375 0.6497395833333334 0.8736979166666666 0.6536458333333334 0.9518229166666666 0.65625 0.9635416666666666 0.6575520833333334 0.9635416666666666 0.6614583333333334 0.89453125 0.66015625 0.84765625 0.65625 0.83203125 0.6484375 0.8203125 0.6354166666666666 0.8125 0.6223958333333334 0.80078125 0.5872395833333334 0.7994791666666666 0.5729166666666666 0.7994791666666666 0.5299479166666666 0.8046875 0.5 0.8177083333333334 0.4713541666666667 0.828125 0.45703125 0.8424479166666666 0.4479166666666667 0.8515625 0.4453125 0.86328125 0.4453125
2 0.4739583333333333 0.11979166666666667 0.4700520833333333 0.6471354166666666 0.4674479166666667 0.6966145833333334 0.4661458333333333 0.8203125 0.4674479166666667 0.8606770833333334 0.4661458333333333 0.9244791666666666 0.4635416666666667 0.94921875 0.4622395833333333 0.8723958333333334 0.46484375 0.68359375 0.4674479166666667 0.6341145833333334 0.46875 0.30078125 0.4713541666666667 0.2513020833333333 0.47265625 0.12109375
3 0.22265625 0.4375 0.23046875 0.4440104166666667 0.23828125 0.4453125 0.23697916666666666 0.4544270833333333 0.234375 0.45703125 0.22786458333333334 0.45703125 0.22135416666666666 0.4505208333333333 0.22265625 0.4388020833333333
3 0.4127604166666667 0.3567708333333333 0.4166666666666667 0.3567708333333333 0.4192708333333333 0.3619791666666667 0.4192708333333333 0.37890625 0.4166666666666667 0.37890625 0.4140625 0.3763020833333333 0.4114583333333333 0.36328125 0.4127604166666667 0.3580729166666667
3 0.3736979166666667 0.3684895833333333 0.3802083333333333 0.375 0.3802083333333333 0.3919270833333333 0.3736979166666667 0.3932291666666667 0.3658854166666667 0.3854166666666667 0.3658854166666667 0.375 0.3697916666666667 0.3697916666666667 0.3723958333333333 0.3697916666666667
3 0.3450520833333333 0.80859375 0.3463541666666667 0.8229166666666666 0.3385416666666667 0.8294270833333334 0.3359375 0.828125 0.3359375 0.8229166666666666 0.33984375 0.8111979166666666 0.34375 0.80859375
3 0.3385416666666667 0.66015625 0.3502604166666667 0.6614583333333334 0.3502604166666667 0.67578125 0.3463541666666667 0.6809895833333334 0.33984375 0.67578125 0.3385416666666667 0.6614583333333334
3 0.20833333333333334 0.8626302083333334 0.014973958333333334 0.022135416666666668
3 0.4322916666666667 0.5104166666666666 0.4375 0.5208333333333334 0.4348958333333333 0.53125 0.4296875 0.5286458333333334 0.42578125 0.51953125 0.42578125 0.515625 0.4309895833333333 0.5104166666666666
3 0.7350260416666666 0.5546875 0.016276041666666668 0.0234375
3 0.3385416666666667 0.6341145833333334 0.3424479166666667 0.6328125 0.3489583333333333 0.63671875 0.3489583333333333 0.6471354166666666 0.3450520833333333 0.6497395833333334 0.3372395833333333 0.6471354166666666 0.3359375 0.6380208333333334 0.3385416666666667 0.6354166666666666
3 0.22395833333333334 0.2109375 0.22786458333333334 0.2109375 0.23697916666666666 0.22135416666666666 0.23697916666666666 0.2265625 0.2265625 0.22265625 0.22265625 0.21614583333333334 0.22395833333333334 0.21223958333333334
3 0.041666666666666664 0.52734375 0.049479166666666664 0.5286458333333334 0.057291666666666664 0.5260416666666666 0.05859375 0.5338541666666666 0.057291666666666664 0.5390625 0.046875 0.5403645833333334 0.041666666666666664 0.5377604166666666 0.041666666666666664 0.5286458333333334
3 0.16145833333333334 0.6588541666666666 0.15625 0.6549479166666666 0.15755208333333334 0.6458333333333334 0.16276041666666666 0.6419270833333334 0.17447916666666666 0.640625 0.17317708333333334 0.65234375 0.16927083333333334 0.65625 0.16276041666666666 0.6575520833333334