1 0.4609375 0.5444444440104167 0.46171875 0.5430555559895833 0.46171875 0.5361111106770834 0.46015625 0.53472222265625 0.4578125 0.5361111106770834 0.45703125 0.5416666666666666 0.45859374999999997 0.5444444440104167 0.4609375 0.5444444440104167
0 0 0.421875 0.09244791666666667 0.4244791666666667 0.10677083333333333 0.4270833333333333 0.11848958333333333 0.43359375 0.13151041666666666 0.44921875 0.14192708333333334 0.46875 0.14973958333333334 0.4947916666666667 0.15234375 0.53125 0.14973958333333334 0.56640625 0.14192708333333334 0.5924479166666666 0.13411458333333334 0.6080729166666666 0.11588541666666667 0.62890625 0.1015625 0.6354166666666666 0 0.6328125 0 0.6276041666666666 0.041666666666666664 0.6276041666666666 0.07421875 0.6302083333333334 0.09895833333333333 0.6302083333333334 0.10677083333333333 0.6276041666666666 0.12369791666666667 0.61328125 0.12890625 0.6067708333333334 0.1328125 0.5963541666666666 0.13541666666666666 0.5950520833333334 0.14322916666666666 0.57421875 0.1484375 0.5494791666666666 0.1484375 0.5130208333333334 0.13932291666666666 0.47265625 0.13151041666666666 0.45703125 0.11197916666666667 0.4361979166666667 0.09895833333333333 0.4309895833333333 0 0.4283854166666667 0 0.4231770833333333
0 0.8802083333333334 0.4518229166666667 0.9622395833333334 0.4544270833333333 0.9739583333333334 0.4557291666666667 0.9739583333333334 0.4609375 0.9127604166666666 0.4609375 0.875 0.4596354166666667 0.8736979166666666 0.45703125 0.859375 0.45703125 0.8580729166666666 0.4596354166666667 0.84375 0.46484375 0.8359375 0.4713541666666667 0.8190104166666666 0.4973958333333333 0.8098958333333334 0.5299479166666666 0.8072916666666666 0.5598958333333334 0.8098958333333334 0.5859375 0.8177083333333334 0.61328125 0.8294270833333334 0.6354166666666666 0.8515625 0.6549479166666666 0.8802083333333334 0.6588541666666666 0.96875 0.6614583333333334 0.9674479166666666 0.6653645833333334 0.8763020833333334 0.6640625 0.8541666666666666 0.6614583333333334 0.83203125 0.6471354166666666 0.8229166666666666 0.6341145833333334 0.8151041666666666 0.6171875 0.8072916666666666 0.5885416666666666 0.8059895833333334 0.5455729166666666 0.80859375 0.5208333333333334 0.81640625 0.4947916666666667 0.8268229166666666 0.4752604166666667 0.8424479166666666 0.4583333333333333 0.8541666666666666 0.453125 0.87890625 0.4518229166666667
2 0.48046875 0.5234375 0.4817708333333333 0.55078125 0.4791666666666667 0.5690104166666666 0.48046875 0.6393229166666666 0.4778645833333333 0.6927083333333334 0.4778645833333333 0.87109375 0.4752604166666667 0.9518229166666666 0.47265625 0.9518229166666666 0.47265625 0.86328125 0.4752604166666667 0.8020833333333334 0.4765625 0.546875 0.4791666666666667 0.54296875 0.4791666666666667 0.5247395833333334
3 0.5638020833333334 0.5546875 0.56640625 0.55859375 0.5651041666666666 0.5729166666666666 0.5598958333333334 0.5677083333333334 0.5598958333333334 0.5572916666666666 0.5625 0.5559895833333334
3 0.4908854166666667 0.6809895833333334 0.4947916666666667 0.6848958333333334 0.4947916666666667 0.6953125 0.4908854166666667 0.6979166666666666 0.48828125 0.6979166666666666 0.4856770833333333 0.6927083333333334 0.4856770833333333 0.6848958333333334 0.4895833333333333 0.6809895833333334
3 0.4713541666666667 0.5078125 0.4739583333333333 0.5078125 0.4778645833333333 0.5130208333333334 0.4765625 0.52734375 0.4739583333333333 0.53125 0.4700520833333333 0.5299479166666666 0.46484375 0.5247395833333334 0.46484375 0.5182291666666666 0.4713541666666667 0.5091145833333334
3 0.50390625 0.6002604166666666 0.5091145833333334 0.6015625 0.5091145833333334 0.6171875 0.5052083333333334 0.6197916666666666 0.5026041666666666 0.6171875 0.50390625 0.6015625
3 0.4622395833333333 0.23828125 0.46484375 0.2526041666666667 0.4635416666666667 0.2578125 0.4596354166666667 0.2604166666666667 0.453125 0.24609375 0.453125 0.23958333333333334 0.4609375 0.23828125
3 0.42578125 0.5377604166666666 0.4309895833333333 0.5403645833333334 0.4322916666666667 0.546875 0.4322916666666667 0.5520833333333334 0.4283854166666667 0.5559895833333334 0.4244791666666667 0.5481770833333334 0.42578125 0.5390625
3 0.53515625 0.2630208333333333 0.5390625 0.2630208333333333 0.54296875 0.2682291666666667 0.5416666666666666 0.2838541666666667 0.5364583333333334 0.28515625 0.5338541666666666 0.2760416666666667 0.53515625 0.2643229166666667
3 0.6484375 0.5065104166666666 0.6575520833333334 0.515625 0.6536458333333334 0.53125 0.6484375 0.53125 0.6484375 0.5078125
3 0.35546875 0.3671875 0.3697916666666667 0.3697916666666667 0.3684895833333333 0.3802083333333333 0.3658854166666667 0.38671875 0.36328125 0.38671875 0.359375 0.3841145833333333 0.35546875 0.3684895833333333
3 0.4140625 0.74609375 0.4166666666666667 0.74609375 0.4153645833333333 0.7669270833333334 0.4114583333333333 0.76953125 0.4049479166666667 0.7591145833333334 0.4140625 0.7473958333333334
3 0.44140625 0.421875 0.4453125 0.421875 0.4479166666666667 0.4283854166666667 0.4466145833333333 0.4388020833333333 0.4440104166666667 0.4388020833333333 0.4401041666666667 0.43359375 0.44140625 0.4231770833333333
3 0.48593749999999997 0.45555555598958336 0.48593749999999997 0.44861111067708337 0.48359375 0.44027777734375 0.48046875 0.4375 0.47890625000000003 0.4375 0.4765625 0.43888888932291664 0.4734375 0.4430555559895833 0.47265625 0.4458333333333333 0.47265625 0.45416666666666666 0.47421874999999997 0.4569444440104167 0.47500000000000003 0.4569444440104167 0.4765625 0.45972222265625 0.47890625000000003 0.45972222265625 0.4796875 0.4611111106770833 0.484375 0.45972222265625 0.48515625 0.4583333333333333 0.48593749999999997 0.45555555598958336