1 0.46953125 0.5333333333333333 0.47265625 0.5319444440104167 0.471875 0.52777777734375 0.46953125 0.5333333333333333
0 0 0.42578125 0.09895833333333333 0.4283854166666667 0.11328125 0.4348958333333333 0.12760416666666666 0.4505208333333333 0.13802083333333334 0.4700520833333333 0.14322916666666666 0.4908854166666667 0.14583333333333334 0.4934895833333333 0.14973958333333334 0.52734375 0.14713541666666666 0.56640625 0.14192708333333334 0.5872395833333334 0.13411458333333334 0.6067708333333334 0.11848958333333333 0.625 0.11848958333333333 0.6276041666666666 0.09895833333333333 0.6380208333333334 0 0.6354166666666666 0 0.6302083333333334 0.09635416666666667 0.6328125 0.10677083333333333 0.62890625 0.12109375 0.6158854166666666 0.13541666666666666 0.5924479166666666 0.14322916666666666 0.5677083333333334 0.14583333333333334 0.546875 0.14453125 0.5052083333333334 0.13932291666666666 0.484375 0.12760416666666666 0.4583333333333333 0.11197916666666667 0.44140625 0.10546875 0.4388020833333333 0.10416666666666667 0.4361979166666667 0.09505208333333333 0.43359375 0 0.4309895833333333 0 0.4270833333333333
0 0.90625 0.453125 0.93359375 0.4557291666666667 0.96875 0.4557291666666667 0.9700520833333334 0.4609375 0.9401041666666666 0.4622395833333333 0.8541666666666666 0.4596354166666667 0.83984375 0.4661458333333333 0.83203125 0.47265625 0.8151041666666666 0.4986979166666667 0.8072916666666666 0.5286458333333334 0.8059895833333334 0.578125 0.8111979166666666 0.60546875 0.8255208333333334 0.6354166666666666 0.83984375 0.6510416666666666 0.8502604166666666 0.65625 0.859375 0.6588541666666666 0.9609375 0.6614583333333334 0.9661458333333334 0.6627604166666666 0.9661458333333334 0.6653645833333334 0.8893229166666666 0.6653645833333334 0.859375 0.6640625 0.84765625 0.6614583333333334 0.828125 0.6471354166666666 0.81640625 0.62890625 0.80859375 0.609375 0.8033854166666666 0.5846354166666666 0.8033854166666666 0.53515625 0.80859375 0.5078125 0.8229166666666666 0.4765625 0.8411458333333334 0.4583333333333333 0.8489583333333334 0.4544270833333333 0.9049479166666666 0.453125
2 0.4739583333333333 0.4700520833333333 0.4778645833333333 0.4700520833333333 0.4739583333333333 0.953125 0.4700520833333333 0.953125 0.4739583333333333 0.6770833333333334 0.4739583333333333 0.4713541666666667
3 0.5651041666666666 0.55859375 0.5690104166666666 0.5625 0.5677083333333334 0.5755208333333334 0.5638020833333334 0.5755208333333334 0.5611979166666666 0.5690104166666666 0.5611979166666666 0.5598958333333334 0.5638020833333334 0.55859375
3 0.4947916666666667 0.62109375 0.4986979166666667 0.6236979166666666 0.4986979166666667 0.6380208333333334 0.4947916666666667 0.6419270833333334 0.4921875 0.63671875 0.4921875 0.6276041666666666 0.4947916666666667 0.6223958333333334
3 0.4583333333333333 0.23958333333333334 0.4609375 0.25 0.4609375 0.2552083333333333 0.4583333333333333 0.2591145833333333 0.453125 0.2578125 0.453125 0.2526041666666667 0.44921875 0.24479166666666666 0.4505208333333333 0.2421875 0.45703125 0.23958333333333334
3 0.41796875 0.5859375 0.4231770833333333 0.5885416666666666 0.4244791666666667 0.5950520833333334 0.4231770833333333 0.6028645833333334 0.41796875 0.6002604166666666 0.41796875 0.5872395833333334
3 0.5364583333333334 0.24479166666666666 0.5403645833333334 0.24869791666666666 0.5403645833333334 0.26171875 0.5377604166666666 0.2682291666666667 0.5338541666666666 0.2682291666666667 0.53515625 0.24609375
3 0.3984375 0.8138020833333334 0.39453125 0.8059895833333334 0.4010416666666667 0.7994791666666666 0.4049479166666667 0.8033854166666666 0.4049479166666667 0.8138020833333334 0.3997395833333333 0.8138020833333334
3 0.3658854166666667 0.31640625 0.3697916666666667 0.31640625 0.37109375 0.32421875 0.3697916666666667 0.3346354166666667 0.36328125 0.3294270833333333 0.36328125 0.3216145833333333 0.3658854166666667 0.3177083333333333
3 0.66796875 0.58203125 0.6731770833333334 0.58203125 0.67578125 0.5911458333333334 0.6731770833333334 0.6015625 0.66796875 0.6015625 0.6640625 0.59375 0.6640625 0.5885416666666666 0.66796875 0.5859375 0.66796875 0.5833333333333334
3 0.4361979166666667 0.4127604166666667 0.4322916666666667 0.4049479166666667 0.4361979166666667 0.3984375 0.4401041666666667 0.3984375 0.4427083333333333 0.40234375 0.44140625 0.4114583333333333 0.4388020833333333 0.4140625 0.4375 0.4127604166666667
3 0.5234375 0.45703125 0.5286458333333334 0.4635416666666667 0.5260416666666666 0.4778645833333333 0.5221354166666666 0.4778645833333333 0.5182291666666666 0.4661458333333333 0.51953125 0.4583333333333333 0.5221354166666666 0.45703125
3 0.51171875 0.7239583333333334 0.515625 0.7239583333333334 0.5169270833333334 0.7265625 0.515625 0.7408854166666666 0.51171875 0.7408854166666666 0.51171875 0.7252604166666666
3 0.47031249999999997 0.44444444401041666 0.46953125 0.45555555598958336 0.4734375 0.46249999999999997 0.48281250000000003 0.4583333333333333 0.48046875 0.44166666666666665 0.47031249999999997 0.44444444401041666