1 0.7265625 0.38671875 0.73046875 0.3958333333333333 0.7291666666666666 0.3997395833333333 0.7278645833333334 0.3984375 0.7265625 0.4010416666666667 0.7239583333333334 0.4010416666666667 0.72265625 0.3919270833333333 0.7252604166666666 0.3880208333333333
0 0.9609375 0.4166666666666667 0.9986979166666666 0.4166666666666667 0.9986979166666666 0.421875 0.90234375 0.42578125 0.8841145833333334 0.4348958333333333 0.87109375 0.4505208333333333 0.859375 0.4752604166666667 0.8541666666666666 0.49609375 0.8515625 0.53125 0.85546875 0.5651041666666666 0.86328125 0.5872395833333334 0.87109375 0.6015625 0.8854166666666666 0.6184895833333334 0.89453125 0.6236979166666666 0.90234375 0.625 0.9036458333333334 0.6276041666666666 0.9153645833333334 0.6276041666666666 0.9166666666666666 0.625 0.9986979166666666 0.6223958333333334 0.9986979166666666 0.62890625 0.9036458333333334 0.6328125 0.8880208333333334 0.6276041666666666 0.87109375 0.6106770833333334 0.8606770833333334 0.5924479166666666 0.8528645833333334 0.5677083333333334 0.8489583333333334 0.53515625 0.8489583333333334 0.5130208333333334 0.8528645833333334 0.4856770833333333 0.8619791666666666 0.4583333333333333 0.875 0.4375 0.8841145833333334 0.4283854166666667 0.8958333333333334 0.421875 0.9609375 0.41796875
0 0.14322916666666666 0.4505208333333333 0.15755208333333334 0.4583333333333333 0.17057291666666666 0.4739583333333333 0.1796875 0.4921875 0.18619791666666666 0.5130208333333334 0.19010416666666666 0.5455729166666666 0.19010416666666666 0.5716145833333334 0.18229166666666666 0.6106770833333334 0.17447916666666666 0.625 0.17447916666666666 0.62890625 0.16015625 0.6458333333333334 0.16015625 0.6484375 0.14322916666666666 0.6588541666666666 0.12890625 0.6614583333333334 0.08984375 0.6614583333333334 0.061197916666666664 0.6640625 0.024739583333333332 0.6640625 0.024739583333333332 0.66015625 0.13671875 0.6549479166666666 0.15234375 0.6484375 0.1640625 0.6354166666666666 0.17578125 0.6158854166666666 0.18489583333333334 0.5859375 0.1875 0.55078125 0.18359375 0.5143229166666666 0.17708333333333334 0.5013020833333334 0.17578125 0.4921875 0.1640625 0.47265625 0.140625 0.4544270833333333 0.12109375 0.453125 0.09375 0.4557291666666667 0.024739583333333332 0.45703125 0.020833333333333332 0.4557291666666667 0.020833333333333332 0.453125 0.08203125 0.44921875 0.14192708333333334 0.4505208333333333
2 0.5208333333333334 0.5950520833333334 0.5234375 0.81640625 0.5260416666666666 0.8697916666666666 0.5260416666666666 0.9505208333333334 0.5234375 0.9518229166666666 0.5221354166666666 0.9466145833333334 0.5234375 0.9283854166666666 0.5208333333333334 0.9244791666666666 0.5221354166666666 0.8736979166666666 0.5182291666666666 0.6419270833333334 0.51953125 0.6276041666666666 0.5169270833333334 0.6158854166666666 0.5169270833333334 0.6002604166666666 0.5208333333333334 0.5963541666666666
3 0.4283854166666667 0.5299479166666666 0.4283854166666667 0.5494791666666666 0.421875 0.546875 0.4192708333333333 0.54296875 0.4192708333333333 0.5325520833333334 0.4270833333333333 0.5299479166666666
3 0.5807291666666666 0.4817708333333333 0.5859375 0.4921875 0.5846354166666666 0.5013020833333334 0.5807291666666666 0.5065104166666666 0.5755208333333334 0.5078125 0.5729166666666666 0.50390625 0.5729166666666666 0.4908854166666667 0.5755208333333334 0.484375 0.5794270833333334 0.4830729166666667
3 0.5104166666666666 0.58203125 0.5130208333333334 0.5755208333333334 0.5182291666666666 0.5729166666666666 0.5182291666666666 0.5911458333333334 0.5130208333333334 0.58984375 0.51171875 0.5833333333333334
3 0.5729166666666666 0.20833333333333334 0.57421875 0.21744791666666666 0.5703125 0.2265625 0.5651041666666666 0.2265625 0.5638020833333334 0.22005208333333334 0.5677083333333334 0.21354166666666666 0.5677083333333334 0.20833333333333334 0.5716145833333334 0.20833333333333334
3 0.765625 0.6171875 0.7799479166666666 0.6184895833333334 0.7799479166666666 0.6302083333333334 0.7747395833333334 0.6328125 0.7669270833333334 0.6328125 0.765625 0.6184895833333334
3 0.6328125 0.55859375 0.63671875 0.5625 0.6354166666666666 0.57421875 0.62890625 0.5768229166666666 0.625 0.5729166666666666 0.625 0.5651041666666666 0.6276041666666666 0.5651041666666666 0.6315104166666666 0.5598958333333334
3 0.4973958333333333 0.25390625 0.5013020833333334 0.2552083333333333 0.50390625 0.26953125 0.50390625 0.2760416666666667 0.5 0.2786458333333333 0.49609375 0.27734375 0.4947916666666667 0.265625 0.4973958333333333 0.2552083333333333
3 0.7265625 0.3489583333333333 0.7291666666666666 0.3515625 0.7369791666666666 0.3528645833333333 0.7330729166666666 0.3723958333333333 0.7265625 0.38671875 0.7265625 0.3971354166666667 0.7239583333333334 0.3971354166666667 0.72265625 0.39453125 0.7213541666666666 0.3854166666666667 0.7252604166666666 0.3502604166666667
3 0.6145833333333334 0.40234375 0.6184895833333334 0.41015625 0.6158854166666666 0.41796875 0.6106770833333334 0.4205729166666667 0.6067708333333334 0.4153645833333333 0.61328125 0.4036458333333333
3 0.5208333333333334 0.3815104166666667 0.5260416666666666 0.3815104166666667 0.5299479166666666 0.3932291666666667 0.5247395833333334 0.4036458333333333 0.51953125 0.4010416666666667 0.5208333333333334 0.3828125
3 0.609375 0.8458333333333333 0.61171875 0.8486111106770834 0.61328125 0.8486111106770834 0.615625 0.8458333333333333 0.61875 0.8458333333333333 0.6203124999999999 0.8472222226562499 0.62109375 0.8444444440104166 0.62109375 0.8416666666666667 0.6164062499999999 0.8333333333333334 0.615625 0.8291666666666666 0.61328125 0.8250000000000001 0.609375 0.8319444440104166 0.609375 0.8458333333333333
3 0.5539062499999999 0.7555555559895833 0.55703125 0.7638888893229167 0.5609375 0.7638888893229167 0.56640625 0.7444444440104167 0.56484375 0.73472222265625 0.5609375 0.7305555559895834 0.5578124999999999 0.7388888893229167 0.5539062499999999 0.7555555559895833