1 0.24775 0.46774027734375 0.24850000000000003 0.47107222265625 0.24968749999999998 0.4742916666666666 0.2515 0.47562499999999996 0.252578125 0.4730833333333333 0.2526875 0.47284861067708334 0.24850000000000003 0.46629722265625 0.24775 0.46774027734375
0 0.9986979166666666 0.42578125 0.9986979166666666 0.4296875 0.9947916666666666 0.4309895833333333 0.9114583333333334 0.4322916666666667 0.9036458333333334 0.4348958333333333 0.8815104166666666 0.4557291666666667 0.87109375 0.4752604166666667 0.86328125 0.5 0.8619791666666666 0.5559895833333334 0.8645833333333334 0.5716145833333334 0.8697916666666666 0.5833333333333334 0.87109375 0.5924479166666666 0.87890625 0.6080729166666666 0.8984375 0.6302083333333334 0.9114583333333334 0.6354166666666666 0.9986979166666666 0.6328125 0.9986979166666666 0.6380208333333334 0.9348958333333334 0.640625 0.91015625 0.640625 0.8971354166666666 0.6354166666666666 0.8880208333333334 0.62890625 0.8723958333333334 0.6067708333333334 0.8606770833333334 0.5716145833333334 0.8580729166666666 0.5442708333333334 0.859375 0.5065104166666666 0.8645833333333334 0.4817708333333333 0.87890625 0.4518229166666667 0.890625 0.4375 0.8997395833333334 0.4309895833333333 0.9153645833333334 0.4270833333333333 0.9973958333333334 0.42578125
0 0.1484375 0.45703125 0.16276041666666666 0.4661458333333333 0.17447916666666666 0.4778645833333333 0.18229166666666666 0.4921875 0.19140625 0.5169270833333334 0.19140625 0.5247395833333334 0.1953125 0.5377604166666666 0.19661458333333334 0.5729166666666666 0.19401041666666666 0.5963541666666666 0.18619791666666666 0.6263020833333334 0.17057291666666666 0.65234375 0.15494791666666666 0.6640625 0.1484375 0.6653645833333334 0.14713541666666666 0.66796875 0.05078125 0.6731770833333334 0.03125 0.6731770833333334 0.03125 0.6666666666666666 0.033854166666666664 0.6666666666666666 0.03515625 0.6692708333333334 0.036458333333333336 0.6666666666666666 0.059895833333333336 0.6653645833333334 0.13671875 0.6640625 0.15885416666666666 0.65625 0.16796875 0.6471354166666666 0.18098958333333334 0.6276041666666666 0.19140625 0.5950520833333334 0.19140625 0.53125 0.1875 0.5143229166666666 0.17578125 0.48828125 0.16145833333333334 0.4713541666666667 0.1484375 0.4635416666666667 0.12630208333333334 0.4622395833333333 0.02734375 0.46484375 0.02734375 0.4609375 0.03125 0.4609375 0.032552083333333336 0.4583333333333333 0.12630208333333334 0.4557291666666667 0.14713541666666666 0.45703125
2 0.5221354166666666 0.13411458333333334 0.5247395833333334 0.15625 0.52734375 0.4479166666666667 0.5260416666666666 0.4947916666666667 0.52734375 0.6145833333333334 0.5299479166666666 0.62890625 0.5286458333333334 0.6640625 0.5325520833333334 0.8802083333333334 0.53125 0.9622395833333334 0.5286458333333334 0.9557291666666666 0.5299479166666666 0.9427083333333334 0.52734375 0.8815104166666666 0.52734375 0.6731770833333334 0.5247395833333334 0.6549479166666666 0.5234375 0.2760416666666667 0.5208333333333334 0.18619791666666666 0.5221354166666666 0.13541666666666666
3 0.25390625 0.4453125 0.2565104166666667 0.4466145833333333 0.2578125 0.4544270833333333 0.2565104166666667 0.4700520833333333 0.25 0.4739583333333333 0.24348958333333334 0.4609375 0.24348958333333334 0.4518229166666667 0.24609375 0.4479166666666667 0.2526041666666667 0.4466145833333333
3 0.2682291666666667 0.5364583333333334 0.2747395833333333 0.5338541666666666 0.2799479166666667 0.53515625 0.2799479166666667 0.5455729166666666 0.2747395833333333 0.55078125 0.2669270833333333 0.546875 0.2682291666666667 0.5377604166666666
3 0.14973958333333334 0.5182291666666666 0.15494791666666666 0.5234375 0.15625 0.5286458333333334 0.15494791666666666 0.5325520833333334 0.14713541666666666 0.5377604166666666 0.13802083333333334 0.5234375 0.14192708333333334 0.5182291666666666 0.1484375 0.5182291666666666
3 0.22916666666666666 0.9114583333333334 0.23046875 0.9153645833333334 0.22526041666666666 0.9270833333333334 0.21875 0.9309895833333334 0.21614583333333334 0.9192708333333334 0.22005208333333334 0.9114583333333334 0.22786458333333334 0.9127604166666666
3 0.055989583333333336 0.5572916666666666 0.048177083333333336 0.5520833333333334 0.048177083333333336 0.5455729166666666 0.05078125 0.5416666666666666 0.055989583333333336 0.5377604166666666 0.059895833333333336 0.5377604166666666 0.06770833333333333 0.546875 0.06510416666666667 0.5520833333333334 0.057291666666666664 0.5559895833333334
3 0.16145833333333334 0.7825520833333334 0.16666666666666666 0.7942708333333334 0.16666666666666666 0.8020833333333334 0.16145833333333334 0.8138020833333334 0.15755208333333334 0.8138020833333334 0.15234375 0.8046875 0.15364583333333334 0.796875 0.15625 0.7955729166666666 0.16015625 0.7838541666666666
3 0.4622395833333333 0.4934895833333333 0.46875 0.4934895833333333 0.4674479166666667 0.5065104166666666 0.4609375 0.5052083333333334 0.4622395833333333 0.4947916666666667
3 0.3502604166666667 0.7526041666666666 0.3528645833333333 0.7604166666666666 0.3502604166666667 0.765625 0.34765625 0.78515625 0.3450520833333333 0.7877604166666666 0.3450520833333333 0.7708333333333334 0.3424479166666667 0.7591145833333334 0.3489583333333333 0.7526041666666666
3 0.3111979166666667 0.5416666666666666 0.3151041666666667 0.546875 0.3151041666666667 0.55078125 0.30859375 0.55859375 0.3059895833333333 0.55859375 0.30078125 0.5442708333333334 0.3046875 0.5377604166666666 0.3098958333333333 0.5416666666666666
3 0.59765625 0.24088541666666666 0.6002604166666666 0.24479166666666666 0.59765625 0.2630208333333333 0.59375 0.2643229166666667 0.5911458333333334 0.26171875 0.5924479166666666 0.24739583333333334 0.5963541666666666 0.2421875
3 0.23046875 0.6393229166666666 0.23046875 0.6549479166666666 0.2265625 0.6588541666666666 0.22265625 0.6588541666666666 0.21744791666666666 0.6549479166666666 0.21875 0.6432291666666666 0.2265625 0.6432291666666666 0.22916666666666666 0.640625
3 0.83984375 0.4765625 0.84375 0.4817708333333333 0.8424479166666666 0.4908854166666667 0.8307291666666666 0.4934895833333333 0.828125 0.4908854166666667 0.8294270833333334 0.4869791666666667 0.8333333333333334 0.4791666666666667 0.8385416666666666 0.4765625