1 0.5789062500000001 0.7569444440104167 0.58203125 0.7569444440104167 0.58203125 0.7458333333333332 0.5789062500000001 0.7486111106770833 0.578125 0.75 0.578125 0.7555555559895833 0.5789062500000001 0.7569444440104167
0 0.8619791666666666 0.4817708333333333 0.8619791666666666 0.5052083333333334 0.859375 0.5104166666666666 0.859375 0.5364583333333334 0.8619791666666666 0.5520833333333334 0.8723958333333334 0.5859375 0.8854166666666666 0.6067708333333334 0.8997395833333334 0.6184895833333334 0.9114583333333334 0.6223958333333334 0.9505208333333334 0.6197916666666666 0.9986979166666666 0.6197916666666666 0.9986979166666666 0.6263020833333334 0.91015625 0.62890625 0.90234375 0.6263020833333334 0.8841145833333334 0.61328125 0.8671875 0.5859375 0.859375 0.55859375 0.8567708333333334 0.5377604166666666 0.8567708333333334 0.5091145833333334 0.8619791666666666 0.4830729166666667
0 0.15625 0.4518229166666667 0.16276041666666666 0.4557291666666667 0.17838541666666666 0.47265625 0.18619791666666666 0.48828125 0.19401041666666666 0.51171875 0.1953125 0.5286458333333334 0.19791666666666666 0.53515625 0.19791666666666666 0.5768229166666666 0.19010416666666666 0.6106770833333334 0.17838541666666666 0.6354166666666666 0.16276041666666666 0.65234375 0.15234375 0.6575520833333334 0.14322916666666666 0.66015625 0.08463541666666667 0.6627604166666666 0.03515625 0.6627604166666666 0.033854166666666664 0.66015625 0.14713541666666666 0.6536458333333334 0.15885416666666666 0.6484375 0.17708333333333334 0.62890625 0.1875 0.6067708333333334 0.1953125 0.5729166666666666 0.1953125 0.5364583333333334 0.19270833333333334 0.5299479166666666 0.19140625 0.5143229166666666 0.17708333333333334 0.4791666666666667 0.16276041666666666 0.4635416666666667 0.1484375 0.4544270833333333 0.12239583333333333 0.453125 0.10416666666666667 0.4557291666666667 0.03125 0.45703125 0.029947916666666668 0.453125 0.12109375 0.4479166666666667 0.140625 0.4479166666666667 0.15494791666666666 0.4518229166666667
2 0.5221354166666666 0.12369791666666667 0.5260416666666666 0.2552083333333333 0.5260416666666666 0.4635416666666667 0.52734375 0.5690104166666666 0.5299479166666666 0.6119791666666666 0.5325520833333334 0.859375 0.53125 0.8841145833333334 0.5338541666666666 0.9088541666666666 0.5338541666666666 0.9466145833333334 0.53125 0.94921875 0.5286458333333334 0.8984375 0.5299479166666666 0.86328125 0.52734375 0.6432291666666666 0.5247395833333334 0.6328125 0.5247395833333334 0.42578125 0.5208333333333334 0.125
3 0.6158854166666666 0.7890625 0.6197916666666666 0.7994791666666666 0.6158854166666666 0.80859375 0.6119791666666666 0.8033854166666666 0.6119791666666666 0.7903645833333334 0.6145833333333334 0.7890625
3 0.5885416666666666 0.484375 0.5911458333333334 0.4778645833333333 0.5963541666666666 0.4739583333333333 0.6041666666666666 0.4895833333333333 0.59375 0.4973958333333333 0.58984375 0.4947916666666667 0.58984375 0.4856770833333333
3 0.72265625 0.8385416666666666 0.72265625 0.8528645833333334 0.7122395833333334 0.8528645833333334 0.7096354166666666 0.8411458333333334 0.7096354166666666 0.8372395833333334 0.7213541666666666 0.8385416666666666
3 0.7578125 0.22265625 0.7604166666666666 0.22395833333333334 0.7604166666666666 0.23307291666666666 0.7526041666666666 0.24479166666666666 0.7473958333333334 0.24739583333333334 0.7473958333333334 0.24088541666666666 0.7513020833333334 0.22916666666666666 0.7565104166666666 0.22395833333333334
3 0.609375 0.22395833333333334 0.6119791666666666 0.22526041666666666 0.61328125 0.23307291666666666 0.6119791666666666 0.24348958333333334 0.60546875 0.24348958333333334 0.6080729166666666 0.22526041666666666
3 0.875 0.4622395833333333 0.8815104166666666 0.4661458333333333 0.8815104166666666 0.4765625 0.875 0.4778645833333333 0.8723958333333334 0.4817708333333333 0.8684895833333334 0.4817708333333333 0.8671875 0.46875 0.8697916666666666 0.46484375 0.8736979166666666 0.4635416666666667
3 0.23984375 0.55972222265625 0.2484375 0.5458333333333333 0.24687499999999998 0.5430555559895833 0.228125 0.5458333333333333 0.22734374999999998 0.5513888893229166 0.23984375 0.55972222265625
3 0.5921875 0.5180555559895833 0.59375 0.5083333333333333 0.5875 0.5055555559895833 0.5859375 0.5180555559895833 0.5921875 0.5180555559895833
3 0.6015625 0.4319444440104167 0.6062500000000001 0.44027777734375 0.6140625000000001 0.43333333333333335 0.61171875 0.4180555559895833 0.60546875 0.4166666666666667 0.6023437500000001 0.42222222265625 0.6015625 0.4319444440104167
3 0.61484375 0.60972222265625 0.62109375 0.6055555559895833 0.6203124999999999 0.59027777734375 0.6171875 0.59027777734375 0.61328125 0.6013888893229167 0.61484375 0.60972222265625
3 0.6515624999999999 0.68472222265625 0.6492187500000001 0.67777777734375 0.6554687499999999 0.6708333333333334 0.6554687499999999 0.6611111106770834 0.6484375 0.65972222265625 0.6449671874999999 0.6744111106770833 0.6515624999999999 0.68472222265625
3 0.5789062500000001 0.7555555559895833 0.5828125000000001 0.7569444440104167 0.5921875 0.7444444440104167 0.59609375 0.7305555559895834 0.5945312500000001 0.7125 0.58984375 0.7083333333333334 0.5851562499999999 0.7152777773437501 0.5789062500000001 0.7555555559895833