1 0.51796875 0.65277777734375 0.5203125000000001 0.65277777734375 0.52109375 0.6513888893229166 0.52109375 0.65 0.51953125 0.64722222265625 0.51796875 0.64722222265625 0.5164062500000001 0.65 0.51796875 0.65277777734375
0 0.8984375 0.4166666666666667 0.90625 0.4140625 0.953125 0.4114583333333333 0.9986979166666666 0.4114583333333333 0.9986979166666666 0.41796875 0.90625 0.4205729166666667 0.8880208333333334 0.4309895833333333 0.87109375 0.4544270833333333 0.86328125 0.4752604166666667 0.8580729166666666 0.5078125 0.859375 0.5455729166666666 0.8671875 0.5755208333333334 0.8697916666666666 0.578125 0.87109375 0.5859375 0.8854166666666666 0.6041666666666666 0.8854166666666666 0.6067708333333334 0.8958333333333334 0.6158854166666666 0.91015625 0.62109375 0.9986979166666666 0.6184895833333334 0.9986979166666666 0.6236979166666666 0.9049479166666666 0.6263020833333334 0.9036458333333334 0.6236979166666666 0.8997395833333334 0.6236979166666666 0.8893229166666666 0.6171875 0.87890625 0.6067708333333334 0.8671875 0.5872395833333334 0.8567708333333334 0.55078125 0.8567708333333334 0.4908854166666667 0.8684895833333334 0.4505208333333333 0.87109375 0.44921875 0.8802083333333334 0.4322916666666667 0.8984375 0.41796875
0 0.13671875 0.44140625 0.15494791666666666 0.4453125 0.17057291666666666 0.45703125 0.18229166666666666 0.4752604166666667 0.19010416666666666 0.4947916666666667 0.19401041666666666 0.51171875 0.19791666666666666 0.5416666666666666 0.19401041666666666 0.5859375 0.18229166666666666 0.6197916666666666 0.17057291666666666 0.63671875 0.15885416666666666 0.6471354166666666 0.14713541666666666 0.65234375 0.08463541666666667 0.65625 0.03125 0.6549479166666666 0.032552083333333336 0.65234375 0.05078125 0.6510416666666666 0.14322916666666666 0.6484375 0.14453125 0.6458333333333334 0.15885416666666666 0.640625 0.16666666666666666 0.6341145833333334 0.18359375 0.6080729166666666 0.19140625 0.58203125 0.1953125 0.546875 0.19140625 0.5143229166666666 0.18489583333333334 0.4895833333333333 0.17578125 0.47265625 0.1640625 0.4583333333333333 0.15625 0.4518229166666667 0.14322916666666666 0.4466145833333333 0.045572916666666664 0.4505208333333333 0.028645833333333332 0.44921875 0.028645833333333332 0.4466145833333333 0.03125 0.4453125 0.13541666666666666 0.4427083333333333
2 0.5247395833333334 0.5208333333333334 0.52734375 0.53125 0.52734375 0.703125 0.5299479166666666 0.7330729166666666 0.5286458333333334 0.859375 0.53125 0.8828125 0.53125 0.9453125 0.5286458333333334 0.9453125 0.52734375 0.9270833333333334 0.52734375 0.7552083333333334 0.5247395833333334 0.7213541666666666 0.5234375 0.61328125 0.5247395833333334 0.5546875 0.5221354166666666 0.5286458333333334 0.5247395833333334 0.5221354166666666
3 0.37890625 0.16145833333333334 0.3815104166666667 0.1640625 0.3828125 0.17708333333333334 0.3854166666666667 0.18229166666666666 0.3828125 0.18619791666666666 0.3763020833333333 0.18489583333333334 0.375 0.17708333333333334 0.3723958333333333 0.17447916666666666 0.3723958333333333 0.16666666666666666 0.3776041666666667 0.16145833333333334
3 0.7942708333333334 0.14583333333333334 0.7994791666666666 0.14583333333333334 0.80078125 0.15755208333333334 0.79296875 0.1640625 0.7916666666666666 0.16927083333333334 0.7864583333333334 0.16796875 0.7864583333333334 0.15625 0.79296875 0.15104166666666666 0.7942708333333334 0.14713541666666666
3 0.3997395833333333 0.8815104166666666 0.4010416666666667 0.88671875 0.3984375 0.9114583333333334 0.3958333333333333 0.9140625 0.390625 0.91015625 0.3893229166666667 0.9036458333333334 0.390625 0.890625 0.3984375 0.8815104166666666
3 0.5559895833333334 0.6328125 0.55859375 0.6328125 0.5611979166666666 0.640625 0.55859375 0.65234375 0.5559895833333334 0.6536458333333334 0.5481770833333334 0.6484375 0.5481770833333334 0.6419270833333334 0.5559895833333334 0.6341145833333334
3 0.7330729166666666 0.2955729166666667 0.7408854166666666 0.30078125 0.7408854166666666 0.30859375 0.7369791666666666 0.3151041666666667 0.7330729166666666 0.31640625 0.73046875 0.3111979166666667 0.7317708333333334 0.296875
3 0.6028645833333334 0.8606770833333334 0.6119791666666666 0.8606770833333334 0.6158854166666666 0.8658854166666666 0.6158854166666666 0.8736979166666666 0.6119791666666666 0.8815104166666666 0.6080729166666666 0.8815104166666666 0.60546875 0.87890625 0.6028645833333334 0.8619791666666666
3 0.5143229166666666 0.158203125 0.015625 0.033203125
3 0.2903645833333333 0.7083333333333334 0.29296875 0.7083333333333334 0.2955729166666667 0.7213541666666666 0.2890625 0.7317708333333334 0.28515625 0.73046875 0.2838541666666667 0.7239583333333334 0.2838541666666667 0.7161458333333334 0.2903645833333333 0.7096354166666666
3 0.9140625 0.4765625 0.9166666666666666 0.4791666666666667 0.9166666666666666 0.4908854166666667 0.9140625 0.4934895833333333 0.8997395833333334 0.4895833333333333 0.8984375 0.4817708333333333 0.8997395833333334 0.4752604166666667 0.9127604166666666 0.4765625
3 0.3177083333333333 0.5520833333333334 0.3203125 0.5520833333333334 0.32421875 0.5572916666666666 0.32421875 0.5677083333333334 0.3203125 0.5729166666666666 0.3177083333333333 0.5716145833333334 0.3177083333333333 0.5533854166666666
3 0.15625 0.51171875 0.16015625 0.51171875 0.1640625 0.5169270833333334 0.16796875 0.5182291666666666 0.17317708333333334 0.52734375 0.17057291666666666 0.5325520833333334 0.1640625 0.53125 0.15755208333333334 0.53515625 0.15364583333333334 0.5234375 0.15625 0.5130208333333334
3 0.5208333333333334 0.5 0.5234375 0.5 0.5234375 0.5234375 0.51953125 0.5260416666666666 0.5182291666666666 0.5377604166666666 0.5130208333333334 0.53515625 0.515625 0.5078125 0.5169270833333334 0.50390625 0.5208333333333334 0.5013020833333334