1 0.30390625 0.7638888893229167 0.30546875 0.7611111106770833 0.30546875 0.7569444440104167 0.3046875 0.7541666666666668 0.30312500000000003 0.75277777734375 0.3 0.75277777734375 0.3 0.75972222265625 0.30312500000000003 0.7638888893229167 0.30390625 0.7638888893229167
0 0 0.4114583333333333 0.06770833333333333 0.4127604166666667 0.08723958333333333 0.4140625 0.09375 0.4166666666666667 0.10677083333333333 0.42578125 0.12239583333333333 0.4466145833333333 0.13411458333333334 0.4778645833333333 0.13802083333333334 0.5052083333333334 0.13802083333333334 0.5325520833333334 0.13411458333333334 0.56640625 0.12760416666666666 0.5859375 0.11067708333333333 0.61328125 0.08854166666666667 0.6276041666666666 0 0.6263020833333334 0 0.6197916666666666 0.08463541666666667 0.6223958333333334 0.09765625 0.6171875 0.109375 0.6067708333333334 0.12239583333333333 0.5859375 0.12890625 0.5703125 0.13541666666666666 0.5390625 0.13541666666666666 0.5065104166666666 0.13020833333333334 0.4765625 0.11979166666666667 0.4505208333333333 0.10677083333333333 0.4322916666666667 0.09114583333333333 0.421875 0.0859375 0.4205729166666667 0 0.41796875 0 0.4127604166666667
0 0.9010416666666666 0.4453125 0.9674479166666666 0.4479166666666667 0.9700520833333334 0.4505208333333333 0.9674479166666666 0.453125 0.9401041666666666 0.453125 0.859375 0.44921875 0.84375 0.453125 0.8255208333333334 0.4700520833333333 0.8151041666666666 0.48828125 0.8072916666666666 0.51171875 0.8033854166666666 0.54296875 0.80078125 0.5390625 0.80078125 0.5325520833333334 0.8072916666666666 0.5 0.81640625 0.4765625 0.8294270833333334 0.4583333333333333 0.8411458333333334 0.44921875 0.8515625 0.4453125 0.8997395833333334 0.4453125
2 0.4739583333333333 0.12109375 0.4752604166666667 0.2747395833333333 0.4739583333333333 0.4635416666666667 0.4713541666666667 0.5091145833333334 0.47265625 0.6197916666666666 0.4700520833333333 0.6653645833333334 0.4700520833333333 0.8177083333333334 0.4674479166666667 0.8776041666666666 0.46484375 0.8776041666666666 0.46484375 0.8372395833333334 0.4674479166666667 0.8020833333333334 0.4674479166666667 0.6158854166666666 0.4713541666666667 0.4401041666666667 0.4700520833333333 0.3229166666666667 0.47265625 0.2591145833333333 0.47265625 0.12239583333333333
3 0.5208333333333334 0.337890625 0.009114583333333334 0.0234375
3 0.5013020833333334 0.6796875 0.4986979166666667 0.69140625 0.4947916666666667 0.6953125 0.4908854166666667 0.6901041666666666 0.4895833333333333 0.6809895833333334 0.4934895833333333 0.67578125 0.4973958333333333 0.67578125 0.5 0.6796875
3 0.20833333333333334 0.5247395833333334 0.20963541666666666 0.52734375 0.21354166666666666 0.52734375 0.21354166666666666 0.5403645833333334 0.20963541666666666 0.5455729166666666 0.19921875 0.5403645833333334 0.19791666666666666 0.5364583333333334 0.19921875 0.5286458333333334 0.20703125 0.5247395833333334
3 0.453125 0.2786458333333333 0.4557291666666667 0.2825520833333333 0.4557291666666667 0.29296875 0.453125 0.3033854166666667 0.44921875 0.3072916666666667 0.4466145833333333 0.3059895833333333 0.4453125 0.2994791666666667 0.44140625 0.2942708333333333 0.44140625 0.28515625 0.4466145833333333 0.27734375 0.4518229166666667 0.2786458333333333
3 0.23046875 0.3958333333333333 0.234375 0.3958333333333333 0.23567708333333334 0.3984375 0.23177083333333334 0.4153645833333333 0.2265625 0.4127604166666667 0.22135416666666666 0.4049479166666667 0.22135416666666666 0.3984375 0.23046875 0.3971354166666667
3 0.3932291666666667 0.7278645833333334 0.3971354166666667 0.7278645833333334 0.4010416666666667 0.734375 0.4010416666666667 0.7447916666666666 0.3971354166666667 0.7486979166666666 0.3932291666666667 0.7434895833333334 0.3932291666666667 0.7291666666666666
3 0.2265625 0.20182291666666666 0.23046875 0.20182291666666666 0.23567708333333334 0.20833333333333334 0.23958333333333334 0.22265625 0.23958333333333334 0.22526041666666666 0.234375 0.23046875 0.22526041666666666 0.2109375 0.2265625 0.203125
3 0.07552083333333333 0.5 0.08072916666666667 0.5 0.07942708333333333 0.5169270833333334 0.06640625 0.51953125 0.0625 0.51171875 0.06640625 0.50390625 0.07161458333333333 0.50390625 0.07552083333333333 0.5013020833333334
3 0.8138020833333334 0.5390625 0.8190104166666666 0.5481770833333334 0.8190104166666666 0.5546875 0.8138020833333334 0.5598958333333334 0.8072916666666666 0.5598958333333334 0.7994791666666666 0.546875 0.8072916666666666 0.5455729166666666 0.80859375 0.5416666666666666 0.8125 0.5390625
3 0.5611979166666666 0.48828125 0.5638020833333334 0.4921875 0.5638020833333334 0.50390625 0.5611979166666666 0.5065104166666666 0.5598958333333334 0.5234375 0.5572916666666666 0.5234375 0.5559895833333334 0.5091145833333334 0.55078125 0.49609375 0.55078125 0.4895833333333333 0.5598958333333334 0.48828125
3 0.2546875 0.8388888893229166 0.24453125 0.8361111106770833 0.24453125 0.8486111106770834 0.253125 0.85 0.25625000000000003 0.8444444440104166 0.2546875 0.8388888893229166
3 0.46640624999999997 0.9 0.46640624999999997 0.9041666666666667 0.46718750000000003 0.9041666666666667 0.46796875 0.9013888893229166 0.46796875 0.8791666666666668 0.46718750000000003 0.875 0.46328125000000003 0.875 0.46171875 0.8763888893229167 0.4609375 0.8805555559895833 0.4609375 0.8861111106770833 0.46171875 0.89027777734375 0.46640624999999997 0.9