1 0.7101562499999999 0.46388888932291666 0.7109375 0.4611111106770833 0.7101562499999999 0.4569444440104167 0.7062499999999999 0.4569444440104167 0.70546875 0.4583333333333333 0.70546875 0.46249999999999997 0.7062499999999999 0.46388888932291666 0.7101562499999999 0.46388888932291666
0 0 0.4270833333333333 0.08463541666666667 0.4283854166666667 0.10286458333333333 0.4348958333333333 0.11979166666666667 0.4544270833333333 0.13020833333333334 0.4739583333333333 0.13671875 0.49609375 0.13932291666666666 0.515625 0.13932291666666666 0.5598958333333334 0.13411458333333334 0.5872395833333334 0.12369791666666667 0.6119791666666666 0.10546875 0.6341145833333334 0.08854166666666667 0.6419270833333334 0 0.640625 0 0.6354166666666666 0.08854166666666667 0.63671875 0.10026041666666667 0.6315104166666666 0.11588541666666667 0.6145833333333334 0.12760416666666666 0.59375 0.13671875 0.5546875 0.13671875 0.5169270833333334 0.1328125 0.4934895833333333 0.11979166666666667 0.4622395833333333 0.10286458333333333 0.4427083333333333 0.08984375 0.4348958333333333 0.0026041666666666665 0.4322916666666667 0 0.4309895833333333 0 0.4283854166666667
0 0.8515625 0.4583333333333333 0.9205729166666666 0.4583333333333333 0.921875 0.4609375 0.9622395833333334 0.4609375 0.9713541666666666 0.4635416666666667 0.96875 0.4674479166666667 0.85546875 0.4635416666666667 0.84375 0.46875 0.8307291666666666 0.4791666666666667 0.8138020833333334 0.5091145833333334 0.8072916666666666 0.53125 0.8059895833333334 0.546875 0.8072916666666666 0.5950520833333334 0.8138020833333334 0.6184895833333334 0.8294270833333334 0.6471354166666666 0.8411458333333334 0.6575520833333334 0.8541666666666666 0.6640625 0.9388020833333334 0.6666666666666666 0.9401041666666666 0.6692708333333334 0.96875 0.671875 0.9674479166666666 0.6744791666666666 0.88671875 0.6731770833333334 0.8541666666666666 0.6705729166666666 0.8307291666666666 0.65625 0.82421875 0.6484375 0.8125 0.6263020833333334 0.8046875 0.59765625 0.8020833333333334 0.5703125 0.8033854166666666 0.5416666666666666 0.8125 0.5026041666666666 0.8268229166666666 0.4765625 0.8359375 0.4674479166666667 0.8515625 0.4596354166666667
2 0.4739583333333333 0.13671875 0.4765625 0.13671875 0.4778645833333333 0.14192708333333334 0.4778645833333333 0.16276041666666666 0.4752604166666667 0.27734375 0.4739583333333333 0.6510416666666666 0.4713541666666667 0.67578125 0.4713541666666667 0.8828125 0.46875 0.9622395833333334 0.4674479166666667 0.96484375 0.4661458333333333 0.9635416666666666 0.46484375 0.9401041666666666 0.4674479166666667 0.9244791666666666 0.4661458333333333 0.8802083333333334 0.4700520833333333 0.6588541666666666 0.46875 0.62890625 0.4713541666666667 0.6119791666666666 0.4739583333333333 0.13802083333333334
3 0.7447916666666666 0.4479166666666667 0.75 0.4583333333333333 0.7486979166666666 0.4700520833333333 0.7447916666666666 0.4765625 0.73828125 0.46875 0.73828125 0.453125 0.7434895833333334 0.4479166666666667
3 0.7239583333333334 0.5026041666666666 0.7278645833333334 0.51171875 0.7239583333333334 0.51953125 0.7213541666666666 0.5221354166666666 0.7174479166666666 0.5221354166666666 0.7135416666666666 0.5104166666666666 0.71484375 0.5065104166666666 0.7200520833333334 0.5078125 0.72265625 0.50390625
3 0.8528645833333334 0.4954427083333333 0.016927083333333332 0.0234375
3 0.6640625 0.75 0.6705729166666666 0.7473958333333334 0.6731770833333334 0.7526041666666666 0.6705729166666666 0.77734375 0.66796875 0.7786458333333334 0.6614583333333334 0.7591145833333334 0.6640625 0.7513020833333334
3 0.9348958333333334 0.5299479166666666 0.9388020833333334 0.5325520833333334 0.9401041666666666 0.5364583333333334 0.9401041666666666 0.546875 0.9348958333333334 0.55078125 0.9283854166666666 0.55078125 0.921875 0.5481770833333334 0.9205729166666666 0.5455729166666666 0.9205729166666666 0.5403645833333334 0.9283854166666666 0.53125 0.93359375 0.5299479166666666
3 0.16796875 0.4765625 0.171875 0.4817708333333333 0.17838541666666666 0.484375 0.17708333333333334 0.4921875 0.1640625 0.4947916666666667 0.1640625 0.4817708333333333 0.16666666666666666 0.4778645833333333
3 0.7526041666666666 0.6276041666666666 0.7669270833333334 0.6315104166666666 0.7708333333333334 0.6380208333333334 0.7708333333333334 0.6432291666666666 0.7682291666666666 0.6471354166666666 0.765625 0.6497395833333334 0.76171875 0.6497395833333334 0.7526041666666666 0.62890625
3 0.5390625 0.4583333333333333 0.5455729166666666 0.4583333333333333 0.5442708333333334 0.4700520833333333 0.5403645833333334 0.47265625 0.53515625 0.4635416666666667 0.5390625 0.4596354166666667
3 0.4108072916666667 0.25 0.008463541666666666 0.01953125
3 0.8346354166666666 0.7447916666666666 0.8372395833333334 0.74609375 0.8385416666666666 0.7565104166666666 0.8450520833333334 0.76171875 0.8463541666666666 0.765625 0.8411458333333334 0.7760416666666666 0.8385416666666666 0.7890625 0.8346354166666666 0.7890625 0.83203125 0.7864583333333334 0.83203125 0.7591145833333334 0.8346354166666666 0.75390625 0.8346354166666666 0.74609375
3 0.6783854166666666 0.5260416666666666 0.6809895833333334 0.5286458333333334 0.6809895833333334 0.5390625 0.6783854166666666 0.5442708333333334 0.671875 0.5442708333333334 0.671875 0.53125 0.6770833333333334 0.52734375
3 0.7492187499999999 0.9097222226562499 0.7468750000000001 0.9125 0.74765625 0.9263888893229167 0.7546875000000001 0.9319444440104167 0.75625 0.9166666666666666 0.7492187499999999 0.9097222226562499