1 0.46328125000000003 0.7180555559895834 0.46328125000000003 0.7138888893229166 0.46249999999999997 0.7111111106770833 0.4609375 0.7097222226562501 0.45859374999999997 0.7097222226562501 0.4578125 0.7111111106770833 0.4578125 0.7166666666666667 0.45859374999999997 0.7180555559895834 0.46328125000000003 0.7180555559895834
3 0.39453125 0.203125 0.4036458333333333 0.203125 0.4049479166666667 0.21614583333333334 0.4049479166666667 0.22265625 0.4010416666666667 0.22395833333333334 0.39453125 0.20442708333333334
3 0.390625 0.5390625 0.3893229166666667 0.5260416666666666 0.390625 0.5208333333333334 0.39453125 0.5169270833333334 0.3997395833333333 0.5182291666666666 0.40234375 0.5299479166666666 0.3971354166666667 0.54296875 0.3932291666666667 0.54296875 0.3919270833333333 0.5390625
3 0.5559895833333334 0.65625 0.55859375 0.6640625 0.5572916666666666 0.6744791666666666 0.5546875 0.6744791666666666 0.5520833333333334 0.6705729166666666 0.5520833333333334 0.6575520833333334 0.5546875 0.65625
3 0.4635416666666667 0.2643229166666667 0.4557291666666667 0.2552083333333333 0.4557291666666667 0.24869791666666666 0.4596354166666667 0.2421875 0.4635416666666667 0.2421875 0.4661458333333333 0.2552083333333333 0.46484375 0.2630208333333333
3 0.3697916666666667 0.6223958333333334 0.375 0.6315104166666666 0.37109375 0.640625 0.3684895833333333 0.640625 0.3645833333333333 0.6341145833333334 0.3645833333333333 0.625 0.3684895833333333 0.6223958333333334
3 0.22916666666666666 0.6940104166666666 0.014322916666666666 0.026692708333333332
3 0.4596354166666667 0.7109375 0.4635416666666667 0.7161458333333334 0.4635416666666667 0.7526041666666666 0.4609375 0.7526041666666666 0.4557291666666667 0.74609375 0.4557291666666667 0.7369791666666666 0.4518229166666667 0.73046875 0.453125 0.7213541666666666 0.45703125 0.7174479166666666 0.4583333333333333 0.7122395833333334
3 0.3528645833333333 0.52734375 0.010416666666666666 0.018229166666666668
3 0.5572916666666666 0.4140625 0.5598958333333334 0.4192708333333333 0.5598958333333334 0.4348958333333333 0.5533854166666666 0.4348958333333333 0.5520833333333334 0.421875 0.5533854166666666 0.4153645833333333 0.5559895833333334 0.4140625
3 0.4244791666666667 0.3997395833333333 0.4283854166666667 0.3984375 0.4309895833333333 0.4010416666666667 0.4322916666666667 0.4114583333333333 0.4322916666666667 0.4205729166666667 0.4283854166666667 0.421875 0.421875 0.4075520833333333 0.4244791666666667 0.4010416666666667
3 0.22786458333333334 0.4934895833333333 0.23177083333333334 0.4973958333333333 0.23046875 0.5065104166666666 0.22005208333333334 0.5052083333333334 0.22005208333333334 0.4986979166666667 0.2265625 0.4934895833333333
3 0.39687500000000003 0.85 0.39765625 0.8513888893229167 0.39999999999999997 0.8513888893229167 0.40078125000000003 0.8527777773437499 0.40234375 0.85 0.40390624999999997 0.8416666666666667 0.40390624999999997 0.8375 0.4015625 0.8361111106770833 0.39453125 0.8361111106770833 0.39375 0.8347222226562501 0.39296875000000003 0.8361111106770833 0.39296875000000003 0.8388888893229166 0.39609374999999997 0.8458333333333333 0.39687500000000003 0.85
2 0.48046875 0.12239583333333333 0.4830729166666667 0.125 0.4830729166666667 0.15755208333333334 0.4791666666666667 0.6315104166666666 0.4765625 0.7083333333333334 0.4778645833333333 0.7330729166666666 0.4752604166666667 0.7890625 0.4752604166666667 0.9322916666666666 0.4739583333333333 0.9518229166666666 0.4713541666666667 0.9505208333333334 0.4700520833333333 0.92578125 0.47265625 0.9153645833333334 0.47265625 0.7135416666666666 0.4752604166666667 0.6966145833333334 0.48046875 0.12369791666666667
0 0 0.62777777734375 0.09765625 0.6291666666666667 0.10859375 0.6236111106770833 0.1265625 0.6041666666666666 0.140625 0.57222222265625 0.146875 0.5305555559895833 0.14375000000000002 0.4875 0.13125 0.4513888893229167 0.11484375000000001 0.42777777734375005 0.0984375 0.4180555559895833 0.03515625 0.4138888893229167 0 0.4138888893229167 0 0.41944444401041664 0.08984375 0.42222222265625 0.1171875 0.43888888932291664 0.13203125000000002 0.46388888932291666 0.1390625 0.4861111106770833 0.1421875 0.5069444440104166 0.14140624999999998 0.5499999999999999 0.13125 0.5861111106770833 0.1171875 0.6083333333333333 0.10312500000000001 0.6208333333333333 0.08671875 0.625 0 0.62222222265625 0 0.62777777734375
0 0.84140625 0.65 0.86171875 0.65972222265625 0.97421875 0.6611111106770834 0.86171875 0.6541666666666667 0.8406250000000001 0.6430555559895833 0.828125 0.6263888893229167 0.8156249999999999 0.5958333333333333 0.8109375 0.5462958333333333 0.82265625 0.49027777734375005 0.83828125 0.46527777734375 0.8562500000000001 0.45277777734375 0.97421875 0.45555555598958336 0.975 0.4513888893229167 0.85390625 0.44861111067708337 0.834375 0.46249999999999997 0.82265625 0.4805555559895833 0.8132812500000001 0.5055555559895833 0.8078124999999999 0.53472222265625 0.80703125 0.56527777734375 0.8132812500000001 0.60277777734375 0.828125 0.63472222265625 0.84140625 0.65