1 0.6203124999999999 0.18333333333333335 0.6234375 0.1875 0.625 0.18333333333333335 0.6242187499999999 0.17500000000000002 0.62109375 0.17777777734375 0.6203124999999999 0.1805555559895833 0.6203124999999999 0.18333333333333335
0 0.9986979166666666 0.4192708333333333 0.9986979166666666 0.4244791666666667 0.9127604166666666 0.4270833333333333 0.8919270833333334 0.4348958333333333 0.8736979166666666 0.4557291666666667 0.8658854166666666 0.47265625 0.8619791666666666 0.4908854166666667 0.859375 0.4934895833333333 0.8580729166666666 0.53125 0.85546875 0.53515625 0.8528645833333334 0.5338541666666666 0.8528645833333334 0.5247395833333334 0.85546875 0.5143229166666666 0.85546875 0.4986979166666667 0.8606770833333334 0.4765625 0.8684895833333334 0.45703125 0.8880208333333334 0.4309895833333333 0.8958333333333334 0.42578125 0.91015625 0.421875 0.9973958333333334 0.4192708333333333
0 0.140625 0.4557291666666667 0.15494791666666666 0.46484375 0.16666666666666666 0.4778645833333333 0.17578125 0.4947916666666667 0.18359375 0.5182291666666666 0.1875 0.5442708333333334 0.1875 0.578125 0.18359375 0.6067708333333334 0.17578125 0.62890625 0.15885416666666666 0.6549479166666666 0.15104166666666666 0.6614583333333334 0.13802083333333334 0.6653645833333334 0.13671875 0.66796875 0.046875 0.6731770833333334 0.022135416666666668 0.6731770833333334 0.022135416666666668 0.6692708333333334 0.029947916666666668 0.6692708333333334 0.03125 0.6666666666666666 0.13020833333333334 0.6627604166666666 0.1484375 0.65625 0.15755208333333334 0.6484375 0.15755208333333334 0.6458333333333334 0.16145833333333334 0.6432291666666666 0.171875 0.6276041666666666 0.1796875 0.6067708333333334 0.18489583333333334 0.5729166666666666 0.18359375 0.53515625 0.18098958333333334 0.5299479166666666 0.1796875 0.5169270833333334 0.17708333333333334 0.5143229166666666 0.171875 0.49609375 0.16145833333333334 0.4817708333333333 0.16015625 0.4765625 0.14322916666666666 0.4635416666666667 0.13541666666666666 0.4609375 0.018229166666666668 0.4635416666666667 0.018229166666666668 0.4583333333333333 0.11067708333333333 0.4544270833333333 0.13932291666666666 0.4557291666666667
2 0.5208333333333334 0.50390625 0.5247395833333334 0.7473958333333334 0.5234375 0.77734375 0.52734375 0.8802083333333334 0.52734375 0.9427083333333334 0.5260416666666666 0.9609375 0.5234375 0.95703125 0.51953125 0.5794270833333334 0.5169270833333334 0.5299479166666666 0.5169270833333334 0.51953125 0.5208333333333334 0.51171875 0.5208333333333334 0.5052083333333334
3 0.60546875 0.5377604166666666 0.6067708333333334 0.546875 0.6015625 0.5533854166666666 0.59765625 0.5520833333333334 0.59765625 0.5442708333333334 0.5989583333333334 0.5390625 0.6015625 0.5364583333333334 0.6041666666666666 0.5377604166666666
3 0.47265625 0.19270833333333334 0.4765625 0.19401041666666666 0.4765625 0.20963541666666666 0.4752604166666667 0.21484375 0.47265625 0.21614583333333334 0.4700520833333333 0.21354166666666666 0.4700520833333333 0.19661458333333334 0.47265625 0.19401041666666666
3 0.6341145833333334 0.14322916666666666 0.6354166666666666 0.15364583333333334 0.6328125 0.15755208333333334 0.62890625 0.18229166666666666 0.625 0.18880208333333334 0.62109375 0.18880208333333334 0.6184895833333334 0.18098958333333334 0.6223958333333334 0.17447916666666666 0.6223958333333334 0.16015625 0.625 0.15755208333333334 0.6263020833333334 0.14583333333333334 0.62890625 0.14322916666666666 0.6328125 0.14322916666666666
3 0.7395833333333334 0.7044270833333334 0.74609375 0.7135416666666666 0.74609375 0.7239583333333334 0.7408854166666666 0.7252604166666666 0.7356770833333334 0.72265625 0.73828125 0.7057291666666666
3 0.5123697916666666 0.7526041666666666 0.008463541666666666 0.022135416666666668
3 0.56640625 0.3919270833333333 0.5690104166666666 0.3958333333333333 0.5690104166666666 0.4036458333333333 0.5651041666666666 0.4075520833333333 0.5625 0.4075520833333333 0.5611979166666666 0.4049479166666667 0.5625 0.3932291666666667 0.5651041666666666 0.3919270833333333
3 0.5182291666666666 0.4739583333333333 0.5221354166666666 0.4817708333333333 0.5221354166666666 0.4973958333333333 0.5182291666666666 0.50390625 0.51171875 0.49609375 0.5130208333333334 0.4778645833333333 0.5169270833333334 0.4752604166666667
3 0.5774739583333334 0.6080729166666666 0.009114583333333334 0.016927083333333332
3 0.3997395833333333 0.3684895833333333 0.009114583333333334 0.0234375
3 0.4036458333333333 0.6783854166666666 0.4075520833333333 0.6770833333333334 0.41015625 0.68359375 0.41015625 0.69140625 0.4075520833333333 0.6966145833333334 0.40234375 0.6979166666666666 0.3997395833333333 0.68359375 0.4036458333333333 0.6796875
3 0.5716145833333334 0.7395833333333334 0.578125 0.7434895833333334 0.58203125 0.7552083333333334 0.5807291666666666 0.7591145833333334 0.57421875 0.7591145833333334 0.5703125 0.74609375 0.5716145833333334 0.7408854166666666
3 0.85653671875 0.5469388893229167 0.8711812499999999 0.5496611106770833 0.8748421875 0.5374111106770834 0.86743515625 0.5251555559895833 0.8589210937499999 0.5342319440104167 0.85653671875 0.5469388893229167