1 0.30005546875 0.49049583333333335 0.29979296875 0.48599027734375005 0.29646953125000003 0.4825916666666667 0.29463359375000003 0.485525 0.2953328125 0.4906513893229167 0.29778125 0.4928263893229166 0.30005546875 0.49049583333333335
0 0 0.4114583333333333 0.08072916666666667 0.4127604166666667 0.09635416666666667 0.4166666666666667 0.11067708333333333 0.4283854166666667 0.12760416666666666 0.4557291666666667 0.13671875 0.4869791666666667 0.13932291666666666 0.5130208333333334 0.13802083333333334 0.5481770833333334 0.13020833333333334 0.5807291666666666 0.11588541666666667 0.6067708333333334 0.10286458333333333 0.6197916666666666 0.08723958333333333 0.6276041666666666 0.037760416666666664 0.6263020833333334 0.036458333333333336 0.6236979166666666 0 0.6236979166666666 0 0.6197916666666666 0.08854166666666667 0.62109375 0.10286458333333333 0.61328125 0.11979166666666667 0.5924479166666666 0.12369791666666667 0.5846354166666666 0.13541666666666666 0.5455729166666666 0.13671875 0.5299479166666666 0.13541666666666666 0.4973958333333333 0.13151041666666666 0.4778645833333333 0.12369791666666667 0.4557291666666667 0.11197916666666667 0.4375 0.1015625 0.4270833333333333 0.08463541666666667 0.4192708333333333 0.013020833333333334 0.41796875 0.01171875 0.4153645833333333 0 0.41796875 0 0.4127604166666667
0 0.9114583333333334 0.4479166666666667 0.9661458333333334 0.4505208333333333 0.9674479166666666 0.453125 0.9635416666666666 0.4557291666666667 0.8515625 0.4518229166666667 0.83984375 0.45703125 0.8229166666666666 0.4739583333333333 0.8111979166666666 0.49609375 0.8059895833333334 0.5221354166666666 0.8033854166666666 0.5260416666666666 0.8020833333333334 0.5638020833333334 0.8072916666666666 0.5963541666666666 0.8111979166666666 0.609375 0.8216145833333334 0.62890625 0.83984375 0.6484375 0.859375 0.6536458333333334 0.9635416666666666 0.6575520833333334 0.9635416666666666 0.6614583333333334 0.8815104166666666 0.66015625 0.859375 0.6588541666666666 0.8424479166666666 0.6549479166666666 0.83203125 0.6484375 0.8203125 0.6354166666666666 0.8151041666666666 0.6276041666666666 0.8046875 0.6002604166666666 0.8033854166666666 0.5885416666666666 0.80078125 0.5846354166666666 0.7994791666666666 0.5638020833333334 0.80078125 0.5260416666666666 0.80859375 0.4934895833333333 0.8203125 0.4700520833333333 0.8346354166666666 0.4544270833333333 0.8528645833333334 0.4466145833333333 0.91015625 0.4479166666666667
2 0.47265625 0.12239583333333333 0.4752604166666667 0.12239583333333333 0.4739583333333333 0.4635416666666667 0.4713541666666667 0.5052083333333334 0.4674479166666667 0.9466145833333334 0.4635416666666667 0.9466145833333334 0.46484375 0.7955729166666666 0.4674479166666667 0.7669270833333334 0.46875 0.48828125 0.4713541666666667 0.4296875 0.47265625 0.12369791666666667
3 0.2890625 0.4661458333333333 0.2942708333333333 0.4752604166666667 0.2981770833333333 0.4778645833333333 0.2994791666666667 0.4869791666666667 0.2955729166666667 0.49609375 0.29296875 0.49609375 0.2916666666666667 0.484375 0.2864583333333333 0.4778645833333333 0.28125 0.4752604166666667 0.2838541666666667 0.46875 0.2877604166666667 0.4661458333333333
3 0.3619791666666667 0.7955729166666666 0.3619791666666667 0.8138020833333334 0.35546875 0.8138020833333334 0.3515625 0.8098958333333334 0.3541666666666667 0.80078125 0.3619791666666667 0.796875
3 0.265625 0.6575520833333334 0.265625 0.6731770833333334 0.26171875 0.6731770833333334 0.2578125 0.6692708333333334 0.2604166666666667 0.6575520833333334 0.2643229166666667 0.6575520833333334
3 0.3736979166666667 0.2591145833333333 0.3802083333333333 0.2669270833333333 0.3815104166666667 0.2734375 0.3802083333333333 0.28125 0.3776041666666667 0.2825520833333333 0.3697916666666667 0.2721354166666667 0.3697916666666667 0.2604166666666667 0.3723958333333333 0.2591145833333333
3 0.2734375 0.8385416666666666 0.2734375 0.8528645833333334 0.2721354166666667 0.8567708333333334 0.2682291666666667 0.859375 0.26171875 0.8580729166666666 0.26171875 0.84375 0.2721354166666667 0.8385416666666666
3 0.3880208333333333 0.5078125 0.390625 0.5130208333333334 0.390625 0.5221354166666666 0.3880208333333333 0.5247395833333334 0.3841145833333333 0.5221354166666666 0.3828125 0.5182291666666666 0.3841145833333333 0.5091145833333334 0.38671875 0.5078125
3 0.3346354166666667 0.53515625 0.3372395833333333 0.5377604166666666 0.3372395833333333 0.5533854166666666 0.328125 0.5533854166666666 0.3268229166666667 0.55078125 0.3294270833333333 0.5416666666666666 0.3346354166666667 0.5364583333333334
3 0.3203125 0.58984375 0.3294270833333333 0.5885416666666666 0.3333333333333333 0.5950520833333334 0.33203125 0.60546875 0.328125 0.6067708333333334 0.3268229166666667 0.6028645833333334 0.3203125 0.59765625 0.3203125 0.5911458333333334
3 0.23046875 0.21354166666666666 0.234375 0.21354166666666666 0.23958333333333334 0.21875 0.2421875 0.22526041666666666 0.2421875 0.234375 0.23828125 0.23567708333333334 0.23307291666666666 0.22526041666666666 0.23046875 0.22395833333333334 0.23046875 0.21484375
3 0.7578125 0.5052083333333334 0.76171875 0.515625 0.7604166666666666 0.52734375 0.75390625 0.52734375 0.7434895833333334 0.51171875 0.7513020833333334 0.5104166666666666 0.7565104166666666 0.5052083333333334
3 0.375 0.3932291666666667 0.37109375 0.38671875 0.37109375 0.3815104166666667 0.3763020833333333 0.3723958333333333 0.3802083333333333 0.3723958333333333 0.3854166666666667 0.3815104166666667 0.3854166666666667 0.390625 0.3815104166666667 0.3932291666666667 0.3802083333333333 0.3971354166666667 0.3763020833333333 0.3932291666666667
3 0.09375 0.4544270833333333 0.09895833333333333 0.4544270833333333 0.109375 0.4635416666666667 0.10807291666666667 0.4700520833333333 0.09765625 0.4713541666666667 0.09244791666666667 0.4661458333333333 0.09375 0.4557291666666667