1 0.5328125 0.6541666666666667 0.53359375 0.64722222265625 0.5304687499999999 0.64722222265625 0.5328125 0.6541666666666667
0 0 0.4296875 0.08854166666666667 0.4309895833333333 0.10677083333333333 0.4348958333333333 0.12369791666666667 0.44921875 0.13932291666666666 0.4765625 0.14322916666666666 0.4947916666666667 0.14583333333333334 0.4973958333333333 0.14973958333333334 0.5247395833333334 0.14713541666666666 0.5729166666666666 0.14322916666666666 0.58203125 0.14192708333333334 0.59375 0.13020833333333334 0.6184895833333334 0.11458333333333333 0.6354166666666666 0.1015625 0.6419270833333334 0.08463541666666667 0.6432291666666666 0 0.640625 0 0.6354166666666666 0.09244791666666667 0.6380208333333334 0.11067708333333333 0.6315104166666666 0.12760416666666666 0.61328125 0.13541666666666666 0.59765625 0.14322916666666666 0.57421875 0.14713541666666666 0.5442708333333334 0.14453125 0.5091145833333334 0.13541666666666666 0.4765625 0.125 0.4583333333333333 0.11458333333333333 0.4479166666666667 0.10026041666666667 0.4401041666666667 0.0546875 0.4388020833333333 0.053385416666666664 0.4361979166666667 0 0.4348958333333333 0 0.4309895833333333
0 0.9127604166666666 0.45703125 0.9557291666666666 0.4583333333333333 0.95703125 0.4609375 0.9739583333333334 0.4609375 0.9752604166666666 0.4635416666666667 0.85546875 0.4635416666666667 0.83984375 0.47265625 0.8333333333333334 0.4791666666666667 0.8216145833333334 0.4986979166666667 0.8216145833333334 0.5026041666666666 0.8151041666666666 0.5143229166666666 0.8111979166666666 0.53125 0.80859375 0.5546875 0.8098958333333334 0.5872395833333334 0.8138020833333334 0.59765625 0.8151041666666666 0.609375 0.8229166666666666 0.62890625 0.8346354166666666 0.6471354166666666 0.84375 0.65625 0.8515625 0.66015625 0.875 0.6640625 0.9713541666666666 0.6666666666666666 0.9713541666666666 0.671875 0.9140625 0.671875 0.8580729166666666 0.66796875 0.8567708333333334 0.6653645833333334 0.8515625 0.6653645833333334 0.83984375 0.6588541666666666 0.828125 0.6471354166666666 0.8268229166666666 0.6419270833333334 0.81640625 0.6263020833333334 0.81640625 0.62109375 0.8125 0.61328125 0.8072916666666666 0.58984375 0.8072916666666666 0.5364583333333334 0.81640625 0.5 0.828125 0.4791666666666667 0.8385416666666666 0.4674479166666667 0.85546875 0.45703125 0.9114583333333334 0.45703125
2 0.4778645833333333 0.4544270833333333 0.48046875 0.4778645833333333 0.4752604166666667 0.8333333333333334 0.4765625 0.8815104166666666 0.4739583333333333 0.9609375 0.47265625 0.8177083333333334 0.4765625 0.63671875 0.4765625 0.4557291666666667
3 0.4635416666666667 0.24479166666666666 0.4661458333333333 0.24869791666666666 0.4661458333333333 0.265625 0.4635416666666667 0.2682291666666667 0.45703125 0.2604166666666667 0.45703125 0.25390625 0.4596354166666667 0.24609375 0.4622395833333333 0.24479166666666666
3 0.6002604166666666 0.2578125 0.6041666666666666 0.2591145833333333 0.6028645833333334 0.2799479166666667 0.59765625 0.2799479166666667 0.5950520833333334 0.2669270833333333 0.5950520833333334 0.2643229166666667 0.6002604166666666 0.2591145833333333
3 0.4440104166666667 0.8098958333333334 0.4466145833333333 0.8111979166666666 0.4544270833333333 0.828125 0.4505208333333333 0.83203125 0.4440104166666667 0.828125 0.4440104166666667 0.8111979166666666
3 0.5390625 0.6770833333333334 0.53515625 0.6627604166666666 0.5416666666666666 0.6588541666666666 0.5455729166666666 0.6627604166666666 0.5455729166666666 0.6770833333333334 0.5403645833333334 0.6770833333333334
3 0.5143229166666666 0.7018229166666666 0.5169270833333334 0.70703125 0.5169270833333334 0.7278645833333334 0.515625 0.73046875 0.51171875 0.73046875 0.51171875 0.71875 0.5091145833333334 0.7135416666666666 0.5143229166666666 0.703125
3 0.6158854166666666 0.5208333333333334 0.6197916666666666 0.5286458333333334 0.6184895833333334 0.5364583333333334 0.6145833333333334 0.5377604166666666 0.6106770833333334 0.5325520833333334 0.6119791666666666 0.5260416666666666 0.6158854166666666 0.5221354166666666
3 0.3932291666666667 0.33984375 0.3997395833333333 0.33984375 0.40234375 0.3463541666666667 0.4010416666666667 0.3697916666666667 0.3932291666666667 0.3567708333333333 0.3932291666666667 0.3411458333333333
3 0.46484375 0.3372395833333333 0.46875 0.34375 0.4674479166666667 0.3528645833333333 0.4635416666666667 0.3528645833333333 0.4609375 0.3463541666666667 0.4609375 0.3385416666666667 0.4635416666666667 0.3372395833333333
3 0.453125 0.5690104166666666 0.4557291666666667 0.5703125 0.4583333333333333 0.5768229166666666 0.4557291666666667 0.5846354166666666 0.453125 0.5846354166666666 0.4479166666666667 0.5794270833333334 0.4518229166666667 0.5703125
3 0.7395833333333334 0.5807291666666666 0.7434895833333334 0.5885416666666666 0.7434895833333334 0.5989583333333334 0.7408854166666666 0.6015625 0.734375 0.5989583333333334 0.7291666666666666 0.5911458333333334 0.7291666666666666 0.5885416666666666 0.7330729166666666 0.5872395833333334 0.734375 0.5833333333333334 0.73828125 0.5807291666666666
3 0.5247395833333334 0.4505208333333333 0.52734375 0.453125 0.5247395833333334 0.46484375 0.51953125 0.46484375 0.515625 0.4622395833333333 0.5143229166666666 0.4557291666666667 0.5169270833333334 0.4518229166666667 0.5234375 0.4505208333333333
3 0.47500000000000003 0.43611111067708336 0.4765625 0.43888888932291664 0.48125 0.43888888932291664 0.484375 0.43611111067708336 0.48515625 0.43333333333333335 0.48515625 0.425 0.48281250000000003 0.4166666666666667 0.48203124999999997 0.4166666666666667 0.48046875 0.4138888893229167 0.47890625000000003 0.4138888893229167 0.4765625 0.41527777734375 0.4734375 0.42083333333333334 0.47265625 0.4236111106770833 0.47265625 0.43055555598958334 0.47421874999999997 0.43611111067708336 0.47500000000000003 0.43611111067708336