1 0.46796875 0.5138888893229167 0.46718750000000003 0.5180555559895833 0.47109375000000003 0.5208333333333334 0.47109375000000003 0.5138888893229167 0.46796875 0.5138888893229167
0 0 0.4244791666666667 0.10026041666666667 0.4270833333333333 0.11458333333333333 0.4322916666666667 0.13411458333333334 0.453125 0.14583333333333334 0.4778645833333333 0.14713541666666666 0.4895833333333333 0.15104166666666666 0.5 0.15364583333333334 0.5260416666666666 0.15104166666666666 0.56640625 0.14583333333333334 0.5859375 0.13411458333333334 0.6119791666666666 0.11848958333333333 0.6302083333333334 0.10416666666666667 0.63671875 0 0.6341145833333334 0 0.62890625 0.06901041666666667 0.6315104166666666 0.10286458333333333 0.6315104166666666 0.11067708333333333 0.62890625 0.12760416666666666 0.6119791666666666 0.13932291666666666 0.5911458333333334 0.14713541666666666 0.5677083333333334 0.14973958333333334 0.5481770833333334 0.1484375 0.5065104166666666 0.13932291666666666 0.47265625 0.125 0.44921875 0.11067708333333333 0.4361979166666667 0.09765625 0.4322916666666667 0.014322916666666666 0.4296875 0.0026041666666666665 0.4309895833333333 0 0.4296875 0 0.42578125
0 0.8854166666666666 0.453125 0.91796875 0.4557291666666667 0.96484375 0.4557291666666667 0.9739583333333334 0.45703125 0.9739583333333334 0.4622395833333333 0.8606770833333334 0.4596354166666667 0.83984375 0.4700520833333333 0.8333333333333334 0.4765625 0.8216145833333334 0.49609375 0.8111979166666666 0.5299479166666666 0.8098958333333334 0.5794270833333334 0.8151041666666666 0.60546875 0.8268229166666666 0.6315104166666666 0.8333333333333334 0.640625 0.84375 0.6510416666666666 0.85546875 0.6575520833333334 0.875 0.66015625 0.9283854166666666 0.66015625 0.9661458333333334 0.6627604166666666 0.9713541666666666 0.6640625 0.9700520833333334 0.66796875 0.9661458333333334 0.6692708333333334 0.94140625 0.66796875 0.9401041666666666 0.6653645833333334 0.875 0.6653645833333334 0.85546875 0.6627604166666666 0.84765625 0.66015625 0.83203125 0.6471354166666666 0.81640625 0.6197916666666666 0.8072916666666666 0.5846354166666666 0.8072916666666666 0.5364583333333334 0.81640625 0.4973958333333333 0.8307291666666666 0.47265625 0.8463541666666666 0.4583333333333333 0.859375 0.453125 0.8841145833333334 0.453125
2 0.4791666666666667 0.4830729166666667 0.4817708333333333 0.484375 0.4817708333333333 0.6380208333333334 0.4791666666666667 0.6770833333333334 0.4778645833333333 0.94140625 0.4765625 0.953125 0.4739583333333333 0.9518229166666666 0.47265625 0.9309895833333334 0.4752604166666667 0.8997395833333334 0.4739583333333333 0.8619791666666666 0.4791666666666667 0.484375
3 0.662109375 0.5872395833333334 0.010416666666666666 0.027994791666666668
3 0.51171875 0.71484375 0.5143229166666666 0.71484375 0.5169270833333334 0.7213541666666666 0.5169270833333334 0.7317708333333334 0.51171875 0.734375 0.51171875 0.7161458333333334
3 0.5384114583333334 0.2766927083333333 0.011067708333333334 0.024739583333333332
3 0.5052083333333334 0.62109375 0.5065104166666666 0.6380208333333334 0.50390625 0.6393229166666666 0.5 0.6341145833333334 0.5 0.6236979166666666 0.50390625 0.62109375
3 0.56640625 0.5572916666666666 0.5677083333333334 0.5703125 0.5651041666666666 0.5729166666666666 0.5611979166666666 0.5690104166666666 0.5611979166666666 0.5572916666666666 0.5651041666666666 0.5572916666666666
3 0.4244791666666667 0.5859375 0.4270833333333333 0.5885416666666666 0.42578125 0.6015625 0.4231770833333333 0.6015625 0.4205729166666667 0.59765625 0.4205729166666667 0.5872395833333334 0.4231770833333333 0.5859375
3 0.4427083333333333 0.4075520833333333 0.4427083333333333 0.421875 0.4375 0.4192708333333333 0.4361979166666667 0.4140625 0.4361979166666667 0.4088541666666667 0.44140625 0.4075520833333333
3 0.3658854166666667 0.32421875 0.3697916666666667 0.32421875 0.3736979166666667 0.3307291666666667 0.3736979166666667 0.3372395833333333 0.3697916666666667 0.3424479166666667 0.36328125 0.3372395833333333 0.36328125 0.3268229166666667 0.3658854166666667 0.3255208333333333
3 0.4049479166666667 0.76953125 0.4114583333333333 0.7760416666666666 0.4075520833333333 0.7890625 0.4010416666666667 0.7838541666666666 0.3997395833333333 0.7760416666666666 0.4010416666666667 0.7708333333333334 0.4036458333333333 0.76953125
3 0.4622395833333333 0.23958333333333334 0.46484375 0.2565104166666667 0.4596354166666667 0.265625 0.453125 0.2421875 0.4609375 0.23958333333333334
3 0.5221354166666666 0.4635416666666667 0.5260416666666666 0.46484375 0.52734375 0.4700520833333333 0.5260416666666666 0.4817708333333333 0.5234375 0.4817708333333333 0.5221354166666666 0.46484375
3 0.48359375 0.44166666666666665 0.47890625000000003 0.43888888932291664 0.4734375 0.44444444401041666 0.47265625 0.45555555598958336 0.47578125 0.4611111106770833 0.48593749999999997 0.45972222265625 0.48359375 0.44166666666666665