1 0.46640624999999997 0.7208333333333333 0.46718750000000003 0.7138888893229166 0.4640625 0.7138888893229166 0.46640624999999997 0.7208333333333333
0 0 0.4140625 0.09114583333333333 0.4166666666666667 0.09244791666666667 0.4192708333333333 0.10416666666666667 0.421875 0.11458333333333333 0.4283854166666667 0.13411458333333334 0.4557291666666667 0.14192708333333334 0.4791666666666667 0.14713541666666666 0.515625 0.14583333333333334 0.5520833333333334 0.14322916666666666 0.5559895833333334 0.14322916666666666 0.5651041666666666 0.13932291666666666 0.57421875 0.13802083333333334 0.5846354166666666 0.12630208333333334 0.6067708333333334 0.10677083333333333 0.6263020833333334 0.09244791666666667 0.6315104166666666 0 0.62890625 0 0.62109375 0.09635416666666667 0.6236979166666666 0.10546875 0.6197916666666666 0.12109375 0.60546875 0.13151041666666666 0.5885416666666666 0.13671875 0.5690104166666666 0.13932291666666666 0.56640625 0.14322916666666666 0.5455729166666666 0.14322916666666666 0.50390625 0.13671875 0.4739583333333333 0.12890625 0.4596354166666667 0.12760416666666666 0.453125 0.11067708333333333 0.4322916666666667 0.09114583333333333 0.4231770833333333 0.01953125 0.4205729166666667 0.01171875 0.421875 0 0.4205729166666667 0 0.4153645833333333
0 0.9739583333333334 0.4505208333333333 0.9778645833333334 0.453125 0.9752604166666666 0.4557291666666667 0.859375 0.453125 0.8502604166666666 0.45703125 0.8346354166666666 0.4713541666666667 0.8229166666666666 0.4908854166666667 0.8151041666666666 0.5130208333333334 0.8111979166666666 0.5338541666666666 0.8111979166666666 0.5716145833333334 0.8190104166666666 0.6080729166666666 0.8294270833333334 0.62890625 0.84765625 0.6484375 0.86328125 0.6549479166666666 0.9674479166666666 0.6588541666666666 0.9752604166666666 0.6614583333333334 0.96875 0.6640625 0.8619791666666666 0.66015625 0.8502604166666666 0.65625 0.83984375 0.6497395833333334 0.82421875 0.62890625 0.8125 0.59765625 0.8111979166666666 0.58203125 0.80859375 0.5768229166666666 0.80859375 0.5338541666666666 0.8111979166666666 0.52734375 0.8125 0.51171875 0.8203125 0.4869791666666667 0.8307291666666666 0.46875 0.83984375 0.4583333333333333 0.8489583333333334 0.4518229166666667 0.859375 0.4479166666666667 0.97265625 0.4505208333333333
2 0.48046875 0.12239583333333333 0.4830729166666667 0.125 0.48046875 0.36328125 0.4817708333333333 0.4557291666666667 0.4791666666666667 0.5091145833333334 0.4752604166666667 0.9401041666666666 0.4739583333333333 0.9518229166666666 0.4713541666666667 0.94921875 0.4739583333333333 0.8072916666666666 0.47265625 0.7161458333333334 0.4752604166666667 0.7018229166666666 0.4765625 0.6276041666666666 0.4752604166666667 0.5729166666666666 0.48046875 0.12369791666666667
3 0.3932291666666667 0.20572916666666666 0.4010416666666667 0.20572916666666666 0.4036458333333333 0.2109375 0.4036458333333333 0.22265625 0.3984375 0.22526041666666666 0.3932291666666667 0.21614583333333334 0.3932291666666667 0.20703125
3 0.4674479166666667 0.24348958333333334 0.4713541666666667 0.26171875 0.4713541666666667 0.265625 0.4674479166666667 0.26953125 0.4635416666666667 0.265625 0.4635416666666667 0.24479166666666666 0.4661458333333333 0.24348958333333334
3 0.40234375 0.5182291666666666 0.4049479166666667 0.5208333333333334 0.4075520833333333 0.5325520833333334 0.4036458333333333 0.5442708333333334 0.4010416666666667 0.5455729166666666 0.3971354166666667 0.5442708333333334 0.39453125 0.5390625 0.39453125 0.5260416666666666 0.4010416666666667 0.5182291666666666
3 0.5533854166666666 0.6614583333333334 0.5611979166666666 0.6614583333333334 0.5638020833333334 0.6666666666666666 0.5638020833333334 0.6744791666666666 0.5572916666666666 0.6822916666666666 0.5520833333333334 0.6640625 0.5533854166666666 0.6627604166666666
3 0.4296875 0.40234375 0.43359375 0.4075520833333333 0.4322916666666667 0.421875 0.42578125 0.41796875 0.42578125 0.4036458333333333 0.4283854166666667 0.40234375
3 0.3736979166666667 0.625 0.3802083333333333 0.63671875 0.3802083333333333 0.6419270833333334 0.37109375 0.6419270833333334 0.3697916666666667 0.6341145833333334 0.3736979166666667 0.6263020833333334
3 0.4635416666666667 0.71484375 0.4674479166666667 0.71484375 0.4635416666666667 0.7473958333333334 0.4596354166666667 0.7421875 0.4557291666666667 0.7278645833333334 0.45703125 0.71875 0.4635416666666667 0.7161458333333334
3 0.35546875 0.5208333333333334 0.3580729166666667 0.5247395833333334 0.3580729166666667 0.5390625 0.3567708333333333 0.54296875 0.3541666666666667 0.54296875 0.3502604166666667 0.5364583333333334 0.3515625 0.5286458333333334 0.35546875 0.5221354166666666
3 0.23567708333333334 0.6966145833333334 0.23958333333333334 0.7018229166666666 0.23958333333333334 0.7096354166666666 0.23697916666666666 0.7122395833333334 0.23307291666666666 0.70703125 0.23046875 0.70703125 0.22786458333333334 0.7122395833333334 0.22526041666666666 0.7109375 0.22526041666666666 0.69921875 0.22786458333333334 0.6966145833333334 0.234375 0.6966145833333334
3 0.55078125 0.4192708333333333 0.5572916666666666 0.4231770833333333 0.5572916666666666 0.4361979166666667 0.5546875 0.4401041666666667 0.55078125 0.4401041666666667 0.55078125 0.4205729166666667
3 0.22526041666666666 0.5071614583333334 0.013020833333333334 0.01953125
3 0.40683359375 0.83584722265625 0.40428203125 0.82864722265625 0.398128125 0.8390472226562501 0.3999296875 0.8569152773437501 0.40263125 0.85851527734375 0.40653359375000003 0.84624722265625 0.40683359375 0.83584722265625