1 0.42734374999999997 0.26666666666666666 0.42812500000000003 0.2694444440104167 0.43124999999999997 0.26805555598958336 0.43203125000000003 0.26527777734374997 0.43124999999999997 0.2625 0.43046875 0.2611111106770833 0.42812500000000003 0.2611111106770833 0.42734374999999997 0.2625 0.42734374999999997 0.26666666666666666
0 0 0.4153645833333333 0.041666666666666664 0.4166666666666667 0.04296875 0.4192708333333333 0.09244791666666667 0.4205729166666667 0.10807291666666667 0.4270833333333333 0.11458333333333333 0.4322916666666667 0.13151041666666666 0.45703125 0.14192708333333334 0.48828125 0.14322916666666666 0.5104166666666666 0.14583333333333334 0.51953125 0.14192708333333334 0.5690104166666666 0.13802083333333334 0.5768229166666666 0.13671875 0.5859375 0.12369791666666667 0.6106770833333334 0.109375 0.6263020833333334 0.09375 0.6341145833333334 0 0.6315104166666666 0 0.625 0.016927083333333332 0.625 0.018229166666666668 0.6276041666666666 0.09114583333333333 0.62890625 0.10677083333333333 0.62109375 0.11979166666666667 0.6080729166666666 0.12109375 0.6028645833333334 0.13151041666666666 0.5885416666666666 0.1328125 0.5794270833333334 0.13932291666666666 0.5651041666666666 0.14192708333333334 0.53515625 0.140625 0.5 0.13541666666666666 0.4778645833333333 0.12369791666666667 0.4518229166666667 0.10677083333333333 0.4322916666666667 0.09244791666666667 0.42578125 0 0.4231770833333333 0 0.4166666666666667
0 0.9791666666666666 0.453125 0.98046875 0.4596354166666667 0.9348958333333334 0.4596354166666667 0.93359375 0.45703125 0.88671875 0.4557291666666667 0.859375 0.45703125 0.8580729166666666 0.4596354166666667 0.84375 0.4674479166666667 0.8333333333333334 0.4791666666666667 0.8190104166666666 0.5104166666666666 0.8138020833333334 0.5377604166666666 0.8138020833333334 0.5768229166666666 0.8177083333333334 0.59765625 0.8307291666666666 0.6302083333333334 0.8450520833333334 0.6458333333333334 0.8463541666666666 0.6497395833333334 0.8580729166666666 0.65625 0.8684895833333334 0.6588541666666666 0.9752604166666666 0.6627604166666666 0.9778645833333334 0.6640625 0.9752604166666666 0.66796875 0.9466145833333334 0.66796875 0.9453125 0.6653645833333334 0.8684895833333334 0.6640625 0.8567708333333334 0.6614583333333334 0.83984375 0.6510416666666666 0.82421875 0.62890625 0.8229166666666666 0.62109375 0.81640625 0.6080729166666666 0.8111979166666666 0.578125 0.8111979166666666 0.5364583333333334 0.8151041666666666 0.51171875 0.82421875 0.4869791666666667 0.8346354166666666 0.4700520833333333 0.8489583333333334 0.4557291666666667 0.8619791666666666 0.4505208333333333 0.9778645833333334 0.453125
2 0.4765625 0.5533854166666666 0.48046875 0.5625 0.4778645833333333 0.7786458333333334 0.4752604166666667 0.953125 0.4739583333333333 0.95703125 0.47265625 0.9557291666666666 0.4713541666666667 0.94140625 0.4765625 0.5546875
3 0.60546875 0.6901041666666666 0.6119791666666666 0.6927083333333334 0.6145833333333334 0.6966145833333334 0.6145833333333334 0.70703125 0.6119791666666666 0.7135416666666666 0.609375 0.7135416666666666 0.6041666666666666 0.6927083333333334 0.60546875 0.69140625
3 0.47265625 0.5169270833333334 0.4778645833333333 0.5208333333333334 0.4791666666666667 0.5260416666666666 0.4791666666666667 0.5338541666666666 0.4739583333333333 0.5455729166666666 0.46484375 0.52734375 0.4674479166666667 0.51953125 0.4713541666666667 0.5169270833333334
3 0.4440104166666667 0.76953125 0.4466145833333333 0.76953125 0.4518229166666667 0.7838541666666666 0.4518229166666667 0.7942708333333334 0.44921875 0.7955729166666666 0.4453125 0.79296875 0.4440104166666667 0.7708333333333334
3 0.5234375 0.1875 0.5260416666666666 0.1875 0.5286458333333334 0.19270833333333334 0.5286458333333334 0.2109375 0.5234375 0.21354166666666666 0.5234375 0.18880208333333334
3 0.48046875 0.390625 0.4856770833333333 0.3919270833333333 0.4869791666666667 0.39453125 0.48046875 0.4153645833333333 0.4778645833333333 0.4140625 0.4739583333333333 0.3997395833333333 0.4739583333333333 0.39453125 0.4791666666666667 0.3919270833333333
3 0.2786458333333333 0.734375 0.26953125 0.7330729166666666 0.26953125 0.7252604166666666 0.2721354166666667 0.7200520833333334 0.2799479166666667 0.71875 0.2799479166666667 0.7330729166666666
3 0.359375 0.26953125 0.35546875 0.2643229166666667 0.3528645833333333 0.23958333333333334 0.35546875 0.23697916666666666 0.3580729166666667 0.23828125 0.3606770833333333 0.2682291666666667
3 0.4361979166666667 0.61328125 0.44140625 0.6184895833333334 0.4401041666666667 0.6302083333333334 0.4388020833333333 0.6315104166666666 0.43359375 0.6276041666666666 0.4309895833333333 0.6171875 0.4322916666666667 0.6145833333333334 0.4348958333333333 0.6145833333333334
3 0.5807291666666666 0.4453125 0.57421875 0.4296875 0.58203125 0.421875 0.5872395833333334 0.4283854166666667 0.5872395833333334 0.4427083333333333 0.58203125 0.4453125
3 0.15494791666666666 0.55078125 0.1640625 0.5533854166666666 0.16145833333333334 0.5638020833333334 0.15885416666666666 0.5651041666666666 0.15494791666666666 0.5611979166666666 0.14973958333333334 0.5651041666666666 0.14583333333333334 0.5638020833333334 0.14713541666666666 0.5533854166666666 0.14973958333333334 0.55078125 0.15364583333333334 0.55078125
3 0.39296875000000003 0.53472222265625 0.39140625 0.5361111106770834 0.39140625 0.54027777734375 0.39218749999999997 0.5430555559895833 0.39609374999999997 0.54722222265625 0.39921875 0.54722222265625 0.39999999999999997 0.5458333333333333 0.39999999999999997 0.5388888893229167 0.39921875 0.5361111106770834 0.39765625 0.53472222265625 0.39296875000000003 0.53472222265625
3 0.510765625 0.7667152773437499 0.5036109375 0.75109722265625 0.500084375 0.7542069440104168 0.4997265625 0.7750694440104167 0.510765625 0.7667152773437499