1 0.44609375 0.6986111106770833 0.4484375 0.6958333333333333 0.44765625000000003 0.6916666666666668 0.44453125 0.6916666666666668 0.44375000000000003 0.6930555559895833 0.44375000000000003 0.6958333333333333 0.44453125 0.69722222265625 0.44609375 0.6986111106770833
0 0 0.4140625 0.09375 0.4166666666666667 0.09505208333333333 0.4192708333333333 0.09895833333333333 0.4192708333333333 0.11458333333333333 0.4283854166666667 0.13020833333333334 0.44921875 0.13802083333333334 0.4674479166666667 0.14322916666666666 0.4869791666666667 0.14713541666666666 0.5169270833333334 0.14583333333333334 0.5494791666666666 0.14322916666666666 0.5533854166666666 0.14322916666666666 0.5638020833333334 0.13671875 0.5859375 0.12630208333333334 0.60546875 0.11067708333333333 0.6223958333333334 0.09635416666666667 0.6302083333333334 0.04296875 0.6302083333333334 0 0.6276041666666666 0 0.62109375 0.061197916666666664 0.6236979166666666 0.09505208333333333 0.6236979166666666 0.10286458333333333 0.62109375 0.11979166666666667 0.6067708333333334 0.12109375 0.6015625 0.13151041666666666 0.5872395833333334 0.13932291666666666 0.5638020833333334 0.14322916666666666 0.5390625 0.14322916666666666 0.5052083333333334 0.140625 0.4986979166666667 0.13932291666666666 0.4830729166666667 0.13671875 0.48046875 0.13541666666666666 0.4713541666666667 0.12760416666666666 0.4544270833333333 0.11067708333333333 0.4322916666666667 0.09244791666666667 0.4231770833333333 0 0.4205729166666667 0 0.4153645833333333
0 0.8763020833333334 0.4466145833333333 0.9752604166666666 0.4505208333333333 0.9778645833333334 0.453125 0.9713541666666666 0.4557291666666667 0.9453125 0.4557291666666667 0.8658854166666666 0.4518229166666667 0.8541666666666666 0.4544270833333333 0.83984375 0.46484375 0.8294270833333334 0.4778645833333333 0.8190104166666666 0.4986979166666667 0.8111979166666666 0.5325520833333334 0.8111979166666666 0.57421875 0.8190104166666666 0.6080729166666666 0.8333333333333334 0.6341145833333334 0.84765625 0.6484375 0.8580729166666666 0.6536458333333334 0.9583333333333334 0.6575520833333334 0.9713541666666666 0.6588541666666666 0.9739583333333334 0.66015625 0.97265625 0.6627604166666666 0.890625 0.6614583333333334 0.8541666666666666 0.6575520833333334 0.8385416666666666 0.6484375 0.8385416666666666 0.6458333333333334 0.83203125 0.640625 0.81640625 0.6119791666666666 0.80859375 0.578125 0.8072916666666666 0.5598958333333334 0.80859375 0.5325520833333334 0.81640625 0.49609375 0.828125 0.4713541666666667 0.84375 0.4544270833333333 0.8580729166666666 0.4479166666666667 0.875 0.4466145833333333
2 0.48046875 0.12239583333333333 0.4830729166666667 0.12369791666666667 0.48046875 0.3294270833333333 0.4817708333333333 0.4557291666666667 0.4791666666666667 0.4739583333333333 0.4752604166666667 0.93359375 0.4739583333333333 0.9518229166666666 0.4713541666666667 0.9505208333333334 0.48046875 0.12369791666666667
3 0.38671875 0.5377604166666666 0.3828125 0.5247395833333334 0.3854166666666667 0.515625 0.3893229166666667 0.5130208333333334 0.3958333333333333 0.51953125 0.3958333333333333 0.53125 0.390625 0.5390625 0.3880208333333333 0.5377604166666666
3 0.3580729166666667 0.6106770833333334 0.3606770833333333 0.6106770833333334 0.3658854166666667 0.6236979166666666 0.3658854166666667 0.6276041666666666 0.36328125 0.6302083333333334 0.35546875 0.6302083333333334 0.3580729166666667 0.6119791666666666
3 0.4537760416666667 0.2526041666666667 0.011067708333333334 0.027994791666666668
3 0.3489583333333333 0.5130208333333334 0.3528645833333333 0.51953125 0.3528645833333333 0.5299479166666666 0.3489583333333333 0.5325520833333334 0.3424479166666667 0.52734375 0.3411458333333333 0.5221354166666666 0.3424479166666667 0.5143229166666666 0.3450520833333333 0.51171875 0.34765625 0.5130208333333334
3 0.22526041666666666 0.685546875 0.014973958333333334 0.014973958333333334
3 0.5625 0.4127604166666667 0.5677083333333334 0.4192708333333333 0.5677083333333334 0.4322916666666667 0.5638020833333334 0.4361979166666667 0.5611979166666666 0.4348958333333333 0.5572916666666666 0.4270833333333333 0.5572916666666666 0.4205729166666667 0.5611979166666666 0.41796875 0.5625 0.4140625
3 0.5481770833333334 0.6458333333333334 0.55078125 0.6458333333333334 0.5559895833333334 0.65625 0.5533854166666666 0.6653645833333334 0.546875 0.6614583333333334 0.5455729166666666 0.6536458333333334 0.5481770833333334 0.6471354166666666
3 0.23046875 0.5052083333333334 0.22526041666666666 0.4947916666666667 0.22526041666666666 0.48828125 0.22916666666666666 0.4856770833333333 0.23567708333333334 0.4856770833333333 0.23958333333333334 0.4934895833333333 0.23958333333333334 0.5052083333333334 0.23177083333333334 0.5052083333333334
3 0.421875 0.39027777734375 0.41953124999999997 0.40138888932291666 0.42812500000000003 0.41111111067708334 0.42812500000000003 0.39722222265625 0.421875 0.39027777734375
3 0.45546875000000003 0.7236111106770834 0.45 0.7305555559895834 0.453125 0.7513888893229167 0.46249999999999997 0.7541666666666668 0.45937500000000003 0.725 0.45546875000000003 0.7236111106770834
3 0.38906250000000003 0.8375 0.38984375 0.85 0.39687500000000003 0.8569444440104167 0.39687500000000003 0.8375 0.38906250000000003 0.8375
3 0.39296875000000003 0.19861111067708334 0.39687500000000003 0.2125 0.40078125000000003 0.20972222265624998 0.39999999999999997 0.19861111067708334 0.39296875000000003 0.19861111067708334