1 0.5656249999999999 0.44027777734375 0.56484375 0.4458333333333333 0.56796875 0.44861111067708337 0.5695312499999999 0.44166666666666665 0.5656249999999999 0.44027777734375
0 0 0.4166666666666667 0.020833333333333332 0.4166666666666667 0.022135416666666668 0.4192708333333333 0.0859375 0.4205729166666667 0.10286458333333333 0.4244791666666667 0.11848958333333333 0.4375 0.13411458333333334 0.4622395833333333 0.14192708333333334 0.48828125 0.14322916666666666 0.5065104166666666 0.14583333333333334 0.51171875 0.14583333333333334 0.5455729166666666 0.14322916666666666 0.55078125 0.14322916666666666 0.5638020833333334 0.13802083333333334 0.5846354166666666 0.12760416666666666 0.6067708333333334 0.109375 0.6276041666666666 0.09635416666666667 0.6341145833333334 0 0.6315104166666666 0 0.625 0.01171875 0.625 0.013020833333333334 0.6276041666666666 0.057291666666666664 0.6276041666666666 0.08984375 0.6302083333333334 0.09765625 0.6276041666666666 0.11067708333333333 0.6184895833333334 0.12239583333333333 0.60546875 0.13541666666666666 0.5794270833333334 0.140625 0.55859375 0.14322916666666666 0.5247395833333334 0.140625 0.4973958333333333 0.13541666666666666 0.4765625 0.12630208333333334 0.4557291666666667 0.10807291666666667 0.43359375 0.09895833333333333 0.4283854166666667 0.08723958333333333 0.42578125 0 0.4231770833333333 0 0.41796875
0 0.84375 0.4583333333333333 0.86328125 0.4505208333333333 0.9713541666666666 0.453125 0.9791666666666666 0.4557291666666667 0.9778645833333334 0.4596354166666667 0.92578125 0.4596354166666667 0.9244791666666666 0.45703125 0.8815104166666666 0.4557291666666667 0.8580729166666666 0.45703125 0.8567708333333334 0.4596354166666667 0.84375 0.4661458333333333 0.8268229166666666 0.48828125 0.8190104166666666 0.5065104166666666 0.8125 0.5390625 0.8138020833333334 0.5859375 0.8190104166666666 0.6080729166666666 0.8307291666666666 0.6328125 0.84375 0.6484375 0.85546875 0.65625 0.8671875 0.6588541666666666 0.9752604166666666 0.6627604166666666 0.9765625 0.6640625 0.9739583333333334 0.66796875 0.94921875 0.66796875 0.9479166666666666 0.6653645833333334 0.8671875 0.6640625 0.84765625 0.6575520833333334 0.8346354166666666 0.6471354166666666 0.8229166666666666 0.6276041666666666 0.8125 0.59765625 0.80859375 0.546875 0.8125 0.5182291666666666 0.8203125 0.4934895833333333 0.8307291666666666 0.4739583333333333 0.84375 0.4596354166666667
2 0.48046875 0.125 0.4830729166666667 0.12760416666666666 0.4817708333333333 0.4036458333333333 0.4791666666666667 0.4114583333333333 0.4817708333333333 0.4205729166666667 0.4791666666666667 0.5130208333333334 0.4817708333333333 0.5677083333333334 0.4791666666666667 0.5755208333333334 0.4778645833333333 0.62890625 0.4791666666666667 0.65234375 0.4752604166666667 0.82421875 0.4752604166666667 0.9401041666666666 0.47265625 0.9557291666666666 0.4713541666666667 0.9361979166666666 0.4765625 0.6315104166666666 0.4752604166666667 0.609375 0.4765625 0.56640625 0.4791666666666667 0.5651041666666666 0.4791666666666667 0.5481770833333334 0.4765625 0.5455729166666666 0.4752604166666667 0.5338541666666666 0.4778645833333333 0.44140625 0.4765625 0.39453125 0.4791666666666667 0.34375 0.48046875 0.12630208333333334
3 0.3971354166666667 0.5338541666666666 0.3997395833333333 0.5390625 0.4010416666666667 0.5572916666666666 0.3971354166666667 0.55859375 0.3932291666666667 0.55078125 0.3932291666666667 0.5403645833333334 0.3958333333333333 0.53515625
3 0.4674479166666667 0.5247395833333334 0.4713541666666667 0.5299479166666666 0.4713541666666667 0.546875 0.4674479166666667 0.55078125 0.4609375 0.54296875 0.4609375 0.5299479166666666 0.4661458333333333 0.5247395833333334
3 0.5234375 0.203125 0.5286458333333334 0.203125 0.53125 0.20703125 0.5299479166666666 0.22786458333333334 0.5260416666666666 0.22786458333333334 0.5234375 0.22265625 0.5234375 0.20442708333333334
3 0.4921875 0.3997395833333333 0.49609375 0.3997395833333333 0.4986979166666667 0.40234375 0.4986979166666667 0.4153645833333333 0.4973958333333333 0.41796875 0.4947916666666667 0.41796875 0.4908854166666667 0.41015625 0.4921875 0.4010416666666667
3 0.2799479166666667 0.7330729166666666 0.2825520833333333 0.7330729166666666 0.2838541666666667 0.7395833333333334 0.2877604166666667 0.7447916666666666 0.28515625 0.7565104166666666 0.28125 0.7565104166666666 0.2760416666666667 0.7526041666666666 0.2760416666666667 0.7434895833333334 0.2799479166666667 0.73828125 0.2799479166666667 0.734375
3 0.5013020833333334 0.7630208333333334 0.49609375 0.7565104166666666 0.4986979166666667 0.7421875 0.5026041666666666 0.7421875 0.5026041666666666 0.7486979166666666 0.5052083333333334 0.7526041666666666 0.5052083333333334 0.7591145833333334 0.5026041666666666 0.76171875
3 0.3684895833333333 0.26171875 0.3684895833333333 0.2669270833333333 0.36328125 0.27734375 0.3541666666666667 0.2643229166666667 0.3541666666666667 0.2604166666666667 0.36328125 0.2552083333333333 0.3671875 0.26171875
3 0.4322916666666667 0.59375 0.4361979166666667 0.6002604166666666 0.4348958333333333 0.61328125 0.4322916666666667 0.6145833333333334 0.4270833333333333 0.6106770833333334 0.4270833333333333 0.6002604166666666 0.4309895833333333 0.5950520833333334
3 0.5807291666666666 0.4322916666666667 0.58203125 0.453125 0.5794270833333334 0.4557291666666667 0.57421875 0.4557291666666667 0.5729166666666666 0.44921875 0.5677083333333334 0.44921875 0.5651041666666666 0.4453125 0.5703125 0.4375 0.5794270833333334 0.4322916666666667
3 0.59375 0.703125 0.6028645833333334 0.7018229166666666 0.6067708333333334 0.7057291666666666 0.6067708333333334 0.71875 0.5989583333333334 0.7200520833333334 0.59375 0.7096354166666666 0.59375 0.7044270833333334
3 0.1640625 0.55859375 0.17057291666666666 0.5572916666666666 0.17708333333333334 0.5651041666666666 0.17708333333333334 0.5690104166666666 0.17317708333333334 0.5716145833333334 0.1640625 0.5729166666666666 0.1640625 0.5598958333333334
3 0.4557291666666667 0.80859375 0.4583333333333333 0.8268229166666666 0.453125 0.8294270833333334 0.44921875 0.82421875 0.44921875 0.8203125 0.4557291666666667 0.8098958333333334