1 0.5578124999999999 0.65277777734375 0.5609375 0.6486111106770833 0.56015625 0.6458333333333334 0.5554687500000001 0.6458333333333334 0.5546875 0.64722222265625 0.5539062499999999 0.65 0.5554687500000001 0.65277777734375 0.5578124999999999 0.65277777734375
0 0 0.4309895833333333 0.09114583333333333 0.4322916666666667 0.10807291666666667 0.4375 0.12369791666666667 0.4518229166666667 0.13802083333333334 0.4765625 0.14713541666666666 0.51171875 0.1484375 0.5299479166666666 0.14713541666666666 0.5690104166666666 0.14322916666666666 0.5794270833333334 0.14192708333333334 0.5911458333333334 0.13020833333333334 0.6171875 0.11328125 0.63671875 0.09895833333333333 0.6432291666666666 0.08723958333333333 0.64453125 0 0.640625 0 0.63671875 0.05078125 0.63671875 0.08854166666666667 0.6393229166666666 0.09895833333333333 0.6380208333333334 0.10677083333333333 0.6341145833333334 0.11588541666666667 0.6276041666666666 0.11588541666666667 0.625 0.125 0.6158854166666666 0.13151041666666666 0.60546875 0.13671875 0.5885416666666666 0.13932291666666666 0.5859375 0.14453125 0.5572916666666666 0.14453125 0.5182291666666666 0.140625 0.4973958333333333 0.13151041666666666 0.47265625 0.12239583333333333 0.4583333333333333 0.11067708333333333 0.4466145833333333 0.09505208333333333 0.4401041666666667 0 0.4361979166666667 0 0.4322916666666667
0 0.8541666666666666 0.4583333333333333 0.9088541666666666 0.4583333333333333 0.91015625 0.4609375 0.9544270833333334 0.4609375 0.9739583333333334 0.4635416666666667 0.97265625 0.4661458333333333 0.8541666666666666 0.46484375 0.83984375 0.47265625 0.8333333333333334 0.4791666666666667 0.8229166666666666 0.4947916666666667 0.8216145833333334 0.5013020833333334 0.8151041666666666 0.51171875 0.8072916666666666 0.55078125 0.8072916666666666 0.578125 0.8111979166666666 0.6015625 0.8190104166666666 0.6263020833333334 0.8333333333333334 0.6458333333333334 0.8333333333333334 0.6484375 0.84765625 0.66015625 0.8580729166666666 0.6640625 0.9583333333333334 0.6666666666666666 0.9596354166666666 0.6692708333333334 0.9713541666666666 0.6705729166666666 0.9700520833333334 0.6731770833333334 0.8815104166666666 0.671875 0.85546875 0.6692708333333334 0.8385416666666666 0.66015625 0.828125 0.6497395833333334 0.81640625 0.6302083333333334 0.8072916666666666 0.5989583333333334 0.8046875 0.5572916666666666 0.8072916666666666 0.5299479166666666 0.8125 0.5091145833333334 0.828125 0.4778645833333333 0.8424479166666666 0.46484375 0.8541666666666666 0.4596354166666667
2 0.4791666666666667 0.13932291666666666 0.4817708333333333 0.15625 0.4778645833333333 0.3203125 0.4791666666666667 0.390625 0.4765625 0.3932291666666667 0.4752604166666667 0.3450520833333333 0.4791666666666667 0.140625
3 0.62109375 0.2578125 0.6263020833333334 0.2604166666666667 0.6276041666666666 0.265625 0.6263020833333334 0.2747395833333333 0.6197916666666666 0.28125 0.6171875 0.2760416666666667 0.6197916666666666 0.2721354166666667 0.62109375 0.2591145833333333
3 0.6328125 0.5260416666666666 0.63671875 0.5247395833333334 0.6393229166666666 0.5299479166666666 0.6393229166666666 0.5377604166666666 0.6341145833333334 0.54296875 0.62890625 0.5364583333333334 0.62890625 0.5299479166666666 0.6328125 0.52734375
3 0.4850260416666667 0.3268229166666667 0.012369791666666666 0.0234375
3 0.51953125 0.7076822916666666 0.009114583333333334 0.029296875
3 0.4811197916666667 0.404296875 0.013020833333333334 0.027994791666666668
3 0.5703125 0.625 0.5703125 0.6536458333333334 0.5546875 0.65234375 0.5546875 0.6458333333333334 0.5625 0.6419270833333334 0.56640625 0.62890625 0.5703125 0.6263020833333334
3 0.396484375 0.353515625 0.01171875 0.029296875
3 0.447265625 0.5559895833333334 0.01171875 0.020833333333333332
3 0.4557291666666667 0.2421875 0.4583333333333333 0.24479166666666666 0.4583333333333333 0.2552083333333333 0.4557291666666667 0.2604166666666667 0.4518229166666667 0.2591145833333333 0.4505208333333333 0.25390625 0.4505208333333333 0.24739583333333334 0.4544270833333333 0.2421875
3 0.75 0.5546875 0.7526041666666666 0.5546875 0.7591145833333334 0.5611979166666666 0.7604166666666666 0.56640625 0.7578125 0.5729166666666666 0.7486979166666666 0.5729166666666666 0.74609375 0.5690104166666666 0.75 0.5559895833333334
3 0.4869791666666667 0.4479166666666667 0.4908854166666667 0.4479166666666667 0.4934895833333333 0.453125 0.4934895833333333 0.4661458333333333 0.4908854166666667 0.4674479166666667 0.4856770833333333 0.4596354166666667 0.4869791666666667 0.44921875
3 0.4583333333333333 0.8255208333333334 0.4674479166666667 0.8333333333333334 0.4674479166666667 0.8450520833333334 0.4635416666666667 0.8463541666666666 0.4596354166666667 0.84375 0.4583333333333333 0.8268229166666666