1 0.47031249999999997 0.5333333333333333 0.471875 0.5263888893229166 0.46796875 0.525 0.47031249999999997 0.5333333333333333
0 0 0.42578125 0.10026041666666667 0.4283854166666667 0.11328125 0.4348958333333333 0.12760416666666666 0.4505208333333333 0.13802083333333334 0.4700520833333333 0.14583333333333334 0.4947916666666667 0.14973958333333334 0.5325520833333334 0.14713541666666666 0.56640625 0.14322916666666666 0.5755208333333334 0.14192708333333334 0.5872395833333334 0.13020833333333334 0.6119791666666666 0.11458333333333333 0.6302083333333334 0.09635416666666667 0.6380208333333334 0 0.6354166666666666 0 0.6302083333333334 0.08463541666666667 0.6328125 0.10026041666666667 0.6315104166666666 0.10677083333333333 0.62890625 0.11979166666666667 0.6171875 0.12890625 0.60546875 0.12890625 0.6015625 0.13541666666666666 0.5924479166666666 0.13932291666666666 0.5807291666666666 0.14453125 0.5572916666666666 0.14453125 0.5078125 0.13932291666666666 0.484375 0.12760416666666666 0.4583333333333333 0.11197916666666667 0.44140625 0.10546875 0.4388020833333333 0.10416666666666667 0.4361979166666667 0.08854166666666667 0.4322916666666667 0.06640625 0.43359375 0.04296875 0.4309895833333333 0 0.4309895833333333 0 0.4270833333333333
0 0.96875 0.4557291666666667 0.9700520833333334 0.4609375 0.9674479166666666 0.4622395833333333 0.8541666666666666 0.4596354166666667 0.84375 0.4635416666666667 0.8294270833333334 0.4752604166666667 0.8151041666666666 0.4986979166666667 0.8072916666666666 0.52734375 0.8046875 0.5559895833333334 0.8072916666666666 0.5911458333333334 0.8098958333333334 0.5950520833333334 0.8111979166666666 0.60546875 0.8229166666666666 0.6315104166666666 0.83984375 0.6510416666666666 0.8463541666666666 0.6549479166666666 0.8619791666666666 0.6588541666666666 0.9622395833333334 0.6614583333333334 0.9661458333333334 0.6627604166666666 0.9661458333333334 0.6653645833333334 0.8684895833333334 0.6640625 0.8489583333333334 0.6614583333333334 0.8385416666666666 0.65625 0.828125 0.6471354166666666 0.8111979166666666 0.6171875 0.8033854166666666 0.5859375 0.8020833333333334 0.5481770833333334 0.8046875 0.5247395833333334 0.8125 0.49609375 0.8268229166666666 0.4713541666666667 0.8424479166666666 0.45703125 0.8541666666666666 0.453125 0.9674479166666666 0.4557291666666667
2 0.4739583333333333 0.46875 0.4778645833333333 0.4700520833333333 0.4739583333333333 0.953125 0.4700520833333333 0.9518229166666666 0.47265625 0.609375 0.4752604166666667 0.5091145833333334 0.47265625 0.484375 0.4739583333333333 0.4700520833333333
3 0.5091145833333334 0.7135416666666666 0.5143229166666666 0.7239583333333334 0.5143229166666666 0.7395833333333334 0.51171875 0.7421875 0.5091145833333334 0.734375 0.5091145833333334 0.71484375
3 0.5338541666666666 0.26953125 0.5325520833333334 0.25 0.53515625 0.24739583333333334 0.5390625 0.25 0.5403645833333334 0.25390625 0.5403645833333334 0.26171875 0.5377604166666666 0.2682291666666667 0.53515625 0.26953125
3 0.4947916666666667 0.62109375 0.4986979166666667 0.6236979166666666 0.4986979166666667 0.6380208333333334 0.4947916666666667 0.640625 0.4921875 0.6354166666666666 0.4921875 0.6276041666666666 0.4947916666666667 0.6223958333333334
3 0.4557291666666667 0.2506510416666667 0.012369791666666666 0.0234375
3 0.5638020833333334 0.5572916666666666 0.5677083333333334 0.5598958333333334 0.5690104166666666 0.5651041666666666 0.5677083333333334 0.5755208333333334 0.5625 0.57421875 0.55859375 0.5651041666666666 0.55859375 0.5598958333333334 0.5625 0.55859375
3 0.41796875 0.5859375 0.4205729166666667 0.5859375 0.4231770833333333 0.58984375 0.4231770833333333 0.6015625 0.4205729166666667 0.6028645833333334 0.4166666666666667 0.59765625 0.41796875 0.5872395833333334
3 0.4361979166666667 0.4010416666666667 0.4401041666666667 0.4036458333333333 0.4388020833333333 0.41796875 0.4361979166666667 0.41796875 0.4322916666666667 0.41015625 0.4322916666666667 0.4049479166666667 0.4348958333333333 0.40234375
3 0.3658854166666667 0.3151041666666667 0.3697916666666667 0.3190104166666667 0.3697916666666667 0.3294270833333333 0.3671875 0.3346354166666667 0.3619791666666667 0.328125 0.3645833333333333 0.31640625
3 0.4010416666666667 0.78515625 0.4036458333333333 0.78515625 0.4049479166666667 0.8111979166666666 0.4036458333333333 0.8138020833333334 0.4010416666666667 0.8138020833333334 0.3958333333333333 0.8033854166666666 0.3958333333333333 0.7981770833333334 0.3997395833333333 0.79296875 0.4010416666666667 0.7864583333333334
3 0.6692708333333334 0.5794270833333334 0.6731770833333334 0.5872395833333334 0.6731770833333334 0.5924479166666666 0.6692708333333334 0.6002604166666666 0.6640625 0.5989583333333334 0.6614583333333334 0.5859375 0.6614583333333334 0.5807291666666666 0.66796875 0.5794270833333334
3 0.51953125 0.4583333333333333 0.5221354166666666 0.4583333333333333 0.5247395833333334 0.4622395833333333 0.5247395833333334 0.4752604166666667 0.5221354166666666 0.48046875 0.51953125 0.48046875 0.51953125 0.4596354166666667
3 0.47031249999999997 0.4430555559895833 0.47109375000000003 0.45972222265625 0.48203124999999997 0.45972222265625 0.4796875 0.44166666666666665 0.47421874999999997 0.43888888932291664 0.47031249999999997 0.4430555559895833