1 0.475465625 0.53745277734375 0.47699921875 0.5359208333333333 0.476903125 0.5318361106770834 0.4759453125 0.5292819440104167 0.47388515625 0.52868472265625 0.47230468750000004 0.5320055559895833 0.47374140625 0.53524027734375 0.475465625 0.53745277734375
0 0 0.4140625 0.08984375 0.4153645833333333 0.10677083333333333 0.4231770833333333 0.11848958333333333 0.43359375 0.12760416666666666 0.4505208333333333 0.13020833333333334 0.4518229166666667 0.13932291666666666 0.4791666666666667 0.14322916666666666 0.5052083333333334 0.14322916666666666 0.5403645833333334 0.13802083333333334 0.5716145833333334 0.12760416666666666 0.59765625 0.11458333333333333 0.6145833333333334 0.09895833333333333 0.6263020833333334 0.08854166666666667 0.62890625 0 0.6263020833333334 0 0.6197916666666666 0.09114583333333333 0.6223958333333334 0.1015625 0.6184895833333334 0.11588541666666667 0.60546875 0.12890625 0.5846354166666666 0.13541666666666666 0.56640625 0.140625 0.5377604166666666 0.13932291666666666 0.4908854166666667 0.13671875 0.4869791666666667 0.13541666666666666 0.4765625 0.12760416666666666 0.4557291666666667 0.11067708333333333 0.4322916666666667 0.09114583333333333 0.421875 0.01171875 0.4205729166666667 0 0.4192708333333333 0 0.4153645833333333
0 0.9049479166666666 0.4440104166666667 0.96875 0.4466145833333333 0.9700520833333334 0.4505208333333333 0.953125 0.4518229166666667 0.8580729166666666 0.4479166666666667 0.84765625 0.4505208333333333 0.83984375 0.4557291666666667 0.8229166666666666 0.4752604166666667 0.8177083333333334 0.48828125 0.8151041666666666 0.4895833333333333 0.8111979166666666 0.50390625 0.8059895833333334 0.5325520833333334 0.8059895833333334 0.5690104166666666 0.8098958333333334 0.5924479166666666 0.8151041666666666 0.6080729166666666 0.8268229166666666 0.62890625 0.8372395833333334 0.6393229166666666 0.8502604166666666 0.6458333333333334 0.8515625 0.6484375 0.9674479166666666 0.6536458333333334 0.9661458333333334 0.6575520833333334 0.8736979166666666 0.65625 0.84765625 0.65234375 0.83984375 0.6484375 0.828125 0.6380208333333334 0.8203125 0.6276041666666666 0.80859375 0.6002604166666666 0.8033854166666666 0.57421875 0.8033854166666666 0.5260416666666666 0.80859375 0.4973958333333333 0.8203125 0.4713541666666667 0.8346354166666666 0.453125 0.84765625 0.4453125 0.8619791666666666 0.4427083333333333 0.9036458333333334 0.4440104166666667
2 0.4765625 0.5390625 0.4700520833333333 0.9466145833333334 0.4674479166666667 0.9270833333333334 0.4674479166666667 0.8541666666666666 0.4700520833333333 0.7864583333333334 0.46875 0.7643229166666666 0.4713541666666667 0.734375 0.4713541666666667 0.5963541666666666 0.47265625 0.5455729166666666 0.4752604166666667 0.5403645833333334
3 0.6236979166666666 0.16276041666666666 0.6263020833333334 0.16666666666666666 0.6263020833333334 0.171875 0.6223958333333334 0.18359375 0.6197916666666666 0.18489583333333334 0.6158854166666666 0.18098958333333334 0.6158854166666666 0.16927083333333334 0.6171875 0.1640625 0.6197916666666666 0.16145833333333334 0.6223958333333334 0.16276041666666666
3 0.6822916666666666 0.5533854166666666 0.6861979166666666 0.5651041666666666 0.6848958333333334 0.5729166666666666 0.6809895833333334 0.5729166666666666 0.6783854166666666 0.5703125 0.6783854166666666 0.55859375 0.6809895833333334 0.5546875
3 0.4765625 0.5104166666666666 0.4817708333333333 0.5169270833333334 0.4817708333333333 0.5286458333333334 0.4791666666666667 0.5338541666666666 0.4739583333333333 0.53515625 0.4752604166666667 0.51171875
3 0.5924479166666666 0.8567708333333334 0.5950520833333334 0.8567708333333334 0.5989583333333334 0.8658854166666666 0.5989583333333334 0.8815104166666666 0.5924479166666666 0.8815104166666666 0.5924479166666666 0.8736979166666666 0.58984375 0.8697916666666666 0.58984375 0.8606770833333334 0.5924479166666666 0.8580729166666666
3 0.4427083333333333 0.6393229166666666 0.4440104166666667 0.65625 0.4401041666666667 0.65625 0.4375 0.65234375 0.4375 0.6419270833333334 0.44140625 0.6393229166666666
3 0.3971354166666667 0.8619791666666666 0.3997395833333333 0.8658854166666666 0.3997395833333333 0.87890625 0.39453125 0.8854166666666666 0.38671875 0.8763020833333334 0.38671875 0.8684895833333334 0.390625 0.86328125 0.3958333333333333 0.8619791666666666
3 0.2721354166666667 0.2669270833333333 0.2643229166666667 0.2565104166666667 0.2643229166666667 0.24479166666666666 0.2669270833333333 0.24088541666666666 0.2747395833333333 0.24869791666666666 0.2734375 0.2669270833333333
3 0.19921875 0.13802083333333334 0.20442708333333334 0.13802083333333334 0.21223958333333334 0.15364583333333334 0.21223958333333334 0.15755208333333334 0.20963541666666666 0.15885416666666666 0.19921875 0.15104166666666666 0.19921875 0.13932291666666666
3 0.4908854166666667 0.14453125 0.4934895833333333 0.15625 0.4908854166666667 0.16276041666666666 0.4908854166666667 0.17447916666666666 0.4869791666666667 0.17708333333333334 0.484375 0.17578125 0.4791666666666667 0.16536458333333334 0.4791666666666667 0.14973958333333334 0.4817708333333333 0.14453125 0.4895833333333333 0.14453125
3 0.7018229166666666 0.7109375 0.7161458333333334 0.7122395833333334 0.7135416666666666 0.7317708333333334 0.7096354166666666 0.7317708333333334 0.7096354166666666 0.7291666666666666 0.70703125 0.7278645833333334 0.7018229166666666 0.7122395833333334
3 0.828125 0.5078125 0.8346354166666666 0.5169270833333334 0.83203125 0.5325520833333334 0.8190104166666666 0.53125 0.8190104166666666 0.5182291666666666 0.8255208333333334 0.5130208333333334 0.8268229166666666 0.5091145833333334
3 0.11055859375 0.4919875 0.1081515625 0.471825 0.09296875 0.4763888893229167 0.09218749999999999 0.48888888932291663 0.11055859375 0.4919875