1 0.46953125 0.7236111106770834 0.47109375000000003 0.7194444440104166 0.47109375000000003 0.7166666666666667 0.47031249999999997 0.7152777773437501 0.46718750000000003 0.7152777773437501 0.46640624999999997 0.7166666666666667 0.46640624999999997 0.7222222226562499 0.46718750000000003 0.7236111106770834 0.46953125 0.7236111106770834
0 0 0.4140625 0.09114583333333333 0.4166666666666667 0.09244791666666667 0.4192708333333333 0.10416666666666667 0.421875 0.11458333333333333 0.4283854166666667 0.13411458333333334 0.45703125 0.14322916666666666 0.48828125 0.14713541666666666 0.5260416666666666 0.14322916666666666 0.5611979166666666 0.13541666666666666 0.5885416666666666 0.11848958333333333 0.6158854166666666 0.10546875 0.6263020833333334 0.09635416666666667 0.6302083333333334 0.036458333333333336 0.6302083333333334 0 0.6276041666666666 0 0.6223958333333334 0.09505208333333333 0.6236979166666666 0.10286458333333333 0.62109375 0.1171875 0.609375 0.13151041666666666 0.5872395833333334 0.13151041666666666 0.58203125 0.13932291666666666 0.5638020833333334 0.14322916666666666 0.5377604166666666 0.14322916666666666 0.5078125 0.13671875 0.4752604166666667 0.12369791666666667 0.4479166666666667 0.11067708333333333 0.4322916666666667 0.09114583333333333 0.4231770833333333 0 0.4205729166666667 0 0.4153645833333333
0 0.9466145833333334 0.44921875 0.9739583333333334 0.4505208333333333 0.9765625 0.453125 0.9739583333333334 0.4557291666666667 0.8580729166666666 0.453125 0.83984375 0.46484375 0.8229166666666666 0.4895833333333333 0.8177083333333334 0.5078125 0.8138020833333334 0.5143229166666666 0.8098958333333334 0.5403645833333334 0.8098958333333334 0.5677083333333334 0.8190104166666666 0.609375 0.8307291666666666 0.6315104166666666 0.8463541666666666 0.6484375 0.8658854166666666 0.6549479166666666 0.9557291666666666 0.6575520833333334 0.9700520833333334 0.6588541666666666 0.9739583333333334 0.66015625 0.9739583333333334 0.6627604166666666 0.8828125 0.6614583333333334 0.8502604166666666 0.65625 0.8372395833333334 0.6471354166666666 0.8229166666666666 0.6276041666666666 0.8229166666666666 0.6236979166666666 0.8151041666666666 0.609375 0.80859375 0.58203125 0.8072916666666666 0.5377604166666666 0.8111979166666666 0.5221354166666666 0.8111979166666666 0.5130208333333334 0.82421875 0.4765625 0.83984375 0.45703125 0.8502604166666666 0.4505208333333333 0.8658854166666666 0.4466145833333333 0.9453125 0.44921875
2 0.48046875 0.2669270833333333 0.4817708333333333 0.3307291666666667 0.4791666666666667 0.6223958333333334 0.4765625 0.6770833333333334 0.4778645833333333 0.7278645833333334 0.4752604166666667 0.7330729166666666 0.4752604166666667 0.9309895833333334 0.47265625 0.9518229166666666 0.4700520833333333 0.92578125 0.47265625 0.8880208333333334 0.47265625 0.7278645833333334 0.4752604166666667 0.72265625 0.47265625 0.7083333333333334 0.4752604166666667 0.6705729166666666 0.4739583333333333 0.6197916666666666 0.4765625 0.5442708333333334 0.4765625 0.2825520833333333 0.48046875 0.2682291666666667
3 0.3893229166666667 0.20572916666666666 0.3958333333333333 0.20833333333333334 0.3997395833333333 0.21223958333333334 0.4010416666666667 0.21744791666666666 0.3997395833333333 0.22526041666666666 0.39453125 0.2265625 0.390625 0.22005208333333334 0.3893229166666667 0.20703125
3 0.4036458333333333 0.5208333333333334 0.4075520833333333 0.5208333333333334 0.4114583333333333 0.5286458333333334 0.4114583333333333 0.5390625 0.4088541666666667 0.5416666666666666 0.4088541666666667 0.5455729166666666 0.40234375 0.5455729166666666 0.3984375 0.5364583333333334 0.4010416666666667 0.5247395833333334 0.4036458333333333 0.5221354166666666
3 0.4700520833333333 0.2571614583333333 0.012369791666666666 0.027994791666666668
3 0.3795572916666667 0.6399739583333334 0.009114583333333334 0.01953125
3 0.4322916666666667 0.4088541666666667 0.4361979166666667 0.4166666666666667 0.4361979166666667 0.4296875 0.4322916666666667 0.4322916666666667 0.4270833333333333 0.421875 0.4270833333333333 0.4140625 0.4309895833333333 0.41015625
3 0.3580729166666667 0.5338541666666666 0.3619791666666667 0.5390625 0.3606770833333333 0.5533854166666666 0.35546875 0.5520833333333334 0.3515625 0.5481770833333334 0.3515625 0.5390625 0.3567708333333333 0.5338541666666666
3 0.4674479166666667 0.7122395833333334 0.4713541666666667 0.7161458333333334 0.4713541666666667 0.7213541666666666 0.4661458333333333 0.7369791666666666 0.4635416666666667 0.7369791666666666 0.4596354166666667 0.7317708333333334 0.4596354166666667 0.7174479166666666 0.4609375 0.71484375 0.4661458333333333 0.7135416666666666
3 0.23046875 0.6966145833333334 0.23307291666666666 0.6966145833333334 0.23958333333333334 0.7057291666666666 0.23828125 0.7135416666666666 0.234375 0.7109375 0.23177083333333334 0.71484375 0.2265625 0.71484375 0.22526041666666666 0.7083333333333334 0.23046875 0.6979166666666666
3 0.546875 0.421875 0.5520833333333334 0.4231770833333333 0.5546875 0.4309895833333333 0.5520833333333334 0.4427083333333333 0.546875 0.4427083333333333 0.5416666666666666 0.4348958333333333 0.546875 0.4231770833333333
3 0.5598958333333334 0.6627604166666666 0.5651041666666666 0.6640625 0.5651041666666666 0.6783854166666666 0.5611979166666666 0.6809895833333334 0.5533854166666666 0.66796875 0.5533854166666666 0.6640625 0.55859375 0.6627604166666666
3 0.4114583333333333 0.83203125 0.4127604166666667 0.8359375 0.4075520833333333 0.85546875 0.40234375 0.8502604166666666 0.4010416666666667 0.8372395833333334 0.41015625 0.83203125
3 0.21875 0.50972222265625 0.21875 0.5180555559895833 0.23124999999999998 0.5319444440104167 0.23046875 0.51527777734375 0.21875 0.50972222265625