0 0 0.4283854166666667 0.08072916666666667 0.4309895833333333 0.10026041666666667 0.4375 0.11588541666666667 0.4544270833333333 0.12760416666666666 0.4765625 0.13411458333333334 0.49609375 0.13802083333333334 0.52734375 0.13671875 0.56640625 0.13020833333333334 0.5950520833333334 0.12630208333333334 0.60546875 0.10677083333333333 0.6341145833333334 0.08723958333333333 0.64453125 0 0.6432291666666666 0 0.63671875 0.0859375 0.6393229166666666 0.10026041666666667 0.6328125 0.11588541666666667 0.6145833333333334 0.125 0.5963541666666666 0.13151041666666666 0.5755208333333334 0.13541666666666666 0.5455729166666666 0.13411458333333334 0.5169270833333334 0.12890625 0.4921875 0.12369791666666667 0.4765625 0.11328125 0.4609375 0.11197916666666667 0.4557291666666667 0.10677083333333333 0.4505208333333333 0.09114583333333333 0.4401041666666667 0.08333333333333333 0.4388020833333333 0.08203125 0.4361979166666667 0.0026041666666666665 0.4348958333333333 0 0.43359375 0 0.4296875
0 0.9427083333333334 0.4622395833333333 0.9661458333333334 0.4635416666666667 0.9661458333333334 0.46875 0.8580729166666666 0.46484375 0.8463541666666666 0.4674479166666667 0.83203125 0.4765625 0.8190104166666666 0.4934895833333333 0.8072916666666666 0.5234375 0.8020833333333334 0.5559895833333334 0.8033854166666666 0.58984375 0.8072916666666666 0.609375 0.8190104166666666 0.6380208333333334 0.8294270833333334 0.65234375 0.84375 0.6627604166666666 0.8541666666666666 0.6666666666666666 0.8815104166666666 0.6666666666666666 0.8828125 0.6692708333333334 0.9635416666666666 0.671875 0.96484375 0.67578125 0.8815104166666666 0.6744791666666666 0.8580729166666666 0.6731770833333334 0.84375 0.6692708333333334 0.83203125 0.6614583333333334 0.81640625 0.6419270833333334 0.8098958333333334 0.6276041666666666 0.80078125 0.5950520833333334 0.7994791666666666 0.5625 0.80078125 0.5390625 0.8046875 0.51953125 0.8125 0.4973958333333333 0.82421875 0.4778645833333333 0.83203125 0.4700520833333333 0.8502604166666666 0.4609375 0.94140625 0.4622395833333333
2 0.4739583333333333 0.13671875 0.4739583333333333 0.3802083333333333 0.4713541666666667 0.4752604166666667 0.4674479166666667 0.9661458333333334 0.4635416666666667 0.9609375 0.4635416666666667 0.88671875 0.4674479166666667 0.7395833333333334 0.46875 0.4036458333333333 0.4713541666666667 0.3463541666666667 0.47265625 0.13802083333333334
3 0.8111979166666666 0.37890625 0.8125 0.3841145833333333 0.8033854166666666 0.3971354166666667 0.796875 0.3919270833333333 0.7942708333333334 0.3841145833333333 0.80078125 0.3828125 0.8072916666666666 0.3776041666666667 0.8098958333333334 0.37890625
3 0.6927083333333334 0.3802083333333333 0.6940104166666666 0.390625 0.6927083333333334 0.3971354166666667 0.6888020833333334 0.3997395833333333 0.6848958333333334 0.3971354166666667 0.68359375 0.390625 0.6875 0.3828125 0.69140625 0.3802083333333333
3 0.6119791666666666 0.4466145833333333 0.6067708333333334 0.4348958333333333 0.6145833333333334 0.4244791666666667 0.6184895833333334 0.4270833333333333 0.6223958333333334 0.4348958333333333 0.6158854166666666 0.4466145833333333 0.61328125 0.4466145833333333
3 0.69140625 0.6015625 0.6927083333333334 0.59765625 0.7057291666666666 0.5950520833333334 0.7083333333333334 0.5989583333333334 0.7083333333333334 0.6067708333333334 0.703125 0.61328125 0.6979166666666666 0.6119791666666666 0.6927083333333334 0.6015625
3 0.6953125 0.4388020833333333 0.6927083333333334 0.4283854166666667 0.69921875 0.4140625 0.7044270833333334 0.4153645833333333 0.7057291666666666 0.4309895833333333 0.7018229166666666 0.44140625 0.6979166666666666 0.44140625 0.6966145833333334 0.4388020833333333
3 0.8776041666666666 0.5390625 0.8828125 0.5494791666666666 0.8776041666666666 0.5598958333333334 0.87109375 0.5598958333333334 0.86328125 0.5481770833333334 0.86328125 0.5455729166666666 0.8697916666666666 0.5455729166666666 0.8763020833333334 0.5390625
3 0.5638020833333334 0.3333333333333333 0.010416666666666666 0.024739583333333332
3 0.4322916666666667 0.23828125 0.4348958333333333 0.23828125 0.4388020833333333 0.24479166666666666 0.44140625 0.2578125 0.4361979166666667 0.2604166666666667 0.43359375 0.2565104166666667 0.4322916666666667 0.23958333333333334
3 0.765625 0.6549479166666666 0.76953125 0.6549479166666666 0.7786458333333334 0.66015625 0.7786458333333334 0.6692708333333334 0.7760416666666666 0.6744791666666666 0.7721354166666666 0.67578125 0.7682291666666666 0.671875 0.765625 0.65625
3 0.22526041666666666 0.4440104166666667 0.23697916666666666 0.4466145833333333 0.23697916666666666 0.4609375 0.234375 0.4622395833333333 0.22526041666666666 0.453125 0.22526041666666666 0.4453125
3 0.6640625 0.9013888893229166 0.6671874999999999 0.8861111106770833 0.65390625 0.8819444440104167 0.6640625 0.9013888893229166
3 0.6804898437500001 0.7344541666666666 0.67194765625 0.7287277773437499 0.67138359375 0.74404722265625 0.6719875000000001 0.7448305559895833 0.6771851562500001 0.7443333333333334 0.68161796875 0.74734027734375 0.6837132812500001 0.7439041666666667 0.6804898437500001 0.7344541666666666