1 0.6265625 0.15555555598958334 0.6265625 0.14722222265624998 0.6257812500000001 0.14861111067708332 0.6234375 0.14861111067708332 0.62265625 0.15416666666666667 0.6234375 0.15555555598958334 0.6265625 0.15555555598958334
0 0.9765625 0.4166666666666667 0.9986979166666666 0.4166666666666667 0.9986979166666666 0.4231770833333333 0.90625 0.4270833333333333 0.8893229166666666 0.4348958333333333 0.8723958333333334 0.4557291666666667 0.86328125 0.4765625 0.85546875 0.5143229166666666 0.85546875 0.5403645833333334 0.8528645833333334 0.5390625 0.8528645833333334 0.5104166666666666 0.85546875 0.5052083333333334 0.85546875 0.4934895833333333 0.8606770833333334 0.4739583333333333 0.8723958333333334 0.4479166666666667 0.8880208333333334 0.4296875 0.9036458333333334 0.421875 0.9765625 0.41796875
0 0.13932291666666666 0.453125 0.15494791666666666 0.4635416666666667 0.16666666666666666 0.4765625 0.18229166666666666 0.5143229166666666 0.18359375 0.5338541666666666 0.18619791666666666 0.5390625 0.18619791666666666 0.5807291666666666 0.18359375 0.5859375 0.18359375 0.59765625 0.17447916666666666 0.6276041666666666 0.16276041666666666 0.6471354166666666 0.15494791666666666 0.6549479166666666 0.13932291666666666 0.6640625 0.09114583333333333 0.6653645833333334 0.08984375 0.66796875 0.03515625 0.6705729166666666 0.020833333333333332 0.6705729166666666 0.01953125 0.6653645833333334 0.0234375 0.6640625 0.125 0.6614583333333334 0.140625 0.6575520833333334 0.15104166666666666 0.6510416666666666 0.16796875 0.6302083333333334 0.17578125 0.6119791666666666 0.17708333333333334 0.6015625 0.1796875 0.5989583333333334 0.18098958333333334 0.5833333333333334 0.18359375 0.5768229166666666 0.18359375 0.5390625 0.18098958333333334 0.53515625 0.1796875 0.5182291666666666 0.16796875 0.48828125 0.16145833333333334 0.4778645833333333 0.15104166666666666 0.4674479166666667 0.13541666666666666 0.4596354166666667 0.13411458333333334 0.45703125 0.1171875 0.45703125 0.11588541666666667 0.4596354166666667 0.018229166666666668 0.4622395833333333 0.015625 0.4609375 0.015625 0.4583333333333333 0.016927083333333332 0.4557291666666667 0.052083333333333336 0.453125 0.13802083333333334 0.453125
2 0.5208333333333334 0.515625 0.51953125 0.5533854166666666 0.5221354166666666 0.6106770833333334 0.5234375 0.8424479166666666 0.5260416666666666 0.875 0.5247395833333334 0.9609375 0.5221354166666666 0.9557291666666666 0.5208333333333334 0.9401041666666666 0.5208333333333334 0.74609375 0.51953125 0.6497395833333334 0.5169270833333334 0.6315104166666666 0.5169270833333334 0.5182291666666666 0.51953125 0.5169270833333334
3 0.5989583333333334 0.5364583333333334 0.6028645833333334 0.5364583333333334 0.60546875 0.5403645833333334 0.6041666666666666 0.5494791666666666 0.6002604166666666 0.5546875 0.59765625 0.5546875 0.5963541666666666 0.546875 0.5989583333333334 0.5377604166666666
3 0.3997395833333333 0.67578125 0.4049479166666667 0.67578125 0.4049479166666667 0.6888020833333334 0.4010416666666667 0.6966145833333334 0.3971354166666667 0.6953125 0.3958333333333333 0.6901041666666666 0.3958333333333333 0.6822916666666666 0.3997395833333333 0.6770833333333334
3 0.47265625 0.1875 0.4752604166666667 0.19010416666666666 0.4752604166666667 0.21354166666666666 0.4700520833333333 0.21354166666666666 0.46875 0.203125 0.46875 0.19661458333333334 0.47265625 0.18880208333333334
3 0.5703125 0.7395833333333334 0.5729166666666666 0.7591145833333334 0.56640625 0.7604166666666666 0.5638020833333334 0.7578125 0.5638020833333334 0.75 0.5703125 0.7408854166666666
3 0.5455729166666666 0.3919270833333333 0.5494791666666666 0.4049479166666667 0.5455729166666666 0.4127604166666667 0.5416666666666666 0.4127604166666667 0.5390625 0.4088541666666667 0.5403645833333334 0.3958333333333333 0.5442708333333334 0.3919270833333333
3 0.7408854166666666 0.7044270833333334 0.74609375 0.7044270833333334 0.7473958333333334 0.71484375 0.74609375 0.71875 0.7395833333333334 0.71875 0.7356770833333334 0.72265625 0.7330729166666666 0.7213541666666666 0.7317708333333334 0.7109375 0.7395833333333334 0.7044270833333334
3 0.5065104166666666 0.74609375 0.5104166666666666 0.7643229166666666 0.5078125 0.7669270833333334 0.5013020833333334 0.7669270833333334 0.5013020833333334 0.7552083333333334 0.5052083333333334 0.7473958333333334
3 0.5729166666666666 0.6015625 0.5768229166666666 0.6080729166666666 0.5768229166666666 0.6171875 0.5677083333333334 0.6158854166666666 0.5677083333333334 0.6041666666666666 0.5716145833333334 0.6015625
3 0.6223958333333334 0.15755208333333334 0.6223958333333334 0.1484375 0.6263020833333334 0.14192708333333334 0.6328125 0.14192708333333334 0.6354166666666666 0.14453125 0.6354166666666666 0.15104166666666666 0.6328125 0.15625 0.6315104166666666 0.16927083333333334 0.62890625 0.171875 0.625 0.16927083333333334 0.6263020833333334 0.16015625 0.6236979166666666 0.15755208333333334
3 0.3990885416666667 0.3854166666666667 0.013020833333333334 0.018229166666666668
3 0.5143229166666666 0.4830729166666667 0.5221354166666666 0.4921875 0.5182291666666666 0.5104166666666666 0.51171875 0.5091145833333334 0.5078125 0.4973958333333333 0.5091145833333334 0.4856770833333333 0.5130208333333334 0.4830729166666667
3 0.8645833333333334 0.5390625 0.8671875 0.5416666666666666 0.8684895833333334 0.5533854166666666 0.859375 0.5546875 0.8567708333333334 0.5572916666666666 0.8528645833333334 0.5572916666666666 0.8515625 0.5546875 0.8515625 0.5481770833333334 0.8606770833333334 0.5403645833333334 0.86328125 0.5403645833333334