1 0.41640625000000003 0.6486111106770833 0.4171875 0.64722222265625 0.4171875 0.6430555559895833 0.41562499999999997 0.64027777734375 0.4140625 0.64027777734375 0.41250000000000003 0.6430555559895833 0.41250000000000003 0.6444444440104167 0.4140625 0.6486111106770833 0.41640625000000003 0.6486111106770833
0 0 0.4140625 0.09244791666666667 0.4166666666666667 0.09375 0.4192708333333333 0.09895833333333333 0.4192708333333333 0.11328125 0.4270833333333333 0.12239583333333333 0.4361979166666667 0.12369791666666667 0.44140625 0.13411458333333334 0.4557291666666667 0.14322916666666666 0.4869791666666667 0.14322916666666666 0.4947916666666667 0.14583333333333334 0.4986979166666667 0.14713541666666666 0.5169270833333334 0.14583333333333334 0.5494791666666666 0.13802083333333334 0.58203125 0.12630208333333334 0.60546875 0.11458333333333333 0.6197916666666666 0.09635416666666667 0.6302083333333334 0.04296875 0.6302083333333334 0 0.6276041666666666 0 0.62109375 0.0625 0.6236979166666666 0.09505208333333333 0.6236979166666666 0.10286458333333333 0.62109375 0.11979166666666667 0.6067708333333334 0.12890625 0.5924479166666666 0.13541666666666666 0.5768229166666666 0.13671875 0.5677083333333334 0.13932291666666666 0.5651041666666666 0.14322916666666666 0.5403645833333334 0.14322916666666666 0.5052083333333334 0.13932291666666666 0.4830729166666667 0.13671875 0.48046875 0.13671875 0.4739583333333333 0.12760416666666666 0.453125 0.11458333333333333 0.4348958333333333 0.10807291666666667 0.4296875 0.09244791666666667 0.4231770833333333 0 0.4205729166666667 0 0.4153645833333333
0 0.8841145833333334 0.4466145833333333 0.9752604166666666 0.4505208333333333 0.9778645833333334 0.453125 0.9739583333333334 0.4557291666666667 0.94921875 0.4557291666666667 0.86328125 0.4518229166666667 0.8515625 0.4557291666666667 0.8489583333333334 0.4596354166666667 0.83984375 0.46484375 0.8294270833333334 0.4778645833333333 0.8190104166666666 0.4986979166666667 0.8111979166666666 0.5325520833333334 0.8111979166666666 0.5755208333333334 0.8190104166666666 0.6080729166666666 0.8294270833333334 0.62890625 0.8515625 0.6510416666666666 0.8684895833333334 0.6549479166666666 0.9596354166666666 0.6575520833333334 0.9713541666666666 0.6588541666666666 0.9739583333333334 0.66015625 0.97265625 0.6627604166666666 0.8958333333333334 0.6614583333333334 0.8541666666666666 0.6575520833333334 0.8385416666666666 0.6484375 0.8385416666666666 0.6458333333333334 0.83203125 0.640625 0.81640625 0.6119791666666666 0.80859375 0.5794270833333334 0.8072916666666666 0.5520833333333334 0.8111979166666666 0.515625 0.8190104166666666 0.4895833333333333 0.828125 0.4713541666666667 0.8385416666666666 0.4609375 0.83984375 0.45703125 0.8567708333333334 0.4479166666666667 0.8828125 0.4466145833333333
2 0.48046875 0.12239583333333333 0.4830729166666667 0.125 0.48046875 0.3059895833333333 0.4817708333333333 0.4544270833333333 0.4791666666666667 0.47265625 0.4752604166666667 0.93359375 0.4739583333333333 0.9505208333333334 0.4713541666666667 0.9505208333333334 0.48046875 0.12369791666666667
3 0.3932291666666667 0.1953125 0.4010416666666667 0.20052083333333334 0.4036458333333333 0.2109375 0.4010416666666667 0.21614583333333334 0.3984375 0.21614583333333334 0.39453125 0.2109375 0.3932291666666667 0.19661458333333334
3 0.54296875 0.6276041666666666 0.546875 0.6276041666666666 0.5520833333333334 0.6341145833333334 0.5520833333333334 0.6432291666666666 0.55078125 0.6471354166666666 0.546875 0.6497395833333334 0.5416666666666666 0.6341145833333334 0.54296875 0.62890625
3 0.4466145833333333 0.2571614583333333 0.009114583333333334 0.027994791666666668
3 0.4244791666666667 0.3841145833333333 0.4283854166666667 0.3893229166666667 0.4283854166666667 0.4010416666666667 0.42578125 0.4036458333333333 0.4231770833333333 0.4036458333333333 0.4192708333333333 0.3971354166666667 0.4205729166666667 0.3854166666666667 0.4231770833333333 0.3841145833333333
3 0.22135416666666666 0.65625 0.22395833333333334 0.67578125 0.21744791666666666 0.6783854166666666 0.21354166666666666 0.6783854166666666 0.21354166666666666 0.6666666666666666 0.21744791666666666 0.6575520833333334 0.22005208333333334 0.65625
3 0.34375 0.61328125 0.34375 0.6015625 0.34765625 0.5963541666666666 0.3541666666666667 0.6015625 0.35546875 0.609375 0.3528645833333333 0.6158854166666666 0.3450520833333333 0.61328125
3 0.33984375 0.5026041666666666 0.3463541666666667 0.50390625 0.3489583333333333 0.5130208333333334 0.3489583333333333 0.51953125 0.33984375 0.515625 0.33984375 0.50390625
3 0.57421875 0.4075520833333333 0.5807291666666666 0.4153645833333333 0.5807291666666666 0.4270833333333333 0.5794270833333334 0.4309895833333333 0.5755208333333334 0.4309895833333333 0.5703125 0.4231770833333333 0.5703125 0.4153645833333333 0.57421875 0.4088541666666667
3 0.24088541666666666 0.46875 0.24348958333333334 0.47265625 0.24479166666666666 0.4908854166666667 0.24479166666666666 0.4947916666666667 0.24088541666666666 0.4986979166666667 0.23828125 0.49609375 0.23697916666666666 0.484375 0.23046875 0.48046875 0.22786458333333334 0.4752604166666667 0.22916666666666666 0.4700520833333333 0.23958333333333334 0.46875
3 0.38906250000000003 0.51527777734375 0.38437499999999997 0.5013888893229167 0.37656249999999997 0.5069444440104166 0.37578125 0.51527777734375 0.3796875 0.5236111106770833 0.38437499999999997 0.525 0.38906250000000003 0.51527777734375
3 0.38984375 0.8375 0.38671875 0.8375 0.38515625000000003 0.8527777773437499 0.3953125 0.8736111106770833 0.39296875000000003 0.8472222226562499 0.38984375 0.8375
3 0.45156250000000003 0.7722222226562501 0.45546875000000003 0.7680555559895833 0.44609375 0.7388888893229167 0.44140625 0.75277777734375 0.44453125 0.7555555559895833 0.4453125 0.7722222226562501 0.45156250000000003 0.7722222226562501