1 0.5515625000000001 0.6986111106770833 0.5515625000000001 0.70277777734375 0.553125 0.7055555559895833 0.5546875 0.7055555559895833 0.55625 0.7013888893229167 0.5554687500000001 0.69722222265625 0.5546875 0.6958333333333333 0.553125 0.6958333333333333 0.5515625000000001 0.6986111106770833
3 0.3697916666666667 0.5442708333333334 0.37109375 0.5559895833333334 0.3684895833333333 0.5598958333333334 0.3645833333333333 0.5598958333333334 0.3619791666666667 0.5559895833333334 0.36328125 0.5455729166666666 0.3684895833333333 0.5442708333333334
3 0.421875 0.2955729166666667 0.4283854166666667 0.3151041666666667 0.4205729166666667 0.3216145833333333 0.4153645833333333 0.3111979166666667 0.4153645833333333 0.3020833333333333 0.4205729166666667 0.2955729166666667
3 0.4348958333333333 0.6848958333333334 0.4361979166666667 0.6901041666666666 0.43359375 0.6927083333333334 0.4322916666666667 0.7057291666666666 0.4270833333333333 0.70703125 0.421875 0.69921875 0.4283854166666667 0.6875 0.43359375 0.6861979166666666
3 0.734375 0.4479166666666667 0.7330729166666666 0.4440104166666667 0.73828125 0.4322916666666667 0.7408854166666666 0.4309895833333333 0.74609375 0.4361979166666667 0.7473958333333334 0.4440104166666667 0.7434895833333334 0.4505208333333333 0.7395833333333334 0.4505208333333333 0.7356770833333334 0.4466145833333333
3 0.6419270833333334 0.3932291666666667 0.64453125 0.4010416666666667 0.6393229166666666 0.4075520833333333 0.63671875 0.4153645833333333 0.6302083333333334 0.4153645833333333 0.62890625 0.41015625 0.63671875 0.3997395833333333 0.63671875 0.3958333333333333 0.640625 0.3932291666666667
3 0.6770833333333334 0.8294270833333334 0.6822916666666666 0.8359375 0.6796875 0.8489583333333334 0.67578125 0.8489583333333334 0.6731770833333334 0.8450520833333334 0.67578125 0.8307291666666666
3 0.5091145833333334 0.82421875 0.5130208333333334 0.8229166666666666 0.515625 0.8268229166666666 0.51171875 0.84375 0.5104166666666666 0.8463541666666666 0.5078125 0.8463541666666666 0.5052083333333334 0.8411458333333334 0.5052083333333334 0.83203125 0.5091145833333334 0.8255208333333334
3 0.5143229166666666 0.23307291666666666 0.51953125 0.23828125 0.51953125 0.2526041666666667 0.515625 0.26171875 0.5078125 0.26171875 0.5065104166666666 0.24479166666666666 0.5091145833333334 0.23567708333333334 0.5130208333333334 0.234375
3 0.5846354166666666 0.64453125 0.5885416666666666 0.6510416666666666 0.5885416666666666 0.65625 0.5833333333333334 0.6627604166666666 0.578125 0.66015625 0.5794270833333334 0.6458333333333334 0.5833333333333334 0.64453125
3 0.7708333333333334 0.20833333333333334 0.7747395833333334 0.21354166666666666 0.7747395833333334 0.21875 0.7682291666666666 0.23046875 0.7643229166666666 0.23307291666666666 0.76171875 0.23046875 0.7591145833333334 0.21744791666666666 0.7708333333333334 0.20963541666666666
3 0.9322916666666666 0.5208333333333334 0.9348958333333334 0.5208333333333334 0.9375 0.5247395833333334 0.9361979166666666 0.5377604166666666 0.9270833333333334 0.53515625 0.9205729166666666 0.54296875 0.91796875 0.5299479166666666 0.9192708333333334 0.5260416666666666 0.9244791666666666 0.52734375 0.9322916666666666 0.5221354166666666
3 0.21875 0.53125 0.22265625 0.53515625 0.22786458333333334 0.5364583333333334 0.22005208333333334 0.5520833333333334 0.21614583333333334 0.5520833333333334 0.21223958333333334 0.546875 0.21223958333333334 0.53515625 0.21744791666666666 0.53125
0 0.5247395833333334 0.2552083333333333 0.52734375 0.296875 0.52734375 0.5338541666666666 0.5299479166666666 0.5690104166666666 0.53125 0.8580729166666666 0.5338541666666666 0.8671875 0.5338541666666666 0.9466145833333334 0.53125 0.9479166666666666 0.5286458333333334 0.8815104166666666 0.52734375 0.6315104166666666 0.5247395833333334 0.6197916666666666 0.5247395833333334 0.2565104166666667
0 1 0.41111111067708334 0.9874999999999999 0.41111111067708334 0.9148437500000001 0.4138888893229167 0.89453125 0.4236111106770833 0.8820312499999999 0.4375 0.8664062499999999 0.4708333333333334 0.859375 0.5138888893229167 0.8624999999999999 0.5569444440104167 0.8734375 0.5916666666666667 0.8875000000000001 0.6124999999999999 0.9109375000000001 0.62777777734375 1 0.625 1 0.6194444440104167 0.91015625 0.62222222265625 0.90078125 0.6180555559895834 0.88671875 0.6041666666666666 0.8757812500000001 0.58472222265625 0.8679687500000001 0.5638888893229167 0.8640625000000001 0.5361111106770834 0.8640625000000001 0.5111111106770834 0.8718750000000001 0.4680555559895833 0.88671875 0.43888888932291664 0.91171875 0.42083333333333334 1 0.4180555559895833 1 0.41111111067708334
0 0.15937500000000002 0.44861111067708337 0.11796875 0.44444444401041666 0.032031250000000004 0.44861111067708337 0.032031250000000004 0.45416666666666666 0.1546875 0.45277777734375 0.1734375 0.4680555559895833 0.1859375 0.49027777734375005 0.1953125 0.525 0.196875 0.5430555559895833 0.19609374999999998 0.5708333333333333 0.1859375 0.6124999999999999 0.16874999999999998 0.6375000000000001 0.15625 0.64722222265625 0.03671875 0.6541666666666667 0.035937500000000004 0.6583333333333333 0.13046875 0.6583333333333333 0.16640625 0.64722222265625 0.18281250000000002 0.62777777734375 0.19296875 0.6041666666666666 0.19999999999999998 0.5666666666666667 0.19999999999999998 0.5291666666666667 0.19296875 0.49583333333333335 0.18359375 0.47361111067708334 0.15937500000000002 0.44861111067708337