1 0.6109375 0.7263888893229167 0.61171875 0.7222222226562499 0.6101562500000001 0.7194444440104166 0.6085937499999999 0.7194444440104166 0.6078125 0.7208333333333333 0.60703125 0.7236111106770834 0.6085937499999999 0.7263888893229167 0.6109375 0.7263888893229167
3 0.6158854166666666 0.17578125 0.6197916666666666 0.1796875 0.6197916666666666 0.19140625 0.6158854166666666 0.203125 0.61328125 0.203125 0.6106770833333334 0.1953125 0.6106770833333334 0.18229166666666666 0.6145833333333334 0.17708333333333334
3 0.6614583333333334 0.7395833333333334 0.6614583333333334 0.7591145833333334 0.6549479166666666 0.7578125 0.6536458333333334 0.75 0.6497395833333334 0.7434895833333334 0.6510416666666666 0.7395833333333334 0.66015625 0.7395833333333334
3 0.5989583333333334 0.8815104166666666 0.6015625 0.8828125 0.60546875 0.89453125 0.60546875 0.9114583333333334 0.6015625 0.9140625 0.59765625 0.9127604166666666 0.5963541666666666 0.88671875 0.5989583333333334 0.8828125
3 0.44921875 0.66015625 0.4557291666666667 0.6627604166666666 0.4583333333333333 0.6666666666666666 0.4583333333333333 0.6783854166666666 0.453125 0.6809895833333334 0.44921875 0.6770833333333334 0.44921875 0.6614583333333334
3 0.2630208333333333 0.3359375 0.265625 0.3424479166666667 0.265625 0.35546875 0.26171875 0.359375 0.2526041666666667 0.3463541666666667 0.2526041666666667 0.3385416666666667 0.2552083333333333 0.3359375 0.26171875 0.3359375
3 0.4908854166666667 0.15364583333333334 0.4973958333333333 0.16015625 0.4973958333333333 0.18359375 0.4908854166666667 0.18489583333333334 0.484375 0.17317708333333334 0.484375 0.16145833333333334 0.4895833333333333 0.15494791666666666
3 0.08723958333333333 0.4778645833333333 0.09505208333333333 0.484375 0.09505208333333333 0.4947916666666667 0.08072916666666667 0.4921875 0.078125 0.4895833333333333 0.078125 0.4778645833333333 0.08203125 0.4752604166666667 0.0859375 0.4778645833333333
3 0.8372395833333334 0.5403645833333334 0.8424479166666666 0.546875 0.8411458333333334 0.5546875 0.8255208333333334 0.5611979166666666 0.8229166666666666 0.5598958333333334 0.8229166666666666 0.5546875 0.8307291666666666 0.5416666666666666 0.8359375 0.5403645833333334
3 0.47812499999999997 0.4583333333333333 0.48125 0.4458333333333333 0.47578125 0.4458333333333333 0.47421874999999997 0.45277777734375 0.47812499999999997 0.4583333333333333
3 0.6789062499999999 0.56527777734375 0.67578125 0.55972222265625 0.6710937499999999 0.5625 0.6710937499999999 0.5736111106770834 0.6749999999999999 0.5805555559895833 0.678125 0.57777777734375 0.6789062499999999 0.56527777734375
3 0.390625 0.8736111106770833 0.390625 0.8527777773437499 0.3828125 0.8555555559895834 0.38203125 0.8624999999999999 0.390625 0.8736111106770833
3 0.20390624999999998 0.1625 0.203125 0.1708333333333333 0.21328125 0.18611111067708333 0.21640625 0.18472222265625002 0.21328125 0.16666666666666666 0.20390624999999998 0.1625
2 0.4739583333333333 0.12239583333333333 0.4765625 0.12239583333333333 0.4739583333333333 0.3893229166666667 0.4739583333333333 0.45703125 0.4765625 0.46484375 0.4739583333333333 0.4947916666666667 0.4739583333333333 0.6315104166666666 0.4713541666666667 0.65625 0.4700520833333333 0.9401041666666666 0.46875 0.9453125 0.4661458333333333 0.9453125 0.46484375 0.92578125 0.4674479166666667 0.90625 0.4713541666666667 0.4635416666666667 0.4739583333333333 0.4609375 0.4739583333333333 0.4505208333333333 0.4713541666666667 0.4440104166666667 0.4739583333333333 0.12369791666666667
0 0 0.6236111106770833 0.0890625 0.6263888893229167 0.10781249999999999 0.6166666666666667 0.12265625000000001 0.5986111106770834 0.13749999999999998 0.5625 0.14140624999999998 0.53472222265625 0.13984375000000002 0.49027777734375005 0.1265625 0.44722222265624995 0.1125 0.42777777734375005 0.08984375 0.4138888893229167 0.0328125 0.41111111067708334 0 0.41111111067708334 0 0.4166666666666667 0.08984375 0.41944444401041664 0.1140625 0.43611111067708336 0.13515625 0.48472222265625 0.1390625 0.5263888893229166 0.13593750000000002 0.55277777734375 0.121875 0.5916666666666667 0.0984375 0.6180555559895834 0 0.6180555559895834 0 0.6236111106770833
0 0.896875 0.65 0.8546874999999999 0.6486111106770833 0.83984375 0.6430555559895833 0.81640625 0.6138888893229166 0.80234375 0.5569444440104167 0.803125 0.58472222265625 0.81015625 0.6083333333333333 0.8203125 0.6291666666666667 0.83828125 0.64722222265625 0.86328125 0.6541666666666667 0.96484375 0.6569444440104167 0.9617187500000001 0.65277777734375 0.92421875 0.65 0.8984375 0.6541666666666667 0.896875 0.65
0 0.8296875 0.45555555598958336 0.81640625 0.47361111067708334 0.8054687500000001 0.5013888893229167 0.80234375 0.5208333333333334 0.803125 0.5361111106770834 0.8078124999999999 0.5069444440104166 0.8156249999999999 0.48472222265625 0.83046875 0.4611111106770833 0.84609375 0.45 0.9671875 0.45277777734375 0.9695312500000001 0.44861111067708337 0.890625 0.44166666666666665 0.8445312500000001 0.44444444401041666 0.8296875 0.45555555598958336