1 0.47031249999999997 0.5208333333333334 0.47109375000000003 0.5180555559895833 0.47109375000000003 0.5138888893229167 0.47031249999999997 0.5125000000000001 0.46796875 0.5125000000000001 0.46640624999999997 0.5138888893229167 0.46640624999999997 0.5180555559895833 0.46875 0.5208333333333334 0.47031249999999997 0.5208333333333334
0 0 0.4231770833333333 0.10026041666666667 0.42578125 0.11588541666666667 0.4322916666666667 0.13151041666666666 0.44921875 0.14192708333333334 0.46875 0.14973958333333334 0.4934895833333333 0.15234375 0.5247395833333334 0.15104166666666666 0.5611979166666666 0.14192708333333334 0.5950520833333334 0.13151041666666666 0.61328125 0.1171875 0.62890625 0.10416666666666667 0.6354166666666666 0 0.6328125 0 0.6276041666666666 0.057291666666666664 0.6302083333333334 0.10286458333333333 0.6302083333333334 0.10807291666666667 0.6276041666666666 0.125 0.61328125 0.13932291666666666 0.5885416666666666 0.14713541666666666 0.5638020833333334 0.14973958333333334 0.5299479166666666 0.14713541666666666 0.4986979166666667 0.13932291666666666 0.47265625 0.12760416666666666 0.4518229166666667 0.109375 0.4348958333333333 0.08984375 0.4309895833333333 0.013020833333333334 0.4283854166666667 0 0.4296875 0 0.4244791666666667
0 0.91015625 0.453125 0.9739583333333334 0.4557291666666667 0.9739583333333334 0.4609375 0.9466145833333334 0.4622395833333333 0.8580729166666666 0.4596354166666667 0.83984375 0.46875 0.8333333333333334 0.4752604166666667 0.8190104166666666 0.4986979166666667 0.8190104166666666 0.50390625 0.8111979166666666 0.5247395833333334 0.8072916666666666 0.5572916666666666 0.8111979166666666 0.5924479166666666 0.8177083333333334 0.61328125 0.8294270833333334 0.6354166666666666 0.84375 0.6510416666666666 0.8541666666666666 0.65625 0.8697916666666666 0.6588541666666666 0.9674479166666666 0.6614583333333334 0.9700520833333334 0.6627604166666666 0.9700520833333334 0.6653645833333334 0.8723958333333334 0.6640625 0.8528645833333334 0.6614583333333334 0.8424479166666666 0.65625 0.83203125 0.6471354166666666 0.8229166666666666 0.6341145833333334 0.8125 0.6106770833333334 0.8072916666666666 0.5872395833333334 0.8059895833333334 0.5690104166666666 0.8072916666666666 0.53125 0.8125 0.5065104166666666 0.8151041666666666 0.50390625 0.81640625 0.4947916666666667 0.82421875 0.4830729166666667 0.82421875 0.4791666666666667 0.84375 0.4583333333333333 0.85546875 0.453125 0.9088541666666666 0.453125
2 0.48046875 0.46484375 0.4817708333333333 0.4908854166666667 0.4791666666666667 0.5026041666666666 0.4817708333333333 0.5065104166666666 0.4817708333333333 0.5520833333333334 0.4778645833333333 0.7591145833333334 0.4778645833333333 0.92578125 0.4765625 0.9479166666666666 0.4752604166666667 0.9518229166666666 0.47265625 0.9505208333333334 0.4778645833333333 0.578125 0.4765625 0.4765625 0.4791666666666667 0.4739583333333333 0.48046875 0.4661458333333333
3 0.4622395833333333 0.23828125 0.46484375 0.2565104166666667 0.4609375 0.26171875 0.453125 0.24479166666666666 0.453125 0.24088541666666666 0.4609375 0.23828125
3 0.5611979166666666 0.5559895833333334 0.5651041666666666 0.5559895833333334 0.5677083333333334 0.5598958333333334 0.5677083333333334 0.5703125 0.5625 0.5729166666666666 0.5598958333333334 0.56640625 0.5611979166666666 0.5572916666666666
3 0.53515625 0.2643229166666667 0.5390625 0.2630208333333333 0.5442708333333334 0.2708333333333333 0.5416666666666666 0.2838541666666667 0.5364583333333334 0.2864583333333333 0.5338541666666666 0.2747395833333333 0.53515625 0.265625
3 0.5045572916666666 0.61328125 0.009114583333333334 0.026692708333333332
3 0.421875 0.55078125 0.4309895833333333 0.55078125 0.4322916666666667 0.5572916666666666 0.4322916666666667 0.56640625 0.4296875 0.56640625 0.421875 0.5572916666666666 0.421875 0.5520833333333334
3 0.4375 0.42578125 0.4361979166666667 0.4166666666666667 0.4388020833333333 0.41015625 0.4466145833333333 0.4166666666666667 0.4440104166666667 0.4296875 0.4427083333333333 0.4309895833333333 0.4388020833333333 0.42578125
3 0.41796875 0.7473958333333334 0.41796875 0.765625 0.4153645833333333 0.7682291666666666 0.41015625 0.7643229166666666 0.4088541666666667 0.7565104166666666 0.4166666666666667 0.7473958333333334
3 0.4908854166666667 0.49609375 0.4908854166666667 0.4986979166666667 0.4973958333333333 0.5052083333333334 0.4973958333333333 0.5104166666666666 0.4921875 0.5169270833333334 0.48828125 0.515625 0.484375 0.5078125 0.4869791666666667 0.4973958333333333 0.4895833333333333 0.49609375
3 0.6471354166666666 0.5234375 0.6510416666666666 0.5260416666666666 0.6575520833333334 0.5260416666666666 0.6588541666666666 0.5299479166666666 0.6575520833333334 0.5442708333333334 0.6510416666666666 0.5455729166666666 0.6471354166666666 0.5247395833333334
3 0.3684895833333333 0.3606770833333333 0.3723958333333333 0.3645833333333333 0.3723958333333333 0.3736979166666667 0.3697916666666667 0.37890625 0.3671875 0.3776041666666667 0.3619791666666667 0.3645833333333333 0.3645833333333333 0.359375 0.3671875 0.3606770833333333
3 0.49296875 0.69027777734375 0.49453125000000003 0.7125 0.5007812500000001 0.7194444440104166 0.49921875 0.6916666666666668 0.49296875 0.69027777734375
3 0.484375 0.44166666666666665 0.47890625000000003 0.43888888932291664 0.4734375 0.4458333333333333 0.47265625 0.45416666666666666 0.47578125 0.45972222265625 0.48593749999999997 0.45972222265625 0.484375 0.44166666666666665