1 0.08984375 0.6638888893229167 0.09140625000000001 0.6666666666666666 0.09453125 0.66527777734375 0.09531250000000001 0.6638888893229167 0.09531250000000001 0.65972222265625 0.09453125 0.6583333333333333 0.090625 0.6583333333333333 0.08984375 0.65972222265625 0.08984375 0.6638888893229167
0 0.005208333333333333 0.41015625 0.08463541666666667 0.4140625 0.09114583333333333 0.4166666666666667 0.11067708333333333 0.43359375 0.12239583333333333 0.453125 0.12760416666666666 0.4713541666666667 0.13020833333333334 0.4739583333333333 0.13541666666666666 0.5091145833333334 0.13411458333333334 0.5520833333333334 0.13020833333333334 0.5703125 0.12760416666666666 0.5729166666666666 0.12369791666666667 0.5872395833333334 0.11067708333333333 0.609375 0.10286458333333333 0.6171875 0.08333333333333333 0.62890625 0 0.6263020833333334 0 0.62109375 0.08333333333333333 0.6223958333333334 0.09895833333333333 0.6145833333333334 0.10807291666666667 0.60546875 0.12369791666666667 0.5768229166666666 0.13151041666666666 0.5455729166666666 0.1328125 0.5104166666666666 0.12760416666666666 0.4778645833333333 0.12369791666666667 0.4661458333333333 0.11979166666666667 0.4557291666666667 0.10807291666666667 0.4375 0.09114583333333333 0.4231770833333333 0.07942708333333333 0.4192708333333333 0 0.41796875 0 0.4114583333333333 0.00390625 0.41015625
0 0.8997395833333334 0.4466145833333333 0.96484375 0.44921875 0.9674479166666666 0.453125 0.9427083333333334 0.4544270833333333 0.8489583333333334 0.4518229166666667 0.8385416666666666 0.45703125 0.828125 0.4661458333333333 0.8190104166666666 0.4778645833333333 0.8190104166666666 0.4817708333333333 0.8111979166666666 0.4947916666666667 0.8033854166666666 0.5234375 0.8020833333333334 0.5690104166666666 0.8098958333333334 0.6067708333333334 0.8229166666666666 0.6315104166666666 0.83984375 0.6484375 0.8450520833333334 0.6510416666666666 0.859375 0.6536458333333334 0.9635416666666666 0.6575520833333334 0.9635416666666666 0.6614583333333334 0.875 0.66015625 0.8450520833333334 0.65625 0.8346354166666666 0.6510416666666666 0.8190104166666666 0.6341145833333334 0.8046875 0.6015625 0.80078125 0.5872395833333334 0.7994791666666666 0.5690104166666666 0.80078125 0.5208333333333334 0.80859375 0.4908854166666667 0.8203125 0.46875 0.828125 0.4609375 0.828125 0.4583333333333333 0.84765625 0.4466145833333333 0.8984375 0.4466145833333333
2 0.4674479166666667 0.52734375 0.4713541666666667 0.5364583333333334 0.4674479166666667 0.6979166666666666 0.4661458333333333 0.9322916666666666 0.46484375 0.94921875 0.4622395833333333 0.94921875 0.4674479166666667 0.5286458333333334
3 0.4329427083333333 0.34765625 0.008463541666666666 0.0234375
3 0.3828125 0.3255208333333333 0.3893229166666667 0.3268229166666667 0.3932291666666667 0.3424479166666667 0.390625 0.3515625 0.38671875 0.3515625 0.3815104166666667 0.3463541666666667 0.37890625 0.3333333333333333 0.3828125 0.3268229166666667
3 0.19010416666666666 0.4375 0.18619791666666666 0.4348958333333333 0.18229166666666666 0.4361979166666667 0.1796875 0.43359375 0.1796875 0.42578125 0.19010416666666666 0.4192708333333333 0.19270833333333334 0.4231770833333333 0.19140625 0.4361979166666667
3 0.16861979166666666 0.8404947916666666 0.014322916666666666 0.01953125
3 0.41796875 0.66015625 0.4244791666666667 0.6588541666666666 0.4309895833333333 0.6627604166666666 0.4309895833333333 0.66796875 0.4270833333333333 0.6770833333333334 0.4244791666666667 0.6783854166666666 0.41796875 0.6692708333333334 0.41796875 0.6614583333333334
3 0.4596354166666667 0.4947916666666667 0.46484375 0.4947916666666667 0.4700520833333333 0.4986979166666667 0.4700520833333333 0.5065104166666666 0.4635416666666667 0.515625 0.4557291666666667 0.5065104166666666 0.45703125 0.4986979166666667 0.4596354166666667 0.49609375
3 0.22786458333333334 0.2109375 0.23697916666666666 0.22395833333333334 0.23697916666666666 0.22786458333333334 0.234375 0.23046875 0.22395833333333334 0.22005208333333334 0.22395833333333334 0.21223958333333334 0.2265625 0.2109375
3 0.08463541666666667 0.6380208333333334 0.08723958333333333 0.6393229166666666 0.08854166666666667 0.6536458333333334 0.09114583333333333 0.65625 0.09244791666666667 0.6640625 0.08984375 0.66796875 0.0859375 0.66796875 0.08463541666666667 0.6653645833333334 0.078125 0.6653645833333334 0.07552083333333333 0.6627604166666666 0.07552083333333333 0.6575520833333334 0.08072916666666667 0.6510416666666666 0.08463541666666667 0.6393229166666666
3 0.3470052083333333 0.6588541666666666 0.01171875 0.018229166666666668
3 0.7552083333333334 0.5234375 0.7591145833333334 0.5325520833333334 0.7552083333333334 0.54296875 0.75 0.54296875 0.7447916666666666 0.5364583333333334 0.74609375 0.52734375 0.75 0.5234375 0.75390625 0.5234375
3 0.029947916666666668 0.5677083333333334 0.036458333333333336 0.5677083333333334 0.036458333333333336 0.5755208333333334 0.0390625 0.5807291666666666 0.036458333333333336 0.5846354166666666 0.033854166666666664 0.5807291666666666 0.028645833333333332 0.58203125 0.026041666666666668 0.5859375 0.022135416666666668 0.5846354166666666 0.022135416666666668 0.57421875 0.029947916666666668 0.5690104166666666
3 0.3736979166666667 0.80859375 0.3802083333333333 0.8125 0.3828125 0.8268229166666666 0.3815104166666667 0.8411458333333334 0.37890625 0.8411458333333334 0.3776041666666667 0.83203125 0.3697916666666667 0.8203125 0.3736979166666667 0.8098958333333334