1 0.50390625 0.6138888893229166 0.50546875 0.6138888893229166 0.50625 0.60972222265625 0.50546875 0.6069444440104167 0.50390625 0.6069444440104167 0.5031249999999999 0.6083333333333333 0.5031249999999999 0.6124999999999999 0.50390625 0.6138888893229166
0 0 0.4283854166666667 0.09505208333333333 0.4296875 0.11067708333333333 0.4348958333333333 0.12630208333333334 0.4505208333333333 0.13802083333333334 0.4700520833333333 0.14713541666666666 0.5 0.14973958333333334 0.51953125 0.14973958333333334 0.5520833333333334 0.14583333333333334 0.578125 0.14322916666666666 0.5807291666666666 0.14192708333333334 0.5911458333333334 0.13411458333333334 0.609375 0.11588541666666667 0.6328125 0.09635416666666667 0.640625 0 0.6380208333333334 0 0.6328125 0.09505208333333333 0.6354166666666666 0.11197916666666667 0.62890625 0.12760416666666666 0.6106770833333334 0.13932291666666666 0.5872395833333334 0.14713541666666666 0.546875 0.14713541666666666 0.5260416666666666 0.14322916666666666 0.4973958333333333 0.13932291666666666 0.484375 0.125 0.4557291666666667 0.11458333333333333 0.4453125 0.08984375 0.4348958333333333 0.005208333333333333 0.43359375 0 0.4322916666666667 0 0.4296875
0 0.8723958333333334 0.453125 0.9661458333333334 0.4557291666666667 0.97265625 0.45703125 0.9739583333333334 0.4609375 0.9231770833333334 0.4622395833333333 0.859375 0.4596354166666667 0.84375 0.4661458333333333 0.8346354166666666 0.4739583333333333 0.8190104166666666 0.4986979166666667 0.8111979166666666 0.5208333333333334 0.8072916666666666 0.5455729166666666 0.8098958333333334 0.5911458333333334 0.8190104166666666 0.6197916666666666 0.8346354166666666 0.64453125 0.84375 0.6536458333333334 0.85546875 0.6588541666666666 0.9700520833333334 0.6640625 0.9700520833333334 0.6692708333333334 0.9244791666666666 0.66796875 0.9231770833333334 0.6653645833333334 0.85546875 0.6640625 0.8359375 0.6536458333333334 0.8177083333333334 0.6276041666666666 0.80859375 0.6002604166666666 0.8046875 0.5716145833333334 0.8059895833333334 0.5390625 0.8111979166666666 0.5104166666666666 0.82421875 0.4791666666666667 0.8359375 0.4661458333333333 0.84765625 0.45703125 0.8619791666666666 0.453125 0.87109375 0.453125
2 0.48046875 0.46875 0.4778645833333333 0.47265625 0.4778645833333333 0.4869791666666667 0.48046875 0.4947916666666667 0.4739583333333333 0.9557291666666666 0.4713541666666667 0.94140625 0.4752604166666667 0.703125 0.4739583333333333 0.62890625 0.4765625 0.4752604166666667 0.4791666666666667 0.4700520833333333
3 0.4283854166666667 0.80859375 0.42578125 0.8046875 0.42578125 0.7942708333333334 0.4283854166666667 0.7877604166666666 0.4309895833333333 0.7890625 0.4348958333333333 0.80078125 0.4348958333333333 0.8046875 0.4296875 0.80859375
3 0.5104166666666666 0.64453125 0.5182291666666666 0.6458333333333334 0.5182291666666666 0.6497395833333334 0.5208333333333334 0.65234375 0.5208333333333334 0.6640625 0.5169270833333334 0.6653645833333334 0.5104166666666666 0.6458333333333334
3 0.48046875 0.44140625 0.4830729166666667 0.4466145833333333 0.4830729166666667 0.4622395833333333 0.4778645833333333 0.46484375 0.4713541666666667 0.4609375 0.4713541666666667 0.4453125 0.4739583333333333 0.44140625 0.4791666666666667 0.44140625
3 0.4505208333333333 0.24479166666666666 0.4609375 0.24088541666666666 0.4635416666666667 0.2565104166666667 0.4596354166666667 0.2630208333333333 0.45703125 0.2630208333333333 0.4557291666666667 0.2604166666666667 0.4518229166666667 0.24609375
3 0.5924479166666666 0.52734375 0.5950520833333334 0.5364583333333334 0.5924479166666666 0.546875 0.5885416666666666 0.5481770833333334 0.5807291666666666 0.5390625 0.5911458333333334 0.52734375
3 0.4401041666666667 0.5885416666666666 0.44140625 0.5807291666666666 0.4466145833333333 0.5794270833333334 0.4505208333333333 0.59375 0.4466145833333333 0.5989583333333334 0.44140625 0.5950520833333334 0.44140625 0.58984375
3 0.5716145833333334 0.23958333333333334 0.57421875 0.2421875 0.5729166666666666 0.265625 0.5703125 0.2669270833333333 0.5651041666666666 0.2578125 0.5703125 0.24088541666666666
3 0.44921875 0.3567708333333333 0.4518229166666667 0.3606770833333333 0.4505208333333333 0.3736979166666667 0.4466145833333333 0.3723958333333333 0.4453125 0.3671875 0.4453125 0.3580729166666667 0.4479166666666667 0.3567708333333333
3 0.5078125 0.71484375 0.5130208333333334 0.7252604166666666 0.5130208333333334 0.7356770833333334 0.5091145833333334 0.7395833333333334 0.5052083333333334 0.7317708333333334 0.5065104166666666 0.7161458333333334
3 0.7174479166666666 0.5911458333333334 0.7200520833333334 0.60546875 0.7161458333333334 0.6106770833333334 0.7109375 0.609375 0.7096354166666666 0.6002604166666666 0.70703125 0.59765625 0.70703125 0.59375 0.7135416666666666 0.58984375 0.7161458333333334 0.5911458333333334
3 0.3971354166666667 0.3359375 0.4010416666666667 0.3385416666666667 0.40234375 0.3424479166666667 0.40234375 0.3515625 0.3997395833333333 0.35546875 0.3971354166666667 0.3567708333333333 0.3932291666666667 0.3489583333333333 0.3919270833333333 0.3411458333333333 0.3932291666666667 0.3372395833333333 0.3958333333333333 0.3372395833333333
3 0.54296875 0.4505208333333333 0.54296875 0.43359375 0.546875 0.43359375 0.5494791666666666 0.4361979166666667 0.5481770833333334 0.44921875 0.5442708333333334 0.4505208333333333