1 0.58203125 0.6986111106770833 0.5851562499999999 0.7013888893229167 0.5867187500000001 0.7000000000000001 0.5867187500000001 0.6916666666666668 0.5859375 0.69027777734375 0.5828125000000001 0.6916666666666668 0.58203125 0.6944444440104167 0.58203125 0.6986111106770833
0 0.9986979166666666 0.4114583333333333 0.9986979166666666 0.41796875 0.9309895833333334 0.4192708333333333 0.91015625 0.4205729166666667 0.9036458333333334 0.4231770833333333 0.8958333333333334 0.4283854166666667 0.87890625 0.4479166666666667 0.8671875 0.4765625 0.86328125 0.4934895833333333 0.86328125 0.5494791666666666 0.875 0.5872395833333334 0.88671875 0.60546875 0.8997395833333334 0.6171875 0.9127604166666666 0.6223958333333334 0.9986979166666666 0.6197916666666666 0.9986979166666666 0.6263020833333334 0.9635416666666666 0.6276041666666666 0.91015625 0.6276041666666666 0.8958333333333334 0.62109375 0.8828125 0.6080729166666666 0.8684895833333334 0.58203125 0.8606770833333334 0.55078125 0.8606770833333334 0.4921875 0.8723958333333334 0.4518229166666667 0.8880208333333334 0.4283854166666667 0.9036458333333334 0.4166666666666667 0.9114583333333334 0.4140625 0.9973958333333334 0.4114583333333333
0 0.15234375 0.4466145833333333 0.16666666666666666 0.4557291666666667 0.17838541666666666 0.4700520833333333 0.18619791666666666 0.4856770833333333 0.19401041666666666 0.5091145833333334 0.1953125 0.5299479166666666 0.19791666666666666 0.53515625 0.19791666666666666 0.57421875 0.19010416666666666 0.6067708333333334 0.17447916666666666 0.63671875 0.16276041666666666 0.6484375 0.15104166666666666 0.6549479166666666 0.07291666666666667 0.66015625 0.033854166666666664 0.66015625 0.033854166666666664 0.65625 0.14583333333333334 0.6510416666666666 0.16796875 0.63671875 0.18359375 0.61328125 0.19140625 0.5911458333333334 0.19401041666666666 0.5716145833333334 0.19401041666666666 0.53515625 0.19140625 0.5130208333333334 0.1875 0.4986979166666667 0.17578125 0.4739583333333333 0.15494791666666666 0.453125 0.14713541666666666 0.4505208333333333 0.03125 0.453125 0.029947916666666668 0.44921875 0.09895833333333333 0.4453125 0.15104166666666666 0.4466145833333333
2 0.5247395833333334 0.2877604166666667 0.52734375 0.30859375 0.5260416666666666 0.3854166666666667 0.5286458333333334 0.4518229166666667 0.52734375 0.5390625 0.5299479166666666 0.5755208333333334 0.53125 0.86328125 0.5338541666666666 0.8671875 0.5338541666666666 0.9466145833333334 0.53125 0.9479166666666666 0.5286458333333334 0.88671875 0.5286458333333334 0.8697916666666666 0.53125 0.8619791666666666 0.5286458333333334 0.859375 0.52734375 0.6302083333333334 0.5247395833333334 0.6197916666666666 0.5247395833333334 0.2890625
3 0.76171875 0.47265625 0.7721354166666666 0.4830729166666667 0.7734375 0.4908854166666667 0.7708333333333334 0.4921875 0.7643229166666666 0.4895833333333333 0.7604166666666666 0.4934895833333333 0.7578125 0.4921875 0.7578125 0.4739583333333333 0.7604166666666666 0.47265625
3 0.4479166666666667 0.3111979166666667 0.4479166666666667 0.31640625 0.453125 0.3268229166666667 0.4479166666666667 0.3346354166666667 0.4453125 0.3346354166666667 0.44140625 0.3255208333333333 0.4427083333333333 0.3151041666666667 0.4466145833333333 0.3111979166666667
3 0.47265625 0.65625 0.48046875 0.66015625 0.4765625 0.67578125 0.4700520833333333 0.67578125 0.46875 0.6653645833333334 0.4661458333333333 0.6627604166666666 0.4661458333333333 0.6588541666666666 0.4713541666666667 0.6575520833333334
3 0.40234375 0.515625 0.40234375 0.5260416666666666 0.3997395833333333 0.53125 0.3958333333333333 0.5299479166666666 0.39453125 0.515625 0.3971354166666667 0.51171875 0.4010416666666667 0.515625
3 0.5286458333333334 0.2786458333333333 0.5260416666666666 0.26171875 0.53125 0.24869791666666666 0.53515625 0.24869791666666666 0.5390625 0.2552083333333333 0.5390625 0.265625 0.5338541666666666 0.27734375 0.53125 0.2799479166666667 0.5299479166666666 0.2786458333333333
3 0.69921875 0.828125 0.7083333333333334 0.828125 0.7122395833333334 0.83203125 0.7135416666666666 0.8372395833333334 0.7122395833333334 0.8463541666666666 0.703125 0.8450520833333334 0.7005208333333334 0.8411458333333334 0.69921875 0.8294270833333334
3 0.5149739583333334 0.8665364583333334 0.012369791666666666 0.035807291666666664
3 0.7447916666666666 0.3802083333333333 0.7447916666666666 0.3880208333333333 0.7369791666666666 0.3997395833333333 0.734375 0.3971354166666667 0.734375 0.3854166666666667 0.7395833333333334 0.3802083333333333 0.7434895833333334 0.3802083333333333
3 0.5833333333333334 0.6588541666666666 0.5859375 0.671875 0.5833333333333334 0.6822916666666666 0.5807291666666666 0.6848958333333334 0.5768229166666666 0.6796875 0.5768229166666666 0.671875 0.58203125 0.66015625
3 0.7662760416666666 0.21614583333333334 0.014973958333333334 0.029296875
3 0.9309895833333334 0.50390625 0.9361979166666666 0.5091145833333334 0.9361979166666666 0.5169270833333334 0.93359375 0.5221354166666666 0.9309895833333334 0.5247395833333334 0.9270833333333334 0.5234375 0.9244791666666666 0.51953125 0.91796875 0.51953125 0.91796875 0.51171875 0.92578125 0.5091145833333334 0.9296875 0.5052083333333334
3 0.20833333333333334 0.5364583333333334 0.21223958333333334 0.5403645833333334 0.21744791666666666 0.5416666666666666 0.21744791666666666 0.55078125 0.21484375 0.5559895833333334 0.20833333333333334 0.5598958333333334 0.203125 0.5533854166666666 0.203125 0.5416666666666666 0.20703125 0.5377604166666666