1 0.6953125 0.4944444440104167 0.6953125 0.49722222265625 0.696875 0.5 0.69921875 0.5 0.7023437499999999 0.49722222265625 0.7023437499999999 0.4916666666666667 0.7015625 0.48888888932291663 0.7000000000000001 0.4875 0.6984374999999999 0.48888888932291663 0.6953125 0.4944444440104167
3 0.7298177083333334 0.669921875 0.012369791666666666 0.020833333333333332
3 0.625 0.2552083333333333 0.6276041666666666 0.2565104166666667 0.62890625 0.2630208333333333 0.6236979166666666 0.2825520833333333 0.62109375 0.2825520833333333 0.6184895833333334 0.2760416666666667 0.6184895833333334 0.2643229166666667 0.62109375 0.2565104166666667 0.6236979166666666 0.2552083333333333
3 0.7298177083333334 0.8502604166666666 0.015625 0.01953125
3 0.6393229166666666 0.7981770833333334 0.6432291666666666 0.80078125 0.6458333333333334 0.80859375 0.6393229166666666 0.8125 0.6393229166666666 0.8255208333333334 0.6354166666666666 0.8268229166666666 0.6315104166666666 0.82421875 0.6315104166666666 0.8151041666666666 0.6341145833333334 0.796875 0.63671875 0.7955729166666666 0.6380208333333334 0.7981770833333334
3 0.6614583333333334 0.5325520833333334 0.6705729166666666 0.5377604166666666 0.6705729166666666 0.5455729166666666 0.66796875 0.5494791666666666 0.6640625 0.55078125 0.66015625 0.546875 0.6614583333333334 0.5338541666666666
3 0.6731770833333334 0.5833333333333334 0.6796875 0.5885416666666666 0.6796875 0.59375 0.6744791666666666 0.6002604166666666 0.6692708333333334 0.6015625 0.6692708333333334 0.5885416666666666 0.6731770833333334 0.5846354166666666
3 0.7682291666666666 0.21354166666666666 0.7682291666666666 0.22395833333333334 0.7604166666666666 0.23567708333333334 0.7552083333333334 0.23046875 0.7565104166666666 0.22395833333333334 0.7630208333333334 0.21484375 0.7669270833333334 0.21354166666666666
3 0.23958333333333334 0.50390625 0.24609375 0.5091145833333334 0.2526041666666667 0.5091145833333334 0.24609375 0.5234375 0.2421875 0.52734375 0.23828125 0.52734375 0.23697916666666666 0.5130208333333334 0.23958333333333334 0.5052083333333334
3 0.62109375 0.3736979166666667 0.6236979166666666 0.375 0.6276041666666666 0.3841145833333333 0.6197916666666666 0.3971354166666667 0.61328125 0.390625 0.6145833333333334 0.3776041666666667 0.6197916666666666 0.3736979166666667
3 0.8951822916666666 0.4622395833333333 0.020833333333333332 0.01953125
3 0.7000000000000001 0.4805555559895833 0.69921875 0.48472222265625 0.7109375 0.48194444401041664 0.7117187500000001 0.4805555559895833 0.70859375 0.47500000000000003 0.70859375 0.4708333333333334 0.70703125 0.4680555559895833 0.70546875 0.4694444440104167 0.7000000000000001 0.4805555559895833
3 0.609375 0.5180555559895833 0.6109375 0.52222222265625 0.61328125 0.52222222265625 0.6164062499999999 0.5180555559895833 0.6164062499999999 0.5069444440104166 0.61328125 0.5069444440104166 0.6101562500000001 0.5111111106770834 0.609375 0.51527777734375 0.609375 0.5180555559895833
2 0.5234375 0.12239583333333333 0.5260416666666666 0.140625 0.5247395833333334 0.16927083333333334 0.52734375 0.4427083333333333 0.5299479166666666 0.5026041666666666 0.5286458333333334 0.5455729166666666 0.53125 0.6184895833333334 0.53125 0.765625 0.53515625 0.91015625 0.53515625 0.9466145833333334 0.53125 0.9466145833333334 0.5286458333333334 0.6770833333333334 0.5260416666666666 0.6263020833333334 0.52734375 0.546875 0.5247395833333334 0.4934895833333333 0.5234375 0.12369791666666667
0 1 0.40972222265625 0.984375 0.40972222265625 0.9148437500000001 0.41250000000000003 0.8992187500000001 0.41944444401041664 0.88046875 0.44027777734375 0.8664062499999999 0.47222222265625 0.8601562500000001 0.5083333333333333 0.8624999999999999 0.5513888893229166 0.8718750000000001 0.58472222265625 0.890625 0.6138888893229166 0.91015625 0.6263888893229167 1 0.6236111106770833 1 0.6180555559895834 0.91015625 0.6208333333333333 0.9015624999999999 0.6166666666666667 0.8781249999999999 0.5875 0.86484375 0.5444444440104167 0.8640625000000001 0.5069444440104166 0.8671875 0.48194444401041664 0.88515625 0.43888888932291664 0.8984375 0.425 0.915625 0.4180555559895833 1 0.4166666666666667 1 0.40972222265625
0 0.1859375 0.4805555559895833 0.17265624999999998 0.4611111106770833 0.15625 0.44861111067708337 0.0328125 0.4513888893229167 0.039843750000000004 0.45555555598958336 0.15390625 0.45277777734375 0.1734375 0.4680555559895833 0.18437499999999998 0.4861111106770833 0.19765625 0.5416666666666666 0.19765625 0.5638888893229167 0.19140625 0.6 0.17578125 0.6319444440104166 0.1625 0.6458333333333334 0.14609375 0.65277777734375 0.046093749999999996 0.6583333333333333 0.14296875 0.6583333333333333 0.16874999999999998 0.64722222265625 0.18359375 0.6291666666666667 0.196875 0.5958333333333333 0.20078125 0.5430555559895833 0.196875 0.5319444440104167 0.19999999999999998 0.5291666666666667 0.1859375 0.4805555559895833