1 0.48515625 0.3416666666666666 0.484375 0.3361111106770833 0.48125 0.3361111106770833 0.48046875 0.33749999999999997 0.48125 0.3430555559895833 0.48359375 0.3458333333333334 0.48515625 0.3416666666666666
0 0 0.4166666666666667 0.0026041666666666665 0.4166666666666667 0.00390625 0.4192708333333333 0.09114583333333333 0.421875 0.09765625 0.4231770833333333 0.11067708333333333 0.4309895833333333 0.12369791666666667 0.4466145833333333 0.13411458333333334 0.4661458333333333 0.14192708333333334 0.4934895833333333 0.14453125 0.5260416666666666 0.14192708333333334 0.56640625 0.13411458333333334 0.5924479166666666 0.12239583333333333 0.61328125 0.109375 0.6276041666666666 0.09375 0.6354166666666666 0 0.6328125 0 0.6276041666666666 0.05859375 0.6302083333333334 0.09244791666666667 0.6302083333333334 0.09895833333333333 0.6276041666666666 0.11588541666666667 0.61328125 0.13151041666666666 0.5885416666666666 0.140625 0.5520833333333334 0.13932291666666666 0.49609375 0.125 0.4557291666666667 0.109375 0.4361979166666667 0.09895833333333333 0.4296875 0.08854166666666667 0.4270833333333333 0 0.4244791666666667 0 0.41796875
0 0.9466145833333334 0.453125 0.9739583333333334 0.4544270833333333 0.9791666666666666 0.45703125 0.9791666666666666 0.4609375 0.8606770833333334 0.45703125 0.859375 0.4596354166666667 0.84375 0.4674479166666667 0.8346354166666666 0.4765625 0.8216145833333334 0.5 0.8151041666666666 0.5234375 0.8125 0.5403645833333334 0.8138020833333334 0.5872395833333334 0.8190104166666666 0.609375 0.8268229166666666 0.6276041666666666 0.8411458333333334 0.6471354166666666 0.8515625 0.6549479166666666 0.8671875 0.66015625 0.9752604166666666 0.6640625 0.9752604166666666 0.6692708333333334 0.92578125 0.66796875 0.9244791666666666 0.6653645833333334 0.8736979166666666 0.6653645833333334 0.8606770833333334 0.6640625 0.84765625 0.6588541666666666 0.8346354166666666 0.6471354166666666 0.82421875 0.6315104166666666 0.8151041666666666 0.609375 0.8111979166666666 0.5911458333333334 0.80859375 0.5494791666666666 0.8125 0.5182291666666666 0.8203125 0.4934895833333333 0.83203125 0.47265625 0.84765625 0.45703125 0.859375 0.4518229166666667 0.9453125 0.453125
2 0.48046875 0.125 0.4830729166666667 0.12890625 0.4817708333333333 0.3984375 0.4791666666666667 0.4010416666666667 0.4778645833333333 0.4127604166666667 0.4817708333333333 0.4231770833333333 0.4778645833333333 0.5559895833333334 0.4791666666666667 0.61328125 0.4752604166666667 0.7708333333333334 0.4752604166666667 0.9466145833333334 0.4739583333333333 0.95703125 0.4713541666666667 0.9557291666666666 0.4752604166666667 0.5794270833333334 0.4778645833333333 0.5651041666666666 0.4752604166666667 0.53125 0.48046875 0.12630208333333334
3 0.3951822916666667 0.54296875 0.009114583333333334 0.016927083333333332
3 0.4674479166666667 0.52734375 0.4713541666666667 0.5325520833333334 0.47265625 0.5390625 0.4700520833333333 0.5533854166666666 0.4674479166666667 0.5533854166666666 0.4609375 0.5442708333333334 0.4609375 0.5325520833333334 0.4661458333333333 0.52734375
3 0.5247395833333334 0.19401041666666666 0.5286458333333334 0.19921875 0.5260416666666666 0.21875 0.5221354166666666 0.21744791666666666 0.5221354166666666 0.20833333333333334 0.51953125 0.203125 0.51953125 0.19791666666666666 0.5234375 0.19401041666666666
3 0.4934895833333333 0.39453125 0.4947916666666667 0.40234375 0.4908854166666667 0.4114583333333333 0.4869791666666667 0.4114583333333333 0.484375 0.4075520833333333 0.484375 0.3932291666666667 0.48828125 0.390625 0.4921875 0.39453125
3 0.2838541666666667 0.734375 0.2838541666666667 0.7526041666666666 0.2799479166666667 0.7552083333333334 0.27734375 0.75 0.26953125 0.7434895833333334 0.2734375 0.73828125 0.2825520833333333 0.734375
3 0.16145833333333334 0.5546875 0.16666666666666666 0.5598958333333334 0.16536458333333334 0.5703125 0.15625 0.5690104166666666 0.15234375 0.5638020833333334 0.15364583333333334 0.5546875 0.16015625 0.5546875
3 0.4388020833333333 0.6067708333333334 0.44140625 0.6184895833333334 0.44140625 0.6236979166666666 0.4388020833333333 0.6263020833333334 0.4322916666666667 0.6184895833333334 0.4322916666666667 0.6080729166666666 0.4375 0.6067708333333334
3 0.5677083333333334 0.4466145833333333 0.5651041666666666 0.44140625 0.5651041666666666 0.4322916666666667 0.5703125 0.4231770833333333 0.57421875 0.42578125 0.57421875 0.4453125 0.5690104166666666 0.4466145833333333
3 0.5989583333333334 0.703125 0.6106770833333334 0.7057291666666666 0.6119791666666666 0.7200520833333334 0.60546875 0.7213541666666666 0.5989583333333334 0.7109375 0.59765625 0.7044270833333334
3 0.36323359375 0.2813583333333333 0.3617234375 0.27107222265625003 0.36273046875 0.26168194401041667 0.35033437500000003 0.26573888932291667 0.353165625 0.2757680559895833 0.35694140625 0.27845138932291663 0.35832578125000003 0.28784166666666666 0.36323359375 0.2813583333333333
3 0.45356250000000004 0.8232194440104167 0.4519265625 0.8120388893229166 0.45482109374999996 0.8073444440104166 0.45494687500000003 0.7984 0.45419218749999996 0.7896805559895833 0.45066796875 0.7937055559895834 0.44852890624999997 0.8004125000000001 0.44437578125 0.7979527773437499 0.44538203125000003 0.8113694440104168 0.44878046875000005 0.8133805559895834 0.451675 0.8256791666666666 0.45356250000000004 0.8232194440104167
3 0.5070171875 0.7653083333333334 0.50475234375 0.75524722265625 0.5009765625 0.750775 0.49647734375 0.75207777734375 0.49669765625 0.758825 0.4954390625 0.76620277734375 0.49934062500000004 0.7749236106770834 0.5070171875 0.7653083333333334