1 0.46328125000000003 0.3236111106770833 0.46484375 0.31527777734375 0.46171875 0.31388888932291664 0.46015625 0.31944444401041666 0.46328125000000003 0.3236111106770833
0 0 0.4309895833333333 0.08072916666666667 0.4322916666666667 0.09505208333333333 0.4361979166666667 0.11067708333333333 0.44921875 0.12630208333333334 0.4752604166666667 0.13411458333333334 0.4986979166666667 0.13802083333333334 0.5325520833333334 0.13671875 0.56640625 0.13020833333333334 0.5950520833333334 0.11458333333333333 0.6263020833333334 0.10286458333333333 0.6380208333333334 0.09505208333333333 0.6432291666666666 0.08854166666666667 0.64453125 0.08723958333333333 0.6471354166666666 0.07942708333333333 0.6484375 0.041666666666666664 0.6471354166666666 0.040364583333333336 0.64453125 0 0.64453125 0 0.6380208333333334 0.08463541666666667 0.640625 0.09765625 0.6354166666666666 0.10416666666666667 0.6302083333333334 0.11588541666666667 0.6145833333333334 0.125 0.59765625 0.13151041666666666 0.5755208333333334 0.13541666666666666 0.5442708333333334 0.1328125 0.51171875 0.12369791666666667 0.4791666666666667 0.11197916666666667 0.4583333333333333 0.10286458333333333 0.44921875 0.08463541666666667 0.4401041666666667 0.033854166666666664 0.4388020833333333 0.032552083333333336 0.4361979166666667 0 0.4361979166666667 0 0.4322916666666667
0 0.8854166666666666 0.4622395833333333 0.96484375 0.46484375 0.9674479166666666 0.4674479166666667 0.9661458333333334 0.4700520833333333 0.8502604166666666 0.4674479166666667 0.83203125 0.4778645833333333 0.8190104166666666 0.4947916666666667 0.8111979166666666 0.5104166666666666 0.8033854166666666 0.5390625 0.8033854166666666 0.5950520833333334 0.8059895833333334 0.5989583333333334 0.8111979166666666 0.6236979166666666 0.8268229166666666 0.6510416666666666 0.83984375 0.6627604166666666 0.8489583333333334 0.6666666666666666 0.8567708333333334 0.6666666666666666 0.8580729166666666 0.6692708333333334 0.953125 0.671875 0.9635416666666666 0.6731770833333334 0.9635416666666666 0.6770833333333334 0.9205729166666666 0.6770833333333334 0.8971354166666666 0.6744791666666666 0.8815104166666666 0.67578125 0.8502604166666666 0.6731770833333334 0.83984375 0.6692708333333334 0.8203125 0.6510416666666666 0.80859375 0.6276041666666666 0.80078125 0.59765625 0.7994791666666666 0.5546875 0.8046875 0.5182291666666666 0.8125 0.4986979166666667 0.82421875 0.4791666666666667 0.83984375 0.4661458333333333 0.8541666666666666 0.4622395833333333 0.8841145833333334 0.4622395833333333
2 0.47265625 0.13932291666666666 0.4739583333333333 0.3463541666666667 0.4713541666666667 0.39453125 0.47265625 0.4739583333333333 0.4700520833333333 0.7682291666666666 0.4674479166666667 0.828125 0.4674479166666667 0.9466145833333334 0.4661458333333333 0.9661458333333334 0.4635416666666667 0.9661458333333334 0.46484375 0.76171875 0.4674479166666667 0.7161458333333334 0.46875 0.5885416666666666 0.46875 0.3072916666666667 0.4713541666666667 0.296875 0.4700520833333333 0.25 0.47265625 0.140625
3 0.671875 0.5729166666666666 0.6731770833333334 0.58203125 0.6692708333333334 0.5885416666666666 0.6627604166666666 0.5872395833333334 0.6575520833333334 0.5807291666666666 0.6653645833333334 0.5729166666666666 0.6705729166666666 0.5729166666666666
3 0.7734375 0.3450520833333333 0.7747395833333334 0.3567708333333333 0.7682291666666666 0.3645833333333333 0.76171875 0.3619791666666667 0.7604166666666666 0.3567708333333333 0.765625 0.3463541666666667 0.7721354166666666 0.3450520833333333
3 0.6575520833333334 0.3203125 0.6614583333333334 0.3203125 0.6627604166666666 0.3229166666666667 0.6627604166666666 0.3359375 0.6614583333333334 0.3385416666666667 0.6575520833333334 0.3385416666666667 0.6549479166666666 0.3359375 0.6575520833333334 0.3216145833333333
3 0.2721354166666667 0.4075520833333333 0.2799479166666667 0.4127604166666667 0.2825520833333333 0.4283854166666667 0.27734375 0.4296875 0.2734375 0.4244791666666667 0.26953125 0.4153645833333333 0.2708333333333333 0.4088541666666667
3 0.6451822916666666 0.4205729166666667 0.015625 0.030598958333333332
3 0.65625 0.7161458333333334 0.6666666666666666 0.7174479166666666 0.6666666666666666 0.7278645833333334 0.6640625 0.734375 0.6614583333333334 0.734375 0.6588541666666666 0.73046875 0.65625 0.7174479166666666
3 0.609375 0.875 0.6145833333333334 0.875 0.6145833333333334 0.8919270833333334 0.6119791666666666 0.8971354166666666 0.609375 0.8971354166666666 0.6080729166666666 0.8919270833333334 0.6015625 0.8841145833333334 0.6015625 0.8815104166666666 0.609375 0.8763020833333334
3 0.5709635416666666 0.4557291666666667 0.008463541666666666 0.01953125
3 0.44140625 0.2421875 0.4453125 0.2421875 0.4466145833333333 0.24479166666666666 0.4453125 0.2630208333333333 0.4427083333333333 0.26171875 0.4401041666666667 0.25390625 0.44140625 0.24348958333333334
3 0.83984375 0.5091145833333334 0.8424479166666666 0.5091145833333334 0.8489583333333334 0.515625 0.8489583333333334 0.5247395833333334 0.8424479166666666 0.5338541666666666 0.83984375 0.5338541666666666 0.8346354166666666 0.5286458333333334 0.828125 0.5182291666666666 0.828125 0.515625 0.8372395833333334 0.515625 0.83984375 0.5104166666666666
3 0.7252604166666666 0.6341145833333334 0.7291666666666666 0.6419270833333334 0.7278645833333334 0.6497395833333334 0.7239583333333334 0.6536458333333334 0.71875 0.6497395833333334 0.71875 0.6458333333333334 0.71484375 0.640625 0.71484375 0.63671875 0.7239583333333334 0.6341145833333334
3 0.5338541666666666 0.31640625 0.5364583333333334 0.3203125 0.5364583333333334 0.3307291666666667 0.5325520833333334 0.3385416666666667 0.5260416666666666 0.3294270833333333 0.5260416666666666 0.3255208333333333 0.5325520833333334 0.31640625