1 0.625 0.29027777734375 0.6265625 0.29444444401041664 0.62890625 0.29444444401041664 0.63046875 0.2916666666666667 0.63046875 0.28750000000000003 0.6296875000000001 0.28611111067708334 0.6265625 0.28472222265624997 0.6257812500000001 0.28611111067708334 0.625 0.29027777734375
0 0.9986979166666666 0.4322916666666667 0.9986979166666666 0.4388020833333333 0.9309895833333334 0.4401041666666667 0.9049479166666666 0.4440104166666667 0.88671875 0.4583333333333333 0.87109375 0.4869791666666667 0.86328125 0.5208333333333334 0.86328125 0.5638020833333334 0.875 0.60546875 0.8893229166666666 0.625 0.8893229166666666 0.6276041666666666 0.9036458333333334 0.6393229166666666 0.91796875 0.6432291666666666 0.9765625 0.6419270833333334 0.9986979166666666 0.6393229166666666 0.9986979166666666 0.6471354166666666 0.9322916666666666 0.6497395833333334 0.9088541666666666 0.6484375 0.8919270833333334 0.6380208333333334 0.8828125 0.6276041666666666 0.87109375 0.6067708333333334 0.8619791666666666 0.5755208333333334 0.859375 0.5481770833333334 0.8606770833333334 0.51953125 0.8645833333333334 0.49609375 0.8723958333333334 0.4739583333333333 0.875 0.47265625 0.8815104166666666 0.4583333333333333 0.9036458333333334 0.4375 0.9114583333333334 0.4348958333333333 0.9309895833333334 0.43359375 0.9973958333333334 0.4322916666666667
0 0.18489583333333334 0.50390625 0.19270833333333334 0.51953125 0.1953125 0.5455729166666666 0.19791666666666666 0.55078125 0.19791666666666666 0.5885416666666666 0.19010416666666666 0.6263020833333334 0.17838541666666666 0.6510416666666666 0.171875 0.6588541666666666 0.15885416666666666 0.6705729166666666 0.14453125 0.67578125 0.061197916666666664 0.6796875 0.03125 0.6783854166666666 0.03515625 0.6744791666666666 0.14453125 0.6705729166666666 0.16015625 0.6627604166666666 0.17317708333333334 0.6497395833333334 0.1875 0.62109375 0.1953125 0.5859375 0.1953125 0.5520833333333334 0.18359375 0.5052083333333334
2 0.5247395833333334 0.13932291666666666 0.53125 0.6354166666666666 0.53125 0.8151041666666666 0.5338541666666666 0.8450520833333334 0.5338541666666666 0.9700520833333334 0.53125 0.9700520833333334 0.53125 0.8984375 0.5286458333333334 0.8502604166666666 0.5286458333333334 0.69140625 0.5260416666666666 0.6080729166666666 0.52734375 0.5572916666666666 0.5247395833333334 0.48828125 0.5247395833333334 0.140625
3 0.33984375 0.5690104166666666 0.3450520833333333 0.5690104166666666 0.34765625 0.5716145833333334 0.34765625 0.5794270833333334 0.3450520833333333 0.5859375 0.3411458333333333 0.5885416666666666 0.33984375 0.5833333333333334 0.3372395833333333 0.58203125 0.3372395833333333 0.5729166666666666 0.33984375 0.5703125
3 0.17838541666666666 0.48828125 0.1796875 0.4921875 0.18359375 0.4947916666666667 0.18359375 0.5013020833333334 0.17578125 0.5065104166666666 0.16927083333333334 0.5026041666666666 0.16796875 0.4921875 0.171875 0.4869791666666667 0.17708333333333334 0.48828125
3 0.69921875 0.3294270833333333 0.7018229166666666 0.3294270833333333 0.7044270833333334 0.3346354166666667 0.7096354166666666 0.3372395833333333 0.7096354166666666 0.3424479166666667 0.7057291666666666 0.3463541666666667 0.703125 0.3580729166666667 0.69921875 0.359375 0.69921875 0.3307291666666667
3 0.3658854166666667 0.31640625 0.37109375 0.3229166666666667 0.3697916666666667 0.3346354166666667 0.3658854166666667 0.3346354166666667 0.3619791666666667 0.3268229166666667 0.3619791666666667 0.3177083333333333 0.3645833333333333 0.31640625
3 0.4270833333333333 0.8802083333333334 0.4283854166666667 0.8854166666666666 0.421875 0.9010416666666666 0.4205729166666667 0.9140625 0.41796875 0.9140625 0.4153645833333333 0.90234375 0.4153645833333333 0.8854166666666666 0.4192708333333333 0.8815104166666666 0.42578125 0.8815104166666666
3 0.3854166666666667 0.4049479166666667 0.39453125 0.4192708333333333 0.3854166666666667 0.4309895833333333 0.3828125 0.4309895833333333 0.37890625 0.4231770833333333 0.37890625 0.4088541666666667 0.3841145833333333 0.4049479166666667
3 0.4466145833333333 0.484375 0.4453125 0.4674479166666667 0.4479166666666667 0.4635416666666667 0.4518229166666667 0.4635416666666667 0.45703125 0.4713541666666667 0.4518229166666667 0.4830729166666667 0.4479166666666667 0.484375
3 0.25 0.33984375 0.2604166666666667 0.3489583333333333 0.2565104166666667 0.3606770833333333 0.25 0.3619791666666667 0.24739583333333334 0.35546875 0.24869791666666666 0.3411458333333333
3 0.3111979166666667 0.6393229166666666 0.3151041666666667 0.6419270833333334 0.3151041666666667 0.6471354166666666 0.3072916666666667 0.65625 0.3020833333333333 0.65234375 0.30078125 0.6432291666666666 0.3020833333333333 0.6393229166666666 0.3059895833333333 0.63671875 0.3098958333333333 0.6393229166666666
3 0.48281250000000003 0.30555555598958334 0.48125 0.2930555559895833 0.4765625 0.2930555559895833 0.47812499999999997 0.30972222265625 0.48281250000000003 0.30555555598958334
3 0.56640625 0.24722222265625002 0.56484375 0.23888888932291666 0.55859375 0.24722222265625002 0.5609375 0.2625 0.56640625 0.24722222265625002
3 0.35312499999999997 0.7333333333333334 0.35390625000000003 0.73472222265625 0.35625 0.73472222265625 0.35781250000000003 0.7263888893229167 0.35781250000000003 0.7166666666666667 0.36171875000000003 0.7055555559895833 0.3625 0.7055555559895833 0.3640625 0.70277777734375 0.3640625 0.7013888893229167 0.3625 0.7013888893229167 0.35312499999999997 0.70277777734375 0.35234375 0.7055555559895833 0.35312499999999997 0.7333333333333334