1 0.59765625 0.39027777734375 0.59765625 0.38472222265624995 0.5968749999999999 0.3833333333333333 0.5945312500000001 0.3833333333333333 0.59375 0.38472222265624995 0.59375 0.39166666666666666 0.5953125 0.39305555598958336 0.59765625 0.39027777734375
0 0 0.4283854166666667 0.08333333333333333 0.4309895833333333 0.09895833333333333 0.4361979166666667 0.11588541666666667 0.4544270833333333 0.12760416666666666 0.4765625 0.13411458333333334 0.49609375 0.13802083333333334 0.52734375 0.13671875 0.5651041666666666 0.13020833333333334 0.59375 0.11979166666666667 0.6158854166666666 0.10677083333333333 0.6328125 0.09244791666666667 0.6419270833333334 0.08203125 0.64453125 0 0.6419270833333334 0 0.63671875 0.07552083333333333 0.6393229166666666 0.08854166666666667 0.6380208333333334 0.09895833333333333 0.6328125 0.11588541666666667 0.61328125 0.125 0.5950520833333334 0.13151041666666666 0.57421875 0.13541666666666666 0.5455729166666666 0.13411458333333334 0.5169270833333334 0.12760416666666666 0.4869791666666667 0.11197916666666667 0.4557291666666667 0.10286458333333333 0.4466145833333333 0.09505208333333333 0.44140625 0.08463541666666667 0.4388020833333333 0.08333333333333333 0.4361979166666667 0.0078125 0.4348958333333333 0 0.43359375 0 0.4296875
0 0.9440104166666666 0.4622395833333333 0.9661458333333334 0.4635416666666667 0.9674479166666666 0.4674479166666667 0.9622395833333334 0.46875 0.85546875 0.46484375 0.8450520833333334 0.4674479166666667 0.8346354166666666 0.4739583333333333 0.8190104166666666 0.4921875 0.8072916666666666 0.5208333333333334 0.8020833333333334 0.55078125 0.8033854166666666 0.59375 0.8151041666666666 0.6315104166666666 0.8268229166666666 0.6497395833333334 0.84375 0.6627604166666666 0.8580729166666666 0.6666666666666666 0.890625 0.6666666666666666 0.8919270833333334 0.6692708333333334 0.9322916666666666 0.6692708333333334 0.9635416666666666 0.671875 0.9635416666666666 0.67578125 0.8697916666666666 0.6731770833333334 0.8515625 0.671875 0.84375 0.6692708333333334 0.83203125 0.6614583333333334 0.8190104166666666 0.6471354166666666 0.80859375 0.6263020833333334 0.80078125 0.5963541666666666 0.7994791666666666 0.5520833333333334 0.8046875 0.5169270833333334 0.8125 0.49609375 0.828125 0.47265625 0.8489583333333334 0.4609375 0.9427083333333334 0.4622395833333333
2 0.4739583333333333 0.13671875 0.4739583333333333 0.4127604166666667 0.4713541666666667 0.4622395833333333 0.4713541666666667 0.6484375 0.4661458333333333 0.96484375 0.4635416666666667 0.96484375 0.4635416666666667 0.8828125 0.46484375 0.76171875 0.4674479166666667 0.7239583333333334 0.47265625 0.13802083333333334
3 0.8151041666666666 0.4036458333333333 0.8229166666666666 0.4036458333333333 0.828125 0.4088541666666667 0.8229166666666666 0.4231770833333333 0.81640625 0.4244791666666667 0.8151041666666666 0.41015625 0.8125 0.4075520833333333 0.8138020833333334 0.4049479166666667
3 0.6471354166666666 0.44921875 0.6471354166666666 0.4596354166666667 0.6497395833333334 0.46484375 0.6471354166666666 0.4700520833333333 0.640625 0.4700520833333333 0.6393229166666666 0.46484375 0.6393229166666666 0.4557291666666667 0.6458333333333334 0.44921875
3 0.7877604166666666 0.67578125 0.79296875 0.6783854166666666 0.80078125 0.67578125 0.8033854166666666 0.6796875 0.8033854166666666 0.6901041666666666 0.796875 0.6953125 0.79296875 0.6927083333333334 0.7877604166666666 0.6770833333333334
3 0.7213541666666666 0.4127604166666667 0.7252604166666666 0.4166666666666667 0.7252604166666666 0.4322916666666667 0.7213541666666666 0.4388020833333333 0.7135416666666666 0.4388020833333333 0.7122395833333334 0.4270833333333333 0.7122395833333334 0.421875 0.7200520833333334 0.4140625
3 0.7174479166666666 0.6263020833333334 0.7135416666666666 0.6158854166666666 0.7135416666666666 0.61328125 0.7174479166666666 0.6106770833333334 0.7239583333333334 0.6106770833333334 0.7265625 0.6145833333333334 0.7239583333333334 0.6263020833333334 0.71875 0.6263020833333334
3 0.5533854166666666 0.3802083333333333 0.5533854166666666 0.3997395833333333 0.5494791666666666 0.3997395833333333 0.546875 0.3971354166666667 0.546875 0.3815104166666667 0.5494791666666666 0.37890625 0.5520833333333334 0.3802083333333333
3 0.19661458333333334 0.4635416666666667 0.19921875 0.4635416666666667 0.203125 0.4700520833333333 0.20963541666666666 0.4700520833333333 0.21354166666666666 0.47265625 0.20963541666666666 0.4817708333333333 0.20963541666666666 0.4934895833333333 0.21354166666666666 0.5026041666666666 0.20963541666666666 0.5052083333333334 0.20703125 0.50390625 0.20572916666666666 0.4908854166666667 0.20182291666666666 0.4817708333333333 0.1953125 0.48046875 0.19661458333333334 0.46484375
3 0.671875 0.7291666666666666 0.6809895833333334 0.7369791666666666 0.6822916666666666 0.7408854166666666 0.6796875 0.7447916666666666 0.671875 0.7434895833333334 0.671875 0.73046875
3 0.42578125 0.2421875 0.4283854166666667 0.2421875 0.4309895833333333 0.24609375 0.4309895833333333 0.2578125 0.42578125 0.2591145833333333 0.42578125 0.24348958333333334
3 0.8919270833333334 0.53515625 0.8971354166666666 0.5416666666666666 0.8971354166666666 0.5494791666666666 0.8932291666666666 0.5546875 0.8893229166666666 0.5559895833333334 0.87890625 0.5481770833333334 0.8776041666666666 0.5416666666666666 0.8841145833333334 0.5403645833333334 0.890625 0.53515625
3 0.6953125 0.4231770833333333 0.7005208333333334 0.4205729166666667 0.7044270833333334 0.4244791666666667 0.7005208333333334 0.4361979166666667 0.6940104166666666 0.4348958333333333 0.6953125 0.4244791666666667
3 0.68515625 0.8875000000000001 0.6890625 0.9166666666666666 0.6945312499999999 0.89027777734375 0.69296875 0.8861111106770833 0.68515625 0.8875000000000001