1 0.83828125 0.9208333333333334 0.8429687499999999 0.9180555559895834 0.8406250000000001 0.9111111106770834 0.83828125 0.9208333333333334
0 0.14322916666666666 0.52734375 0.14583333333333334 0.5390625 0.13802083333333334 0.5872395833333334 0.13020833333333334 0.6028645833333334 0.13020833333333334 0.6067708333333334 0.11588541666666667 0.6236979166666666 0.11588541666666667 0.6263020833333334 0.10807291666666667 0.6328125 0.09765625 0.6380208333333334 0.08854166666666667 0.6393229166666666 0 0.63671875 0 0.6315104166666666 0.09244791666666667 0.6341145833333334 0.10286458333333333 0.6302083333333334 0.11979166666666667 0.61328125 0.13151041666666666 0.5924479166666666 0.13932291666666666 0.5677083333333334 0.14322916666666666 0.5286458333333334
0 0.8528645833333334 0.4583333333333333 0.9127604166666666 0.4583333333333333 0.9140625 0.4609375 0.9518229166666666 0.4609375 0.97265625 0.4635416666666667 0.9700520833333334 0.4674479166666667 0.8580729166666666 0.4635416666666667 0.8424479166666666 0.4700520833333333 0.83203125 0.4791666666666667 0.8268229166666666 0.4869791666666667 0.8190104166666666 0.5 0.8177083333333334 0.5078125 0.8111979166666666 0.5208333333333334 0.8072916666666666 0.5403645833333334 0.8072916666666666 0.5872395833333334 0.8190104166666666 0.6276041666666666 0.8346354166666666 0.6510416666666666 0.8489583333333334 0.6614583333333334 0.8489583333333334 0.6640625 0.84375 0.6640625 0.828125 0.6510416666666666 0.8268229166666666 0.6458333333333334 0.81640625 0.6315104166666666 0.8111979166666666 0.6119791666666666 0.80859375 0.609375 0.8046875 0.5859375 0.8046875 0.5442708333333334 0.80859375 0.51953125 0.81640625 0.49609375 0.828125 0.4765625 0.8359375 0.46875 0.8528645833333334 0.4596354166666667
2 0.4778645833333333 0.13671875 0.48046875 0.13671875 0.4817708333333333 0.15625 0.4791666666666667 0.20572916666666666 0.4778645833333333 0.5533854166666666 0.4739583333333333 0.6953125 0.4739583333333333 0.8697916666666666 0.4713541666666667 0.8736979166666666 0.4713541666666667 0.9609375 0.46875 0.9609375 0.4778645833333333 0.13802083333333334
3 0.91796875 0.63671875 0.9322916666666666 0.63671875 0.9375 0.640625 0.9361979166666666 0.6497395833333334 0.9283854166666666 0.65234375 0.921875 0.6484375 0.91796875 0.6380208333333334
3 0.66015625 0.6158854166666666 0.671875 0.6119791666666666 0.6744791666666666 0.6158854166666666 0.671875 0.6302083333333334 0.6640625 0.6276041666666666 0.6614583333333334 0.6171875
3 0.6783854166666666 0.5768229166666666 0.6744791666666666 0.5625 0.6705729166666666 0.5572916666666666 0.6705729166666666 0.55078125 0.6744791666666666 0.5455729166666666 0.6809895833333334 0.5455729166666666 0.68359375 0.5494791666666666 0.6822916666666666 0.5690104166666666 0.6783854166666666 0.5716145833333334 0.6783854166666666 0.5755208333333334
3 0.8528645833333334 0.6315104166666666 0.8645833333333334 0.6484375 0.86328125 0.6549479166666666 0.8528645833333334 0.6614583333333334 0.8489583333333334 0.63671875 0.8489583333333334 0.6328125 0.8515625 0.6315104166666666
3 0.65625 0.796875 0.6640625 0.7903645833333334 0.6653645833333334 0.7955729166666666 0.6705729166666666 0.7994791666666666 0.6705729166666666 0.81640625 0.66796875 0.8177083333333334 0.6627604166666666 0.8138020833333334 0.66015625 0.8059895833333334 0.65625 0.8020833333333334 0.65625 0.7981770833333334
3 0.3932291666666667 0.7161458333333334 0.4010416666666667 0.7161458333333334 0.4010416666666667 0.7265625 0.3984375 0.7330729166666666 0.39453125 0.7317708333333334 0.3932291666666667 0.7174479166666666
3 0.7858072916666666 0.375 0.018229166666666668 0.022135416666666668
3 0.81640625 0.7864583333333334 0.8216145833333334 0.7838541666666666 0.82421875 0.7903645833333334 0.8307291666666666 0.7903645833333334 0.8346354166666666 0.7942708333333334 0.8346354166666666 0.8046875 0.8307291666666666 0.80859375 0.8294270833333334 0.8138020833333334 0.82421875 0.8177083333333334 0.8203125 0.80859375 0.8177083333333334 0.7877604166666666
3 0.3411458333333333 0.2591145833333333 0.3463541666666667 0.2747395833333333 0.3450520833333333 0.2786458333333333 0.3411458333333333 0.2786458333333333 0.3359375 0.26953125 0.3359375 0.2604166666666667 0.33984375 0.2591145833333333
3 0.54296875 0.4622395833333333 0.5481770833333334 0.4674479166666667 0.5455729166666666 0.48828125 0.5403645833333334 0.48828125 0.5338541666666666 0.4765625 0.53515625 0.46875 0.5416666666666666 0.4635416666666667
3 0.12913984375 0.48052500000000004 0.1281828125 0.4872 0.129778125 0.49785416666666665 0.13652343749999998 0.4947763893229167 0.1402609375 0.5053027773437501 0.14527421875 0.5002833333333333 0.14345078125 0.49607222265625 0.15074296875 0.4891083333333333 0.14919374999999999 0.48522222265625 0.1386203125 0.48489861067708334 0.1332421875 0.47922916666666665 0.12913984375 0.48052500000000004
3 0.52130078125 0.81792222265625 0.5254023437500001 0.8266680559895834 0.5290484375 0.8284486106770833 0.53160078125 0.8245625 0.5315093750000001 0.8182472226562499 0.529321875 0.8193805559895834 0.5290484375 0.8099875 0.527134375 0.8088541666666668 0.5209359375 0.8129166666666667 0.52130078125 0.81792222265625