1 0.31093750000000003 0.4805555559895833 0.3125 0.47777777734375 0.3125 0.4763888893229167 0.31093750000000003 0.47222222265625 0.309375 0.47222222265625 0.3078125 0.47500000000000003 0.3078125 0.4763888893229167 0.31015624999999997 0.4805555559895833 0.31093750000000003 0.4805555559895833
0 0 0.4140625 0.09114583333333333 0.4166666666666667 0.09244791666666667 0.4192708333333333 0.10416666666666667 0.421875 0.11458333333333333 0.4283854166666667 0.13411458333333334 0.45703125 0.14192708333333334 0.4817708333333333 0.14713541666666666 0.5182291666666666 0.14583333333333334 0.546875 0.13541666666666666 0.5885416666666666 0.12239583333333333 0.6106770833333334 0.10286458333333333 0.6276041666666666 0.09635416666666667 0.6302083333333334 0 0.6276041666666666 0 0.62109375 0.0625 0.6236979166666666 0.09505208333333333 0.6236979166666666 0.10286458333333333 0.62109375 0.11588541666666667 0.6106770833333334 0.13151041666666666 0.5872395833333334 0.140625 0.5559895833333334 0.14322916666666666 0.5377604166666666 0.14322916666666666 0.5065104166666666 0.13671875 0.4752604166666667 0.12760416666666666 0.453125 0.11067708333333333 0.4322916666666667 0.09244791666666667 0.4231770833333333 0 0.4205729166666667 0 0.4153645833333333
0 0.8932291666666666 0.4466145833333333 0.9205729166666666 0.44921875 0.9661458333333334 0.44921875 0.9739583333333334 0.4505208333333333 0.9752604166666666 0.4544270833333333 0.94921875 0.4557291666666667 0.8580729166666666 0.4518229166666667 0.83984375 0.4635416666666667 0.8294270833333334 0.4752604166666667 0.8190104166666666 0.4947916666666667 0.8098958333333334 0.5299479166666666 0.8098958333333334 0.57421875 0.8190104166666666 0.6106770833333334 0.8346354166666666 0.63671875 0.8515625 0.6510416666666666 0.859375 0.6536458333333334 0.96875 0.6575520833333334 0.9713541666666666 0.6588541666666666 0.9713541666666666 0.6614583333333334 0.9661458333333334 0.6627604166666666 0.875 0.66015625 0.85546875 0.6575520833333334 0.8372395833333334 0.6471354166666666 0.828125 0.63671875 0.81640625 0.6158854166666666 0.8072916666666666 0.578125 0.8072916666666666 0.5286458333333334 0.81640625 0.4908854166666667 0.828125 0.46875 0.83984375 0.4557291666666667 0.84765625 0.4505208333333333 0.859375 0.4466145833333333 0.8919270833333334 0.4466145833333333
2 0.4765625 0.2890625 0.4791666666666667 0.2903645833333333 0.4791666666666667 0.2942708333333333 0.4817708333333333 0.296875 0.4817708333333333 0.3033854166666667 0.4791666666666667 0.3463541666666667 0.48046875 0.4088541666666667 0.4739583333333333 0.94921875 0.4713541666666667 0.94921875 0.4700520833333333 0.9466145833333334 0.4739583333333333 0.7122395833333334 0.47265625 0.6302083333333334 0.4752604166666667 0.6015625 0.4765625 0.49609375 0.4765625 0.2903645833333333
3 0.4140625 0.21028645833333334 0.011067708333333334 0.0234375
3 0.57421875 0.5013020833333334 0.57421875 0.4856770833333333 0.5794270833333334 0.4817708333333333 0.5833333333333334 0.4817708333333333 0.5846354166666666 0.4934895833333333 0.58203125 0.5013020833333334 0.5755208333333334 0.5013020833333334
3 0.48046875 0.2526041666666667 0.4856770833333333 0.26171875 0.484375 0.2721354166666667 0.48046875 0.2747395833333333 0.4752604166666667 0.2669270833333333 0.4765625 0.2565104166666667 0.4791666666666667 0.25390625
3 0.5078125 0.5872395833333334 0.51171875 0.59375 0.5091145833333334 0.60546875 0.5052083333333334 0.60546875 0.50390625 0.6015625 0.50390625 0.58984375 0.5065104166666666 0.5885416666666666
3 0.3736979166666667 0.4244791666666667 0.375 0.4309895833333333 0.3723958333333333 0.4466145833333333 0.3697916666666667 0.44921875 0.3671875 0.4479166666666667 0.36328125 0.44140625 0.36328125 0.4309895833333333 0.3658854166666667 0.4270833333333333 0.3723958333333333 0.42578125
3 0.4518229166666667 0.3684895833333333 0.4544270833333333 0.3684895833333333 0.4583333333333333 0.375 0.4583333333333333 0.3854166666666667 0.453125 0.3880208333333333 0.44921875 0.3841145833333333 0.44921875 0.375 0.4518229166666667 0.3697916666666667
3 0.21744791666666666 0.6354166666666666 0.22786458333333334 0.6354166666666666 0.22786458333333334 0.65234375 0.22395833333333334 0.6497395833333334 0.21875 0.6510416666666666 0.21484375 0.6471354166666666 0.21484375 0.6393229166666666 0.21744791666666666 0.63671875
3 0.3515625 0.5625 0.3580729166666667 0.5611979166666666 0.3606770833333333 0.5651041666666666 0.3606770833333333 0.57421875 0.35546875 0.5768229166666666 0.34765625 0.57421875 0.34765625 0.5677083333333334 0.3515625 0.5638020833333334
3 0.4361979166666667 0.7291666666666666 0.4401041666666667 0.734375 0.4401041666666667 0.74609375 0.4388020833333333 0.7486979166666666 0.4361979166666667 0.7486979166666666 0.4322916666666667 0.7447916666666666 0.4322916666666667 0.7356770833333334 0.4361979166666667 0.73046875
3 0.265625 0.3958333333333333 0.2682291666666667 0.3958333333333333 0.26953125 0.4010416666666667 0.26953125 0.4088541666666667 0.265625 0.41796875 0.2643229166666667 0.4127604166666667 0.2578125 0.40625 0.2578125 0.4010416666666667 0.265625 0.3971354166666667
3 0.390625 0.83203125 0.390625 0.85546875 0.38671875 0.8567708333333334 0.3815104166666667 0.8463541666666666 0.3828125 0.8411458333333334 0.3893229166666667 0.8359375 0.3893229166666667 0.8333333333333334
3 0.409375 0.49722222265625 0.40468750000000003 0.4916666666666667 0.39765625 0.49583333333333335 0.39765625 0.50972222265625 0.40390624999999997 0.5180555559895833 0.40781249999999997 0.5166666666666667 0.409375 0.49722222265625