1 0.45156250000000003 0.29861111067708335 0.45234375 0.2930555559895833 0.44921875 0.2888888893229167 0.4484375 0.29027777734375 0.4484375 0.29861111067708335 0.45 0.3 0.45156250000000003 0.29861111067708335
0 0 0.4166666666666667 0.036458333333333336 0.4166666666666667 0.037760416666666664 0.4192708333333333 0.09244791666666667 0.4205729166666667 0.109375 0.4283854166666667 0.12630208333333334 0.4479166666666667 0.13411458333333334 0.4635416666666667 0.14192708333333334 0.48828125 0.14583333333333334 0.5234375 0.14322916666666666 0.5638020833333334 0.13411458333333334 0.59375 0.12239583333333333 0.61328125 0.11067708333333333 0.6263020833333334 0.09505208333333333 0.6341145833333334 0 0.6315104166666666 0 0.625 0.014322916666666666 0.625 0.015625 0.6276041666666666 0.09244791666666667 0.62890625 0.10677083333333333 0.62109375 0.12109375 0.6067708333333334 0.13151041666666666 0.5885416666666666 0.1328125 0.5794270833333334 0.13932291666666666 0.5651041666666666 0.14192708333333334 0.5364583333333334 0.140625 0.50390625 0.13541666666666666 0.4778645833333333 0.12369791666666667 0.4518229166666667 0.10677083333333333 0.4322916666666667 0.09114583333333333 0.42578125 0 0.4231770833333333 0 0.41796875
0 0.9036458333333334 0.4505208333333333 0.9713541666666666 0.453125 0.9778645833333334 0.4544270833333333 0.9791666666666666 0.4596354166666667 0.9375 0.4596354166666667 0.9361979166666666 0.45703125 0.9114583333333334 0.4596354166666667 0.91015625 0.45703125 0.86328125 0.4557291666666667 0.8580729166666666 0.45703125 0.84375 0.4674479166666667 0.8333333333333334 0.4791666666666667 0.8229166666666666 0.4986979166666667 0.8138020833333334 0.53515625 0.8138020833333334 0.578125 0.8229166666666666 0.6145833333333334 0.8346354166666666 0.63671875 0.84765625 0.6510416666666666 0.8580729166666666 0.65625 0.8919270833333334 0.66015625 0.9765625 0.6627604166666666 0.9765625 0.66796875 0.8658854166666666 0.6640625 0.85546875 0.6614583333333334 0.84375 0.6549479166666666 0.8359375 0.6471354166666666 0.82421875 0.62890625 0.82421875 0.625 0.81640625 0.609375 0.8125 0.5924479166666666 0.8098958333333334 0.5481770833333334 0.8151041666666666 0.5104166666666666 0.828125 0.4791666666666667 0.8489583333333334 0.4557291666666667 0.8567708333333334 0.4518229166666667 0.90234375 0.4505208333333333
2 0.4778645833333333 0.56640625 0.4791666666666667 0.6627604166666666 0.4739583333333333 0.95703125 0.4713541666666667 0.9348958333333334 0.4765625 0.5677083333333334
3 0.609375 0.6966145833333334 0.6145833333333334 0.703125 0.61328125 0.7174479166666666 0.6106770833333334 0.7174479166666666 0.60546875 0.7122395833333334 0.6041666666666666 0.6966145833333334 0.6080729166666666 0.6966145833333334
3 0.4674479166666667 0.5247395833333334 0.4739583333333333 0.5260416666666666 0.4765625 0.53515625 0.4739583333333333 0.5494791666666666 0.4700520833333333 0.5494791666666666 0.46484375 0.54296875 0.4635416666666667 0.5364583333333334 0.4635416666666667 0.5299479166666666 0.4674479166666667 0.5260416666666666
3 0.578125 0.421875 0.5807291666666666 0.4244791666666667 0.5794270833333334 0.4453125 0.57421875 0.4466145833333333 0.5690104166666666 0.4388020833333333 0.5690104166666666 0.4322916666666667 0.5768229166666666 0.4231770833333333
3 0.5221354166666666 0.19010416666666666 0.5260416666666666 0.19010416666666666 0.5286458333333334 0.1953125 0.5286458333333334 0.2109375 0.5234375 0.21354166666666666 0.5221354166666666 0.19140625
3 0.48046875 0.390625 0.4856770833333333 0.3932291666666667 0.4895833333333333 0.4010416666666667 0.484375 0.41015625 0.4791666666666667 0.41015625 0.4765625 0.4075520833333333 0.4765625 0.3984375 0.48046875 0.3919270833333333
3 0.2799479166666667 0.7434895833333334 0.2708333333333333 0.7369791666666666 0.2721354166666667 0.7291666666666666 0.27734375 0.7200520833333334 0.2799479166666667 0.71875 0.2799479166666667 0.7278645833333334 0.2825520833333333 0.734375 0.28125 0.7421875
3 0.3932291666666667 0.5338541666666666 0.3971354166666667 0.5338541666666666 0.3997395833333333 0.5377604166666666 0.3997395833333333 0.546875 0.39453125 0.5481770833333334 0.390625 0.54296875 0.390625 0.5377604166666666 0.3932291666666667 0.53515625
3 0.43359375 0.6119791666666666 0.4375 0.6119791666666666 0.44140625 0.6197916666666666 0.4401041666666667 0.6263020833333334 0.4361979166666667 0.6276041666666666 0.4322916666666667 0.6197916666666666 0.43359375 0.61328125
3 0.15104166666666666 0.55078125 0.15494791666666666 0.55078125 0.16666666666666666 0.5572916666666666 0.1640625 0.5651041666666666 0.15104166666666666 0.5677083333333334 0.1484375 0.5651041666666666 0.1484375 0.5559895833333334 0.15104166666666666 0.5520833333333334
3 0.35625 0.27222222265625 0.35859375 0.26527777734374997 0.36015625 0.25416666666666665 0.359375 0.25138888932291664 0.35546875 0.25138888932291664 0.35312499999999997 0.25555555598958335 0.35234375 0.25972222265625 0.35234375 0.26666666666666666 0.35390625000000003 0.2708333333333333 0.35625 0.27222222265625
3 0.49782968749999995 0.75485277734375 0.49993593750000004 0.7752958333333333 0.5108015625 0.7648833333333332 0.5033546875 0.75078472265625 0.49782968749999995 0.75485277734375
3 0.44816875 0.7783319440104166 0.44426171875 0.7954694440104166 0.45048828125 0.7969875000000001 0.45512812500000005 0.7887444440104167 0.44816875 0.7783319440104166