1 0.7273437500000001 0.775 0.728125 0.7763888893229166 0.7312500000000001 0.7763888893229166 0.73203125 0.775 0.7328125 0.7708333333333334 0.73203125 0.7680555559895833 0.73046875 0.7680555559895833 0.728125 0.7708333333333334 0.7273437500000001 0.775
0 0.9609375 0.4114583333333333 0.9986979166666666 0.4114583333333333 0.9986979166666666 0.41796875 0.9192708333333334 0.4192708333333333 0.9088541666666666 0.421875 0.890625 0.43359375 0.87890625 0.4518229166666667 0.8697916666666666 0.4739583333333333 0.8645833333333334 0.5 0.86328125 0.5325520833333334 0.8658854166666666 0.5520833333333334 0.8763020833333334 0.5846354166666666 0.8893229166666666 0.60546875 0.8997395833333334 0.6158854166666666 0.9140625 0.6223958333333334 0.9986979166666666 0.6197916666666666 0.9986979166666666 0.6263020833333334 0.9622395833333334 0.6276041666666666 0.9114583333333334 0.6276041666666666 0.8919270833333334 0.6158854166666666 0.8828125 0.60546875 0.8684895833333334 0.5768229166666666 0.8619791666666666 0.5481770833333334 0.8606770833333334 0.5299479166666666 0.8645833333333334 0.4791666666666667 0.8723958333333334 0.4557291666666667 0.8828125 0.4401041666666667 0.8841145833333334 0.4348958333333333 0.8958333333333334 0.4231770833333333 0.9114583333333334 0.4140625 0.9596354166666666 0.4114583333333333
0 0.15494791666666666 0.4479166666666667 0.17057291666666666 0.4583333333333333 0.17057291666666666 0.4609375 0.18098958333333334 0.4739583333333333 0.19010416666666666 0.4934895833333333 0.1953125 0.5143229166666666 0.1953125 0.5247395833333334 0.19791666666666666 0.5299479166666666 0.19791666666666666 0.5729166666666666 0.1953125 0.58984375 0.18229166666666666 0.6263020833333334 0.1640625 0.6484375 0.14713541666666666 0.65625 0.040364583333333336 0.6614583333333334 0.03515625 0.6614583333333334 0.032552083333333336 0.6575520833333334 0.03515625 0.65625 0.14713541666666666 0.6510416666666666 0.16276041666666666 0.6419270833333334 0.17708333333333334 0.6263020833333334 0.1875 0.60546875 0.1953125 0.5677083333333334 0.19270833333333334 0.55859375 0.1953125 0.5533854166666666 0.1953125 0.5390625 0.19140625 0.5104166666666666 0.18359375 0.4869791666666667 0.171875 0.4674479166666667 0.15494791666666666 0.453125 0.1484375 0.4505208333333333 0.03125 0.453125 0.029947916666666668 0.4505208333333333 0.033854166666666664 0.4479166666666667 0.10286458333333333 0.4453125 0.1484375 0.4453125 0.15364583333333334 0.4479166666666667
2 0.5247395833333334 0.12109375 0.52734375 0.19270833333333334 0.5260416666666666 0.23958333333333334 0.5286458333333334 0.3216145833333333 0.52734375 0.3984375 0.5299479166666666 0.453125 0.53125 0.7526041666666666 0.53515625 0.8697916666666666 0.53515625 0.9479166666666666 0.5325520833333334 0.94921875 0.53125 0.9466145833333334 0.53125 0.83984375 0.5286458333333334 0.7721354166666666 0.5260416666666666 0.5026041666666666 0.52734375 0.46484375 0.5247395833333334 0.45703125 0.5247395833333334 0.12239583333333333
3 0.4915364583333333 0.3411458333333333 0.0078125 0.0234375
3 0.5559895833333334 0.2838541666666667 0.5625 0.2903645833333333 0.5611979166666666 0.3072916666666667 0.5572916666666666 0.3111979166666667 0.5520833333333334 0.3111979166666667 0.5494791666666666 0.3033854166666667 0.5494791666666666 0.2916666666666667 0.5546875 0.28515625
3 0.5078125 0.6809895833333334 0.5143229166666666 0.6796875 0.5182291666666666 0.68359375 0.5182291666666666 0.6901041666666666 0.5143229166666666 0.6979166666666666 0.51171875 0.6979166666666666 0.5091145833333334 0.6966145833333334 0.5065104166666666 0.6848958333333334 0.5078125 0.6822916666666666
3 0.7623697916666666 0.8372395833333334 0.018229166666666668 0.01953125
3 0.5494791666666666 0.8684895833333334 0.55078125 0.8893229166666666 0.54296875 0.90234375 0.5403645833333334 0.8971354166666666 0.5403645833333334 0.8802083333333334 0.5442708333333334 0.87109375 0.5481770833333334 0.8684895833333334
3 0.80859375 0.5377604166666666 0.8111979166666666 0.5390625 0.8138020833333334 0.546875 0.8098958333333334 0.5520833333333334 0.8033854166666666 0.5546875 0.7981770833333334 0.5533854166666666 0.7942708333333334 0.53515625 0.8072916666666666 0.5377604166666666
3 0.6041666666666666 0.72265625 0.6080729166666666 0.7369791666666666 0.6080729166666666 0.7421875 0.60546875 0.74609375 0.6028645833333334 0.74609375 0.5989583333333334 0.7395833333333334 0.6028645833333334 0.7239583333333334
3 0.7721354166666666 0.20182291666666666 0.7734375 0.2109375 0.7643229166666666 0.23046875 0.7604166666666666 0.22526041666666666 0.7604166666666666 0.22005208333333334 0.7669270833333334 0.203125 0.7708333333333334 0.20182291666666666
3 0.7669270833333334 0.44921875 0.7669270833333334 0.43359375 0.7708333333333334 0.40625 0.78125 0.4075520833333333 0.7838541666666666 0.41015625 0.7838541666666666 0.4140625 0.77734375 0.4231770833333333 0.7734375 0.4322916666666667 0.7721354166666666 0.4427083333333333 0.7682291666666666 0.44921875
3 0.921875 0.5104166666666666 0.9361979166666666 0.5169270833333334 0.9348958333333334 0.5286458333333334 0.9322916666666666 0.5260416666666666 0.92578125 0.5260416666666666 0.9205729166666666 0.53125 0.9192708333333334 0.52734375 0.921875 0.51171875
3 0.17708333333333334 0.53515625 0.18229166666666666 0.53515625 0.18619791666666666 0.5390625 0.1875 0.5442708333333334 0.19401041666666666 0.5494791666666666 0.19401041666666666 0.5533854166666666 0.19140625 0.5546875 0.17708333333333334 0.5533854166666666 0.17317708333333334 0.546875 0.17708333333333334 0.5364583333333334
3 0.4583333333333333 0.484375 0.4609375 0.4869791666666667 0.4583333333333333 0.4973958333333333 0.4596354166666667 0.5052083333333334 0.45703125 0.5065104166666666 0.4518229166666667 0.51953125 0.4505208333333333 0.4986979166666667 0.4479166666666667 0.49609375 0.4479166666666667 0.4908854166666667 0.453125 0.484375 0.45703125 0.484375