1 0.46953125 0.5194444440104167 0.46953125 0.51527777734375 0.46875 0.5138888893229167 0.46640624999999997 0.5138888893229167 0.465625 0.51527777734375 0.46484375 0.5180555559895833 0.46640624999999997 0.5208333333333334 0.46953125 0.5194444440104167
0 0 0.4244791666666667 0.09765625 0.4270833333333333 0.11067708333333333 0.4309895833333333 0.13411458333333334 0.4557291666666667 0.13411458333333334 0.4596354166666667 0.14192708333333334 0.4739583333333333 0.14322916666666666 0.4830729166666667 0.14583333333333334 0.4856770833333333 0.15104166666666666 0.5182291666666666 0.14973958333333334 0.5638020833333334 0.14322916666666666 0.5885416666666666 0.13020833333333334 0.6145833333333334 0.11588541666666667 0.6302083333333334 0.10286458333333333 0.63671875 0.04296875 0.63671875 0 0.6341145833333334 0 0.62890625 0.10026041666666667 0.6315104166666666 0.109375 0.6276041666666666 0.12760416666666666 0.609375 0.13541666666666666 0.5950520833333334 0.14322916666666666 0.57421875 0.14713541666666666 0.5546875 0.14713541666666666 0.51171875 0.14453125 0.5052083333333334 0.14322916666666666 0.4895833333333333 0.12890625 0.45703125 0.11458333333333333 0.44140625 0.10546875 0.4348958333333333 0.09505208333333333 0.4322916666666667 0 0.4309895833333333 0 0.42578125
0 0.8424479166666666 0.4583333333333333 0.85546875 0.453125 0.9713541666666666 0.4557291666666667 0.9713541666666666 0.4609375 0.9544270833333334 0.4622395833333333 0.8580729166666666 0.4596354166666667 0.84375 0.46484375 0.8294270833333334 0.4778645833333333 0.8177083333333334 0.4986979166666667 0.8111979166666666 0.5169270833333334 0.8072916666666666 0.5403645833333334 0.8072916666666666 0.5755208333333334 0.8138020833333334 0.6067708333333334 0.8229166666666666 0.625 0.8229166666666666 0.62890625 0.83984375 0.6497395833333334 0.8515625 0.65625 0.86328125 0.6588541666666666 0.9596354166666666 0.6614583333333334 0.9674479166666666 0.6627604166666666 0.9674479166666666 0.66796875 0.95703125 0.66796875 0.9557291666666666 0.6653645833333334 0.8984375 0.6653645833333334 0.85546875 0.6627604166666666 0.8424479166666666 0.6575520833333334 0.83203125 0.6497395833333334 0.8203125 0.6328125 0.8125 0.6158854166666666 0.8046875 0.5794270833333334 0.8046875 0.5403645833333334 0.8072916666666666 0.53125 0.8072916666666666 0.51953125 0.8151041666666666 0.4947916666666667 0.82421875 0.4765625 0.8424479166666666 0.4596354166666667
2 0.48046875 0.4700520833333333 0.4778645833333333 0.47265625 0.48046875 0.4934895833333333 0.4778645833333333 0.5768229166666666 0.4791666666666667 0.6380208333333334 0.4739583333333333 0.953125 0.4713541666666667 0.9518229166666666 0.4713541666666667 0.8723958333333334 0.4739583333333333 0.80078125 0.47265625 0.7760416666666666 0.4752604166666667 0.6979166666666666 0.4765625 0.4752604166666667 0.4791666666666667 0.4713541666666667
3 0.65625 0.5768229166666666 0.6614583333333334 0.5755208333333334 0.6640625 0.5794270833333334 0.6640625 0.59375 0.6614583333333334 0.59765625 0.65625 0.59375 0.65625 0.578125
3 0.51171875 0.7135416666666666 0.5143229166666666 0.7174479166666666 0.5130208333333334 0.7330729166666666 0.5091145833333334 0.7330729166666666 0.5078125 0.73046875 0.5078125 0.7200520833333334 0.5104166666666666 0.71484375
3 0.5364583333333334 0.2643229166666667 0.5403645833333334 0.2682291666666667 0.5403645833333334 0.2786458333333333 0.5364583333333334 0.2877604166666667 0.5338541666666666 0.2877604166666667 0.53125 0.2799479166666667 0.53125 0.265625 0.53515625 0.2643229166666667
3 0.5026041666666666 0.62109375 0.5052083333333334 0.6236979166666666 0.5052083333333334 0.63671875 0.5026041666666666 0.640625 0.5 0.640625 0.4973958333333333 0.6328125 0.4973958333333333 0.625 0.5013020833333334 0.62109375
3 0.5638020833333334 0.5481770833333334 0.5638020833333334 0.5755208333333334 0.5611979166666666 0.5768229166666666 0.55859375 0.5703125 0.55859375 0.5572916666666666 0.5625 0.5533854166666666 0.5625 0.5494791666666666
3 0.41796875 0.5872395833333334 0.421875 0.5859375 0.4244791666666667 0.5885416666666666 0.4231770833333333 0.6015625 0.4205729166666667 0.6015625 0.41796875 0.59765625 0.41796875 0.5885416666666666
3 0.3684895833333333 0.32421875 0.37109375 0.328125 0.3697916666666667 0.33984375 0.3658854166666667 0.33984375 0.359375 0.33203125 0.3619791666666667 0.3255208333333333 0.3671875 0.32421875
3 0.4010416666666667 0.7682291666666666 0.4075520833333333 0.7734375 0.4075520833333333 0.7838541666666666 0.4049479166666667 0.7864583333333334 0.4010416666666667 0.7864583333333334 0.3984375 0.7838541666666666 0.3971354166666667 0.7708333333333334 0.3997395833333333 0.76953125
3 0.4518229166666667 0.24088541666666666 0.4596354166666667 0.23958333333333334 0.4635416666666667 0.2526041666666667 0.4622395833333333 0.2578125 0.4583333333333333 0.2604166666666667 0.453125 0.2526041666666667 0.4518229166666667 0.2421875
3 0.5221354166666666 0.4733072916666667 0.007161458333333333 0.022135416666666668
3 0.43984375000000003 0.42222222265625 0.4421875 0.41111111067708334 0.43515624999999997 0.4055555559895833 0.43359375 0.41250000000000003 0.43984375000000003 0.42222222265625
3 0.484375 0.45972222265625 0.48125 0.44166666666666665 0.471875 0.4430555559895833 0.4734375 0.4611111106770833 0.484375 0.45972222265625