1 0.3796875 0.1805555559895833 0.37734375000000003 0.1805555559895833 0.37656249999999997 0.17916666666666667 0.37578125 0.18333333333333335 0.37656249999999997 0.1875 0.3796875 0.18611111067708333 0.3796875 0.1805555559895833
0 0 0.4205729166666667 0.08203125 0.4231770833333333 0.09895833333333333 0.42578125 0.11067708333333333 0.4322916666666667 0.12369791666666667 0.4479166666666667 0.13411458333333334 0.4661458333333333 0.14192708333333334 0.4921875 0.14583333333333334 0.5286458333333334 0.14453125 0.53515625 0.140625 0.53125 0.140625 0.5026041666666666 0.13151041666666666 0.4713541666666667 0.125 0.4609375 0.125 0.45703125 0.10677083333333333 0.4361979166666667 0.08984375 0.4296875 0.009114583333333334 0.4270833333333333 0 0.42578125 0 0.421875
0 0.8841145833333334 0.4557291666666667 0.9153645833333334 0.4583333333333333 0.9583333333333334 0.4583333333333333 0.9596354166666666 0.4609375 0.9778645833333334 0.4609375 0.98046875 0.4622395833333333 0.98046875 0.46484375 0.953125 0.4661458333333333 0.87109375 0.4622395833333333 0.8606770833333334 0.4635416666666667 0.8528645833333334 0.4674479166666667 0.8385416666666666 0.4791666666666667 0.8229166666666666 0.5065104166666666 0.8138020833333334 0.5455729166666666 0.8151041666666666 0.5924479166666666 0.8255208333333334 0.6263020833333334 0.8385416666666666 0.6471354166666666 0.84765625 0.65625 0.859375 0.6627604166666666 0.87890625 0.6653645833333334 0.8919270833333334 0.6640625 0.9166666666666666 0.6666666666666666 0.9505208333333334 0.6666666666666666 0.9518229166666666 0.6692708333333334 0.9752604166666666 0.6705729166666666 0.9778645833333334 0.671875 0.9765625 0.67578125 0.8736979166666666 0.671875 0.859375 0.6692708333333334 0.84375 0.66015625 0.8346354166666666 0.6510416666666666 0.82421875 0.6341145833333334 0.8151041666666666 0.6080729166666666 0.8111979166666666 0.5807291666666666 0.8111979166666666 0.5455729166666666 0.81640625 0.5143229166666666 0.828125 0.4856770833333333 0.8450520833333334 0.4661458333333333 0.859375 0.45703125 0.8828125 0.4557291666666667
2 0.4778645833333333 0.5169270833333334 0.4817708333333333 0.5390625 0.4791666666666667 0.59375 0.4778645833333333 0.7981770833333334 0.4739583333333333 0.9635416666666666 0.4713541666666667 0.93359375 0.4752604166666667 0.7825520833333334 0.4739583333333333 0.74609375 0.4778645833333333 0.5533854166666666 0.4765625 0.5182291666666666
3 0.3971354166666667 0.5377604166666666 0.3997395833333333 0.5403645833333334 0.4010416666666667 0.5546875 0.3971354166666667 0.5559895833333334 0.3932291666666667 0.55078125 0.3932291666666667 0.5416666666666666 0.3958333333333333 0.5390625
3 0.5234375 0.19401041666666666 0.5260416666666666 0.19401041666666666 0.5299479166666666 0.203125 0.5286458333333334 0.21484375 0.5260416666666666 0.21744791666666666 0.5234375 0.21614583333333334 0.5234375 0.1953125
3 0.4205729166666667 0.6015625 0.4244791666666667 0.6015625 0.4270833333333333 0.609375 0.4270833333333333 0.6145833333333334 0.4231770833333333 0.6184895833333334 0.4192708333333333 0.6184895833333334 0.41796875 0.609375 0.4205729166666667 0.6028645833333334
3 0.2578125 0.70703125 0.2604166666666667 0.70703125 0.2630208333333333 0.7252604166666666 0.25390625 0.7265625 0.2513020833333333 0.72265625 0.2526041666666667 0.7135416666666666 0.2578125 0.7083333333333334
3 0.48828125 0.7434895833333334 0.4908854166666667 0.7473958333333334 0.4908854166666667 0.765625 0.48828125 0.7669270833333334 0.484375 0.7630208333333334 0.4869791666666667 0.7447916666666666
3 0.4342447916666667 0.4029947916666667 0.008463541666666666 0.016927083333333332
3 0.48046875 0.4752604166666667 0.4856770833333333 0.4791666666666667 0.4869791666666667 0.4856770833333333 0.4856770833333333 0.5026041666666666 0.48046875 0.50390625 0.4765625 0.4986979166666667 0.4765625 0.4830729166666667 0.4791666666666667 0.4765625
3 0.3678385416666667 0.15299479166666666 0.01171875 0.022135416666666668
3 0.599609375 0.3704427083333333 0.010416666666666666 0.0234375
3 0.5924479166666666 0.6783854166666666 0.5989583333333334 0.6848958333333334 0.5963541666666666 0.69921875 0.5924479166666666 0.7005208333333334 0.5885416666666666 0.69140625 0.5911458333333334 0.6796875
3 0.4270833333333333 0.7408854166666666 0.4283854166666667 0.7526041666666666 0.4244791666666667 0.7630208333333334 0.41796875 0.7604166666666666 0.41796875 0.75 0.42578125 0.7408854166666666
3 0.13422187500000002 0.5249361106770833 0.12534140625 0.53955972265625 0.13126171875 0.5492583333333333 0.143471875 0.5518888893229167 0.14051171875 0.5341388893229166 0.13422187500000002 0.5249361106770833