1 0.48828125 0.5750000000000001 0.48984374999999997 0.5708333333333333 0.4875 0.5680555559895833 0.48828125 0.5750000000000001
0 0 0.4283854166666667 0.08854166666666667 0.4296875 0.10026041666666667 0.4309895833333333 0.11458333333333333 0.4375 0.12760416666666666 0.4518229166666667 0.13932291666666666 0.4739583333333333 0.14322916666666666 0.4908854166666667 0.14583333333333334 0.4934895833333333 0.14973958333333334 0.5182291666666666 0.14973958333333334 0.5546875 0.14192708333333334 0.5924479166666666 0.13020833333333334 0.6158854166666666 0.11458333333333333 0.6341145833333334 0.09895833333333333 0.640625 0 0.6380208333333334 0 0.6328125 0.09765625 0.6354166666666666 0.11067708333333333 0.6302083333333334 0.13151041666666666 0.60546875 0.13151041666666666 0.6015625 0.13932291666666666 0.5872395833333334 0.14713541666666666 0.5494791666666666 0.14713541666666666 0.5247395833333334 0.14322916666666666 0.4973958333333333 0.13541666666666666 0.4739583333333333 0.125 0.4557291666666667 0.11458333333333333 0.4453125 0.10546875 0.4401041666666667 0.09765625 0.4388020833333333 0.09635416666666667 0.4361979166666667 0.08854166666666667 0.4348958333333333 0.07682291666666667 0.4361979166666667 0 0.43359375 0 0.4296875
0 0.9479166666666666 0.4557291666666667 0.9700520833333334 0.45703125 0.9700520833333334 0.4635416666666667 0.8567708333333334 0.4609375 0.83984375 0.46875 0.8294270833333334 0.4791666666666667 0.8190104166666666 0.49609375 0.8111979166666666 0.5169270833333334 0.8072916666666666 0.5377604166666666 0.8072916666666666 0.5859375 0.8151041666666666 0.6145833333333334 0.8190104166666666 0.6236979166666666 0.8216145833333334 0.625 0.8229166666666666 0.6315104166666666 0.8346354166666666 0.6471354166666666 0.84375 0.6549479166666666 0.859375 0.66015625 0.96875 0.6640625 0.96875 0.6692708333333334 0.9127604166666666 0.66796875 0.9114583333333334 0.6653645833333334 0.90625 0.6653645833333334 0.9049479166666666 0.66796875 0.9036458333333334 0.6653645833333334 0.8619791666666666 0.6653645833333334 0.8489583333333334 0.6627604166666666 0.8411458333333334 0.6588541666666666 0.828125 0.6471354166666666 0.81640625 0.62890625 0.8046875 0.5885416666666666 0.8033854166666666 0.5481770833333334 0.8072916666666666 0.51953125 0.8151041666666666 0.49609375 0.82421875 0.4778645833333333 0.83203125 0.46875 0.8450520833333334 0.4583333333333333 0.8567708333333334 0.4544270833333333 0.9466145833333334 0.4557291666666667
2 0.4765625 0.4700520833333333 0.4791666666666667 0.484375 0.4791666666666667 0.5182291666666666 0.4739583333333333 0.8919270833333334 0.4752604166666667 0.94140625 0.4739583333333333 0.9557291666666666 0.4713541666666667 0.953125 0.4765625 0.4713541666666667
3 0.421875 0.7903645833333334 0.4244791666666667 0.7955729166666666 0.4231770833333333 0.8151041666666666 0.41796875 0.8151041666666666 0.4153645833333333 0.8072916666666666 0.4153645833333333 0.8020833333333334 0.421875 0.7916666666666666
3 0.57421875 0.5455729166666666 0.578125 0.5494791666666666 0.5768229166666666 0.5651041666666666 0.57421875 0.56640625 0.56640625 0.55859375 0.5729166666666666 0.546875
3 0.4296875 0.58203125 0.4348958333333333 0.5885416666666666 0.4348958333333333 0.5989583333333334 0.4309895833333333 0.6002604166666666 0.42578125 0.5963541666666666 0.4244791666666667 0.5924479166666666 0.4283854166666667 0.5833333333333334
3 0.5533854166666666 0.23697916666666666 0.5559895833333334 0.23958333333333334 0.5559895833333334 0.2565104166666667 0.5533854166666666 0.2591145833333333 0.55078125 0.2591145833333333 0.5494791666666666 0.2565104166666667 0.5520833333333334 0.23828125
3 0.4453125 0.3697916666666667 0.4466145833333333 0.3880208333333333 0.4427083333333333 0.3880208333333333 0.4401041666666667 0.3815104166666667 0.4401041666666667 0.3723958333333333 0.4440104166666667 0.3697916666666667
3 0.38671875 0.3333333333333333 0.3893229166666667 0.3333333333333333 0.3919270833333333 0.3385416666666667 0.3919270833333333 0.3489583333333333 0.3841145833333333 0.3489583333333333 0.3828125 0.3385416666666667 0.38671875 0.3346354166666667
3 0.5052083333333334 0.7317708333333334 0.5091145833333334 0.7330729166666666 0.5143229166666666 0.7395833333333334 0.5130208333333334 0.7513020833333334 0.5078125 0.75390625 0.5052083333333334 0.7473958333333334 0.5052083333333334 0.7330729166666666
3 0.5 0.6315104166666666 0.5065104166666666 0.63671875 0.5065104166666666 0.6497395833333334 0.5013020833333334 0.6536458333333334 0.4986979166666667 0.6497395833333334 0.5 0.6328125
3 0.4596354166666667 0.2421875 0.4622395833333333 0.24348958333333334 0.4622395833333333 0.2643229166666667 0.45703125 0.2643229166666667 0.453125 0.2513020833333333 0.453125 0.24348958333333334 0.4583333333333333 0.24348958333333334
3 0.7044270833333334 0.5924479166666666 0.7057291666666666 0.6067708333333334 0.703125 0.6119791666666666 0.6979166666666666 0.6119791666666666 0.6953125 0.609375 0.6953125 0.6028645833333334 0.69140625 0.5963541666666666 0.6927083333333334 0.59375 0.6966145833333334 0.5950520833333334 0.69921875 0.5924479166666666 0.703125 0.5924479166666666
3 0.54296875 0.4661458333333333 0.5403645833333334 0.4518229166666667 0.5403645833333334 0.4466145833333333 0.54296875 0.4427083333333333 0.5481770833333334 0.44921875 0.5481770833333334 0.4622395833333333 0.5442708333333334 0.4661458333333333
3 0.47500000000000003 0.44166666666666665 0.47109375000000003 0.44722222265624995 0.4734375 0.46388888932291666 0.48359375 0.46249999999999997 0.48046875 0.4430555559895833 0.47500000000000003 0.44166666666666665