1 0.376259375 0.15649444401041665 0.37756484375000005 0.15556666666666666 0.3788703125 0.15046388932291668 0.37756484375000005 0.14651944401041667 0.37573671875000003 0.1462875 0.37456171875000005 0.14791111067708332 0.374953125 0.15255138932291668 0.376259375 0.15649444401041665
0 0 0.4166666666666667 0.01953125 0.4166666666666667 0.020833333333333332 0.4192708333333333 0.08463541666666667 0.4205729166666667 0.09505208333333333 0.421875 0.10677083333333333 0.4270833333333333 0.11848958333333333 0.4375 0.13411458333333334 0.46484375 0.14192708333333334 0.4908854166666667 0.14583333333333334 0.5247395833333334 0.14453125 0.5338541666666666 0.140625 0.5299479166666666 0.13932291666666666 0.4934895833333333 0.13151041666666666 0.46875 0.12369791666666667 0.453125 0.11067708333333333 0.4361979166666667 0.09244791666666667 0.4270833333333333 0.010416666666666666 0.4244791666666667 0 0.4231770833333333 0 0.41796875
0 0.92578125 0.453125 0.98046875 0.4557291666666667 0.98046875 0.4622395833333333 0.8815104166666666 0.4596354166666667 0.8802083333333334 0.45703125 0.8658854166666666 0.45703125 0.8645833333333334 0.4596354166666667 0.8489583333333334 0.4661458333333333 0.8385416666666666 0.4752604166666667 0.8229166666666666 0.50390625 0.8151041666666666 0.53515625 0.8138020833333334 0.5677083333333334 0.8177083333333334 0.5963541666666666 0.8216145833333334 0.6041666666666666 0.8229166666666666 0.6145833333333334 0.8307291666666666 0.6315104166666666 0.8424479166666666 0.6471354166666666 0.8567708333333334 0.6575520833333334 0.8723958333333334 0.6614583333333334 0.9739583333333334 0.6640625 0.9778645833333334 0.6653645833333334 0.9778645833333334 0.6705729166666666 0.9010416666666666 0.66796875 0.8997395833333334 0.6653645833333334 0.8671875 0.6653645833333334 0.85546875 0.6627604166666666 0.8359375 0.6484375 0.82421875 0.62890625 0.81640625 0.6067708333333334 0.8111979166666666 0.5729166666666666 0.8125 0.5338541666666666 0.8203125 0.5 0.8346354166666666 0.47265625 0.8515625 0.45703125 0.859375 0.453125 0.9244791666666666 0.453125
2 0.4778645833333333 0.51171875 0.4817708333333333 0.5169270833333334 0.4765625 0.8072916666666666 0.4778645833333333 0.8802083333333334 0.4752604166666667 0.8841145833333334 0.4752604166666667 0.95703125 0.4739583333333333 0.9609375 0.47265625 0.9596354166666666 0.4713541666666667 0.9401041666666666 0.4752604166666667 0.7799479166666666 0.4739583333333333 0.7591145833333334 0.4778645833333333 0.5130208333333334
3 0.3971354166666667 0.53515625 0.3997395833333333 0.5364583333333334 0.4010416666666667 0.5416666666666666 0.4010416666666667 0.5533854166666666 0.3984375 0.5546875 0.3932291666666667 0.5455729166666666 0.3932291666666667 0.5403645833333334 0.3958333333333333 0.5364583333333334
3 0.5234375 0.19010416666666666 0.5260416666666666 0.19010416666666666 0.5286458333333334 0.1953125 0.5286458333333334 0.2109375 0.5234375 0.21354166666666666 0.5234375 0.19140625
3 0.423828125 0.6080729166666666 0.010416666666666666 0.01953125
3 0.2591145833333333 0.7044270833333334 0.2630208333333333 0.72265625 0.2565104166666667 0.7239583333333334 0.25 0.7174479166666666 0.2526041666666667 0.7083333333333334 0.2578125 0.7057291666666666
3 0.48828125 0.7421875 0.4934895833333333 0.7473958333333334 0.4947916666666667 0.7565104166666666 0.4947916666666667 0.7630208333333334 0.4908854166666667 0.765625 0.48828125 0.7630208333333334 0.48828125 0.7434895833333334
3 0.134765625 0.5416666666666666 0.014973958333333334 0.01953125
3 0.44921875 0.39453125 0.4518229166666667 0.4010416666666667 0.4505208333333333 0.4114583333333333 0.4466145833333333 0.41015625 0.44140625 0.4036458333333333 0.4453125 0.3958333333333333 0.4479166666666667 0.3958333333333333
3 0.48046875 0.4739583333333333 0.4856770833333333 0.4739583333333333 0.4895833333333333 0.484375 0.4869791666666667 0.4973958333333333 0.484375 0.5013020833333334 0.4830729166666667 0.4986979166666667 0.48046875 0.4986979166666667 0.48046875 0.4752604166666667
3 0.3658854166666667 0.13541666666666666 0.3763020833333333 0.14322916666666666 0.3763020833333333 0.15755208333333334 0.3697916666666667 0.16145833333333334 0.36328125 0.14713541666666666 0.3645833333333333 0.13671875
3 0.59375 0.3723958333333333 0.59765625 0.3645833333333333 0.6028645833333334 0.36328125 0.6028645833333334 0.3802083333333333 0.59765625 0.3815104166666667 0.5950520833333334 0.3736979166666667
3 0.5924479166666666 0.67578125 0.5989583333333334 0.6809895833333334 0.5989583333333334 0.6901041666666666 0.5950520833333334 0.6953125 0.5885416666666666 0.6861979166666666 0.5924479166666666 0.6770833333333334
3 0.4283854166666667 0.73828125 0.4309895833333333 0.7434895833333334 0.4296875 0.7552083333333334 0.42578125 0.7552083333333334 0.421875 0.7513020833333334 0.421875 0.74609375 0.4244791666666667 0.7395833333333334 0.4270833333333333 0.73828125