1 0.34038125 0.5298944440104166 0.33828671875 0.5322430559895833 0.33900625 0.5373361106770833 0.34156953125 0.537225 0.34344453125 0.5318930559895834 0.34038125 0.5298944440104166
0 0 0.4140625 0.09375 0.4166666666666667 0.09505208333333333 0.4192708333333333 0.10677083333333333 0.421875 0.12239583333333333 0.4348958333333333 0.13541666666666666 0.45703125 0.14192708333333334 0.4752604166666667 0.14713541666666666 0.50390625 0.14713541666666666 0.546875 0.14192708333333334 0.5729166666666666 0.13411458333333334 0.59375 0.12630208333333334 0.6067708333333334 0.11458333333333333 0.6197916666666666 0.09635416666666667 0.6302083333333334 0 0.6276041666666666 0 0.62109375 0.09505208333333333 0.6236979166666666 0.109375 0.6171875 0.12109375 0.60546875 0.13151041666666666 0.58984375 0.14322916666666666 0.5520833333333334 0.14453125 0.5338541666666666 0.14453125 0.5091145833333334 0.13932291666666666 0.4791666666666667 0.12760416666666666 0.4505208333333333 0.11458333333333333 0.43359375 0.09505208333333333 0.4231770833333333 0.006510416666666667 0.4205729166666667 0 0.4192708333333333 0 0.4153645833333333
0 0.9205729166666666 0.4479166666666667 0.9752604166666666 0.4505208333333333 0.9778645833333334 0.453125 0.9739583333333334 0.4557291666666667 0.86328125 0.4518229166666667 0.8515625 0.4557291666666667 0.8346354166666666 0.4700520833333333 0.8190104166666666 0.4986979166666667 0.8111979166666666 0.5325520833333334 0.8111979166666666 0.5755208333333334 0.8151041666666666 0.5950520833333334 0.8294270833333334 0.62890625 0.84765625 0.6484375 0.8528645833333334 0.6510416666666666 0.87109375 0.6549479166666666 0.9609375 0.6575520833333334 0.9739583333333334 0.66015625 0.9700520833333334 0.6627604166666666 0.9010416666666666 0.6614583333333334 0.85546875 0.6575520833333334 0.8424479166666666 0.6510416666666666 0.828125 0.6354166666666666 0.81640625 0.6106770833333334 0.8111979166666666 0.5924479166666666 0.8072916666666666 0.5638020833333334 0.80859375 0.53125 0.81640625 0.4947916666666667 0.828125 0.4713541666666667 0.8385416666666666 0.4609375 0.83984375 0.45703125 0.85546875 0.4479166666666667 0.9192708333333334 0.4479166666666667
2 0.48046875 0.12239583333333333 0.4830729166666667 0.125 0.48046875 0.36328125 0.4817708333333333 0.45703125 0.4791666666666667 0.5143229166666666 0.48046875 0.5390625 0.4752604166666667 0.94140625 0.47265625 0.9505208333333334 0.4713541666666667 0.9322916666666666 0.48046875 0.12369791666666667
3 0.5885416666666666 0.4153645833333333 0.5950520833333334 0.421875 0.59375 0.43359375 0.5924479166666666 0.4361979166666667 0.5885416666666666 0.4361979166666667 0.5859375 0.4309895833333333 0.5885416666666666 0.4166666666666667
3 0.4479166666666667 0.24609375 0.4505208333333333 0.24609375 0.4544270833333333 0.2578125 0.453125 0.2682291666666667 0.4453125 0.2682291666666667 0.4479166666666667 0.24739583333333334
3 0.37890625 0.5221354166666666 0.375 0.515625 0.375 0.5052083333333334 0.3802083333333333 0.4986979166666667 0.3841145833333333 0.4986979166666667 0.3880208333333333 0.5091145833333334 0.38671875 0.5221354166666666 0.3841145833333333 0.5247395833333334 0.3802083333333333 0.5221354166666666
3 0.5403645833333334 0.6080729166666666 0.5442708333333334 0.61328125 0.5442708333333334 0.6236979166666666 0.5377604166666666 0.6223958333333334 0.53515625 0.6106770833333334 0.5390625 0.6080729166666666
3 0.3489583333333333 0.5794270833333334 0.3489583333333333 0.5963541666666666 0.3463541666666667 0.5989583333333334 0.3385416666666667 0.5950520833333334 0.3359375 0.5872395833333334 0.3385416666666667 0.5833333333333334 0.34765625 0.5794270833333334
3 0.4283854166666667 0.3776041666666667 0.4322916666666667 0.3776041666666667 0.4375 0.38671875 0.4361979166666667 0.3932291666666667 0.4322916666666667 0.39453125 0.4270833333333333 0.3880208333333333 0.4283854166666667 0.37890625
3 0.21549479166666666 0.662109375 0.014322916666666666 0.020833333333333332
3 0.3984375 0.19791666666666666 0.4010416666666667 0.19791666666666666 0.4049479166666667 0.2109375 0.4036458333333333 0.21875 0.4010416666666667 0.22005208333333334 0.3984375 0.21614583333333334 0.3984375 0.19921875
3 0.3411458333333333 0.5130208333333334 0.34375 0.51953125 0.3424479166666667 0.5364583333333334 0.3385416666666667 0.5364583333333334 0.33203125 0.5299479166666666 0.33203125 0.5234375 0.3359375 0.515625 0.33984375 0.5130208333333334
3 0.24088541666666666 0.4479166666666667 0.24869791666666666 0.4479166666666667 0.2526041666666667 0.4518229166666667 0.2526041666666667 0.4622395833333333 0.25 0.4622395833333333 0.24088541666666666 0.4557291666666667 0.24088541666666666 0.44921875
3 0.3893229166666667 0.8372395833333334 0.3880208333333333 0.8528645833333334 0.3802083333333333 0.8528645833333334 0.3776041666666667 0.8502604166666666 0.3776041666666667 0.8424479166666666 0.3815104166666667 0.8385416666666666 0.3880208333333333 0.8372395833333334
3 0.44146171875 0.7465694440104166 0.43719453125 0.7493958333333333 0.4360375 0.7636583333333333 0.43842421875 0.76571527734375 0.44775390625 0.75543472265625 0.44146171875 0.7465694440104166