1 0.56247890625 0.66070277734375 0.56152109375 0.6666569440104166 0.5640265624999999 0.6708458333333334 0.56594296875 0.6669180559895834 0.56550078125 0.6608958333333333 0.56247890625 0.66070277734375
0 0 0.4140625 0.09244791666666667 0.4166666666666667 0.09375 0.4192708333333333 0.09895833333333333 0.4192708333333333 0.11067708333333333 0.42578125 0.11979166666666667 0.4348958333333333 0.13411458333333334 0.4583333333333333 0.14192708333333334 0.484375 0.14322916666666666 0.50390625 0.14583333333333334 0.5091145833333334 0.14583333333333334 0.5390625 0.14192708333333334 0.56640625 0.13671875 0.5846354166666666 0.12369791666666667 0.6080729166666666 0.11328125 0.6197916666666666 0.10546875 0.6236979166666666 0.10286458333333333 0.6276041666666666 0.09505208333333333 0.6302083333333334 0.041666666666666664 0.6302083333333334 0 0.6276041666666666 0 0.62109375 0.09505208333333333 0.6236979166666666 0.10416666666666667 0.6197916666666666 0.11979166666666667 0.60546875 0.13151041666666666 0.5859375 0.13151041666666666 0.5807291666666666 0.13932291666666666 0.5598958333333334 0.140625 0.5416666666666666 0.14322916666666666 0.53515625 0.14322916666666666 0.5169270833333334 0.13671875 0.4765625 0.12760416666666666 0.4544270833333333 0.11458333333333333 0.4361979166666667 0.10677083333333333 0.4296875 0.09244791666666667 0.4231770833333333 0.0026041666666666665 0.4205729166666667 0 0.4192708333333333 0 0.4153645833333333
0 0.8684895833333334 0.4466145833333333 0.9739583333333334 0.4505208333333333 0.9752604166666666 0.4544270833333333 0.9309895833333334 0.4557291666666667 0.87109375 0.4518229166666667 0.8567708333333334 0.453125 0.8411458333333334 0.4635416666666667 0.8307291666666666 0.4739583333333333 0.8190104166666666 0.49609375 0.8111979166666666 0.5247395833333334 0.8098958333333334 0.5729166666666666 0.8190104166666666 0.6106770833333334 0.8346354166666666 0.63671875 0.8463541666666666 0.6484375 0.8541666666666666 0.65234375 0.8658854166666666 0.6549479166666666 0.9583333333333334 0.6575520833333334 0.9700520833333334 0.6588541666666666 0.97265625 0.66015625 0.9700520833333334 0.6627604166666666 0.8919270833333334 0.6614583333333334 0.8580729166666666 0.6588541666666666 0.84765625 0.6549479166666666 0.8372395833333334 0.6471354166666666 0.828125 0.63671875 0.81640625 0.6145833333333334 0.8072916666666666 0.5755208333333334 0.8072916666666666 0.5338541666666666 0.8125 0.5052083333333334 0.8151041666666666 0.5026041666666666 0.81640625 0.4934895833333333 0.82421875 0.4765625 0.8385416666666666 0.4583333333333333 0.8528645833333334 0.44921875 0.8671875 0.4466145833333333
2 0.48046875 0.12239583333333333 0.4817708333333333 0.24739583333333334 0.48046875 0.2526041666666667 0.4778645833333333 0.25390625 0.4778645833333333 0.2578125 0.4817708333333333 0.2630208333333333 0.4817708333333333 0.265625 0.4778645833333333 0.2682291666666667 0.4817708333333333 0.2955729166666667 0.4791666666666667 0.37109375 0.48046875 0.4557291666666667 0.4752604166666667 0.7213541666666666 0.4778645833333333 0.7421875 0.4752604166666667 0.74609375 0.4739583333333333 0.9518229166666666 0.4713541666666667 0.9518229166666666 0.4700520833333333 0.94921875 0.47265625 0.8658854166666666 0.47265625 0.6302083333333334 0.4752604166666667 0.60546875 0.4765625 0.484375 0.4765625 0.2747395833333333 0.4791666666666667 0.23958333333333334 0.48046875 0.12369791666666667
3 0.3619791666666667 0.5598958333333334 0.3619791666666667 0.5494791666666666 0.3645833333333333 0.5455729166666666 0.3684895833333333 0.5481770833333334 0.37109375 0.5598958333333334 0.3697916666666667 0.5638020833333334 0.36328125 0.5598958333333334
3 0.46484375 0.7135416666666666 0.4674479166666667 0.7135416666666666 0.4674479166666667 0.7330729166666666 0.4635416666666667 0.7369791666666666 0.4596354166666667 0.7278645833333334 0.4609375 0.7200520833333334 0.46484375 0.71484375
3 0.390625 0.6354166666666666 0.3958333333333333 0.6380208333333334 0.40234375 0.6484375 0.4010416666666667 0.65234375 0.3958333333333333 0.6549479166666666 0.390625 0.6536458333333334 0.390625 0.63671875
3 0.4388020833333333 0.4205729166666667 0.4427083333333333 0.42578125 0.4427083333333333 0.4401041666666667 0.4375 0.4388020833333333 0.43359375 0.4309895833333333 0.43359375 0.4270833333333333 0.4375 0.421875
3 0.23828125 0.7109375 0.24088541666666666 0.7109375 0.24479166666666666 0.7213541666666666 0.23958333333333334 0.7317708333333334 0.23307291666666666 0.73046875 0.23307291666666666 0.7200520833333334 0.23828125 0.7122395833333334
3 0.3828125 0.21744791666666666 0.3919270833333333 0.22395833333333334 0.3919270833333333 0.23177083333333334 0.38671875 0.23697916666666666 0.3828125 0.2265625 0.3828125 0.21875
3 0.5455729166666666 0.4361979166666667 0.55078125 0.4375 0.5546875 0.4427083333333333 0.5533854166666666 0.4505208333333333 0.5494791666666666 0.4544270833333333 0.5455729166666666 0.453125 0.5416666666666666 0.4453125 0.5416666666666666 0.4375 0.5442708333333334 0.4361979166666667
3 0.41796875 0.5234375 0.4231770833333333 0.52734375 0.4231770833333333 0.5442708333333334 0.4192708333333333 0.5481770833333334 0.4127604166666667 0.5455729166666666 0.4127604166666667 0.5299479166666666 0.4166666666666667 0.5247395833333334
3 0.5677083333333334 0.6588541666666666 0.5755208333333334 0.6692708333333334 0.5729166666666666 0.68359375 0.5703125 0.68359375 0.5677083333333334 0.6744791666666666 0.5625 0.6692708333333334 0.5625 0.6614583333333334 0.56640625 0.6588541666666666
3 0.2265625 0.5286458333333334 0.22786458333333334 0.5403645833333334 0.22526041666666666 0.54296875 0.21875 0.54296875 0.21614583333333334 0.5377604166666666 0.21614583333333334 0.5325520833333334 0.22526041666666666 0.5286458333333334
3 0.4127604166666667 0.8489583333333334 0.4088541666666667 0.8333333333333334 0.41796875 0.8294270833333334 0.4192708333333333 0.83984375 0.4166666666666667 0.84765625 0.4140625 0.8489583333333334
3 0.47712343749999997 0.26350972265625 0.4796515625 0.26839166666666664 0.48173984375 0.27210138932291666 0.48415781249999995 0.27151527734375 0.48294921874999996 0.26604722265624997 0.48338828125000005 0.26077500000000003 0.4853671875 0.25725972265625 0.4815203125 0.2471055559895833 0.477728125 0.25627777734375 0.47712343749999997 0.26350972265625