1 0.509375 0.6208333333333333 0.509375 0.61527777734375 0.5070312499999999 0.61527777734375 0.50625 0.6166666666666667 0.50625 0.6194444440104167 0.5070312499999999 0.6208333333333333 0.509375 0.6208333333333333
0 0 0.4283854166666667 0.09505208333333333 0.4296875 0.11067708333333333 0.4348958333333333 0.12630208333333334 0.4505208333333333 0.13802083333333334 0.4700520833333333 0.14713541666666666 0.5 0.14973958333333334 0.51953125 0.14973958333333334 0.5546875 0.14322916666666666 0.5872395833333334 0.13411458333333334 0.609375 0.11588541666666667 0.6328125 0.09765625 0.640625 0 0.6380208333333334 0 0.6328125 0.09505208333333333 0.6354166666666666 0.11197916666666667 0.62890625 0.125 0.6145833333333334 0.13541666666666666 0.5963541666666666 0.14322916666666666 0.5729166666666666 0.14453125 0.5546875 0.14713541666666666 0.546875 0.14713541666666666 0.5260416666666666 0.14322916666666666 0.4973958333333333 0.13932291666666666 0.484375 0.125 0.4557291666666667 0.11458333333333333 0.4453125 0.10677083333333333 0.4401041666666667 0.09114583333333333 0.4348958333333333 0.006510416666666667 0.43359375 0 0.4322916666666667 0 0.4296875
0 0.9192708333333334 0.4544270833333333 0.9739583333333334 0.45703125 0.9739583333333334 0.4609375 0.9713541666666666 0.4622395833333333 0.86328125 0.4596354166666667 0.8515625 0.4622395833333333 0.8424479166666666 0.4674479166666667 0.8307291666666666 0.4791666666666667 0.8190104166666666 0.4986979166666667 0.8098958333333334 0.53125 0.8072916666666666 0.5677083333333334 0.8111979166666666 0.5950520833333334 0.8138020833333334 0.5989583333333334 0.8151041666666666 0.609375 0.8268229166666666 0.6341145833333334 0.84375 0.6536458333333334 0.8515625 0.6575520833333334 0.8776041666666666 0.6614583333333334 0.9309895833333334 0.6614583333333334 0.9557291666666666 0.6640625 0.9700520833333334 0.6627604166666666 0.9700520833333334 0.6692708333333334 0.9244791666666666 0.66796875 0.9231770833333334 0.6653645833333334 0.8658854166666666 0.6653645833333334 0.84765625 0.6614583333333334 0.8307291666666666 0.6484375 0.81640625 0.6236979166666666 0.80859375 0.5989583333333334 0.8059895833333334 0.5768229166666666 0.8059895833333334 0.5416666666666666 0.80859375 0.5208333333333334 0.81640625 0.49609375 0.8307291666666666 0.4713541666666667 0.8450520833333334 0.4583333333333333 0.8606770833333334 0.453125 0.91796875 0.4544270833333333
2 0.48046875 0.46875 0.48046875 0.47265625 0.4778645833333333 0.4739583333333333 0.4778645833333333 0.4869791666666667 0.48046875 0.4947916666666667 0.4778645833333333 0.5794270833333334 0.4791666666666667 0.6419270833333334 0.4752604166666667 0.8294270833333334 0.4752604166666667 0.953125 0.47265625 0.9557291666666666 0.4713541666666667 0.94140625 0.4765625 0.4765625 0.48046875 0.4700520833333333
3 0.57421875 0.24088541666666666 0.5768229166666666 0.2421875 0.5794270833333334 0.2552083333333333 0.578125 0.265625 0.5729166666666666 0.2669270833333333 0.5703125 0.25 0.57421875 0.2421875
3 0.5078125 0.7135416666666666 0.5130208333333334 0.7252604166666666 0.5130208333333334 0.73828125 0.5104166666666666 0.7408854166666666 0.5078125 0.7395833333333334 0.5078125 0.734375 0.5052083333333334 0.73046875 0.5078125 0.71484375
3 0.4283854166666667 0.7877604166666666 0.4361979166666667 0.80078125 0.4348958333333333 0.8098958333333334 0.4322916666666667 0.8111979166666666 0.42578125 0.8059895833333334 0.4283854166666667 0.7890625
3 0.5104166666666666 0.6432291666666666 0.5143229166666666 0.6432291666666666 0.5221354166666666 0.6510416666666666 0.5221354166666666 0.66796875 0.5182291666666666 0.66796875 0.515625 0.6627604166666666 0.515625 0.6549479166666666 0.5104166666666666 0.6484375 0.5104166666666666 0.64453125
3 0.4622395833333333 0.2421875 0.4635416666666667 0.2578125 0.4596354166666667 0.265625 0.4557291666666667 0.26171875 0.4557291666666667 0.2552083333333333 0.4518229166666667 0.24479166666666666 0.4583333333333333 0.24088541666666666 0.4609375 0.2421875
3 0.5950520833333334 0.5247395833333334 0.5950520833333334 0.546875 0.58984375 0.5455729166666666 0.5885416666666666 0.5377604166666666 0.5859375 0.53515625 0.5859375 0.53125 0.59375 0.5260416666666666
3 0.4466145833333333 0.5794270833333334 0.4505208333333333 0.58984375 0.4505208333333333 0.5950520833333334 0.4466145833333333 0.59765625 0.4427083333333333 0.5950520833333334 0.44140625 0.5885416666666666 0.44140625 0.5807291666666666 0.4453125 0.5794270833333334
3 0.4505208333333333 0.3528645833333333 0.4544270833333333 0.36328125 0.44921875 0.3776041666666667 0.4453125 0.3658854166666667 0.4453125 0.3567708333333333 0.44921875 0.3528645833333333
3 0.3971354166666667 0.3359375 0.4010416666666667 0.3385416666666667 0.4036458333333333 0.3450520833333333 0.4036458333333333 0.3580729166666667 0.4010416666666667 0.3645833333333333 0.3971354166666667 0.3619791666666667 0.3932291666666667 0.3502604166666667 0.3932291666666667 0.3372395833333333 0.3958333333333333 0.3372395833333333
3 0.7174479166666666 0.58984375 0.7213541666666666 0.5950520833333334 0.7200520833333334 0.609375 0.7161458333333334 0.6106770833333334 0.7109375 0.60546875 0.7109375 0.6015625 0.70703125 0.5963541666666666 0.70703125 0.59375 0.7122395833333334 0.59375 0.7161458333333334 0.5911458333333334
3 0.54296875 0.4348958333333333 0.5455729166666666 0.4361979166666667 0.546875 0.4440104166666667 0.5455729166666666 0.4544270833333333 0.54296875 0.4557291666666667 0.5390625 0.4466145833333333 0.5390625 0.4375 0.5416666666666666 0.4361979166666667
3 0.4734375 0.43888888932291664 0.47031249999999997 0.44444444401041666 0.47031249999999997 0.4583333333333333 0.48203124999999997 0.4611111106770833 0.48203124999999997 0.4430555559895833 0.4734375 0.43888888932291664