1 0.46718750000000003 0.5194444440104167 0.47031249999999997 0.5208333333333334 0.46875 0.5125000000000001 0.46718750000000003 0.5194444440104167
0 0 0.4231770833333333 0.09895833333333333 0.42578125 0.11588541666666667 0.4322916666666667 0.13151041666666666 0.44921875 0.14322916666666666 0.4713541666666667 0.14973958333333334 0.4934895833333333 0.15234375 0.51953125 0.15104166666666666 0.5611979166666666 0.14583333333333334 0.5846354166666666 0.13020833333333334 0.6158854166666666 0.11458333333333333 0.6315104166666666 0.10026041666666667 0.63671875 0 0.6328125 0 0.6276041666666666 0.05859375 0.6302083333333334 0.10677083333333333 0.62890625 0.12760416666666666 0.6106770833333334 0.140625 0.5859375 0.14453125 0.5677083333333334 0.14713541666666666 0.5651041666666666 0.14973958333333334 0.5325520833333334 0.14713541666666666 0.4973958333333333 0.13932291666666666 0.4713541666666667 0.12760416666666666 0.4518229166666667 0.109375 0.4348958333333333 0.08854166666666667 0.4309895833333333 0.015625 0.4283854166666667 0 0.4296875 0 0.4244791666666667
0 0.953125 0.4544270833333333 0.9739583333333334 0.4557291666666667 0.9739583333333334 0.4609375 0.9466145833333334 0.4622395833333333 0.8580729166666666 0.4596354166666667 0.83984375 0.46875 0.8333333333333334 0.4752604166666667 0.8229166666666666 0.4921875 0.8138020833333334 0.5143229166666666 0.8098958333333334 0.5325520833333334 0.80859375 0.56640625 0.8111979166666666 0.5911458333333334 0.8177083333333334 0.61328125 0.8294270833333334 0.6354166666666666 0.84765625 0.6536458333333334 0.8567708333333334 0.6575520833333334 0.8671875 0.6588541666666666 0.9635416666666666 0.6614583333333334 0.9700520833333334 0.6627604166666666 0.9700520833333334 0.6653645833333334 0.9674479166666666 0.66796875 0.9635416666666666 0.66796875 0.9622395833333334 0.6653645833333334 0.8684895833333334 0.6640625 0.8567708333333334 0.6627604166666666 0.8463541666666666 0.6588541666666666 0.8385416666666666 0.6536458333333334 0.82421875 0.63671875 0.8151041666666666 0.6171875 0.8072916666666666 0.5872395833333334 0.8072916666666666 0.5325520833333334 0.8125 0.5078125 0.8203125 0.4869791666666667 0.8229166666666666 0.4856770833333333 0.828125 0.4739583333333333 0.84375 0.4583333333333333 0.8567708333333334 0.453125 0.9518229166666666 0.4557291666666667
2 0.48046875 0.46484375 0.4817708333333333 0.6276041666666666 0.4791666666666667 0.6484375 0.4791666666666667 0.7799479166666666 0.4765625 0.8893229166666666 0.4778645833333333 0.9270833333333334 0.4765625 0.9466145833333334 0.4739583333333333 0.9518229166666666 0.47265625 0.94921875 0.4765625 0.7591145833333334 0.4765625 0.4765625 0.4791666666666667 0.4739583333333333 0.48046875 0.4661458333333333
3 0.5638020833333334 0.5546875 0.5677083333333334 0.5598958333333334 0.5677083333333334 0.5703125 0.5651041666666666 0.5729166666666666 0.5611979166666666 0.5703125 0.5598958333333334 0.5598958333333334 0.5625 0.5559895833333334
3 0.53515625 0.2643229166666667 0.5403645833333334 0.2643229166666667 0.5442708333333334 0.2734375 0.5403645833333334 0.28515625 0.5364583333333334 0.2864583333333333 0.5338541666666666 0.2747395833333333 0.53515625 0.265625
3 0.5052083333333334 0.609375 0.5091145833333334 0.6145833333333334 0.5065104166666666 0.6263020833333334 0.5026041666666666 0.6276041666666666 0.5 0.6223958333333334 0.5 0.6119791666666666 0.50390625 0.6106770833333334
3 0.4934895833333333 0.6875 0.5013020833333334 0.6966145833333334 0.5026041666666666 0.7018229166666666 0.5013020833333334 0.7096354166666666 0.4986979166666667 0.7122395833333334 0.49609375 0.7109375 0.4934895833333333 0.6888020833333334
3 0.4283854166666667 0.5703125 0.421875 0.5611979166666666 0.421875 0.5559895833333334 0.42578125 0.5520833333333334 0.4309895833333333 0.5559895833333334 0.4322916666666667 0.5677083333333334 0.4296875 0.5690104166666666
3 0.4427083333333333 0.41015625 0.4427083333333333 0.4296875 0.4361979166666667 0.421875 0.4375 0.41015625 0.44140625 0.41015625
3 0.3736979166666667 0.3541666666666667 0.3736979166666667 0.3723958333333333 0.3697916666666667 0.3763020833333333 0.36328125 0.36328125 0.3658854166666667 0.3567708333333333 0.3697916666666667 0.3580729166666667 0.3736979166666667 0.35546875
3 0.4153645833333333 0.7473958333333334 0.41796875 0.7473958333333334 0.4166666666666667 0.76953125 0.4140625 0.7721354166666666 0.4088541666666667 0.7643229166666666 0.4088541666666667 0.7578125 0.4153645833333333 0.7486979166666666
3 0.4622395833333333 0.23828125 0.46484375 0.2565104166666667 0.4596354166666667 0.2630208333333333 0.453125 0.24088541666666666 0.4609375 0.23828125
3 0.4973958333333333 0.4947916666666667 0.5013020833333334 0.5 0.5013020833333334 0.5091145833333334 0.4986979166666667 0.5143229166666666 0.4947916666666667 0.5143229166666666 0.4921875 0.5104166666666666 0.4921875 0.4973958333333333 0.49609375 0.4947916666666667
3 0.6555989583333334 0.541015625 0.012369791666666666 0.018229166666666668
3 0.484375 0.44166666666666665 0.47890625000000003 0.43888888932291664 0.47421874999999997 0.4458333333333333 0.47578125 0.45972222265625 0.48203124999999997 0.46249999999999997 0.48671875000000003 0.4583333333333333 0.484375 0.44166666666666665