1 0.32109375 0.27638888932291666 0.32187499999999997 0.2736111106770833 0.32187499999999997 0.26805555598958336 0.315625 0.26805555598958336 0.315625 0.2736111106770833 0.3171875 0.27638888932291666 0.32109375 0.27638888932291666
0 0 0.4322916666666667 0.08723958333333333 0.4348958333333333 0.10286458333333333 0.4440104166666667 0.11458333333333333 0.4557291666666667 0.12630208333333334 0.4765625 0.13541666666666666 0.5091145833333334 0.13802083333333334 0.5377604166666666 0.13671875 0.5677083333333334 0.13020833333333334 0.59765625 0.11588541666666667 0.6263020833333334 0.10286458333333333 0.6393229166666666 0.08723958333333333 0.6484375 0 0.6471354166666666 0 0.6393229166666666 0.08463541666666667 0.6419270833333334 0.10286458333333333 0.6328125 0.11979166666666667 0.609375 0.12760416666666666 0.5911458333333334 0.13411458333333334 0.5611979166666666 0.13541666666666666 0.54296875 0.1328125 0.5130208333333334 0.125 0.484375 0.11979166666666667 0.47265625 0.10286458333333333 0.4505208333333333 0.09244791666666667 0.4440104166666667 0.08333333333333333 0.44140625 0 0.4388020833333333 0 0.43359375
0 0.9192708333333334 0.46484375 0.9635416666666666 0.4661458333333333 0.9661458333333334 0.4674479166666667 0.9661458333333334 0.4713541666666667 0.8502604166666666 0.46875 0.8359375 0.4765625 0.8229166666666666 0.4895833333333333 0.8111979166666666 0.51171875 0.8033854166666666 0.5377604166666666 0.8033854166666666 0.5989583333333334 0.8059895833333334 0.6028645833333334 0.8111979166666666 0.6276041666666666 0.8216145833333334 0.6471354166666666 0.8359375 0.6614583333333334 0.84375 0.6666666666666666 0.84765625 0.6666666666666666 0.8489583333333334 0.6692708333333334 0.9518229166666666 0.6744791666666666 0.9635416666666666 0.6731770833333334 0.9635416666666666 0.6783854166666666 0.9010416666666666 0.6783854166666666 0.8541666666666666 0.67578125 0.84375 0.6731770833333334 0.8359375 0.6692708333333334 0.81640625 0.6471354166666666 0.8072916666666666 0.6276041666666666 0.8072916666666666 0.6223958333333334 0.80078125 0.60546875 0.80078125 0.53515625 0.8125 0.49609375 0.82421875 0.4791666666666667 0.8372395833333334 0.46875 0.8502604166666666 0.4635416666666667 0.91796875 0.46484375
2 0.4713541666666667 0.140625 0.4739583333333333 0.140625 0.4713541666666667 0.5794270833333334 0.4661458333333333 0.9674479166666666 0.4635416666666667 0.9674479166666666 0.4713541666666667 0.14192708333333334
3 0.65234375 0.5859375 0.6484375 0.57421875 0.6536458333333334 0.56640625 0.6588541666666666 0.5703125 0.66015625 0.57421875 0.6575520833333334 0.5859375 0.6536458333333334 0.5859375
3 0.7317708333333334 0.3229166666666667 0.7317708333333334 0.33203125 0.7252604166666666 0.3424479166666667 0.7213541666666666 0.3411458333333333 0.7200520833333334 0.3294270833333333 0.7265625 0.3229166666666667 0.73046875 0.3229166666666667
3 0.6106770833333334 0.3125 0.6145833333333334 0.3177083333333333 0.6119791666666666 0.3307291666666667 0.6067708333333334 0.3307291666666667 0.6015625 0.32421875 0.6015625 0.3190104166666667 0.6106770833333334 0.3138020833333333
3 0.5494791666666666 0.87109375 0.5520833333333334 0.87109375 0.5598958333333334 0.8815104166666666 0.5572916666666666 0.890625 0.5533854166666666 0.8919270833333334 0.5494791666666666 0.8854166666666666 0.5494791666666666 0.8723958333333334
3 0.6236979166666666 0.7005208333333334 0.6263020833333334 0.703125 0.6263020833333334 0.7109375 0.6236979166666666 0.7174479166666666 0.6197916666666666 0.7200520833333334 0.6197916666666666 0.71484375 0.6171875 0.7122395833333334 0.6145833333333334 0.7018229166666666 0.6223958333333334 0.7005208333333334
3 0.6692708333333334 0.6393229166666666 0.671875 0.6484375 0.6705729166666666 0.65625 0.66796875 0.6588541666666666 0.66015625 0.6510416666666666 0.66015625 0.6458333333333334 0.66796875 0.6393229166666666
3 0.5052083333333334 0.2747395833333333 0.5104166666666666 0.2864583333333333 0.5091145833333334 0.29296875 0.5052083333333334 0.2955729166666667 0.5026041666666666 0.29296875 0.5013020833333334 0.2825520833333333 0.50390625 0.2760416666666667
3 0.58203125 0.40234375 0.5885416666666666 0.4010416666666667 0.5924479166666666 0.4049479166666667 0.5911458333333334 0.4244791666666667 0.5885416666666666 0.4270833333333333 0.5846354166666666 0.4270833333333333 0.5794270833333334 0.4192708333333333 0.58203125 0.4036458333333333
3 0.5260416666666666 0.4700520833333333 0.5299479166666666 0.4700520833333333 0.5325520833333334 0.4752604166666667 0.5325520833333334 0.48828125 0.5286458333333334 0.4921875 0.51953125 0.48046875 0.51953125 0.4765625 0.5260416666666666 0.4713541666666667
3 0.4368489583333333 0.23502604166666666 0.008463541666666666 0.01953125
3 0.80078125 0.4583333333333333 0.8072916666666666 0.4635416666666667 0.8098958333333334 0.4622395833333333 0.8151041666666666 0.46484375 0.8151041666666666 0.4752604166666667 0.8098958333333334 0.4817708333333333 0.8072916666666666 0.4817708333333333 0.80078125 0.4739583333333333 0.80078125 0.4596354166666667
3 0.3177083333333333 0.267578125 0.014973958333333334 0.0234375