1 0.2708333333333333 0.3658854166666667 0.2747395833333333 0.3658854166666667 0.2721354166666667 0.3736979166666667 0.26953125 0.3723958333333333 0.2708333333333333 0.3671875
0 0 0.4166666666666667 0.09505208333333333 0.4205729166666667 0.11328125 0.4270833333333333 0.12239583333333333 0.4348958333333333 0.13802083333333334 0.4609375 0.14322916666666666 0.4752604166666667 0.14322916666666666 0.4817708333333333 0.14583333333333334 0.484375 0.14973958333333334 0.5091145833333334 0.14973958333333334 0.5442708333333334 0.14192708333333334 0.58203125 0.13020833333333334 0.6080729166666666 0.11067708333333333 0.6276041666666666 0.09635416666666667 0.6328125 0 0.6302083333333334 0 0.6223958333333334 0.08203125 0.625 0.08333333333333333 0.6276041666666666 0.09375 0.6276041666666666 0.09505208333333333 0.625 0.109375 0.62109375 0.11979166666666667 0.6119791666666666 0.13541666666666666 0.5885416666666666 0.14322916666666666 0.5651041666666666 0.14713541666666666 0.5403645833333334 0.14713541666666666 0.5143229166666666 0.13932291666666666 0.4752604166666667 0.12760416666666666 0.4505208333333333 0.11458333333333333 0.4348958333333333 0.10677083333333333 0.4296875 0.09505208333333333 0.42578125 0 0.4231770833333333 0 0.41796875
0 0.9765625 0.4518229166666667 0.9778645833333334 0.4557291666666667 0.9752604166666666 0.45703125 0.8880208333333334 0.4557291666666667 0.8697916666666666 0.453125 0.8541666666666666 0.45703125 0.8333333333333334 0.4752604166666667 0.8268229166666666 0.4856770833333333 0.8151041666666666 0.515625 0.8111979166666666 0.5390625 0.8125 0.5768229166666666 0.8190104166666666 0.6080729166666666 0.8307291666666666 0.6315104166666666 0.8463541666666666 0.6484375 0.85546875 0.6536458333333334 0.8684895833333334 0.65625 0.9622395833333334 0.6588541666666666 0.9739583333333334 0.66015625 0.9739583333333334 0.6640625 0.8671875 0.6614583333333334 0.85546875 0.6588541666666666 0.83984375 0.6497395833333334 0.82421875 0.62890625 0.8151041666666666 0.6067708333333334 0.80859375 0.5703125 0.80859375 0.5416666666666666 0.8125 0.5143229166666666 0.8203125 0.4895833333333333 0.8346354166666666 0.4661458333333333 0.84765625 0.4544270833333333 0.859375 0.44921875 0.9752604166666666 0.4518229166666667
2 0.4778645833333333 0.6002604166666666 0.48046875 0.6015625 0.48046875 0.6419270833333334 0.4778645833333333 0.7239583333333334 0.4778645833333333 0.9244791666666666 0.4752604166666667 0.9283854166666666 0.4752604166666667 0.9505208333333334 0.47265625 0.9505208333333334 0.47265625 0.8684895833333334 0.4752604166666667 0.8294270833333334 0.4765625 0.6015625
3 0.5677083333333334 0.5390625 0.578125 0.5494791666666666 0.5768229166666666 0.5572916666666666 0.5703125 0.55859375 0.5677083333333334 0.55078125 0.5677083333333334 0.5403645833333334
3 0.5 0.2526041666666667 0.5026041666666666 0.25390625 0.5052083333333334 0.26171875 0.5052083333333334 0.2721354166666667 0.5026041666666666 0.27734375 0.4986979166666667 0.27734375 0.5 0.25390625
3 0.4713541666666667 0.5677083333333334 0.4739583333333333 0.5677083333333334 0.4791666666666667 0.57421875 0.4778645833333333 0.5859375 0.4739583333333333 0.5885416666666666 0.4713541666666667 0.58203125 0.4713541666666667 0.5690104166666666
3 0.2760416666666667 0.3333333333333333 0.2786458333333333 0.3359375 0.27734375 0.35546875 0.2825520833333333 0.3645833333333333 0.2799479166666667 0.3776041666666667 0.2786458333333333 0.3736979166666667 0.2721354166666667 0.3736979166666667 0.26953125 0.3697916666666667 0.2721354166666667 0.36328125 0.2721354166666667 0.3515625 0.265625 0.3463541666666667 0.265625 0.3385416666666667 0.2760416666666667 0.3346354166666667
3 0.3873697916666667 0.4140625 0.011067708333333334 0.01953125
3 0.3723958333333333 0.55859375 0.3736979166666667 0.5729166666666666 0.3697916666666667 0.5755208333333334 0.3658854166666667 0.5755208333333334 0.3645833333333333 0.5677083333333334 0.3671875 0.5611979166666666 0.37109375 0.55859375
3 0.4401041666666667 0.7317708333333334 0.4427083333333333 0.73828125 0.4427083333333333 0.7473958333333334 0.4401041666666667 0.7513020833333334 0.4375 0.7513020833333334 0.43359375 0.74609375 0.43359375 0.7369791666666666 0.4388020833333333 0.7317708333333334
3 0.23697916666666666 0.6028645833333334 0.23697916666666666 0.6276041666666666 0.234375 0.6302083333333334 0.23046875 0.6276041666666666 0.23046875 0.625 0.22395833333333334 0.6197916666666666 0.22265625 0.6158854166666666 0.22526041666666666 0.6106770833333334 0.23177083333333334 0.609375 0.23567708333333334 0.6041666666666666
3 0.4348958333333333 0.21940104166666666 0.008463541666666666 0.024739583333333332
3 0.4798177083333333 0.3984375 0.009114583333333334 0.016927083333333332
3 0.38671875 0.8151041666666666 0.3893229166666667 0.8385416666666666 0.3828125 0.8385416666666666 0.3802083333333333 0.8359375 0.3802083333333333 0.828125 0.3854166666666667 0.81640625
3 0.4296875 0.48333333333333334 0.425 0.47500000000000003 0.41640625000000003 0.4805555559895833 0.41484375 0.4875 0.42578125 0.5041666666666667 0.4296875 0.49722222265625 0.4296875 0.48333333333333334