1 0.521875 0.5319444440104167 0.5226562499999999 0.53472222265625 0.5265624999999999 0.53472222265625 0.5281250000000001 0.5319444440104167 0.5281250000000001 0.52777777734375 0.5265624999999999 0.525 0.525 0.525 0.5226562499999999 0.52777777734375 0.521875 0.5319444440104167
0 0.9986979166666666 0.4114583333333333 0.9986979166666666 0.4192708333333333 0.9934895833333334 0.41796875 0.9049479166666666 0.421875 0.8932291666666666 0.4283854166666667 0.8828125 0.4375 0.87109375 0.45703125 0.86328125 0.4778645833333333 0.8580729166666666 0.5143229166666666 0.859375 0.5442708333333334 0.8619791666666666 0.5494791666666666 0.86328125 0.5638020833333334 0.8658854166666666 0.56640625 0.87109375 0.5859375 0.8841145833333334 0.60546875 0.8919270833333334 0.61328125 0.9075520833333334 0.62109375 0.9986979166666666 0.6184895833333334 0.9986979166666666 0.6263020833333334 0.9453125 0.6276041666666666 0.9036458333333334 0.6263020833333334 0.90234375 0.6236979166666666 0.8919270833333334 0.6197916666666666 0.87890625 0.6067708333333334 0.8684895833333334 0.58984375 0.8606770833333334 0.5677083333333334 0.8567708333333334 0.5481770833333334 0.85546875 0.515625 0.859375 0.4817708333333333 0.8684895833333334 0.453125 0.8776041666666666 0.4375 0.8880208333333334 0.42578125 0.9010416666666666 0.4166666666666667 0.91015625 0.4140625 0.9973958333333334 0.4114583333333333
0 0.15364583333333334 0.4453125 0.17057291666666666 0.4583333333333333 0.18229166666666666 0.4765625 0.19140625 0.5 0.19401041666666666 0.5143229166666666 0.19661458333333334 0.5364583333333334 0.1953125 0.57421875 0.19010416666666666 0.5989583333333334 0.1875 0.6015625 0.1875 0.6067708333333334 0.18229166666666666 0.6184895833333334 0.17057291666666666 0.63671875 0.15234375 0.6510416666666666 0.12630208333333334 0.6549479166666666 0.03515625 0.6575520833333334 0.03125 0.6549479166666666 0.032552083333333336 0.65234375 0.14453125 0.6484375 0.14583333333333334 0.6458333333333334 0.15885416666666666 0.640625 0.17317708333333334 0.6263020833333334 0.18359375 0.6067708333333334 0.19140625 0.5794270833333334 0.19401041666666666 0.5377604166666666 0.18489583333333334 0.4908854166666667 0.1796875 0.4830729166666667 0.1796875 0.4791666666666667 0.1640625 0.4583333333333333 0.15494791666666666 0.4518229166666667 0.13932291666666666 0.4466145833333333 0.0546875 0.4505208333333333 0.028645833333333332 0.4505208333333333 0.028645833333333332 0.4466145833333333 0.08854166666666667 0.4427083333333333 0.14713541666666666 0.4427083333333333 0.15234375 0.4453125
2 0.5247395833333334 0.53515625 0.52734375 0.5455729166666666 0.5260416666666666 0.5716145833333334 0.5286458333333334 0.6145833333333334 0.52734375 0.7096354166666666 0.5299479166666666 0.7408854166666666 0.53125 0.9453125 0.5286458333333334 0.9466145833333334 0.52734375 0.9322916666666666 0.52734375 0.7669270833333334 0.5247395833333334 0.7356770833333334 0.5234375 0.6158854166666666 0.5247395833333334 0.5494791666666666 0.5208333333333334 0.5403645833333334 0.5208333333333334 0.5377604166666666 0.5234375 0.5364583333333334
3 0.73046875 0.2747395833333333 0.73828125 0.2786458333333333 0.73828125 0.2864583333333333 0.734375 0.2916666666666667 0.7330729166666666 0.2994791666666667 0.7278645833333334 0.3033854166666667 0.7239583333333334 0.2942708333333333 0.7278645833333334 0.2786458333333333 0.73046875 0.2760416666666667
3 0.375 0.16145833333333334 0.37890625 0.16145833333333334 0.3815104166666667 0.16536458333333334 0.3841145833333333 0.1796875 0.3841145833333333 0.18359375 0.3815104166666667 0.18619791666666666 0.3763020833333333 0.18359375 0.37109375 0.16927083333333334 0.3723958333333333 0.1640625 0.375 0.16276041666666666
3 0.3203125 0.5520833333333334 0.32421875 0.5598958333333334 0.3203125 0.5729166666666666 0.31640625 0.5703125 0.31640625 0.5533854166666666 0.3190104166666667 0.5520833333333334
3 0.7942708333333334 0.15104166666666666 0.7994791666666666 0.14453125 0.8033854166666666 0.1484375 0.8033854166666666 0.15755208333333334 0.7981770833333334 0.16015625 0.7890625 0.17057291666666666 0.7864583333333334 0.16145833333333334 0.7942708333333334 0.15234375
3 0.5227864583333334 0.5221354166666666 0.009114583333333334 0.030598958333333332
3 0.16796875 0.5091145833333334 0.17317708333333334 0.515625 0.1796875 0.515625 0.17447916666666666 0.53125 0.1640625 0.5338541666666666 0.16145833333333334 0.5182291666666666 0.16666666666666666 0.5104166666666666
3 0.6067708333333334 0.8606770833333334 0.6119791666666666 0.8619791666666666 0.6158854166666666 0.8671875 0.6158854166666666 0.8763020833333334 0.6106770833333334 0.8828125 0.60546875 0.8802083333333334 0.60546875 0.8723958333333334 0.6015625 0.8619791666666666 0.6015625 0.859375 0.60546875 0.8606770833333334
3 0.3997395833333333 0.87109375 0.40234375 0.87109375 0.4010416666666667 0.9075520833333334 0.3958333333333333 0.9088541666666666 0.3932291666666667 0.90234375 0.39453125 0.8841145833333334 0.3984375 0.8802083333333334 0.3997395833333333 0.8723958333333334
3 0.5091145833333334 0.14322916666666666 0.5182291666666666 0.14322916666666666 0.51953125 0.14583333333333334 0.5182291666666666 0.16927083333333334 0.5130208333333334 0.17578125 0.5104166666666666 0.17578125 0.5078125 0.17317708333333334 0.5078125 0.16145833333333334 0.5052083333333334 0.15494791666666666 0.5091145833333334 0.14453125
3 0.91015625 0.4752604166666667 0.9140625 0.4765625 0.9166666666666666 0.4817708333333333 0.9140625 0.4934895833333333 0.8997395833333334 0.4908854166666667 0.8984375 0.4765625 0.9088541666666666 0.4765625
3 0.5559895833333334 0.6380208333333334 0.5598958333333334 0.6380208333333334 0.5625 0.6419270833333334 0.5611979166666666 0.65234375 0.5559895833333334 0.6549479166666666 0.5559895833333334 0.6393229166666666
3 0.2903645833333333 0.7083333333333334 0.29296875 0.7109375 0.2955729166666667 0.7213541666666666 0.2890625 0.734375 0.2864583333333333 0.734375 0.2838541666666667 0.7252604166666666 0.2838541666666667 0.7161458333333334 0.2903645833333333 0.7096354166666666