1 0.421875 0.8444444440104166 0.42343749999999997 0.8472222226562499 0.42578125 0.8472222226562499 0.4265625 0.8444444440104166 0.42578125 0.8388888893229166 0.42265625 0.8388888893229166 0.421875 0.8416666666666667 0.421875 0.8444444440104166
0 0.9986979166666666 0.4114583333333333 0.9986979166666666 0.41796875 0.9114583333333334 0.4205729166666667 0.8984375 0.42578125 0.8854166666666666 0.4375 0.875 0.453125 0.86328125 0.4856770833333333 0.8606770833333334 0.51171875 0.86328125 0.5559895833333334 0.875 0.58984375 0.8880208333333334 0.6080729166666666 0.9075520833333334 0.62109375 0.9986979166666666 0.6197916666666666 0.9986979166666666 0.6236979166666666 0.9934895833333334 0.6236979166666666 0.9921875 0.6263020833333334 0.9479166666666666 0.6276041666666666 0.9049479166666666 0.6263020833333334 0.9036458333333334 0.6236979166666666 0.8919270833333334 0.6184895833333334 0.875 0.59765625 0.8684895833333334 0.5859375 0.859375 0.55078125 0.8580729166666666 0.5078125 0.8606770833333334 0.484375 0.8684895833333334 0.45703125 0.875 0.4453125 0.8880208333333334 0.4270833333333333 0.90234375 0.4166666666666667 0.9114583333333334 0.4140625 0.9973958333333334 0.4114583333333333
0 0.15104166666666666 0.4453125 0.1640625 0.4518229166666667 0.17838541666666666 0.4674479166666667 0.19140625 0.4947916666666667 0.19791666666666666 0.5260416666666666 0.19921875 0.5598958333333334 0.19791666666666666 0.578125 0.19140625 0.60546875 0.17447916666666666 0.63671875 0.1640625 0.6471354166666666 0.15494791666666666 0.65234375 0.13671875 0.65625 0.09765625 0.65625 0.07682291666666667 0.6588541666666666 0.03515625 0.6588541666666666 0.03515625 0.6549479166666666 0.09895833333333333 0.6510416666666666 0.140625 0.6510416666666666 0.15104166666666666 0.6484375 0.15234375 0.6458333333333334 0.16276041666666666 0.640625 0.17578125 0.6276041666666666 0.19140625 0.59375 0.19140625 0.5833333333333334 0.19401041666666666 0.578125 0.19270833333333334 0.5690104166666666 0.19661458333333334 0.5638020833333334 0.1953125 0.5247395833333334 0.1875 0.4934895833333333 0.1796875 0.4778645833333333 0.16276041666666666 0.45703125 0.15104166666666666 0.4505208333333333 0.12630208333333334 0.44921875 0.032552083333333336 0.4518229166666667 0.03125 0.44921875 0.037760416666666664 0.4466145833333333 0.13411458333333334 0.4440104166666667 0.14973958333333334 0.4453125
2 0.52734375 0.44921875 0.5299479166666666 0.6848958333333334 0.5325520833333334 0.7083333333333334 0.5299479166666666 0.7174479166666666 0.53125 0.85546875 0.5338541666666666 0.8658854166666666 0.5325520833333334 0.9466145833333334 0.5286458333333334 0.90625 0.5299479166666666 0.859375 0.52734375 0.6302083333333334 0.5234375 0.4609375 0.5234375 0.4505208333333333 0.5260416666666666 0.44921875
3 0.7369791666666666 0.3606770833333333 0.74609375 0.3658854166666667 0.74609375 0.3723958333333333 0.7421875 0.375 0.7369791666666666 0.3841145833333333 0.734375 0.3802083333333333 0.734375 0.3658854166666667 0.7369791666666666 0.3619791666666667
3 0.3880208333333333 0.22786458333333334 0.3932291666666667 0.22786458333333334 0.39453125 0.23177083333333334 0.39453125 0.2526041666666667 0.3893229166666667 0.25390625 0.3854166666666667 0.23697916666666666 0.3880208333333333 0.22916666666666666
3 0.4270833333333333 0.8697916666666666 0.4283854166666667 0.8723958333333334 0.4244791666666667 0.8971354166666666 0.4205729166666667 0.9010416666666666 0.41796875 0.8984375 0.4153645833333333 0.8854166666666666 0.4192708333333333 0.875 0.42578125 0.8697916666666666
3 0.5065104166666666 0.18098958333333334 0.5091145833333334 0.18619791666666666 0.5091145833333334 0.1953125 0.50390625 0.2109375 0.4973958333333333 0.203125 0.49609375 0.19140625 0.4973958333333333 0.18489583333333334 0.5013020833333334 0.18098958333333334 0.5052083333333334 0.18098958333333334
3 0.1875 0.5572916666666666 0.19010416666666666 0.5598958333333334 0.19140625 0.5716145833333334 0.18489583333333334 0.578125 0.18098958333333334 0.5768229166666666 0.17708333333333334 0.5716145833333334 0.17708333333333334 0.5651041666666666 0.18098958333333334 0.5572916666666666 0.18619791666666666 0.5572916666666666
3 0.33515625 0.5763888893229167 0.3359375 0.56527777734375 0.3328125 0.55972222265625 0.32890625 0.5611111106770833 0.32890625 0.5791666666666667 0.33515625 0.5763888893229167
3 0.37109375 0.7694444440104166 0.37109375 0.75972222265625 0.3640625 0.7569444440104167 0.36328125 0.7736111106770833 0.37109375 0.7694444440104166
3 0.546875 0.6986111106770833 0.55078125 0.6930555559895833 0.54921875 0.6819444440104167 0.5453125 0.6791666666666667 0.5421874999999999 0.6875 0.546875 0.6986111106770833
3 0.6265625 0.8541666666666666 0.625 0.8416666666666667 0.6171875 0.8388888893229166 0.61953125 0.8569444440104167 0.6265625 0.8541666666666666
3 0.51953125 0.45 0.525 0.4319444440104167 0.5234375 0.42222222265625 0.51796875 0.42222222265625 0.5164062500000001 0.44722222265624995 0.51953125 0.45
3 0.9226562500000001 0.5069444440104166 0.92578125 0.50277777734375 0.92578125 0.49305555598958334 0.9148437500000001 0.49305555598958334 0.9109375000000001 0.50277777734375 0.9226562500000001 0.5069444440104166
3 0.7765624999999999 0.20555555598958333 0.77890625 0.20972222265624998 0.7898437500000001 0.19583333333333333 0.790625 0.18472222265625002 0.7859375000000001 0.18333333333333335 0.7804687499999999 0.19166666666666665 0.7765624999999999 0.20555555598958333