1 0.49062500000000003 0.8388888893229166 0.49374999999999997 0.8388888893229166 0.49453125000000003 0.8375 0.49453125000000003 0.8333333333333334 0.49296875 0.8319444440104166 0.49140625 0.8319444440104166 0.49062500000000003 0.8333333333333334 0.49062500000000003 0.8388888893229166
0 0.9036458333333334 0.4166666666666667 0.9140625 0.4140625 0.9986979166666666 0.4114583333333333 0.9986979166666666 0.4192708333333333 0.9192708333333334 0.4205729166666667 0.8997395833333334 0.42578125 0.88671875 0.4361979166666667 0.875 0.4544270833333333 0.8658854166666666 0.4778645833333333 0.8619791666666666 0.5 0.86328125 0.5533854166666666 0.875 0.58984375 0.8880208333333334 0.6080729166666666 0.8984375 0.6171875 0.91015625 0.6223958333333334 0.9986979166666666 0.6197916666666666 0.9986979166666666 0.6263020833333334 0.9322916666666666 0.62890625 0.90625 0.6276041666666666 0.8919270833333334 0.6184895833333334 0.8802083333333334 0.6067708333333334 0.8684895833333334 0.5859375 0.8606770833333334 0.55859375 0.8580729166666666 0.5299479166666666 0.8619791666666666 0.4817708333333333 0.8684895833333334 0.4583333333333333 0.87890625 0.4427083333333333 0.8802083333333334 0.4375 0.8880208333333334 0.4283854166666667 0.9036458333333334 0.41796875
0 0.14973958333333334 0.4453125 0.15885416666666666 0.44921875 0.17057291666666666 0.4583333333333333 0.18229166666666666 0.4752604166666667 0.19140625 0.49609375 0.19791666666666666 0.5286458333333334 0.19791666666666666 0.5403645833333334 0.1953125 0.5442708333333334 0.1953125 0.5494791666666666 0.19791666666666666 0.5533854166666666 0.19791666666666666 0.5755208333333334 0.19140625 0.60546875 0.18229166666666666 0.6263020833333334 0.17578125 0.6354166666666666 0.15885416666666666 0.6510416666666666 0.140625 0.65625 0.08984375 0.6588541666666666 0.03515625 0.6588541666666666 0.03515625 0.6549479166666666 0.14453125 0.6510416666666666 0.16015625 0.6432291666666666 0.17578125 0.6276041666666666 0.1875 0.60546875 0.19140625 0.59375 0.19270833333333334 0.57421875 0.1953125 0.5690104166666666 0.19401041666666666 0.5247395833333334 0.19140625 0.5078125 0.18489583333333334 0.4895833333333333 0.17578125 0.47265625 0.16145833333333334 0.45703125 0.15234375 0.4518229166666667 0.13802083333333334 0.44921875 0.037760416666666664 0.453125 0.032552083333333336 0.4518229166666667 0.03125 0.44921875 0.052083333333333336 0.4466145833333333 0.1484375 0.4453125
2 0.5234375 0.12239583333333333 0.5260416666666666 0.13802083333333334 0.5260416666666666 0.3567708333333333 0.5286458333333334 0.3893229166666667 0.52734375 0.5182291666666666 0.5299479166666666 0.5768229166666666 0.53125 0.8424479166666666 0.5338541666666666 0.8658854166666666 0.5338541666666666 0.9466145833333334 0.53125 0.9479166666666666 0.5286458333333334 0.8723958333333334 0.52734375 0.6315104166666666 0.5247395833333334 0.6197916666666666 0.5260416666666666 0.55859375 0.5234375 0.2955729166666667 0.5247395833333334 0.24088541666666666 0.5221354166666666 0.15885416666666666 0.5234375 0.12369791666666667
3 0.5065104166666666 0.21354166666666666 0.5104166666666666 0.21744791666666666 0.51171875 0.22265625 0.5065104166666666 0.24609375 0.5013020833333334 0.2421875 0.5 0.23307291666666666 0.5 0.21875 0.5052083333333334 0.21354166666666666
3 0.91015625 0.5234375 0.92578125 0.5234375 0.9270833333333334 0.5260416666666666 0.9270833333333334 0.5338541666666666 0.9244791666666666 0.5377604166666666 0.91015625 0.5377604166666666 0.91015625 0.5247395833333334
3 0.20052083333333334 0.5546875 0.19921875 0.5442708333333334 0.20052083333333334 0.5403645833333334 0.20442708333333334 0.5377604166666666 0.20833333333333334 0.5403645833333334 0.21354166666666666 0.5403645833333334 0.21354166666666666 0.5546875 0.20833333333333334 0.55859375 0.20442708333333334 0.55859375 0.20182291666666666 0.5546875
3 0.40234375 0.28125 0.4075520833333333 0.2864583333333333 0.40625 0.30078125 0.4088541666666667 0.3046875 0.40625 0.3098958333333333 0.40234375 0.3059895833333333 0.3984375 0.2955729166666667 0.3984375 0.2890625 0.40234375 0.2825520833333333
3 0.65078125 0.8458333333333333 0.6515624999999999 0.8513888893229167 0.65234375 0.8513888893229167 0.65390625 0.8624999999999999 0.6554687499999999 0.8624999999999999 0.6554687499999999 0.8555555559895834 0.65625 0.8541666666666666 0.6609375000000001 0.8541666666666666 0.66171875 0.8527777773437499 0.66171875 0.8444444440104166 0.6609375000000001 0.8402777773437501 0.6578125 0.8375 0.65234375 0.8430555559895834 0.65078125 0.8458333333333333
3 0.5671875000000001 0.67222222265625 0.56640625 0.6736111106770833 0.56640625 0.67777777734375 0.5671875000000001 0.6791666666666667 0.5710937500000001 0.6819444440104167 0.571875 0.6805555559895833 0.57421875 0.67222222265625 0.57578125 0.6708333333333334 0.57578125 0.6625 0.5750000000000001 0.6611111106770834 0.56875 0.6611111106770834 0.5671875000000001 0.6638888893229167 0.5671875000000001 0.67222222265625
3 0.39140625 0.7374999999999999 0.39375 0.7416666666666667 0.39609374999999997 0.7416666666666667 0.39765625 0.74027777734375 0.3984375 0.7374999999999999 0.3984375 0.7263888893229167 0.39921875 0.725 0.39921875 0.7222222226562499 0.3984375 0.7208333333333333 0.39453125 0.7208333333333333 0.39140625 0.7236111106770834 0.39140625 0.7374999999999999
3 0.485746875 0.86719722265625 0.49247890624999996 0.8591069440104167 0.48772734375 0.8569958333333334 0.48990546875 0.8479638893229167 0.47941093749999997 0.8489055559895834 0.478025 0.8562916666666666 0.485746875 0.86719722265625
3 0.35625 0.56527777734375 0.35625 0.5541666666666667 0.35078125 0.5499999999999999 0.34921874999999997 0.5625 0.35625 0.56527777734375
3 0.5437500000000001 0.41527777734375 0.55078125 0.41527777734375 0.55703125 0.4055555559895833 0.55078125 0.39027777734375 0.5453125 0.40277777734375 0.5390625 0.4069444440104167 0.5437500000000001 0.41527777734375
3 0.7421875 0.41944444401041664 0.74453125 0.41527777734375 0.7429687500000001 0.4083333333333334 0.7351562500000001 0.4069444440104167 0.7335937499999999 0.42222222265625 0.7421875 0.41944444401041664
3 0.7726562499999999 0.22777777734375002 0.7804687499999999 0.2138888893229167 0.7796875 0.2041666666666667 0.77109375 0.20972222265624998 0.76796875 0.22777777734375002 0.7726562499999999 0.22777777734375002