1 0.36953125000000003 0.5819444440104167 0.3703125 0.5805555559895833 0.3703125 0.5736111106770834 0.36953125000000003 0.57222222265625 0.36640625 0.57222222265625 0.36640625 0.5791666666666667 0.36796875 0.5819444440104167 0.36953125000000003 0.5819444440104167
0 0 0.4140625 0.08984375 0.4166666666666667 0.09114583333333333 0.4192708333333333 0.09765625 0.4192708333333333 0.11458333333333333 0.4283854166666667 0.13411458333333334 0.4557291666666667 0.14322916666666666 0.4869791666666667 0.14322916666666666 0.4947916666666667 0.14583333333333334 0.4986979166666667 0.14713541666666666 0.5169270833333334 0.14583333333333334 0.5494791666666666 0.14322916666666666 0.5533854166666666 0.14322916666666666 0.5638020833333334 0.13802083333333334 0.58203125 0.12630208333333334 0.60546875 0.11458333333333333 0.6197916666666666 0.09635416666666667 0.6302083333333334 0.0390625 0.6302083333333334 0 0.6276041666666666 0 0.62109375 0.0625 0.6236979166666666 0.09505208333333333 0.6236979166666666 0.10286458333333333 0.62109375 0.11979166666666667 0.6067708333333334 0.13151041666666666 0.5872395833333334 0.140625 0.55859375 0.14322916666666666 0.5390625 0.14322916666666666 0.5052083333333334 0.13671875 0.4752604166666667 0.12760416666666666 0.453125 0.11067708333333333 0.4322916666666667 0.09244791666666667 0.4231770833333333 0.01953125 0.4205729166666667 0.010416666666666666 0.421875 0 0.4205729166666667 0 0.4153645833333333
0 0.8697916666666666 0.4466145833333333 0.9739583333333334 0.4505208333333333 0.9752604166666666 0.4544270833333333 0.9401041666666666 0.4557291666666667 0.8580729166666666 0.453125 0.83984375 0.46484375 0.8294270833333334 0.4765625 0.8190104166666666 0.49609375 0.8111979166666666 0.5260416666666666 0.8098958333333334 0.5716145833333334 0.8190104166666666 0.6106770833333334 0.8333333333333334 0.6354166666666666 0.8463541666666666 0.6484375 0.8580729166666666 0.6536458333333334 0.953125 0.6575520833333334 0.9700520833333334 0.6588541666666666 0.9739583333333334 0.6614583333333334 0.9375 0.6627604166666666 0.8580729166666666 0.6588541666666666 0.83984375 0.6497395833333334 0.828125 0.63671875 0.8203125 0.6223958333333334 0.8125 0.6015625 0.8072916666666666 0.5755208333333334 0.8072916666666666 0.5338541666666666 0.8125 0.5065104166666666 0.82421875 0.4765625 0.8385416666666666 0.4583333333333333 0.8528645833333334 0.44921875 0.8684895833333334 0.4479166666666667
2 0.48046875 0.12369791666666667 0.4830729166666667 0.1484375 0.4778645833333333 0.57421875 0.4791666666666667 0.6302083333333334 0.4752604166666667 0.75390625 0.4752604166666667 0.92578125 0.4739583333333333 0.9505208333333334 0.4713541666666667 0.9505208333333334 0.4700520833333333 0.9270833333333334 0.47265625 0.8671875 0.47265625 0.7135416666666666 0.4752604166666667 0.6614583333333334 0.4739583333333333 0.6171875 0.48046875 0.125
3 0.5885416666666666 0.4088541666666667 0.5911458333333334 0.4114583333333333 0.5911458333333334 0.4231770833333333 0.5885416666666666 0.4309895833333333 0.5846354166666666 0.4322916666666667 0.5794270833333334 0.4192708333333333 0.5872395833333334 0.41015625
3 0.4440104166666667 0.24869791666666666 0.4466145833333333 0.24869791666666666 0.4518229166666667 0.2591145833333333 0.4466145833333333 0.2721354166666667 0.4440104166666667 0.2682291666666667 0.4440104166666667 0.25
3 0.3997395833333333 0.20052083333333334 0.4036458333333333 0.20703125 0.4036458333333333 0.21744791666666666 0.4010416666666667 0.22005208333333334 0.39453125 0.2109375 0.39453125 0.19921875 0.3971354166666667 0.19791666666666666 0.3984375 0.20052083333333334
3 0.5377604166666666 0.6106770833333334 0.54296875 0.6119791666666666 0.5455729166666666 0.6158854166666666 0.5442708333333334 0.62890625 0.5390625 0.62890625 0.5377604166666666 0.6263020833333334 0.5377604166666666 0.62109375 0.5338541666666666 0.61328125 0.5364583333333334 0.6106770833333334
3 0.22005208333333334 0.65625 0.22135416666666666 0.66796875 0.22005208333333334 0.6705729166666666 0.21614583333333334 0.6692708333333334 0.21354166666666666 0.671875 0.20963541666666666 0.6705729166666666 0.20963541666666666 0.6588541666666666 0.21223958333333334 0.65625 0.21875 0.65625
3 0.3385416666666667 0.5872395833333334 0.34375 0.5911458333333334 0.3450520833333333 0.6002604166666666 0.3411458333333333 0.6015625 0.3359375 0.5963541666666666 0.3372395833333333 0.5885416666666666
3 0.4401041666666667 0.7473958333333334 0.4427083333333333 0.7486979166666666 0.4440104166666667 0.7669270833333334 0.4388020833333333 0.7669270833333334 0.4348958333333333 0.7643229166666666 0.4348958333333333 0.7591145833333334 0.4401041666666667 0.7486979166666666
3 0.24869791666666666 0.4518229166666667 0.24869791666666666 0.46875 0.24609375 0.4700520833333333 0.23828125 0.46484375 0.23697916666666666 0.4609375 0.23828125 0.4544270833333333 0.24739583333333334 0.453125
3 0.3307291666666667 0.51171875 0.3411458333333333 0.515625 0.3528645833333333 0.5260416666666666 0.3515625 0.53125 0.33984375 0.53515625 0.3359375 0.5299479166666666 0.3307291666666667 0.5130208333333334
3 0.42578125 0.3776041666666667 0.4283854166666667 0.3776041666666667 0.4309895833333333 0.3828125 0.4309895833333333 0.3971354166666667 0.4283854166666667 0.4010416666666667 0.42578125 0.4010416666666667 0.42578125 0.37890625
3 0.3841145833333333 0.8359375 0.3893229166666667 0.83984375 0.3893229166666667 0.85546875 0.3854166666666667 0.8567708333333334 0.3776041666666667 0.8502604166666666 0.3776041666666667 0.8450520833333334 0.3828125 0.8372395833333334
3 0.3828125 0.5 0.37578125 0.49722222265625 0.371875 0.50277777734375 0.37109375 0.5125000000000001 0.37578125 0.5208333333333334 0.38437499999999997 0.5180555559895833 0.3828125 0.5