1 0.4953125 0.8361111106770833 0.49609375 0.8375 0.49843750000000003 0.8375 0.5 0.8347222226562501 0.5 0.8319444440104166 0.49843750000000003 0.8291666666666666 0.49609375 0.8291666666666666 0.4953125 0.8305555559895833 0.4953125 0.8361111106770833
0 0.9049479166666666 0.4166666666666667 0.921875 0.4140625 0.9661458333333334 0.4140625 0.9986979166666666 0.4114583333333333 0.9986979166666666 0.4192708333333333 0.91015625 0.421875 0.8984375 0.4270833333333333 0.88671875 0.4361979166666667 0.875 0.4544270833333333 0.8658854166666666 0.4791666666666667 0.8619791666666666 0.5 0.86328125 0.5546875 0.8736979166666666 0.5859375 0.88671875 0.6067708333333334 0.8997395833333334 0.6184895833333334 0.91015625 0.6223958333333334 0.9986979166666666 0.6197916666666666 0.9986979166666666 0.6263020833333334 0.98828125 0.6276041666666666 0.90625 0.6276041666666666 0.8932291666666666 0.6197916666666666 0.87890625 0.60546875 0.875 0.5950520833333334 0.8684895833333334 0.5859375 0.859375 0.55078125 0.8580729166666666 0.515625 0.8606770833333334 0.48828125 0.8684895833333334 0.4583333333333333 0.87890625 0.4427083333333333 0.8802083333333334 0.4375 0.8880208333333334 0.4283854166666667 0.9049479166666666 0.41796875
0 0.1484375 0.4453125 0.1640625 0.453125 0.17838541666666666 0.46875 0.1875 0.4869791666666667 0.19401041666666666 0.5065104166666666 0.1953125 0.5234375 0.19921875 0.5364583333333334 0.19661458333333334 0.5442708333333334 0.19791666666666666 0.578125 0.18619791666666666 0.6184895833333334 0.17838541666666666 0.6328125 0.1640625 0.6458333333333334 0.1640625 0.6484375 0.15104166666666666 0.6549479166666666 0.13671875 0.6575520833333334 0.049479166666666664 0.66015625 0.03515625 0.66015625 0.03515625 0.65625 0.04296875 0.6549479166666666 0.1328125 0.65234375 0.15364583333333334 0.6484375 0.17317708333333334 0.6315104166666666 0.18098958333333334 0.6158854166666666 0.18359375 0.6145833333333334 0.19140625 0.5924479166666666 0.19270833333333334 0.57421875 0.1953125 0.5690104166666666 0.19401041666666666 0.5247395833333334 0.1875 0.49609375 0.171875 0.4674479166666667 0.15885416666666666 0.4557291666666667 0.14713541666666666 0.4505208333333333 0.032552083333333336 0.453125 0.032552083333333336 0.44921875 0.03515625 0.4479166666666667 0.14713541666666666 0.4453125
2 0.5286458333333334 0.8723958333333334 0.52734375 0.6223958333333334 0.5247395833333334 0.5638020833333334 0.5247395833333334 0.3111979166666667 0.5221354166666666 0.18619791666666666 0.5221354166666666 0.12369791666666667 0.5247395833333334 0.12239583333333333 0.5286458333333334 0.4036458333333333 0.52734375 0.5338541666666666 0.5299479166666666 0.5703125 0.53125 0.8567708333333334 0.5338541666666666 0.8932291666666666 0.5338541666666666 0.9466145833333334 0.53125 0.9479166666666666 0.5299479166666666 0.8736979166666666
3 0.40625 0.2877604166666667 0.4088541666666667 0.2890625 0.41015625 0.2942708333333333 0.4075520833333333 0.3111979166666667 0.4036458333333333 0.3098958333333333 0.40234375 0.3020833333333333 0.3997395833333333 0.2994791666666667 0.4010416666666667 0.2916666666666667 0.4049479166666667 0.2877604166666667
3 0.3958333333333333 0.7356770833333334 0.39453125 0.7213541666666666 0.3984375 0.7161458333333334 0.40625 0.7174479166666666 0.40625 0.7213541666666666 0.4010416666666667 0.7356770833333334 0.3971354166666667 0.7356770833333334
3 0.3567708333333333 0.55078125 0.3606770833333333 0.5546875 0.3580729166666667 0.5651041666666666 0.3541666666666667 0.5690104166666666 0.3515625 0.5690104166666666 0.3489583333333333 0.5651041666666666 0.3489583333333333 0.5533854166666666 0.3515625 0.55078125 0.35546875 0.55078125
3 0.5768229166666666 0.65625 0.5768229166666666 0.6731770833333334 0.5729166666666666 0.67578125 0.56640625 0.6731770833333334 0.5677083333333334 0.6614583333333334 0.5755208333333334 0.6575520833333334
3 0.7408854166666666 0.4127604166666667 0.7421875 0.421875 0.7330729166666666 0.4296875 0.7330729166666666 0.4322916666666667 0.7278645833333334 0.4296875 0.73046875 0.4166666666666667 0.7317708333333334 0.4127604166666667 0.7356770833333334 0.41015625 0.7395833333333334 0.4127604166666667
3 0.4895833333333333 0.8580729166666666 0.011067708333333334 0.027994791666666668
3 0.5104166666666666 0.22005208333333334 0.51171875 0.23697916666666666 0.5078125 0.2421875 0.5078125 0.24869791666666666 0.50390625 0.24739583333333334 0.5 0.22916666666666666 0.5013020833333334 0.22135416666666666 0.50390625 0.21875 0.5091145833333334 0.22005208333333334
3 0.7669270833333334 0.22395833333333334 0.7669270833333334 0.21354166666666666 0.7747395833333334 0.20442708333333334 0.77734375 0.20572916666666666 0.7786458333333334 0.21354166666666666 0.7760416666666666 0.22005208333333334 0.7708333333333334 0.22526041666666666 0.7682291666666666 0.22395833333333334
3 0.9244791666666666 0.5208333333333334 0.9283854166666666 0.5247395833333334 0.9283854166666666 0.5364583333333334 0.92578125 0.5390625 0.9192708333333334 0.5364583333333334 0.9127604166666666 0.5403645833333334 0.91015625 0.5390625 0.9114583333333334 0.5325520833333334 0.9244791666666666 0.5221354166666666
3 0.20833333333333334 0.5364583333333334 0.21875 0.5455729166666666 0.21744791666666666 0.5533854166666666 0.21484375 0.5572916666666666 0.2109375 0.55859375 0.20572916666666666 0.5572916666666666 0.19921875 0.546875 0.203125 0.5377604166666666 0.20703125 0.5364583333333334
3 0.5625 0.3958333333333333 0.56640625 0.3997395833333333 0.5625 0.4140625 0.5559895833333334 0.4140625 0.55078125 0.4049479166666667 0.5520833333333334 0.4010416666666667 0.5625 0.3971354166666667
3 0.65625 0.8416666666666667 0.6570312500000001 0.8430555559895834 0.6570312500000001 0.85 0.6578125 0.8527777773437499 0.6625 0.8541666666666666 0.6648437500000001 0.8527777773437499 0.665625 0.8513888893229167 0.665625 0.8472222226562499 0.6648437500000001 0.8458333333333333 0.6648437500000001 0.8416666666666667 0.6625 0.8375 0.65859375 0.8375 0.65625 0.8416666666666667