1 0.39921875 0.62777777734375 0.39999999999999997 0.6291666666666667 0.40234375 0.6291666666666667 0.403125 0.62777777734375 0.403125 0.62222222265625 0.4015625 0.6194444440104167 0.39999999999999997 0.6194444440104167 0.39921875 0.6208333333333333 0.39921875 0.62777777734375
0 0 0.4140625 0.09114583333333333 0.4166666666666667 0.09244791666666667 0.4192708333333333 0.10416666666666667 0.421875 0.11458333333333333 0.4283854166666667 0.13020833333333334 0.44921875 0.13802083333333334 0.4674479166666667 0.14583333333333334 0.5 0.14713541666666666 0.5182291666666666 0.14583333333333334 0.5481770833333334 0.14322916666666666 0.5533854166666666 0.14192708333333334 0.5703125 0.13411458333333334 0.5924479166666666 0.11458333333333333 0.6197916666666666 0.09635416666666667 0.6302083333333334 0.037760416666666664 0.6302083333333334 0 0.6276041666666666 0 0.6223958333333334 0.09635416666666667 0.6236979166666666 0.10286458333333333 0.62109375 0.11979166666666667 0.6067708333333334 0.12109375 0.6015625 0.1328125 0.5846354166666666 0.13671875 0.5677083333333334 0.13932291666666666 0.5651041666666666 0.14322916666666666 0.5390625 0.14322916666666666 0.5065104166666666 0.13932291666666666 0.4830729166666667 0.13671875 0.48046875 0.13671875 0.4752604166666667 0.12760416666666666 0.453125 0.11067708333333333 0.4322916666666667 0.09244791666666667 0.4231770833333333 0.01171875 0.421875 0 0.4205729166666667 0 0.4153645833333333
0 0.9479166666666666 0.44921875 0.9713541666666666 0.4505208333333333 0.9765625 0.453125 0.9739583333333334 0.4557291666666667 0.8580729166666666 0.453125 0.83984375 0.46484375 0.8268229166666666 0.4817708333333333 0.8190104166666666 0.4973958333333333 0.8177083333333334 0.5078125 0.8138020833333334 0.5143229166666666 0.8098958333333334 0.5481770833333334 0.8111979166666666 0.578125 0.8177083333333334 0.60546875 0.8268229166666666 0.6223958333333334 0.8268229166666666 0.6263020833333334 0.8463541666666666 0.6484375 0.8658854166666666 0.6549479166666666 0.9544270833333334 0.6575520833333334 0.9700520833333334 0.6588541666666666 0.9739583333333334 0.66015625 0.97265625 0.6627604166666666 0.8828125 0.6614583333333334 0.8645833333333334 0.66015625 0.8502604166666666 0.65625 0.83984375 0.6497395833333334 0.82421875 0.6302083333333334 0.8229166666666666 0.6236979166666666 0.8151041666666666 0.609375 0.80859375 0.5807291666666666 0.8072916666666666 0.5390625 0.8125 0.5078125 0.82421875 0.4765625 0.83984375 0.45703125 0.8580729166666666 0.4479166666666667 0.9466145833333334 0.44921875
2 0.48046875 0.12369791666666667 0.4830729166666667 0.13020833333333334 0.4830729166666667 0.15234375 0.4791666666666667 0.6328125 0.4752604166666667 0.76953125 0.4752604166666667 0.9309895833333334 0.4739583333333333 0.9518229166666666 0.4713541666666667 0.9505208333333334 0.4700520833333333 0.92578125 0.47265625 0.8880208333333334 0.4713541666666667 0.8697916666666666 0.4752604166666667 0.6731770833333334 0.4739583333333333 0.6197916666666666 0.4765625 0.5520833333333334 0.4765625 0.359375 0.4791666666666667 0.30078125 0.4778645833333333 0.2825520833333333 0.48046875 0.125
3 0.4459635416666667 0.2591145833333333 0.008463541666666666 0.026692708333333332
3 0.3932291666666667 0.19661458333333334 0.3958333333333333 0.19661458333333334 0.40234375 0.203125 0.4036458333333333 0.20833333333333334 0.4036458333333333 0.21354166666666666 0.4010416666666667 0.21614583333333334 0.3971354166666667 0.21614583333333334 0.3932291666666667 0.20572916666666666 0.3932291666666667 0.19791666666666666
3 0.54296875 0.6158854166666666 0.5481770833333334 0.6223958333333334 0.5481770833333334 0.6393229166666666 0.5455729166666666 0.6393229166666666 0.54296875 0.6354166666666666 0.5416666666666666 0.6171875
3 0.3424479166666667 0.5911458333333334 0.3450520833333333 0.5911458333333334 0.3489583333333333 0.6002604166666666 0.3489583333333333 0.6067708333333334 0.3424479166666667 0.6106770833333334 0.33984375 0.6080729166666666 0.33984375 0.5963541666666666 0.3424479166666667 0.5924479166666666
3 0.22005208333333334 0.65625 0.22395833333333334 0.67578125 0.21875 0.6731770833333334 0.2109375 0.6744791666666666 0.2109375 0.6614583333333334 0.21875 0.65625
3 0.443359375 0.7643229166666666 0.014973958333333334 0.034505208333333336
3 0.4453125 0.7473958333333334 0.4466145833333333 0.7643229166666666 0.4427083333333333 0.7669270833333334 0.4375 0.7630208333333334 0.4375 0.75390625 0.4427083333333333 0.7526041666666666 0.4453125 0.7486979166666666
3 0.23307291666666666 0.46484375 0.24348958333333334 0.4635416666666667 0.24609375 0.4661458333333333 0.24479166666666666 0.4778645833333333 0.23828125 0.4778645833333333 0.23307291666666666 0.47265625 0.23307291666666666 0.4661458333333333
3 0.3450520833333333 0.5078125 0.34765625 0.5169270833333334 0.3450520833333333 0.5247395833333334 0.3385416666666667 0.5234375 0.3385416666666667 0.51171875 0.34375 0.5078125
3 0.5729166666666666 0.4114583333333333 0.58203125 0.4075520833333333 0.5846354166666666 0.4127604166666667 0.5846354166666666 0.4270833333333333 0.58203125 0.4296875 0.578125 0.4296875 0.5768229166666666 0.4270833333333333 0.57421875 0.4127604166666667
3 0.42578125 0.3815104166666667 0.4309895833333333 0.38671875 0.4270833333333333 0.3984375 0.421875 0.3919270833333333 0.421875 0.3828125 0.4244791666666667 0.3815104166666667
3 0.3828125 0.8372395833333334 0.3919270833333333 0.8450520833333334 0.3919270833333333 0.85546875 0.3893229166666667 0.859375 0.38671875 0.859375 0.3828125 0.8528645833333334 0.3828125 0.8385416666666666
3 0.3859375 0.5083333333333333 0.3828125 0.5013888893229167 0.37578125 0.5013888893229167 0.371875 0.51527777734375 0.38046874999999997 0.5236111106770833 0.38671875 0.5138888893229167 0.3859375 0.5083333333333333