1 0.62265625 0.7388888893229167 0.6234375 0.74027777734375 0.6265625 0.74027777734375 0.62734375 0.7374999999999999 0.62734375 0.7333333333333334 0.6265625 0.7319444440104167 0.6234375 0.7319444440104167 0.62265625 0.7333333333333334 0.62265625 0.7388888893229167
0 0 0.4114583333333333 0.08723958333333333 0.4140625 0.09505208333333333 0.4166666666666667 0.09635416666666667 0.4192708333333333 0.11067708333333333 0.4270833333333333 0.11848958333333333 0.4361979166666667 0.11979166666666667 0.44140625 0.13020833333333334 0.45703125 0.13932291666666666 0.4908854166666667 0.14192708333333334 0.5182291666666666 0.13932291666666666 0.5533854166666666 0.13020833333333334 0.5872395833333334 0.11848958333333333 0.6067708333333334 0.10677083333333333 0.6184895833333334 0.08854166666666667 0.6276041666666666 0 0.6263020833333334 0 0.6197916666666666 0.09114583333333333 0.62109375 0.1015625 0.6158854166666666 0.11197916666666667 0.6067708333333334 0.11197916666666667 0.6041666666666666 0.125 0.5872395833333334 0.13541666666666666 0.5559895833333334 0.13671875 0.5364583333333334 0.13932291666666666 0.5299479166666666 0.13671875 0.4908854166666667 0.13151041666666666 0.47265625 0.11979166666666667 0.4466145833333333 0.10546875 0.4296875 0.09505208333333333 0.4231770833333333 0.08463541666666667 0.4205729166666667 0.010416666666666666 0.4192708333333333 0 0.41796875 0 0.4127604166666667
0 0.8932291666666666 0.4440104166666667 0.96484375 0.4466145833333333 0.9674479166666666 0.4505208333333333 0.9361979166666666 0.4518229166666667 0.8515625 0.44921875 0.8359375 0.45703125 0.8229166666666666 0.4713541666666667 0.8138020833333334 0.48828125 0.8033854166666666 0.5247395833333334 0.8033854166666666 0.5703125 0.8059895833333334 0.5768229166666666 0.8072916666666666 0.5924479166666666 0.8098958333333334 0.5950520833333334 0.8151041666666666 0.61328125 0.8229166666666666 0.6263020833333334 0.8359375 0.640625 0.84765625 0.6458333333333334 0.8489583333333334 0.6484375 0.8723958333333334 0.6510416666666666 0.9635416666666666 0.6536458333333334 0.9635416666666666 0.6588541666666666 0.875 0.65625 0.85546875 0.6549479166666666 0.8424479166666666 0.6510416666666666 0.8229166666666666 0.6341145833333334 0.80859375 0.6067708333333334 0.8072916666666666 0.59765625 0.8033854166666666 0.5911458333333334 0.80078125 0.5729166666666666 0.80078125 0.5247395833333334 0.80859375 0.4908854166666667 0.8151041666666666 0.48046875 0.81640625 0.4739583333333333 0.83203125 0.453125 0.8463541666666666 0.4453125 0.8919270833333334 0.4440104166666667
2 0.4739583333333333 0.12109375 0.4765625 0.12369791666666667 0.4739583333333333 0.3203125 0.4752604166666667 0.4661458333333333 0.47265625 0.56640625 0.4739583333333333 0.6276041666666666 0.4713541666666667 0.6315104166666666 0.4713541666666667 0.7981770833333334 0.46875 0.859375 0.4700520833333333 0.8984375 0.4674479166666667 0.9270833333333334 0.46875 0.9427083333333334 0.4661458333333333 0.9466145833333334 0.46484375 0.94140625 0.46875 0.73828125 0.4661458333333333 0.68359375 0.46875 0.67578125 0.46875 0.5807291666666666 0.4713541666666667 0.5442708333333334 0.4700520833333333 0.4557291666666667 0.47265625 0.44921875 0.4713541666666667 0.3190104166666667 0.4739583333333333 0.12239583333333333
3 0.6145833333333334 0.19010416666666666 0.6184895833333334 0.1953125 0.6145833333333334 0.21484375 0.609375 0.21354166666666666 0.609375 0.19270833333333334 0.61328125 0.19010416666666666
3 0.671875 0.55859375 0.6744791666666666 0.5598958333333334 0.6783854166666666 0.5716145833333334 0.67578125 0.5807291666666666 0.67578125 0.5989583333333334 0.671875 0.5989583333333334 0.671875 0.5911458333333334 0.66796875 0.5794270833333334 0.66796875 0.5677083333333334 0.6705729166666666 0.5598958333333334
3 0.3828125 0.8411458333333334 0.3893229166666667 0.8502604166666666 0.390625 0.8580729166666666 0.3893229166666667 0.8671875 0.38671875 0.8697916666666666 0.3828125 0.8658854166666666 0.3828125 0.8424479166666666
3 0.2526041666666667 0.34375 0.2604166666666667 0.34375 0.2643229166666667 0.359375 0.2643229166666667 0.3619791666666667 0.26171875 0.36328125 0.2526041666666667 0.3567708333333333 0.2526041666666667 0.3450520833333333
3 0.5924479166666666 0.8776041666666666 0.5950520833333334 0.8776041666666666 0.5950520833333334 0.8828125 0.6028645833333334 0.8919270833333334 0.6041666666666666 0.9075520833333334 0.5989583333333334 0.9127604166666666 0.59375 0.91015625 0.5924479166666666 0.87890625
3 0.4908854166666667 0.16015625 0.4947916666666667 0.16015625 0.4973958333333333 0.16276041666666666 0.5 0.171875 0.4973958333333333 0.19140625 0.4921875 0.19401041666666666 0.4908854166666667 0.19270833333333334 0.4908854166666667 0.18619791666666666 0.4869791666666667 0.17838541666666666 0.4869791666666667 0.16927083333333334 0.4908854166666667 0.16145833333333334
3 0.4596354166666667 0.671875 0.4635416666666667 0.68359375 0.4622395833333333 0.6901041666666666 0.4596354166666667 0.69140625 0.4557291666666667 0.6888020833333334 0.453125 0.6809895833333334 0.4544270833333333 0.6744791666666666 0.4583333333333333 0.671875
3 0.20703125 0.16666666666666666 0.2109375 0.16666666666666666 0.21614583333333334 0.17447916666666666 0.21744791666666666 0.18098958333333334 0.21744791666666666 0.19010416666666666 0.21354166666666666 0.19661458333333334 0.21354166666666666 0.19270833333333334 0.20572916666666666 0.17838541666666666 0.20703125 0.16796875
3 0.08072916666666667 0.4765625 0.0859375 0.4817708333333333 0.09114583333333333 0.4830729166666667 0.09244791666666667 0.4973958333333333 0.08463541666666667 0.4921875 0.07682291666666667 0.4921875 0.07552083333333333 0.4817708333333333 0.07942708333333333 0.4765625
3 0.8307291666666666 0.5455729166666666 0.8359375 0.5546875 0.8346354166666666 0.5651041666666666 0.8307291666666666 0.5677083333333334 0.8229166666666666 0.5638020833333334 0.8203125 0.5533854166666666 0.8294270833333334 0.5455729166666666
3 0.640625 0.7408854166666666 0.6458333333333334 0.7369791666666666 0.6497395833333334 0.7447916666666666 0.6497395833333334 0.76171875 0.6471354166666666 0.7643229166666666 0.640625 0.7591145833333334 0.63671875 0.7513020833333334 0.63671875 0.7447916666666666 0.640625 0.7421875
3 0.47734375 0.44166666666666665 0.4765625 0.4430555559895833 0.47421874999999997 0.4430555559895833 0.4734375 0.44444444401041666 0.4734375 0.44722222265624995 0.47578125 0.44861111067708337 0.4796875 0.44861111067708337 0.48046875 0.45 0.48125 0.44861111067708337 0.48125 0.44444444401041666 0.48046875 0.4430555559895833 0.47812499999999997 0.4430555559895833 0.47734375 0.44166666666666665