1 0.45 0.6708333333333334 0.45 0.6833333333333332 0.453125 0.6708333333333334 0.45 0.6708333333333334
0 0.5286458333333334 0.4453125 0.5416666666666666 0.44921875 0.5533854166666666 0.4583333333333333 0.56640625 0.4791666666666667 0.5729166666666666 0.4986979166666667 0.5768229166666666 0.5260416666666666 0.5768229166666666 0.546875 0.5690104166666666 0.5846354166666666 0.5572916666666666 0.6067708333333334 0.5455729166666666 0.6171875 0.5325520833333334 0.6236979166666666 0.51953125 0.6236979166666666 0.5091145833333334 0.6197916666666666 0.4973958333333333 0.609375 0.4869791666666667 0.5924479166666666 0.4778645833333333 0.56640625 0.4765625 0.5182291666666666 0.4817708333333333 0.4908854166666667 0.484375 0.48828125 0.4869791666666667 0.4778645833333333 0.5013020833333334 0.4557291666666667 0.5130208333333334 0.4479166666666667 0.52734375 0.4466145833333333
0 0.9986979166666666 0.4114583333333333 0.9986979166666666 0.41796875 0.91015625 0.4205729166666667 0.8997395833333334 0.4244791666666667 0.8841145833333334 0.4375 0.875 0.4505208333333333 0.86328125 0.4817708333333333 0.859375 0.50390625 0.859375 0.5390625 0.8671875 0.5729166666666666 0.875 0.5911458333333334 0.8854166666666666 0.60546875 0.8958333333333334 0.6158854166666666 0.9075520833333334 0.62109375 0.9986979166666666 0.6184895833333334 0.9986979166666666 0.6263020833333334 0.9466145833333334 0.6276041666666666 0.9036458333333334 0.6263020833333334 0.8802083333333334 0.6080729166666666 0.8684895833333334 0.5885416666666666 0.8606770833333334 0.5651041666666666 0.8567708333333334 0.5390625 0.8567708333333334 0.5052083333333334 0.8606770833333334 0.4791666666666667 0.8684895833333334 0.4544270833333333 0.87890625 0.4361979166666667 0.8880208333333334 0.42578125 0.9010416666666666 0.4192708333333333 0.90234375 0.4166666666666667 0.91015625 0.4140625 0.9973958333333334 0.4114583333333333
0 0.14453125 0.4427083333333333 0.16276041666666666 0.4505208333333333 0.17838541666666666 0.46875 0.18619791666666666 0.484375 0.19401041666666666 0.5091145833333334 0.1953125 0.52734375 0.19791666666666666 0.5338541666666666 0.19791666666666666 0.5598958333333334 0.19401041666666666 0.58984375 0.18619791666666666 0.61328125 0.17447916666666666 0.6341145833333334 0.15885416666666666 0.6484375 0.15104166666666666 0.65234375 0.13541666666666666 0.6549479166666666 0.06640625 0.65625 0.036458333333333336 0.6588541666666666 0.032552083333333336 0.6575520833333334 0.033854166666666664 0.6536458333333334 0.045572916666666664 0.65234375 0.14713541666666666 0.6484375 0.16796875 0.6341145833333334 0.18489583333333334 0.6067708333333334 0.19140625 0.5872395833333334 0.1953125 0.5572916666666666 0.1953125 0.53515625 0.18489583333333334 0.4895833333333333 0.17578125 0.47265625 0.1640625 0.4583333333333333 0.15755208333333334 0.453125 0.14453125 0.4479166666666667 0.08072916666666667 0.4505208333333333 0.029947916666666668 0.44921875 0.03515625 0.4453125 0.14322916666666666 0.4427083333333333
2 0.52734375 0.50390625 0.5325520833333334 0.921875 0.53125 0.9466145833333334 0.5286458333333334 0.9453125 0.52734375 0.8684895833333334 0.52734375 0.6861979166666666 0.5247395833333334 0.6471354166666666 0.5234375 0.5338541666666666 0.5234375 0.5052083333333334 0.5260416666666666 0.50390625
3 0.37890625 0.16276041666666666 0.3828125 0.16666666666666666 0.3854166666666667 0.18489583333333334 0.37890625 0.18880208333333334 0.3763020833333333 0.18359375 0.3723958333333333 0.16927083333333334 0.3776041666666667 0.1640625
3 0.3203125 0.5520833333333334 0.32421875 0.5572916666666666 0.3216145833333333 0.5924479166666666 0.3177083333333333 0.5924479166666666 0.31640625 0.55859375 0.3190104166666667 0.5533854166666666
3 0.3958333333333333 0.8815104166666666 0.4010416666666667 0.8854166666666666 0.3984375 0.9114583333333334 0.3971354166666667 0.9140625 0.3919270833333333 0.9127604166666666 0.390625 0.8919270833333334 0.3958333333333333 0.8828125
3 0.5494791666666666 0.6419270833333334 0.5533854166666666 0.640625 0.5559895833333334 0.64453125 0.5546875 0.6536458333333334 0.5520833333333334 0.6588541666666666 0.5481770833333334 0.66015625 0.546875 0.6484375 0.5494791666666666 0.6432291666666666
3 0.7955729166666666 0.1484375 0.7994791666666666 0.15104166666666666 0.7994791666666666 0.16015625 0.7916666666666666 0.16666666666666666 0.7890625 0.17447916666666666 0.78515625 0.17447916666666666 0.7864583333333334 0.15625 0.7942708333333334 0.14973958333333334
3 0.609375 0.8606770833333334 0.6158854166666666 0.8658854166666666 0.6158854166666666 0.8776041666666666 0.6119791666666666 0.8828125 0.609375 0.8828125 0.60546875 0.8776041666666666 0.60546875 0.8671875 0.6028645833333334 0.86328125 0.6028645833333334 0.8606770833333334 0.6080729166666666 0.8606770833333334
3 0.7421875 0.3098958333333333 0.74609375 0.3125 0.74609375 0.3177083333333333 0.7369791666666666 0.3307291666666667 0.7317708333333334 0.3268229166666667 0.7317708333333334 0.3177083333333333 0.7369791666666666 0.3098958333333333 0.7408854166666666 0.3098958333333333
3 0.5091145833333334 0.14322916666666666 0.5182291666666666 0.14322916666666666 0.51953125 0.1484375 0.5182291666666666 0.16796875 0.5143229166666666 0.17578125 0.5104166666666666 0.17578125 0.5078125 0.171875 0.5078125 0.16145833333333334 0.5052083333333334 0.15494791666666666 0.5091145833333334 0.14453125
3 0.2981770833333333 0.7298177083333334 0.011067708333333334 0.0234375
3 0.8997395833333334 0.4765625 0.90625 0.4791666666666667 0.9140625 0.4778645833333333 0.91796875 0.4817708333333333 0.91796875 0.4921875 0.9153645833333334 0.4947916666666667 0.9114583333333334 0.4947916666666667 0.8997395833333334 0.48828125 0.8997395833333334 0.4778645833333333
3 0.5208333333333334 0.4752604166666667 0.5234375 0.4817708333333333 0.5234375 0.4908854166666667 0.5182291666666666 0.4973958333333333 0.515625 0.49609375 0.515625 0.4869791666666667 0.5169270833333334 0.4765625 0.51953125 0.4752604166666667
3 0.16328125000000002 0.5319444440104167 0.16484374999999998 0.525 0.16093749999999998 0.5180555559895833 0.15156250000000002 0.525 0.15156250000000002 0.5375 0.16328125000000002 0.5319444440104167