1 0.8580729166666666 0.9427083333333334 0.8619791666666666 0.9440104166666666 0.8606770833333334 0.9518229166666666 0.8567708333333334 0.9505208333333334 0.8580729166666666 0.9440104166666666
0 0 0.42578125 0.08854166666666667 0.4283854166666667 0.09895833333333333 0.4309895833333333 0.11067708333333333 0.4375 0.12239583333333333 0.4518229166666667 0.13411458333333334 0.47265625 0.140625 0.4947916666666667 0.14453125 0.5364583333333334 0.14192708333333334 0.5703125 0.13411458333333334 0.59765625 0.12760416666666666 0.6119791666666666 0.11588541666666667 0.625 0.11588541666666667 0.6276041666666666 0.10677083333333333 0.6354166666666666 0.09505208333333333 0.640625 0 0.6393229166666666 0 0.6341145833333334 0.09375 0.6354166666666666 0.10286458333333333 0.6315104166666666 0.11979166666666667 0.6145833333333334 0.13151041666666666 0.5924479166666666 0.13932291666666666 0.56640625 0.140625 0.5494791666666666 0.140625 0.5169270833333334 0.13151041666666666 0.4765625 0.11979166666666667 0.4557291666666667 0.10677083333333333 0.4427083333333333 0.09765625 0.4388020833333333 0.09635416666666667 0.4361979166666667 0.08723958333333333 0.43359375 0 0.4309895833333333 0 0.4270833333333333
0 0.8385416666666666 0.4700520833333333 0.8372395833333334 0.4765625 0.8333333333333334 0.4791666666666667 0.8333333333333334 0.4817708333333333 0.8190104166666666 0.5 0.8072916666666666 0.5403645833333334 0.8072916666666666 0.58984375 0.8098958333333334 0.6028645833333334 0.8177083333333334 0.6276041666666666 0.8294270833333334 0.6471354166666666 0.84375 0.66015625 0.8619791666666666 0.6666666666666666 0.9075520833333334 0.6666666666666666 0.9088541666666666 0.6692708333333334 0.9453125 0.6692708333333334 0.9479166666666666 0.671875 0.9700520833333334 0.671875 0.9700520833333334 0.6744791666666666 0.95703125 0.67578125 0.8567708333333334 0.671875 0.8385416666666666 0.6627604166666666 0.82421875 0.6484375 0.81640625 0.6341145833333334 0.8072916666666666 0.6067708333333334 0.8033854166666666 0.5794270833333334 0.8033854166666666 0.5533854166666666 0.80859375 0.5182291666666666 0.81640625 0.4973958333333333 0.828125 0.4778645833333333 0.8346354166666666 0.4713541666666667 0.8372395833333334 0.4713541666666667
2 0.4778645833333333 0.13802083333333334 0.48046875 0.13932291666666666 0.48046875 0.171875 0.4739583333333333 0.6705729166666666 0.4739583333333333 0.81640625 0.4713541666666667 0.875 0.4713541666666667 0.9609375 0.4700520833333333 0.9635416666666666 0.4674479166666667 0.9609375 0.4713541666666667 0.7890625 0.4713541666666667 0.6158854166666666 0.4739583333333333 0.5442708333333334 0.47265625 0.4661458333333333 0.4752604166666667 0.43359375 0.4778645833333333 0.13932291666666666
3 0.6940104166666666 0.6419270833333334 0.7005208333333334 0.6432291666666666 0.703125 0.6484375 0.7018229166666666 0.66015625 0.7005208333333334 0.6627604166666666 0.6966145833333334 0.6627604166666666 0.6940104166666666 0.6432291666666666
3 0.703125 0.7916666666666666 0.7057291666666666 0.7916666666666666 0.7135416666666666 0.80078125 0.7122395833333334 0.8216145833333334 0.7096354166666666 0.8294270833333334 0.70703125 0.828125 0.703125 0.8151041666666666 0.703125 0.8072916666666666 0.6979166666666666 0.7981770833333334 0.703125 0.79296875
3 0.9453125 0.6315104166666666 0.95703125 0.6341145833333334 0.9622395833333334 0.6393229166666666 0.9609375 0.6471354166666666 0.9440104166666666 0.6432291666666666 0.9375 0.6354166666666666 0.9388020833333334 0.6315104166666666 0.9440104166666666 0.6315104166666666
3 0.3658854166666667 0.2591145833333333 0.3776041666666667 0.265625 0.3776041666666667 0.2721354166666667 0.3736979166666667 0.2799479166666667 0.3697916666666667 0.28125 0.3645833333333333 0.2682291666666667 0.3658854166666667 0.2604166666666667
3 0.734375 0.5638020833333334 0.734375 0.55859375 0.7421875 0.55078125 0.74609375 0.55078125 0.7486979166666666 0.5546875 0.7473958333333334 0.5690104166666666 0.7447916666666666 0.5716145833333334 0.7408854166666666 0.5716145833333334 0.7356770833333334 0.5638020833333334
3 0.8580729166666666 0.9427083333333334 0.8658854166666666 0.9466145833333334 0.8697916666666666 0.9427083333333334 0.8776041666666666 0.9518229166666666 0.8776041666666666 0.9661458333333334 0.8736979166666666 0.9674479166666666 0.8671875 0.9635416666666666 0.86328125 0.9557291666666666 0.859375 0.953125 0.8580729166666666 0.9440104166666666
3 0.4322916666666667 0.6927083333333334 0.4401041666666667 0.6927083333333334 0.4388020833333333 0.7135416666666666 0.4348958333333333 0.7135416666666666 0.4296875 0.7096354166666666 0.4296875 0.7005208333333334 0.4322916666666667 0.6940104166666666
3 0.8489583333333334 0.4453125 0.8515625 0.453125 0.8411458333333334 0.4674479166666667 0.8385416666666666 0.4674479166666667 0.8359375 0.4622395833333333 0.8359375 0.4479166666666667 0.84765625 0.4453125
3 0.8841145833333334 0.7604166666666666 0.890625 0.7669270833333334 0.8971354166666666 0.7643229166666666 0.8997395833333334 0.7708333333333334 0.8997395833333334 0.7825520833333334 0.8932291666666666 0.7877604166666666 0.8854166666666666 0.7838541666666666 0.8828125 0.76171875
3 0.57421875 0.49609375 0.5703125 0.4895833333333333 0.57421875 0.4752604166666667 0.5807291666666666 0.4752604166666667 0.5833333333333334 0.4778645833333333 0.5833333333333334 0.4908854166666667 0.5807291666666666 0.49609375 0.5755208333333334 0.49609375
3 0.15104166666666666 0.4791666666666667 0.15755208333333334 0.4791666666666667 0.16276041666666666 0.4830729166666667 0.16145833333333334 0.48828125 0.15755208333333334 0.4921875 0.14713541666666666 0.4921875 0.14583333333333334 0.4869791666666667 0.15104166666666666 0.48046875
3 0.5690104166666666 0.81640625 0.5729166666666666 0.828125 0.5716145833333334 0.8502604166666666 0.5690104166666666 0.8502604166666666 0.56640625 0.8450520833333334 0.5651041666666666 0.828125 0.5625 0.82421875 0.5651041666666666 0.8177083333333334 0.5677083333333334 0.81640625