1 0.146875 0.94027777734375 0.15 0.94027777734375 0.15078125 0.9388888893229167 0.15078125 0.9333333333333332 0.14921874999999998 0.9319444440104167 0.1484375 0.9319444440104167 0.146875 0.93472222265625 0.146875 0.94027777734375
0 0.8893229166666666 0.4375 0.9075520833333334 0.4283854166666667 0.9986979166666666 0.42578125 0.9986979166666666 0.4309895833333333 0.9309895833333334 0.4322916666666667 0.9075520833333334 0.43359375 0.90234375 0.4361979166666667 0.8828125 0.4518229166666667 0.8736979166666666 0.4661458333333333 0.86328125 0.4934895833333333 0.8619791666666666 0.5078125 0.859375 0.51171875 0.859375 0.5572916666666666 0.8619791666666666 0.5611979166666666 0.8619791666666666 0.5690104166666666 0.8671875 0.5885416666666666 0.875 0.60546875 0.8958333333333334 0.6302083333333334 0.9075520833333334 0.6354166666666666 0.9986979166666666 0.6328125 0.9986979166666666 0.6393229166666666 0.9817708333333334 0.6380208333333334 0.9075520833333334 0.640625 0.8893229166666666 0.6315104166666666 0.8723958333333334 0.6106770833333334 0.8619791666666666 0.5859375 0.8567708333333334 0.5611979166666666 0.8567708333333334 0.5091145833333334 0.8684895833333334 0.4674479166666667 0.87890625 0.44921875 0.8893229166666666 0.4388020833333333
0 0.10286458333333333 0.4583333333333333 0.14322916666666666 0.4583333333333333 0.14453125 0.4609375 0.15494791666666666 0.4635416666666667 0.17057291666666666 0.4765625 0.18619791666666666 0.5065104166666666 0.19140625 0.5260416666666666 0.1953125 0.5559895833333334 0.19401041666666666 0.58984375 0.19010416666666666 0.6106770833333334 0.18359375 0.6302083333333334 0.17057291666666666 0.65234375 0.15885416666666666 0.6627604166666666 0.1484375 0.6692708333333334 0.13671875 0.671875 0.028645833333333332 0.6744791666666666 0.028645833333333332 0.671875 0.03515625 0.6705729166666666 0.046875 0.671875 0.053385416666666664 0.6692708333333334 0.07942708333333333 0.6692708333333334 0.08072916666666667 0.6666666666666666 0.14453125 0.6640625 0.15885416666666666 0.65625 0.16796875 0.6471354166666666 0.18359375 0.6197916666666666 0.19140625 0.5885416666666666 0.19140625 0.5403645833333334 0.1875 0.5208333333333334 0.18098958333333334 0.5078125 0.1796875 0.5 0.16796875 0.4817708333333333 0.15755208333333334 0.4713541666666667 0.14453125 0.46484375 0.02734375 0.4674479166666667 0.02734375 0.4635416666666667 0.03125 0.4622395833333333 0.10286458333333333 0.4596354166666667
2 0.51953125 0.13671875 0.5221354166666666 0.13671875 0.5234375 0.22265625 0.5260416666666666 0.6080729166666666 0.52734375 0.6640625 0.5299479166666666 0.6783854166666666 0.5260416666666666 0.69921875 0.5299479166666666 0.7942708333333334 0.53125 0.9114583333333334 0.53125 0.9609375 0.5286458333333334 0.9622395833333334 0.52734375 0.9518229166666666 0.52734375 0.8255208333333334 0.5247395833333334 0.7890625 0.5234375 0.7044270833333334 0.5247395833333334 0.6484375 0.5208333333333334 0.41015625 0.51953125 0.13802083333333334
3 0.2565104166666667 0.7942708333333334 0.2591145833333333 0.78515625 0.2669270833333333 0.77734375 0.26953125 0.796875 0.2630208333333333 0.8033854166666666 0.2604166666666667 0.8033854166666666 0.2578125 0.80078125 0.2578125 0.7955729166666666
3 0.055989583333333336 0.6302083333333334 0.05859375 0.6315104166666666 0.055989583333333336 0.640625 0.049479166666666664 0.64453125 0.044270833333333336 0.64453125 0.04296875 0.6471354166666666 0.0390625 0.6471354166666666 0.036458333333333336 0.64453125 0.03515625 0.6380208333333334 0.04296875 0.6315104166666666 0.0546875 0.6315104166666666
3 0.6139322916666666 0.263671875 0.008463541666666666 0.022135416666666668
3 0.2578125 0.546875 0.26171875 0.5494791666666666 0.26171875 0.55859375 0.2565104166666667 0.5638020833333334 0.25390625 0.5638020833333334 0.24739583333333334 0.5546875 0.25 0.5481770833333334 0.2565104166666667 0.546875
3 0.3033854166666667 0.6373697916666666 0.01171875 0.016927083333333332
3 0.53125 0.6809895833333334 0.53125 0.6666666666666666 0.5338541666666666 0.6627604166666666 0.5377604166666666 0.6653645833333334 0.5390625 0.67578125 0.53515625 0.6822916666666666 0.5325520833333334 0.6809895833333334
3 0.4140625 0.8059895833333334 0.4192708333333333 0.8125 0.41796875 0.8255208333333334 0.4140625 0.8294270833333334 0.4114583333333333 0.8229166666666666 0.4140625 0.8072916666666666
3 0.13671875 0.4856770833333333 0.14453125 0.48828125 0.14453125 0.4947916666666667 0.140625 0.5013020833333334 0.13541666666666666 0.5013020833333334 0.12890625 0.4947916666666667 0.12890625 0.48828125 0.13151041666666666 0.4856770833333333 0.13541666666666666 0.4856770833333333
3 0.10677083333333333 0.8151041666666666 0.109375 0.8151041666666666 0.11588541666666667 0.8216145833333334 0.11588541666666667 0.828125 0.11328125 0.8294270833333334 0.11197916666666667 0.8346354166666666 0.10546875 0.8372395833333334 0.1015625 0.8359375 0.09765625 0.828125 0.10677083333333333 0.81640625
3 0.3958333333333333 0.4895833333333333 0.3984375 0.4908854166666667 0.3997395833333333 0.49609375 0.3958333333333333 0.5130208333333334 0.3880208333333333 0.51171875 0.38671875 0.5078125 0.3880208333333333 0.4908854166666667 0.39453125 0.4895833333333333
3 0.8463541666666666 0.4850260416666667 0.016276041666666668 0.016927083333333332
3 0.14140624999999998 0.9777777773437499 0.14609375 0.9736111106770834 0.14609375 0.9500000000000001 0.13359374999999998 0.9583333333333334 0.13359374999999998 0.9652777773437501 0.14140624999999998 0.9777777773437499