1 0.25 0.47777777734375 0.24687499999999998 0.4791666666666667 0.24765625 0.48333333333333334 0.25 0.47777777734375
0 0.9986979166666666 0.4244791666666667 0.9986979166666666 0.4309895833333333 0.98828125 0.4296875 0.9114583333333334 0.4322916666666667 0.9036458333333334 0.4348958333333333 0.9010416666666666 0.4388020833333333 0.8919270833333334 0.4440104166666667 0.87890625 0.4583333333333333 0.8697916666666666 0.4778645833333333 0.86328125 0.4986979166666667 0.86328125 0.5690104166666666 0.87109375 0.59375 0.8776041666666666 0.6067708333333334 0.89453125 0.625 0.8958333333333334 0.62890625 0.91015625 0.6354166666666666 0.9986979166666666 0.6328125 0.9986979166666666 0.6393229166666666 0.9661458333333334 0.6380208333333334 0.93359375 0.640625 0.9114583333333334 0.640625 0.89453125 0.6341145833333334 0.88671875 0.6276041666666666 0.88671875 0.625 0.875 0.6119791666666666 0.8684895833333334 0.5989583333333334 0.8606770833333334 0.5729166666666666 0.8567708333333334 0.5364583333333334 0.859375 0.5052083333333334 0.8645833333333334 0.4817708333333333 0.8684895833333334 0.4700520833333333 0.8802083333333334 0.44921875 0.8919270833333334 0.4361979166666667 0.90234375 0.4296875 0.9140625 0.4270833333333333 0.9973958333333334 0.4244791666666667
0 0.0390625 0.4583333333333333 0.11458333333333333 0.4557291666666667 0.14322916666666666 0.4557291666666667 0.15104166666666666 0.4583333333333333 0.15234375 0.4609375 0.16276041666666666 0.4661458333333333 0.17447916666666666 0.4778645833333333 0.19010416666666666 0.5130208333333334 0.1953125 0.5390625 0.1953125 0.5872395833333334 0.19010416666666666 0.61328125 0.17447916666666666 0.6471354166666666 0.16276041666666666 0.6588541666666666 0.140625 0.6692708333333334 0.03125 0.6731770833333334 0.03125 0.6666666666666666 0.033854166666666664 0.6666666666666666 0.03515625 0.6692708333333334 0.036458333333333336 0.6666666666666666 0.055989583333333336 0.6653645833333334 0.13671875 0.6640625 0.15625 0.6575520833333334 0.16796875 0.6471354166666666 0.18098958333333334 0.6263020833333334 0.18880208333333334 0.60546875 0.19270833333333334 0.5807291666666666 0.19270833333333334 0.5455729166666666 0.18880208333333334 0.51953125 0.1796875 0.49609375 0.16927083333333334 0.4791666666666667 0.16276041666666666 0.47265625 0.14322916666666666 0.4622395833333333 0.02734375 0.46484375 0.02734375 0.4609375 0.0390625 0.4596354166666667
2 0.5221354166666666 0.13541666666666666 0.5247395833333334 0.15755208333333334 0.5260416666666666 0.5013020833333334 0.52734375 0.6223958333333334 0.5299479166666666 0.6315104166666666 0.5286458333333334 0.6744791666666666 0.5325520833333334 0.9322916666666666 0.53125 0.9622395833333334 0.5286458333333334 0.95703125 0.52734375 0.8828125 0.52734375 0.6953125 0.5247395833333334 0.671875 0.5208333333333334 0.13671875
3 0.255859375 0.4615885416666667 0.018229166666666668 0.029296875
3 0.14192708333333334 0.5364583333333334 0.13932291666666666 0.5286458333333334 0.14973958333333334 0.51953125 0.15234375 0.5208333333333334 0.15494791666666666 0.54296875 0.14713541666666666 0.5455729166666666 0.14322916666666666 0.5364583333333334
3 0.23046875 0.6393229166666666 0.22786458333333334 0.6614583333333334 0.22135416666666666 0.6627604166666666 0.21614583333333334 0.6575520833333334 0.21614583333333334 0.6484375 0.21875 0.6471354166666666 0.21875 0.64453125 0.22526041666666666 0.64453125 0.22916666666666666 0.640625
3 0.057291666666666664 0.5442708333333334 0.06770833333333333 0.5481770833333334 0.0625 0.5572916666666666 0.055989583333333336 0.5611979166666666 0.046875 0.5546875 0.048177083333333336 0.546875 0.055989583333333336 0.5442708333333334
3 0.1640625 0.7942708333333334 0.16666666666666666 0.7942708333333334 0.16666666666666666 0.8033854166666666 0.16015625 0.8255208333333334 0.15234375 0.8098958333333334 0.15364583333333334 0.80078125 0.1640625 0.7955729166666666
3 0.46875 0.5143229166666666 0.4622395833333333 0.5130208333333334 0.4635416666666667 0.4934895833333333 0.46875 0.4947916666666667 0.46875 0.5130208333333334
3 0.21875 0.9114583333333334 0.22265625 0.9140625 0.22916666666666666 0.9140625 0.22916666666666666 0.91796875 0.21875 0.93359375 0.21614583333333334 0.93359375 0.21223958333333334 0.9283854166666666 0.21223958333333334 0.9192708333333334 0.21744791666666666 0.9127604166666666
3 0.3502604166666667 0.7526041666666666 0.3541666666666667 0.7565104166666666 0.3541666666666667 0.7643229166666666 0.3515625 0.7682291666666666 0.3489583333333333 0.7864583333333334 0.3450520833333333 0.7864583333333334 0.34765625 0.7786458333333334 0.3450520833333333 0.7604166666666666 0.3489583333333333 0.75390625
3 0.2734375 0.5377604166666666 0.2799479166666667 0.5455729166666666 0.2799479166666667 0.5520833333333334 0.27734375 0.5533854166666666 0.26953125 0.5520833333333334 0.2669270833333333 0.5494791666666666 0.2669270833333333 0.5416666666666666 0.2721354166666667 0.5377604166666666
3 0.59765625 0.2421875 0.6002604166666666 0.24348958333333334 0.6002604166666666 0.2565104166666667 0.59765625 0.26171875 0.59375 0.26171875 0.5911458333333334 0.2526041666666667 0.5963541666666666 0.24348958333333334
3 0.3111979166666667 0.5442708333333334 0.3059895833333333 0.5598958333333334 0.3020833333333333 0.55859375 0.2981770833333333 0.5442708333333334 0.3020833333333333 0.5390625 0.30859375 0.5416666666666666 0.3098958333333333 0.5442708333333334
3 0.8424479166666666 0.4752604166666667 0.8450520833333334 0.4817708333333333 0.84375 0.48828125 0.83984375 0.4908854166666667 0.8372395833333334 0.4895833333333333 0.8307291666666666 0.4947916666666667 0.8268229166666666 0.4921875 0.828125 0.48828125 0.8346354166666666 0.4791666666666667 0.8411458333333334 0.4752604166666667