1 0.49296875 0.6208333333333333 0.49374999999999997 0.6194444440104167 0.49374999999999997 0.6166666666666667 0.49296875 0.61527777734375 0.49062500000000003 0.61527777734375 0.49062500000000003 0.6208333333333333 0.49296875 0.6208333333333333
0 0.8841145833333334 0.4375 0.9036458333333334 0.4296875 0.9986979166666666 0.4283854166666667 0.9986979166666666 0.4322916666666667 0.9921875 0.43359375 0.9075520833333334 0.4348958333333333 0.8919270833333334 0.4401041666666667 0.8736979166666666 0.4557291666666667 0.8658854166666666 0.47265625 0.86328125 0.4739583333333333 0.85546875 0.4973958333333333 0.8515625 0.5260416666666666 0.8515625 0.546875 0.859375 0.5859375 0.87109375 0.6106770833333334 0.88671875 0.62890625 0.9036458333333334 0.6354166666666666 0.9986979166666666 0.6328125 0.9986979166666666 0.6380208333333334 0.9010416666666666 0.640625 0.8828125 0.6328125 0.8645833333333334 0.609375 0.8515625 0.5729166666666666 0.8515625 0.5625 0.8489583333333334 0.5546875 0.8489583333333334 0.51953125 0.8515625 0.5 0.8606770833333334 0.4700520833333333 0.8684895833333334 0.4557291666666667 0.8841145833333334 0.4388020833333333
0 0.14322916666666666 0.4544270833333333 0.15364583333333334 0.4583333333333333 0.171875 0.4765625 0.18229166666666666 0.49609375 0.19010416666666666 0.5208333333333334 0.19270833333333334 0.5416666666666666 0.19270833333333334 0.5768229166666666 0.19010416666666666 0.5989583333333334 0.18229166666666666 0.6236979166666666 0.16796875 0.6484375 0.15104166666666666 0.6614583333333334 0.1328125 0.6653645833333334 0.07552083333333333 0.6653645833333334 0.07421875 0.66796875 0.0546875 0.6692708333333334 0.028645833333333332 0.6692708333333334 0.028645833333333332 0.6627604166666666 0.04296875 0.6640625 0.06770833333333333 0.6614583333333334 0.12109375 0.6614583333333334 0.14322916666666666 0.6588541666666666 0.15494791666666666 0.6536458333333334 0.171875 0.6341145833333334 0.18359375 0.609375 0.18880208333333334 0.5885416666666666 0.19140625 0.5494791666666666 0.18489583333333334 0.5130208333333334 0.18098958333333334 0.5078125 0.1796875 0.4986979166666667 0.16796875 0.4791666666666667 0.15625 0.4674479166666667 0.14713541666666666 0.4622395833333333 0.13541666666666666 0.4596354166666667 0.02734375 0.4622395833333333 0.024739583333333332 0.4609375 0.024739583333333332 0.45703125 0.12109375 0.453125 0.14192708333333334 0.4544270833333333
2 0.5182291666666666 0.46875 0.5221354166666666 0.4765625 0.52734375 0.93359375 0.5260416666666666 0.9557291666666666 0.5234375 0.953125 0.5234375 0.8294270833333334 0.51953125 0.6419270833333334 0.5208333333333334 0.5794270833333334 0.5182291666666666 0.4947916666666667 0.5208333333333334 0.4869791666666667 0.5208333333333334 0.4739583333333333 0.5182291666666666 0.47265625 0.5182291666666666 0.4700520833333333
3 0.4205729166666667 0.265625 0.4192708333333333 0.2552083333333333 0.4231770833333333 0.24088541666666666 0.4283854166666667 0.25 0.4283854166666667 0.2565104166666667 0.42578125 0.2669270833333333 0.421875 0.265625
3 0.4895833333333333 0.7135416666666666 0.4934895833333333 0.7252604166666666 0.4908854166666667 0.7395833333333334 0.48828125 0.7408854166666666 0.4856770833333333 0.73828125 0.4856770833333333 0.7252604166666666 0.4895833333333333 0.71484375
3 0.5703125 0.7877604166666666 0.5729166666666666 0.8059895833333334 0.56640625 0.8111979166666666 0.5625 0.80859375 0.5625 0.80078125 0.5690104166666666 0.7890625
3 0.48046875 0.6458333333333334 0.48828125 0.6432291666666666 0.48828125 0.6484375 0.4830729166666667 0.6549479166666666 0.4830729166666667 0.6627604166666666 0.48046875 0.66796875 0.4765625 0.66796875 0.4765625 0.6510416666666666 0.48046875 0.6471354166666666
3 0.5364583333333334 0.2421875 0.5403645833333334 0.24088541666666666 0.546875 0.24479166666666666 0.54296875 0.2552083333333333 0.54296875 0.26171875 0.5390625 0.265625 0.53515625 0.2578125 0.5364583333333334 0.24348958333333334
3 0.4036458333333333 0.5247395833333334 0.4127604166666667 0.53125 0.4088541666666667 0.5455729166666666 0.4036458333333333 0.546875 0.4036458333333333 0.5260416666666666
3 0.5546875 0.5794270833333334 0.5572916666666666 0.5807291666666666 0.5572916666666666 0.5885416666666666 0.5533854166666666 0.59765625 0.5481770833333334 0.5950520833333334 0.55078125 0.5807291666666666 0.5533854166666666 0.5794270833333334
3 0.55078125 0.3528645833333333 0.5533854166666666 0.3567708333333333 0.5533854166666666 0.3658854166666667 0.5494791666666666 0.3776041666666667 0.5442708333333334 0.36328125 0.5442708333333334 0.359375 0.5494791666666666 0.3528645833333333
3 0.6015625 0.3359375 0.60546875 0.3372395833333333 0.60546875 0.3502604166666667 0.6015625 0.3619791666666667 0.59765625 0.3645833333333333 0.5950520833333334 0.3580729166666667 0.5950520833333334 0.3450520833333333 0.59765625 0.3385416666666667 0.6002604166666666 0.3372395833333333
3 0.28125 0.58984375 0.2864583333333333 0.59375 0.2916666666666667 0.59375 0.2877604166666667 0.60546875 0.2825520833333333 0.6106770833333334 0.2786458333333333 0.609375 0.27734375 0.5950520833333334 0.2799479166666667 0.5911458333333334
3 0.4557291666666667 0.4348958333333333 0.4596354166666667 0.4375 0.4596354166666667 0.4466145833333333 0.4557291666666667 0.4557291666666667 0.453125 0.4544270833333333 0.4518229166666667 0.4453125 0.4544270833333333 0.4361979166666667
3 0.5296875 0.4583333333333333 0.5296875 0.44444444401041666 0.5265624999999999 0.43888888932291664 0.51796875 0.4430555559895833 0.51796875 0.4611111106770833 0.5296875 0.4583333333333333