1 0.6671874999999999 0.5499999999999999 0.6687500000000001 0.54027777734375 0.6648437500000001 0.5375 0.6640625 0.5499999999999999 0.6671874999999999 0.5499999999999999
0 0.8671875 0.6569444440104167 0.84140625 0.6486111106770833 0.83046875 0.6388888893229167 0.81484375 0.6124999999999999 0.80625 0.5763888893229167 0.8046875 0.5458333333333333 0.8078124999999999 0.5208333333333334 0.8156249999999999 0.4944444440104167 0.8296875 0.4708333333333334 0.8445312500000001 0.4583333333333333 0.85390625 0.45416666666666666 0.9703125 0.4569444440104167 0.9679687499999999 0.45277777734375 0.84609375 0.4513888893229167 0.8296875 0.46388888932291666 0.81640625 0.48333333333333334 0.80703125 0.5083333333333333 0.803125 0.5305555559895833 0.80234375 0.5666666666666667 0.8054687500000001 0.5708333333333333 0.803125 0.57777777734375 0.8054687500000001 0.5916666666666667 0.8171875000000001 0.6263888893229167 0.834375 0.6486111106770833 0.8585937499999999 0.65972222265625 0.96640625 0.6611111106770834 0.9234375 0.6555555559895833 0.8671875 0.6569444440104167
0 0 0.4180555559895833 0.09921875000000001 0.4236111106770833 0.13125 0.4569444440104167 0.1265625 0.44444444401041666 0.10546875 0.42222222265625 0.047656250000000004 0.4138888893229167 0 0.4138888893229167 0 0.4180555559895833
0 0 0.625 0.09453125 0.62777777734375 0.10859375 0.6208333333333333 0.12578124999999998 0.6013888893229167 0.13749999999999998 0.5763888893229167 0.14375000000000002 0.54722222265625 0.14375000000000002 0.5194444440104167 0.1390625 0.5361111106770834 0.1390625 0.5499999999999999 0.12812500000000002 0.5875 0.11562499999999999 0.6069444440104167 0.10078125 0.6194444440104167 0 0.6194444440104167 0 0.625
2 0.47109375000000003 0.94027777734375 0.471875 0.9263888893229167 0.47031249999999997 0.8624999999999999 0.47265625 0.8541666666666666 0.4765625 0.6333333333333333 0.47421874999999997 0.62777777734375 0.46953125 0.6305555559895833 0.46796875 0.9430555559895833 0.47109375000000003 0.94027777734375
2 0.47031249999999997 0.73472222265625 0.47031249999999997 0.7647222226562499 0.4734375 0.7541666666666668 0.4734375 0.7388888893229167 0.47031249999999997 0.73472222265625
2 0.47031249999999997 0.7647222226562499 0.47031249999999997 0.7861111106770834 0.47265625 0.7722222226562501 0.47031249999999997 0.7647222226562499
2 0.471875 0.5569444440104167 0.47109375000000003 0.6236111106770833 0.47421874999999997 0.625 0.4765625 0.5569444440104167 0.47421874999999997 0.52777777734375 0.471875 0.5569444440104167
2 0.4734375 0.6208333333333333 0.47578125 0.5499999999999999 0.4734375 0.52777777734375 0.4734375 0.6208333333333333
2 0.47734375 0.4583333333333333 0.4765625 0.45277777734375 0.4734375 0.45416666666666666 0.47421874999999997 0.5041666666666667 0.47734375 0.4583333333333333
2 0.4765625 0.4944444440104167 0.4765625 0.4583333333333333 0.47421874999999997 0.45416666666666666 0.4734375 0.50277777734375 0.4765625 0.4944444440104167
2 0.48046875 0.15138888932291666 0.47734375 0.13055555598958332 0.47578125 0.19305555598958335 0.47421874999999997 0.44166666666666665 0.47734375 0.43472222265625 0.48046875 0.19722222265625 0.48046875 0.15138888932291666
2 0.4765625 0.14166666666666666 0.47421874999999997 0.44027777734375 0.47734375 0.43611111067708336 0.48046875 0.12777777734374998 0.47734375 0.12777777734374998 0.4765625 0.14166666666666666
3 0.3268229166666667 0.7962239583333334 0.010416666666666666 0.020833333333333332
3 0.6158854166666666 0.6783854166666666 0.6223958333333334 0.6796875 0.625 0.68359375 0.6223958333333334 0.6966145833333334 0.609375 0.6966145833333334 0.6080729166666666 0.6875 0.6158854166666666 0.6796875
3 0.54296875 0.2981770833333333 0.5403645833333334 0.2942708333333333 0.5403645833333334 0.2890625 0.546875 0.2786458333333333 0.5494791666666666 0.2799479166666667 0.55078125 0.2890625 0.5481770833333334 0.2981770833333333 0.5442708333333334 0.2981770833333333
3 0.453125 0.4466145833333333 0.4583333333333333 0.453125 0.4583333333333333 0.4661458333333333 0.4557291666666667 0.4700520833333333 0.4518229166666667 0.4713541666666667 0.4479166666666667 0.4661458333333333 0.4479166666666667 0.4544270833333333 0.4518229166666667 0.4479166666666667
3 0.578125 0.77734375 0.57421875 0.7682291666666666 0.5768229166666666 0.7552083333333334 0.5833333333333334 0.7604166666666666 0.5833333333333334 0.7747395833333334 0.5794270833333334 0.77734375
3 0.5260416666666666 0.7161458333333334 0.5299479166666666 0.71875 0.5299479166666666 0.7330729166666666 0.5234375 0.73046875 0.5208333333333334 0.7265625 0.5247395833333334 0.7174479166666666
3 0.2864583333333333 0.265625 0.2877604166666667 0.2786458333333333 0.2838541666666667 0.28125 0.2760416666666667 0.2721354166666667 0.2760416666666667 0.2604166666666667 0.2799479166666667 0.2578125 0.2799479166666667 0.2604166666666667 0.28515625 0.265625
3 0.48828125 0.5104166666666666 0.4947916666666667 0.515625 0.4934895833333333 0.53125 0.4895833333333333 0.5325520833333334 0.484375 0.5260416666666666 0.4869791666666667 0.51171875
3 0.671875 0.4231770833333333 0.6770833333333334 0.4283854166666667 0.6744791666666666 0.4427083333333333 0.6731770833333334 0.4453125 0.6692708333333334 0.4453125 0.6640625 0.44140625 0.6640625 0.4361979166666667 0.671875 0.4244791666666667
3 0.85 0.5763888893229167 0.8484375000000001 0.5666666666666667 0.83828125 0.5680555559895833 0.8367187500000001 0.57777777734375 0.83984375 0.5875 0.8445312500000001 0.5875 0.85 0.5763888893229167
3 0.12890625 0.4680555559895833 0.12890625 0.4666666666666666 0.12734375 0.46527777734375 0.121875 0.46527777734375 0.1203125 0.4666666666666666 0.11953124999999999 0.4680555559895833 0.11953124999999999 0.47777777734375 0.12109375 0.4805555559895833 0.12265625000000001 0.48194444401041664 0.12421875 0.48194444401041664 0.125 0.4805555559895833 0.12812500000000002 0.4805555559895833 0.13125 0.4763888893229167 0.13125 0.4708333333333334 0.12890625 0.4680555559895833
3 0.44687499999999997 0.8250000000000001 0.44609375 0.82222222265625 0.43828125 0.82222222265625 0.4375 0.8250000000000001 0.43906249999999997 0.8319444440104166 0.4453125 0.8458333333333333 0.44609375 0.8513888893229167 0.44687499999999997 0.8472222226562499 0.44687499999999997 0.8375 0.44765625000000003 0.8361111106770833 0.44765625000000003 0.8333333333333334 0.44687499999999997 0.8319444440104166 0.44687499999999997 0.8250000000000001