1 0.90078125 0.6819444440104167 0.9015624999999999 0.68472222265625 0.9031250000000001 0.6861111106770833 0.9054687499999999 0.6861111106770833 0.9070312500000001 0.68472222265625 0.9070312500000001 0.6791666666666667 0.9054687499999999 0.6763888893229167 0.9031250000000001 0.6763888893229167 0.9015624999999999 0.67777777734375 0.90078125 0.6819444440104167
0 0.9075520833333334 0.4166666666666667 0.9140625 0.4140625 0.9361979166666666 0.4127604166666667 0.9986979166666666 0.4114583333333333 0.9986979166666666 0.41796875 0.9192708333333334 0.4192708333333333 0.8997395833333334 0.4283854166666667 0.890625 0.4375 0.87890625 0.45703125 0.87109375 0.4791666666666667 0.8671875 0.5026041666666666 0.8671875 0.54296875 0.87109375 0.5651041666666666 0.8736979166666666 0.5677083333333334 0.87890625 0.5859375 0.8893229166666666 0.6002604166666666 0.890625 0.60546875 0.8997395833333334 0.6145833333333334 0.9140625 0.6223958333333334 0.9986979166666666 0.62109375 0.9986979166666666 0.6263020833333334 0.98828125 0.6276041666666666 0.9114583333333334 0.6276041666666666 0.8984375 0.6197916666666666 0.8880208333333334 0.609375 0.875 0.5872395833333334 0.8645833333333334 0.55078125 0.86328125 0.53125 0.8645833333333334 0.49609375 0.8684895833333334 0.4752604166666667 0.87109375 0.47265625 0.875 0.45703125 0.8880208333333334 0.43359375 0.8997395833333334 0.421875 0.9075520833333334 0.41796875
0 0.15104166666666666 0.4466145833333333 0.17057291666666666 0.4583333333333333 0.18229166666666666 0.4739583333333333 0.1953125 0.5078125 0.19921875 0.5338541666666666 0.19921875 0.5716145833333334 0.19791666666666666 0.5872395833333334 0.19140625 0.6106770833333334 0.1796875 0.6341145833333334 0.1640625 0.6510416666666666 0.15625 0.6549479166666666 0.13932291666666666 0.6588541666666666 0.08333333333333333 0.6614583333333334 0.03515625 0.6614583333333334 0.03515625 0.6575520833333334 0.1484375 0.65234375 0.15885416666666666 0.6484375 0.17578125 0.6315104166666666 0.1875 0.6106770833333334 0.1953125 0.5846354166666666 0.1953125 0.5208333333333334 0.19270833333333334 0.5169270833333334 0.1875 0.4934895833333333 0.1796875 0.4778645833333333 0.171875 0.4674479166666667 0.15494791666666666 0.453125 0.14583333333333334 0.4505208333333333 0.13151041666666666 0.4505208333333333 0.03515625 0.4544270833333333 0.032552083333333336 0.453125 0.032552083333333336 0.4505208333333333 0.09635416666666667 0.4466145833333333 0.14973958333333334 0.4466145833333333
2 0.52734375 0.12239583333333333 0.53125 0.4440104166666667 0.53125 0.5078125 0.5286458333333334 0.5130208333333334 0.5325520833333334 0.5260416666666666 0.53125 0.6145833333333334 0.53515625 0.75390625 0.53515625 0.9505208333333334 0.5325520833333334 0.92578125 0.53125 0.6875 0.5286458333333334 0.6419270833333334 0.52734375 0.2877604166666667 0.5247395833333334 0.23958333333333334 0.5260416666666666 0.12239583333333333
3 0.5703125 0.3567708333333333 0.009114583333333334 0.022135416666666668
3 0.6184895833333334 0.3307291666666667 0.62109375 0.3333333333333333 0.6197916666666666 0.3580729166666667 0.6119791666666666 0.3580729166666667 0.6080729166666666 0.3528645833333333 0.6119791666666666 0.33203125 0.6145833333333334 0.3294270833333333 0.6171875 0.3307291666666667
3 0.8151041666666666 0.4322916666666667 0.8177083333333334 0.4427083333333333 0.81640625 0.4453125 0.8098958333333334 0.4440104166666667 0.8059895833333334 0.4505208333333333 0.8020833333333334 0.4505208333333333 0.80078125 0.4479166666666667 0.8020833333333334 0.4401041666666667 0.80859375 0.4322916666666667 0.8138020833333334 0.4322916666666667
3 0.5807291666666666 0.6575520833333334 0.5846354166666666 0.6614583333333334 0.5859375 0.6666666666666666 0.5859375 0.6744791666666666 0.5807291666666666 0.6796875 0.5768229166666666 0.6770833333333334 0.5755208333333334 0.6705729166666666 0.5755208333333334 0.6614583333333334 0.5794270833333334 0.6575520833333334
3 0.5390625 0.4947916666666667 0.54296875 0.49609375 0.5481770833333334 0.5052083333333334 0.5455729166666666 0.5130208333333334 0.5403645833333334 0.515625 0.5377604166666666 0.5091145833333334 0.5390625 0.49609375
3 0.7708333333333334 0.2109375 0.7734375 0.2109375 0.7760416666666666 0.21484375 0.7734375 0.22265625 0.765625 0.23046875 0.7630208333333334 0.23046875 0.76171875 0.22786458333333334 0.7630208333333334 0.22135416666666666 0.7708333333333334 0.21223958333333334
3 0.8997395833333334 0.67578125 0.90625 0.6705729166666666 0.9088541666666666 0.6627604166666666 0.9127604166666666 0.6627604166666666 0.9166666666666666 0.6705729166666666 0.9166666666666666 0.6770833333333334 0.90625 0.6888020833333334 0.9036458333333334 0.6888020833333334 0.8997395833333334 0.68359375 0.8997395833333334 0.6770833333333334
3 0.6536458333333334 0.6458333333333334 0.66015625 0.64453125 0.6640625 0.65234375 0.6627604166666666 0.66015625 0.65625 0.6640625 0.65234375 0.6588541666666666 0.6497395833333334 0.6588541666666666 0.6497395833333334 0.65234375 0.6536458333333334 0.6471354166666666
3 0.2526041666666667 0.5247395833333334 0.2552083333333333 0.5286458333333334 0.2643229166666667 0.5325520833333334 0.2526041666666667 0.5455729166666666 0.24739583333333334 0.54296875 0.24609375 0.5377604166666666 0.24609375 0.5299479166666666 0.2513020833333333 0.5247395833333334
3 0.97265625 0.5625 0.9791666666666666 0.5677083333333334 0.9791666666666666 0.5755208333333334 0.9752604166666666 0.5794270833333334 0.9622395833333334 0.578125 0.96484375 0.5755208333333334 0.9661458333333334 0.5651041666666666 0.97265625 0.5638020833333334
3 0.6328125 0.80859375 0.6354166666666666 0.8111979166666666 0.6354166666666666 0.8216145833333334 0.6328125 0.8255208333333334 0.62890625 0.8268229166666666 0.625 0.8229166666666666 0.6223958333333334 0.8098958333333334 0.6315104166666666 0.80859375
3 0.83203125 0.8555555559895834 0.834375 0.8527777773437499 0.8328125000000001 0.8444444440104166 0.8250000000000001 0.8375 0.8210937500000001 0.8541666666666666 0.83203125 0.8555555559895834