1 0.1640625 0.6611111106770834 0.16093749999999998 0.65972222265625 0.15546875000000002 0.6749999999999999 0.16093749999999998 0.6763888893229167 0.16484374999999998 0.6694444440104167 0.1640625 0.6611111106770834
0 0 0.625 0.08515625 0.6263888893229167 0.0984375 0.6194444440104167 0.1125 0.6041666666666666 0.1265625 0.57777777734375 0.134375 0.5430555559895833 0.13359374999999998 0.4916666666666667 0.1265625 0.46249999999999997 0.1125 0.43472222265625 0.08828124999999999 0.4138888893229167 0.028906249999999998 0.40972222265625 0 0.40972222265625 0 0.41527777734375 0.08828124999999999 0.41944444401041664 0.109375 0.43888888932291664 0.12109375 0.45972222265625 0.12890625 0.4875 0.13203125000000002 0.5125000000000001 0.12968749999999998 0.5486111106770833 0.12109375 0.5791666666666667 0.11171874999999999 0.59722222265625 0.08828124999999999 0.6194444440104167 0 0.6180555559895834 0 0.625
0 0.8312499999999999 0.64722222265625 0.8624999999999999 0.6583333333333333 0.96328125 0.6611111106770834 0.96328125 0.6541666666666667 0.862890625 0.65277777734375 0.83359375 0.6430555559895833 0.8195312499999999 0.625 0.80859375 0.6013888893229167 0.80078125 0.5680555559895833 0.80078125 0.5361111106770834 0.8117187499999999 0.4916666666666667 0.8273437499999999 0.46527777734375 0.84375 0.45277777734375 0.96640625 0.45416666666666666 0.9656250000000001 0.44861111067708337 0.8429687499999999 0.44722222265624995 0.8171875000000001 0.4708333333333334 0.80703125 0.49305555598958334 0.7999999999999999 0.5236111106770833 0.79921875 0.57222222265625 0.803125 0.59722222265625 0.8132812500000001 0.6236111106770833 0.8312499999999999 0.64722222265625
2 0.4734375 0.12222222265625 0.47109375000000003 0.12222222265625 0.46953125 0.14166666666666666 0.46796875 0.43888888932291664 0.47031249999999997 0.44722222265624995 0.4734375 0.3541666666666667 0.4734375 0.12222222265625
2 0.47031249999999997 0.45 0.46640624999999997 0.45 0.46328125000000003 0.7583333333333333 0.46328125000000003 0.8611111106770833 0.46640624999999997 0.8527777773437499 0.46718750000000003 0.8083333333333332 0.47031249999999997 0.45
3 0.7374999999999999 0.5458333333333333 0.72890625 0.5375 0.725 0.54722222265625 0.728125 0.5569444440104167 0.7335937499999999 0.5583333333333333 0.7374999999999999 0.5458333333333333
3 0.41484375 0.3611111106770833 0.4140625 0.37361111067708336 0.41875 0.3805555559895833 0.421875 0.3666666666666667 0.41484375 0.3611111106770833
3 0.4375 0.5069444440104166 0.43671875 0.5180555559895833 0.44296874999999997 0.52222222265625 0.4421875 0.5083333333333333 0.4375 0.5069444440104166
3 0.3796875 0.35972222265625 0.371875 0.35833333333333334 0.36874999999999997 0.36388888932291663 0.36796875 0.37222222265625 0.37343750000000003 0.38194444401041666 0.38359375 0.37916666666666665 0.3796875 0.35972222265625
3 0.21171874999999998 0.44861111067708337 0.21328125 0.45555555598958336 0.22109375 0.45416666666666666 0.2171875 0.44166666666666665 0.21171874999999998 0.44861111067708337
3 0.22734374999999998 0.20972222265624998 0.22343749999999998 0.20972222265624998 0.22343749999999998 0.21805555598958334 0.23046875 0.22777777734375002 0.23671875 0.2236111106770833 0.22734374999999998 0.20972222265624998
3 0.03125 0.5361111106770834 0.032031250000000004 0.5499999999999999 0.046875 0.5541666666666667 0.046093749999999996 0.5361111106770834 0.03125 0.5361111106770834
3 0.146875 0.6611111106770834 0.13984375000000002 0.67222222265625 0.13828125 0.6805555559895833 0.15078125 0.6763888893229167 0.15156250000000002 0.6680555559895834 0.146875 0.6611111106770834
3 0.1890625 0.8527777773437499 0.1890625 0.8694444440104167 0.19999999999999998 0.85972222265625 0.19921875 0.8527777773437499 0.1890625 0.8527777773437499
3 0.3359375 0.6319444440104166 0.33125 0.6361111106770834 0.33125 0.6444444440104167 0.3390625 0.64722222265625 0.3390625 0.6361111106770834 0.3359375 0.6319444440104166
3 0.37343750000000003 0.6680555559895834 0.36640625 0.6694444440104167 0.36484374999999997 0.6749999999999999 0.36953125000000003 0.6833333333333332 0.3828125 0.6791666666666667 0.37343750000000003 0.6680555559895834
3 0.34296875 0.8083333333333332 0.34453125 0.8250000000000001 0.35234375 0.8208333333333333 0.3515625 0.8083333333333332 0.34296875 0.8083333333333332