1 0.35781250000000003 0.39027777734375 0.35781250000000003 0.3944444440104167 0.35859375 0.39722222265625 0.36093749999999997 0.39722222265625 0.3625 0.3986111106770833 0.3640625 0.3944444440104167 0.3640625 0.39166666666666666 0.3625 0.3888888893229167 0.359375 0.3888888893229167 0.35781250000000003 0.39027777734375
0 0 0.43359375 0.08333333333333333 0.4348958333333333 0.09505208333333333 0.4375 0.09635416666666667 0.4401041666666667 0.10677083333333333 0.4453125 0.11848958333333333 0.45703125 0.13411458333333334 0.4895833333333333 0.13802083333333334 0.5052083333333334 0.14192708333333334 0.5442708333333334 0.13932291666666666 0.5572916666666666 0.13932291666666666 0.5729166666666666 0.13020833333333334 0.6080729166666666 0.11979166666666667 0.6223958333333334 0.11848958333333333 0.6276041666666666 0.10546875 0.640625 0.09244791666666667 0.6484375 0.07161458333333333 0.6497395833333334 0 0.6471354166666666 0 0.6393229166666666 0.09114583333333333 0.6419270833333334 0.10286458333333333 0.6354166666666666 0.11979166666666667 0.6158854166666666 0.12890625 0.59765625 0.13541666666666666 0.5755208333333334 0.13802083333333334 0.5455729166666666 0.13671875 0.515625 0.13151041666666666 0.4947916666666667 0.12369791666666667 0.4752604166666667 0.10677083333333333 0.4518229166666667 0.09635416666666667 0.4453125 0.08723958333333333 0.4427083333333333 0 0.4401041666666667 0 0.4348958333333333
0 0.8932291666666666 0.4635416666666667 0.9661458333333334 0.4661458333333333 0.9674479166666666 0.4713541666666667 0.88671875 0.4700520833333333 0.859375 0.4674479166666667 0.84765625 0.4700520833333333 0.8359375 0.4765625 0.8216145833333334 0.4934895833333333 0.8151041666666666 0.5052083333333334 0.8072916666666666 0.52734375 0.8033854166666666 0.546875 0.8033854166666666 0.58984375 0.8125 0.6263020833333334 0.8255208333333334 0.6497395833333334 0.8359375 0.66015625 0.8463541666666666 0.6666666666666666 0.8502604166666666 0.6666666666666666 0.8515625 0.6692708333333334 0.9505208333333334 0.6731770833333334 0.9635416666666666 0.6744791666666666 0.9661458333333334 0.67578125 0.9661458333333334 0.6796875 0.8580729166666666 0.67578125 0.8463541666666666 0.6731770833333334 0.8359375 0.66796875 0.82421875 0.65625 0.80859375 0.6276041666666666 0.80078125 0.59375 0.80078125 0.546875 0.8072916666666666 0.5143229166666666 0.81640625 0.4934895833333333 0.828125 0.4765625 0.8463541666666666 0.46484375 0.8919270833333334 0.4635416666666667
2 0.4739583333333333 0.140625 0.4739583333333333 0.5520833333333334 0.4713541666666667 0.5924479166666666 0.47265625 0.6380208333333334 0.4700520833333333 0.6875 0.4713541666666667 0.7526041666666666 0.4674479166666667 0.9674479166666666 0.46484375 0.9635416666666666 0.46484375 0.875 0.4674479166666667 0.8489583333333334 0.4674479166666667 0.6796875 0.4700520833333333 0.57421875 0.46875 0.5286458333333334 0.4713541666666667 0.4830729166666667 0.47265625 0.14192708333333334
3 0.6549479166666666 0.2591145833333333 0.6575520833333334 0.2604166666666667 0.6575520833333334 0.2786458333333333 0.6510416666666666 0.2799479166666667 0.6471354166666666 0.2747395833333333 0.6536458333333334 0.2604166666666667
3 0.6640625 0.5677083333333334 0.6692708333333334 0.5729166666666666 0.6692708333333334 0.578125 0.6640625 0.5846354166666666 0.65625 0.578125 0.65234375 0.5716145833333334 0.6536458333333334 0.5690104166666666 0.6627604166666666 0.5677083333333334
3 0.5299479166666666 0.3111979166666667 0.5338541666666666 0.3125 0.5364583333333334 0.3216145833333333 0.5364583333333334 0.3294270833333333 0.53125 0.3346354166666667 0.5247395833333334 0.328125 0.5260416666666666 0.3190104166666667 0.5299479166666666 0.3125
3 0.5078125 0.3932291666666667 0.5130208333333334 0.3997395833333333 0.5130208333333334 0.4127604166666667 0.5091145833333334 0.4205729166666667 0.50390625 0.41796875 0.5 0.4075520833333333 0.5 0.4010416666666667 0.5065104166666666 0.3932291666666667
3 0.5950520833333334 0.6419270833333334 0.5963541666666666 0.65234375 0.59375 0.6588541666666666 0.58984375 0.6588541666666666 0.5846354166666666 0.6497395833333334 0.5859375 0.64453125 0.59375 0.6419270833333334
3 0.3489583333333333 0.3815104166666667 0.3528645833333333 0.3828125 0.35546875 0.3893229166666667 0.3619791666666667 0.390625 0.3619791666666667 0.3984375 0.3567708333333333 0.4010416666666667 0.3502604166666667 0.3997395833333333 0.3463541666666667 0.390625 0.3489583333333333 0.3828125
3 0.453125 0.513671875 0.011067708333333334 0.022135416666666668
3 0.5611979166666666 0.7109375 0.5651041666666666 0.7109375 0.56640625 0.7161458333333334 0.5638020833333334 0.73046875 0.5572916666666666 0.71875 0.5611979166666666 0.7122395833333334
3 0.4322916666666667 0.3255208333333333 0.4348958333333333 0.3333333333333333 0.43359375 0.3450520833333333 0.4309895833333333 0.3463541666666667 0.4283854166666667 0.3424479166666667 0.4283854166666667 0.3307291666666667 0.4309895833333333 0.3268229166666667
3 0.4401041666666667 0.23177083333333334 0.4440104166666667 0.23177083333333334 0.4466145833333333 0.23828125 0.4453125 0.2513020833333333 0.44140625 0.2526041666666667 0.4375 0.23828125 0.4401041666666667 0.23307291666666666
3 0.7734375 0.4947916666666667 0.77734375 0.5026041666666666 0.77734375 0.5091145833333334 0.7721354166666666 0.5143229166666666 0.7643229166666666 0.5091145833333334 0.7643229166666666 0.49609375 0.7669270833333334 0.4934895833333333 0.7721354166666666 0.4947916666666667
3 0.5013020833333334 0.8541666666666666 0.5052083333333334 0.8606770833333334 0.5052083333333334 0.8815104166666666 0.5 0.8776041666666666 0.4986979166666667 0.8697916666666666 0.4947916666666667 0.8645833333333334 0.4947916666666667 0.8619791666666666 0.4986979166666667 0.8606770833333334 0.5013020833333334 0.85546875