1 0.5015625 0.44027777734375 0.50234375 0.43055555598958334 0.49843750000000003 0.43055555598958334 0.49765624999999997 0.4375 0.5015625 0.44027777734375
0 0 0.4140625 0.09114583333333333 0.4166666666666667 0.09244791666666667 0.4192708333333333 0.10677083333333333 0.4231770833333333 0.11979166666666667 0.43359375 0.13411458333333334 0.4557291666666667 0.14192708333333334 0.4791666666666667 0.14713541666666666 0.51171875 0.14583333333333334 0.55078125 0.14322916666666666 0.5546875 0.14322916666666666 0.5638020833333334 0.13802083333333334 0.5846354166666666 0.12630208333333334 0.6067708333333334 0.10677083333333333 0.6263020833333334 0.09114583333333333 0.6315104166666666 0 0.6276041666666666 0 0.62109375 0.09635416666666667 0.6236979166666666 0.10807291666666667 0.6184895833333334 0.12109375 0.60546875 0.13151041666666666 0.5885416666666666 0.1328125 0.5807291666666666 0.13671875 0.57421875 0.13671875 0.5677083333333334 0.13932291666666666 0.5651041666666666 0.14322916666666666 0.5442708333333334 0.14322916666666666 0.50390625 0.13932291666666666 0.4830729166666667 0.13671875 0.48046875 0.13671875 0.4752604166666667 0.12760416666666666 0.453125 0.11067708333333333 0.4322916666666667 0.09114583333333333 0.4231770833333333 0.01171875 0.421875 0 0.4205729166666667 0 0.4153645833333333
0 0.9036458333333334 0.4479166666666667 0.9739583333333334 0.4505208333333333 0.9778645833333334 0.453125 0.9752604166666666 0.4557291666666667 0.8580729166666666 0.453125 0.84375 0.4622395833333333 0.8333333333333334 0.47265625 0.8268229166666666 0.4830729166666667 0.8190104166666666 0.4986979166666667 0.8177083333333334 0.5091145833333334 0.8151041666666666 0.51171875 0.8111979166666666 0.5325520833333334 0.8111979166666666 0.5755208333333334 0.8151041666666666 0.5963541666666666 0.8294270833333334 0.62890625 0.84765625 0.6484375 0.8541666666666666 0.65234375 0.8854166666666666 0.65625 0.96875 0.6588541666666666 0.9739583333333334 0.66015625 0.9739583333333334 0.6627604166666666 0.8815104166666666 0.6614583333333334 0.8580729166666666 0.6588541666666666 0.84765625 0.6549479166666666 0.8372395833333334 0.6471354166666666 0.82421875 0.62890625 0.81640625 0.6119791666666666 0.80859375 0.5794270833333334 0.8072916666666666 0.5481770833333334 0.8125 0.5091145833333334 0.8151041666666666 0.5065104166666666 0.81640625 0.49609375 0.82421875 0.4817708333333333 0.82421875 0.4778645833333333 0.8424479166666666 0.4557291666666667 0.8541666666666666 0.44921875 0.90234375 0.4479166666666667
2 0.48046875 0.4557291666666667 0.4817708333333333 0.4700520833333333 0.4791666666666667 0.49609375 0.48046875 0.5638020833333334 0.4778645833333333 0.6276041666666666 0.4791666666666667 0.6419270833333334 0.4739583333333333 0.9518229166666666 0.4713541666666667 0.9322916666666666 0.47265625 0.7486979166666666 0.4752604166666667 0.7057291666666666 0.4765625 0.4609375 0.4791666666666667 0.45703125
3 0.390625 0.5963541666666666 0.3854166666666667 0.5911458333333334 0.3854166666666667 0.5807291666666666 0.3893229166666667 0.57421875 0.3932291666666667 0.57421875 0.3919270833333333 0.5950520833333334
3 0.5162760416666666 0.2643229166666667 0.010416666666666666 0.026692708333333332
3 0.48046875 0.453125 0.4765625 0.4453125 0.4765625 0.4361979166666667 0.4713541666666667 0.42578125 0.4713541666666667 0.4166666666666667 0.4778645833333333 0.4127604166666667 0.4817708333333333 0.421875 0.4817708333333333 0.4518229166666667
3 0.5572916666666666 0.6549479166666666 0.5611979166666666 0.6575520833333334 0.5651041666666666 0.6666666666666666 0.5638020833333334 0.6809895833333334 0.55859375 0.6796875 0.5572916666666666 0.65625
3 0.20442708333333334 0.5559895833333334 0.20442708333333334 0.5716145833333334 0.20833333333333334 0.5833333333333334 0.20833333333333334 0.59375 0.20572916666666666 0.5989583333333334 0.203125 0.59765625 0.203125 0.5872395833333334 0.19921875 0.5807291666666666 0.19791666666666666 0.5729166666666666 0.19140625 0.5716145833333334 0.19140625 0.5598958333333334 0.203125 0.5559895833333334
3 0.2734375 0.7200520833333334 0.27734375 0.7213541666666666 0.2786458333333333 0.7252604166666666 0.2721354166666667 0.7356770833333334 0.265625 0.7330729166666666 0.2643229166666667 0.7265625 0.2669270833333333 0.71875 0.2721354166666667 0.7200520833333334
3 0.4635416666666667 0.7552083333333334 0.4622395833333333 0.78125 0.4596354166666667 0.7825520833333334 0.45703125 0.7799479166666666 0.453125 0.76953125 0.453125 0.7643229166666666 0.4622395833333333 0.7565104166666666
3 0.4361979166666667 0.6145833333333334 0.4361979166666667 0.6276041666666666 0.4322916666666667 0.6315104166666666 0.4283854166666667 0.6276041666666666 0.4270833333333333 0.6158854166666666 0.4296875 0.61328125 0.4348958333333333 0.6145833333333334
3 0.5833333333333334 0.4401041666666667 0.5846354166666666 0.453125 0.58203125 0.4596354166666667 0.5794270833333334 0.4609375 0.5729166666666666 0.4505208333333333 0.5729166666666666 0.4466145833333333 0.58203125 0.4401041666666667
3 0.45078124999999997 0.5291666666666667 0.45078124999999997 0.5458333333333333 0.45937500000000003 0.5513888893229166 0.4609375 0.5319444440104167 0.45703125 0.5263888893229166 0.45078124999999997 0.5291666666666667
3 0.37265624999999997 0.26805555598958336 0.37343750000000003 0.25416666666666665 0.36562500000000003 0.25416666666666665 0.36953125000000003 0.2694444440104167 0.37265624999999997 0.26805555598958336
3 0.44453125 0.8583333333333334 0.4421875 0.8527777773437499 0.43906249999999997 0.8569444440104167 0.43906249999999997 0.87222222265625 0.4421875 0.8819444440104167 0.4453125 0.8805555559895833 0.44453125 0.8583333333333334