1 0.3796875 0.1805555559895833 0.37890625 0.17777777734375 0.37578125 0.17500000000000002 0.375 0.18333333333333335 0.37656249999999997 0.1875 0.3796875 0.18333333333333335 0.3796875 0.1805555559895833
0 0 0.4192708333333333 0.08854166666666667 0.421875 0.10546875 0.4270833333333333 0.1171875 0.4375 0.13411458333333334 0.4661458333333333 0.14192708333333334 0.4908854166666667 0.14583333333333334 0.5247395833333334 0.14583333333333334 0.5338541666666666 0.14322916666666666 0.53515625 0.140625 0.53125 0.140625 0.5026041666666666 0.1328125 0.47265625 0.125 0.4557291666666667 0.10677083333333333 0.4348958333333333 0.0859375 0.4270833333333333 0.015625 0.42578125 0 0.4244791666666667 0 0.4205729166666667
0 0.9348958333333334 0.4557291666666667 0.9778645833333334 0.45703125 0.98046875 0.4583333333333333 0.98046875 0.4635416666666667 0.86328125 0.4609375 0.85546875 0.4635416666666667 0.8385416666666666 0.4765625 0.8372395833333334 0.4817708333333333 0.8255208333333334 0.4986979166666667 0.8151041666666666 0.53515625 0.8151041666666666 0.5885416666666666 0.8177083333333334 0.59375 0.8190104166666666 0.6067708333333334 0.8268229166666666 0.6276041666666666 0.8372395833333334 0.6432291666666666 0.8411458333333334 0.6458333333333334 0.8411458333333334 0.6484375 0.8502604166666666 0.65625 0.8684895833333334 0.6627604166666666 0.9674479166666666 0.6666666666666666 0.96875 0.6692708333333334 0.9765625 0.6692708333333334 0.9765625 0.6731770833333334 0.8684895833333334 0.6692708333333334 0.84765625 0.6614583333333334 0.83984375 0.6549479166666666 0.828125 0.6393229166666666 0.8203125 0.6223958333333334 0.8151041666666666 0.6067708333333334 0.8151041666666666 0.59765625 0.8125 0.59375 0.8111979166666666 0.5442708333333334 0.8151041666666666 0.5182291666666666 0.8229166666666666 0.4947916666666667 0.8385416666666666 0.4700520833333333 0.8528645833333334 0.4583333333333333 0.86328125 0.4544270833333333 0.93359375 0.4557291666666667
2 0.4778645833333333 0.50390625 0.4778645833333333 0.51171875 0.4817708333333333 0.51953125 0.4817708333333333 0.5299479166666666 0.4791666666666667 0.5794270833333334 0.4778645833333333 0.7825520833333334 0.4752604166666667 0.8463541666666666 0.4765625 0.8815104166666666 0.4739583333333333 0.9609375 0.4713541666666667 0.9427083333333334 0.4713541666666667 0.8802083333333334 0.4752604166666667 0.77734375 0.4752604166666667 0.6184895833333334 0.4778645833333333 0.5520833333333334 0.4765625 0.5052083333333334
3 0.396484375 0.544921875 0.010416666666666666 0.018229166666666668
3 0.5260416666666666 0.19270833333333334 0.5286458333333334 0.19661458333333334 0.5286458333333334 0.21354166666666666 0.5260416666666666 0.21614583333333334 0.5234375 0.21484375 0.5221354166666666 0.20963541666666666 0.5221354166666666 0.19401041666666666 0.5247395833333334 0.19270833333333334
3 0.3697916666666667 0.14322916666666666 0.3723958333333333 0.14583333333333334 0.3736979166666667 0.15755208333333334 0.3763020833333333 0.16015625 0.3763020833333333 0.17447916666666666 0.3802083333333333 0.18098958333333334 0.3776041666666667 0.18880208333333334 0.3736979166666667 0.18880208333333334 0.3697916666666667 0.18229166666666666 0.3658854166666667 0.15755208333333334 0.36328125 0.15364583333333334 0.36328125 0.14453125 0.3684895833333333 0.14322916666666666
3 0.2591145833333333 0.7044270833333334 0.2630208333333333 0.72265625 0.25390625 0.7252604166666666 0.2513020833333333 0.7213541666666666 0.2526041666666667 0.7135416666666666 0.2578125 0.7057291666666666
3 0.4869791666666667 0.7421875 0.4908854166666667 0.7473958333333334 0.4908854166666667 0.7604166666666666 0.4869791666666667 0.7630208333333334 0.484375 0.7604166666666666 0.484375 0.7473958333333334 0.4869791666666667 0.7434895833333334
3 0.4348958333333333 0.3919270833333333 0.4375 0.4010416666666667 0.4361979166666667 0.4075520833333333 0.4296875 0.4036458333333333 0.4296875 0.3958333333333333 0.43359375 0.3919270833333333
3 0.48046875 0.4739583333333333 0.4856770833333333 0.4778645833333333 0.4869791666666667 0.484375 0.4869791666666667 0.49609375 0.484375 0.5013020833333334 0.48046875 0.50390625 0.4765625 0.4973958333333333 0.4765625 0.4817708333333333 0.4791666666666667 0.4752604166666667
3 0.4225260416666667 0.6080729166666666 0.009114583333333334 0.016927083333333332
3 0.6002604166666666 0.3684895833333333 0.009114583333333334 0.0234375
3 0.5950520833333334 0.6783854166666666 0.5989583333333334 0.68359375 0.5963541666666666 0.6979166666666666 0.5924479166666666 0.6979166666666666 0.5885416666666666 0.69140625 0.58984375 0.6783854166666666 0.59375 0.6783854166666666
3 0.4270833333333333 0.7395833333333334 0.4270833333333333 0.75390625 0.4231770833333333 0.7604166666666666 0.41796875 0.7591145833333334 0.4166666666666667 0.7552083333333334 0.41796875 0.7473958333333334 0.42578125 0.7395833333333334
3 0.13256484375 0.5251555559895833 0.1251578125 0.5374111106770834 0.12881875 0.5496611106770833 0.14346328125 0.5469388893229167 0.14107890625 0.5342319440104167 0.13256484375 0.5251555559895833