1 0.62890625 0.75 0.6320312499999999 0.7486111106770833 0.6320312499999999 0.7444444440104167 0.63125 0.7430555559895833 0.6281249999999999 0.7430555559895833 0.6265625 0.7444444440104167 0.6265625 0.74722222265625 0.62734375 0.7486111106770833 0.62890625 0.75
3 0.08333333333333333 0.4778645833333333 0.0859375 0.4817708333333333 0.09114583333333333 0.4830729166666667 0.09244791666666667 0.49609375 0.09635416666666667 0.5052083333333334 0.09635416666666667 0.5234375 0.09375 0.5221354166666666 0.08984375 0.51171875 0.08854166666666667 0.4986979166666667 0.08463541666666667 0.4947916666666667 0.078125 0.4934895833333333 0.07421875 0.4869791666666667 0.07682291666666667 0.4791666666666667 0.08203125 0.4778645833333333
3 0.4973958333333333 0.1640625 0.5013020833333334 0.171875 0.5013020833333334 0.18098958333333334 0.4986979166666667 0.18619791666666666 0.4986979166666667 0.19401041666666666 0.4947916666666667 0.19661458333333334 0.4908854166666667 0.19270833333333334 0.48828125 0.17057291666666666 0.4921875 0.1640625 0.49609375 0.1640625
3 0.2591145833333333 0.3424479166666667 0.2630208333333333 0.3515625 0.2643229166666667 0.3658854166666667 0.26171875 0.3671875 0.2578125 0.3606770833333333 0.2526041666666667 0.359375 0.2526041666666667 0.34765625 0.2578125 0.34375
3 0.4596354166666667 0.6731770833333334 0.4622395833333333 0.67578125 0.4635416666666667 0.69140625 0.4557291666666667 0.69140625 0.4557291666666667 0.6783854166666666 0.4583333333333333 0.6744791666666666
3 0.21354166666666666 0.171875 0.21614583333333334 0.17447916666666666 0.22005208333333334 0.19010416666666666 0.22005208333333334 0.19661458333333334 0.21744791666666666 0.20052083333333334 0.21354166666666666 0.19921875 0.21354166666666666 0.19401041666666666 0.20572916666666666 0.18098958333333334 0.20572916666666666 0.17317708333333334 0.20963541666666666 0.17057291666666666 0.21223958333333334 0.171875
3 0.08333333333333333 0.4778645833333333 0.0859375 0.4817708333333333 0.09114583333333333 0.4830729166666667 0.09114583333333333 0.4947916666666667 0.08854166666666667 0.4973958333333333 0.0859375 0.4947916666666667 0.078125 0.4934895833333333 0.07421875 0.4856770833333333 0.07682291666666667 0.4791666666666667 0.08203125 0.4778645833333333
0 0.9187500000000001 0.65 0.8523437500000001 0.6486111106770833 0.8367187500000001 0.64027777734375 0.81484375 0.6124999999999999 0.7999999999999999 0.5513888893229166 0.80234375 0.5819444440104167 0.81015625 0.6111111106770833 0.8273437499999999 0.6388888893229167 0.8375 0.64722222265625 0.87890625 0.6555555559895833 0.9617187500000001 0.6583333333333333 0.9640624999999999 0.6569444440104167 0.9625 0.65277777734375 0.93541640625 0.65277777734375 0.93125 0.6569444440104167 0.9296875 0.6513888893229166 0.9187500000000001 0.65
3 0.8294270833333334 0.5481770833333334 0.8346354166666666 0.55859375 0.8333333333333334 0.5651041666666666 0.8294270833333334 0.5690104166666666 0.8216145833333334 0.5690104166666666 0.8125 0.5598958333333334 0.828125 0.5481770833333334
3 0.62890625 0.7395833333333334 0.640625 0.7408854166666666 0.6458333333333334 0.7473958333333334 0.6458333333333334 0.76171875 0.640625 0.7630208333333334 0.63671875 0.7604166666666666 0.6354166666666666 0.75390625 0.6276041666666666 0.7473958333333334 0.62890625 0.7408854166666666
3 0.609375 0.19661458333333334 0.61328125 0.1953125 0.6184895833333334 0.20182291666666666 0.6145833333333334 0.21484375 0.6158854166666666 0.22005208333333334 0.6106770833333334 0.22135416666666666 0.6080729166666666 0.21484375 0.609375 0.19791666666666666
3 0.6687500000000001 0.56527777734375 0.6710937499999999 0.5791666666666667 0.6749999999999999 0.5791666666666667 0.6749999999999999 0.5611111106770833 0.6687500000000001 0.56527777734375
3 0.48281250000000003 0.44166666666666665 0.48046875 0.43611111067708336 0.47421874999999997 0.43888888932291664 0.4734375 0.4458333333333333 0.4765625 0.44722222265624995 0.48046875 0.46388888932291666 0.48281250000000003 0.44166666666666665
2 0.4739583333333333 0.4622395833333333 0.4739583333333333 0.62890625 0.4713541666666667 0.6419270833333334 0.4700520833333333 0.9088541666666666 0.4674479166666667 0.9466145833333334 0.46484375 0.9205729166666666 0.4674479166666667 0.890625 0.4661458333333333 0.8515625 0.46875 0.7578125 0.46875 0.6041666666666666 0.4713541666666667 0.55859375 0.4700520833333333 0.4635416666666667 0.47265625 0.4622395833333333
0 0.81484375 0.4861111106770833 0.83046875 0.4611111106770833 0.84609375 0.45 0.9679687499999999 0.44861111067708337 0.8453125 0.44444444401041666 0.8203125 0.4666666666666666 0.80234375 0.5138888893229167 0.7999999999999999 0.5486111106770833 0.803125 0.54722222265625 0.8046875 0.5208333333333334 0.81484375 0.4861111106770833
0 0 0.6236111106770833 0.08984375 0.6263888893229167 0.10781249999999999 0.6166666666666667 0.12109375 0.6013888893229167 0.13749999999999998 0.5611111106770833 0.1421875 0.52222222265625 0.1390625 0.4875 0.12734375 0.45 0.1125 0.42777777734375005 0.09296875 0.41527777734375 0.03125 0.41111111067708334 0 0.41111111067708334 0 0.4166666666666667 0.0890625 0.41944444401041664 0.11562499999999999 0.43888888932291664 0.125 0.45416666666666666 0.13515625 0.4861111106770833 0.13828125 0.5083333333333333 0.13593750000000002 0.5499999999999999 0.12395859375 0.5865736106770834 0.11328125 0.6041666666666666 0.0984375 0.6180555559895834 0 0.6180555559895834 0 0.6236111106770833
3 0.38203125 0.8402777773437501 0.38046874999999997 0.8541666666666666 0.3875 0.8638888893229167 0.38906250000000003 0.8513888893229167 0.38203125 0.8402777773437501
3 0.6015625 0.8888888893229167 0.5945312500000001 0.8791666666666668 0.5929687499999999 0.9083333333333333 0.59921875 0.9097222226562499 0.6023437500000001 0.9041666666666667 0.6015625 0.8888888893229167