1 0.55703125 0.8624999999999999 0.55625 0.85972222265625 0.553125 0.8583333333333334 0.55234375 0.8624999999999999 0.553125 0.8666666666666667 0.55703125 0.8666666666666667 0.55703125 0.8624999999999999
0 0 0.4114583333333333 0.08854166666666667 0.4140625 0.10286458333333333 0.421875 0.11458333333333333 0.4322916666666667 0.12630208333333334 0.4505208333333333 0.13671875 0.4830729166666667 0.140625 0.5182291666666666 0.13802083333333334 0.5546875 0.13020833333333334 0.5846354166666666 0.11588541666666667 0.6080729166666666 0.10546875 0.6184895833333334 0.08854166666666667 0.6276041666666666 0 0.6263020833333334 0 0.6197916666666666 0.08984375 0.62109375 0.09895833333333333 0.6171875 0.11197916666666667 0.60546875 0.125 0.5846354166666666 0.13541666666666666 0.5520833333333334 0.13671875 0.5403645833333334 0.13671875 0.5026041666666666 0.1328125 0.4791666666666667 0.12369791666666667 0.4544270833333333 0.10677083333333333 0.4309895833333333 0.08723958333333333 0.4205729166666667 0 0.41796875 0 0.4127604166666667
0 0.9192708333333334 0.4453125 0.9596354166666666 0.4466145833333333 0.9661458333333334 0.4479166666666667 0.9661458333333334 0.4518229166666667 0.8528645833333334 0.44921875 0.8359375 0.45703125 0.8229166666666666 0.4713541666666667 0.8111979166666666 0.4934895833333333 0.8033854166666666 0.5234375 0.80078125 0.5572916666666666 0.80078125 0.5208333333333334 0.8046875 0.50390625 0.8125 0.4817708333333333 0.828125 0.45703125 0.84375 0.4466145833333333 0.85546875 0.4440104166666667 0.91796875 0.4453125
2 0.4739583333333333 0.12109375 0.4752604166666667 0.453125 0.4713541666666667 0.5729166666666666 0.47265625 0.6276041666666666 0.4700520833333333 0.67578125 0.4700520833333333 0.8346354166666666 0.4674479166666667 0.8606770833333334 0.4674479166666667 0.9479166666666666 0.46484375 0.9466145833333334 0.46484375 0.8645833333333334 0.4674479166666667 0.8151041666666666 0.4674479166666667 0.6744791666666666 0.4713541666666667 0.46484375 0.4700520833333333 0.421875 0.47265625 0.4192708333333333 0.47265625 0.12239583333333333
3 0.60546875 0.24609375 0.6080729166666666 0.24739583333333334 0.609375 0.2526041666666667 0.609375 0.2591145833333333 0.60546875 0.26953125 0.6002604166666666 0.2682291666666667 0.6002604166666666 0.24869791666666666 0.6041666666666666 0.24609375
3 0.5533854166666666 0.859375 0.5572916666666666 0.8606770833333334 0.5598958333333334 0.8671875 0.5677083333333334 0.875 0.5690104166666666 0.8841145833333334 0.5677083333333334 0.9010416666666666 0.5638020833333334 0.9049479166666666 0.55859375 0.9010416666666666 0.5598958333333334 0.8802083333333334 0.55859375 0.8736979166666666 0.5533854166666666 0.8671875 0.5533854166666666 0.8606770833333334
3 0.4921875 0.19010416666666666 0.4986979166666667 0.19010416666666666 0.5026041666666666 0.19921875 0.5013020833333334 0.21484375 0.4947916666666667 0.21744791666666666 0.4895833333333333 0.19921875 0.4921875 0.19140625
3 0.21744791666666666 0.1875 0.22526041666666666 0.20833333333333334 0.22395833333333334 0.21744791666666666 0.21875 0.21484375 0.21223958333333334 0.19921875 0.21223958333333334 0.1875 0.21614583333333334 0.1875
3 0.2571614583333333 0.3815104166666667 0.01171875 0.020833333333333332
3 0.0859375 0.4973958333333333 0.08984375 0.4986979166666667 0.09244791666666667 0.5026041666666666 0.09114583333333333 0.5091145833333334 0.08854166666666667 0.51171875 0.078125 0.5130208333333334 0.07552083333333333 0.5091145833333334 0.07682291666666667 0.4986979166666667 0.08463541666666667 0.4973958333333333
3 0.45 0.6916666666666668 0.45156250000000003 0.6888888893229167 0.45156250000000003 0.68472222265625 0.45 0.67777777734375 0.44765625000000003 0.6763888893229167 0.44296874999999997 0.6763888893229167 0.4421875 0.67777777734375 0.4421875 0.69027777734375 0.44609375 0.6944444440104167 0.45 0.6916666666666668
3 0.36562500000000003 0.8569444440104167 0.36874999999999997 0.8569444440104167 0.36953125000000003 0.8583333333333334 0.37265624999999997 0.8569444440104167 0.37265624999999997 0.8458333333333333 0.3703125 0.8416666666666667 0.3671875 0.8388888893229166 0.36562500000000003 0.8388888893229166 0.3640625 0.8416666666666667 0.36328125 0.8444444440104166 0.36484374999999997 0.85 0.36484374999999997 0.8555555559895834 0.36562500000000003 0.8569444440104167
3 0.6265625 0.7513888893229167 0.6265625 0.76527777734375 0.6335937500000001 0.775 0.634375 0.7583333333333333 0.6265625 0.7513888893229167
3 0.6609375000000001 0.55972222265625 0.6578125 0.5694444440104166 0.6640625 0.5750000000000001 0.66796875 0.5666666666666667 0.6609375000000001 0.55972222265625
3 0.8109375 0.5736111106770834 0.8132812500000001 0.55972222265625 0.8054687500000001 0.5555555559895834 0.7984375 0.55972222265625 0.7999999999999999 0.5666666666666667 0.80625 0.5750000000000001 0.8109375 0.5736111106770834
3 0.47936093750000003 0.4259833333333333 0.48200859375 0.42271111067708333 0.48028203125 0.41637083333333336 0.47490000000000004 0.41399722265625 0.4736046875 0.4186208333333334 0.47671328124999995 0.42577916666666665 0.47936093750000003 0.4259833333333333