1 0.7140624999999999 0.33888888932291666 0.7109375 0.3444444440104167 0.71484375 0.3444444440104167 0.7140624999999999 0.33888888932291666
0 0.9830729166666666 0.4166666666666667 0.9986979166666666 0.4166666666666667 0.9986979166666666 0.4231770833333333 0.9049479166666666 0.42578125 0.8880208333333334 0.4322916666666667 0.8697916666666666 0.453125 0.859375 0.4752604166666667 0.859375 0.4817708333333333 0.8541666666666666 0.4973958333333333 0.8515625 0.5299479166666666 0.85546875 0.5638020833333334 0.86328125 0.5872395833333334 0.8736979166666666 0.60546875 0.8841145833333334 0.6171875 0.8919270833333334 0.6223958333333334 0.8984375 0.625 0.9088541666666666 0.625 0.91015625 0.6276041666666666 0.9114583333333334 0.625 0.9986979166666666 0.6223958333333334 0.9986979166666666 0.62890625 0.9036458333333334 0.6328125 0.8880208333333334 0.6276041666666666 0.87109375 0.6106770833333334 0.8606770833333334 0.5911458333333334 0.8528645833333334 0.5677083333333334 0.8489583333333334 0.5338541666666666 0.8515625 0.4921875 0.8567708333333334 0.4713541666666667 0.8684895833333334 0.4466145833333333 0.8841145833333334 0.4283854166666667 0.9049479166666666 0.4205729166666667 0.9830729166666666 0.41796875
0 0.14453125 0.4505208333333333 0.15885416666666666 0.4583333333333333 0.17057291666666666 0.4713541666666667 0.18619791666666666 0.5052083333333334 0.19140625 0.5325520833333334 0.19140625 0.578125 0.18229166666666666 0.6158854166666666 0.17057291666666666 0.6380208333333334 0.15885416666666666 0.6510416666666666 0.14713541666666666 0.6575520833333334 0.125 0.6614583333333334 0.04296875 0.6640625 0.029947916666666668 0.6640625 0.026041666666666668 0.6614583333333334 0.032552083333333336 0.6588541666666666 0.13671875 0.6549479166666666 0.15104166666666666 0.6497395833333334 0.15885416666666666 0.6432291666666666 0.171875 0.6276041666666666 0.18359375 0.6002604166666666 0.18880208333333334 0.57421875 0.18880208333333334 0.5338541666666666 0.18489583333333334 0.5130208333333334 0.171875 0.4817708333333333 0.16536458333333334 0.47265625 0.14713541666666666 0.45703125 0.140625 0.4544270833333333 0.024739583333333332 0.45703125 0.0234375 0.453125 0.08854166666666667 0.44921875 0.14322916666666666 0.4505208333333333
2 0.5247395833333334 0.94921875 0.5208333333333334 0.7526041666666666 0.51953125 0.5247395833333334 0.5169270833333334 0.45703125 0.5182291666666666 0.4088541666666667 0.515625 0.24348958333333334 0.515625 0.13020833333333334 0.5182291666666666 0.12890625 0.5182291666666666 0.2864583333333333 0.5208333333333334 0.2942708333333333 0.51953125 0.3723958333333333 0.5221354166666666 0.4440104166666667 0.5221354166666666 0.6276041666666666 0.52734375 0.921875 0.5247395833333334 0.9505208333333334
3 0.6223958333333334 0.7421875 0.625 0.7513020833333334 0.6315104166666666 0.7591145833333334 0.62890625 0.7682291666666666 0.6223958333333334 0.7682291666666666 0.6223958333333334 0.7434895833333334
3 0.4934895833333333 0.4557291666666667 0.4973958333333333 0.4557291666666667 0.4986979166666667 0.4622395833333333 0.4947916666666667 0.4752604166666667 0.4895833333333333 0.4765625 0.4895833333333333 0.4609375 0.4934895833333333 0.45703125
3 0.5104166666666666 0.283203125 0.008463541666666666 0.022135416666666668
3 0.5442708333333334 0.6002604166666666 0.5494791666666666 0.6002604166666666 0.55078125 0.6041666666666666 0.5494791666666666 0.6171875 0.54296875 0.6171875 0.5442708333333334 0.6015625
3 0.5690104166666666 0.4674479166666667 0.5716145833333334 0.47265625 0.5716145833333334 0.4817708333333333 0.5703125 0.4869791666666667 0.5638020833333334 0.4947916666666667 0.5598958333333334 0.4908854166666667 0.55859375 0.4739583333333333 0.5625 0.4674479166666667 0.5677083333333334 0.4674479166666667
3 0.7135416666666666 0.59375 0.71875 0.6067708333333334 0.7174479166666666 0.6106770833333334 0.7122395833333334 0.61328125 0.7083333333333334 0.6106770833333334 0.70703125 0.6067708333333334 0.70703125 0.5989583333333334 0.7122395833333334 0.59375
3 0.6041666666666666 0.43359375 0.6080729166666666 0.4401041666666667 0.6080729166666666 0.4466145833333333 0.60546875 0.44921875 0.6015625 0.44921875 0.5989583333333334 0.4466145833333333 0.5989583333333334 0.4375 0.6028645833333334 0.43359375
3 0.5494791666666666 0.22265625 0.5533854166666666 0.22786458333333334 0.5533854166666666 0.23567708333333334 0.55078125 0.2421875 0.5481770833333334 0.24348958333333334 0.5455729166666666 0.234375 0.5494791666666666 0.22395833333333334
3 0.609375 0.5690104166666666 0.6067708333333334 0.5546875 0.6106770833333334 0.55078125 0.6145833333333334 0.55078125 0.6171875 0.5572916666666666 0.6158854166666666 0.5651041666666666 0.6106770833333334 0.5690104166666666
3 0.4036458333333333 0.546875 0.4127604166666667 0.5559895833333334 0.4088541666666667 0.56640625 0.40234375 0.5677083333333334 0.4010416666666667 0.5546875 0.4036458333333333 0.5481770833333334
3 0.5533854166666666 0.7291666666666666 0.5559895833333334 0.7291666666666666 0.55859375 0.734375 0.55859375 0.7447916666666666 0.5572916666666666 0.7473958333333334 0.5546875 0.7473958333333334 0.55078125 0.7434895833333334 0.5533854166666666 0.73046875
3 0.709375 0.3125 0.70703125 0.31805555598958335 0.7062499999999999 0.32222222265625 0.703125 0.32638888932291665 0.7039062500000001 0.33055555598958336 0.7078125000000001 0.33055555598958336 0.70859375 0.3319444440104167 0.7101562499999999 0.3319444440104167 0.7179687499999999 0.31944444401041666 0.7179687499999999 0.31527777734375 0.71640625 0.3125 0.71484375 0.31111111067708336 0.7109375 0.31111111067708336 0.709375 0.3125