1 0.5578124999999999 0.31527777734375 0.5609375 0.31527777734375 0.5609375 0.30833333333333335 0.5578124999999999 0.30833333333333335 0.55703125 0.30972222265625 0.55703125 0.3125 0.5578124999999999 0.31527777734375
0 0.9986979166666666 0.4296875 0.9986979166666666 0.4361979166666667 0.9934895833333334 0.4348958333333333 0.95703125 0.4361979166666667 0.9557291666666666 0.4388020833333333 0.9192708333333334 0.4388020833333333 0.91015625 0.4401041666666667 0.8997395833333334 0.4453125 0.88671875 0.45703125 0.875 0.4765625 0.8671875 0.5 0.86328125 0.52734375 0.8645833333333334 0.5638020833333334 0.8736979166666666 0.5989583333333334 0.890625 0.6263020833333334 0.9010416666666666 0.6354166666666666 0.9140625 0.640625 0.9986979166666666 0.6380208333333334 0.9986979166666666 0.64453125 0.94921875 0.64453125 0.9479166666666666 0.6471354166666666 0.9114583333333334 0.6471354166666666 0.91015625 0.64453125 0.9036458333333334 0.6432291666666666 0.8958333333333334 0.6380208333333334 0.8841145833333334 0.6263020833333334 0.8763020833333334 0.61328125 0.8684895833333334 0.5963541666666666 0.8619791666666666 0.5690104166666666 0.8606770833333334 0.5260416666666666 0.8645833333333334 0.49609375 0.87109375 0.4765625 0.8802083333333334 0.4583333333333333 0.8997395833333334 0.4375 0.9153645833333334 0.4322916666666667 0.9973958333333334 0.4296875
0 0.14713541666666666 0.4622395833333333 0.1640625 0.4700520833333333 0.17447916666666666 0.4791666666666667 0.18619791666666666 0.4986979166666667 0.19401041666666666 0.5208333333333334 0.19791666666666666 0.5416666666666666 0.19921875 0.5677083333333334 0.19791666666666666 0.5950520833333334 0.19010416666666666 0.6263020833333334 0.17838541666666666 0.6497395833333334 0.15885416666666666 0.6692708333333334 0.14713541666666666 0.6731770833333334 0.07682291666666667 0.6770833333333334 0.03515625 0.6770833333333334 0.032552083333333336 0.67578125 0.03515625 0.6731770833333334 0.13932291666666666 0.6692708333333334 0.140625 0.6666666666666666 0.1484375 0.6666666666666666 0.16145833333333334 0.66015625 0.17317708333333334 0.6484375 0.18359375 0.6315104166666666 0.19140625 0.6106770833333334 0.19661458333333334 0.5690104166666666 0.1953125 0.5416666666666666 0.1875 0.5130208333333334 0.1796875 0.49609375 0.171875 0.484375 0.16276041666666666 0.4752604166666667 0.15234375 0.46875 0.1015625 0.4674479166666667 0.032552083333333336 0.4700520833333333 0.03125 0.4661458333333333 0.061197916666666664 0.4635416666666667 0.14583333333333334 0.4622395833333333
2 0.5247395833333334 0.13802083333333334 0.52734375 0.19921875 0.5260416666666666 0.23177083333333334 0.5299479166666666 0.45703125 0.5286458333333334 0.4908854166666667 0.53125 0.7591145833333334 0.53515625 0.88671875 0.53515625 0.9609375 0.5338541666666666 0.9661458333333334 0.53125 0.96484375 0.53125 0.8502604166666666 0.5286458333333334 0.7877604166666666 0.5260416666666666 0.515625 0.52734375 0.484375 0.5247395833333334 0.4739583333333333 0.5247395833333334 0.13932291666666666
3 0.4296875 0.44921875 0.4322916666666667 0.44921875 0.4388020833333333 0.4583333333333333 0.4361979166666667 0.4674479166666667 0.4309895833333333 0.4713541666666667 0.4270833333333333 0.4622395833333333 0.4270833333333333 0.4544270833333333 0.4296875 0.4505208333333333
3 0.3385416666666667 0.5729166666666666 0.33984375 0.5846354166666666 0.3372395833333333 0.58984375 0.33203125 0.58984375 0.3294270833333333 0.5846354166666666 0.3294270833333333 0.57421875 0.33203125 0.5716145833333334 0.3372395833333333 0.5729166666666666
3 0.7122395833333334 0.4231770833333333 0.7096354166666666 0.40625 0.7200520833333334 0.40234375 0.7239583333333334 0.40234375 0.7252604166666666 0.4088541666666667 0.71875 0.4231770833333333 0.7135416666666666 0.4231770833333333
3 0.3580729166666667 0.40625 0.3658854166666667 0.4192708333333333 0.3619791666666667 0.4309895833333333 0.3567708333333333 0.4322916666666667 0.3528645833333333 0.42578125 0.3528645833333333 0.4114583333333333 0.3567708333333333 0.4075520833333333
3 0.23046875 0.3424479166666667 0.234375 0.3424479166666667 0.23958333333333334 0.34765625 0.24479166666666666 0.34765625 0.24479166666666666 0.3515625 0.23697916666666666 0.36328125 0.23046875 0.3567708333333333 0.23046875 0.34375
3 0.5520833333333334 0.265625 0.5533854166666666 0.2421875 0.5572916666666666 0.2421875 0.55859375 0.24609375 0.5572916666666666 0.2643229166666667 0.5533854166666666 0.265625
3 0.15625 0.5065104166666666 0.1640625 0.5065104166666666 0.16796875 0.51171875 0.17057291666666666 0.51171875 0.17057291666666666 0.5182291666666666 0.1640625 0.5260416666666666 0.16015625 0.52734375 0.15364583333333334 0.5182291666666666 0.15364583333333334 0.5104166666666666 0.15625 0.5078125
3 0.287109375 0.6451822916666666 0.018229166666666668 0.020833333333333332
3 0.4661458333333333 0.30859375 0.46875 0.3098958333333333 0.46875 0.3138020833333333 0.47265625 0.3190104166666667 0.4713541666666667 0.3307291666666667 0.46484375 0.3307291666666667 0.4661458333333333 0.3098958333333333
3 0.3463541666666667 0.3287760416666667 0.01171875 0.0234375
3 0.39375 0.8833333333333333 0.39375 0.8930555559895833 0.39453125 0.8944444440104166 0.39453125 0.9013888893229166 0.39687500000000003 0.8972222226562501 0.39765625 0.8972222226562501 0.3984375 0.8930555559895833 0.40078125000000003 0.8875000000000001 0.40078125000000003 0.8791666666666668 0.39999999999999997 0.8763888893229167 0.39765625 0.875 0.39453125 0.8791666666666668 0.39375 0.8833333333333333
3 0.33828125000000003 0.7125 0.3359375 0.7152777773437501 0.33671875 0.73472222265625 0.33749999999999997 0.7361111106770833 0.33828125000000003 0.7444444440104167 0.3390625 0.7458333333333332 0.34218750000000003 0.7430555559895833 0.34375 0.7319444440104167 0.34453125 0.7166666666666667 0.34609375000000003 0.7097222226562501 0.34531249999999997 0.7083333333333334 0.34218750000000003 0.7083333333333334 0.33984375 0.7125 0.33828125000000003 0.7125