1 0.5148437499999999 0.5638888893229167 0.51796875 0.5638888893229167 0.5187499999999999 0.55972222265625 0.5171875 0.5569444440104167 0.5148437499999999 0.5569444440104167 0.5140625 0.5625 0.5148437499999999 0.5638888893229167
0 0.9986979166666666 0.4283854166666667 0.9986979166666666 0.4322916666666667 0.99609375 0.43359375 0.90234375 0.4361979166666667 0.9010416666666666 0.4388020833333333 0.88671875 0.4440104166666667 0.8776041666666666 0.4518229166666667 0.8619791666666666 0.4778645833333333 0.8619791666666666 0.4830729166666667 0.85546875 0.4986979166666667 0.8515625 0.52734375 0.85546875 0.5729166666666666 0.86328125 0.5963541666666666 0.87109375 0.6106770833333334 0.88671875 0.62890625 0.90234375 0.6354166666666666 0.9986979166666666 0.6328125 0.9986979166666666 0.6380208333333334 0.9908854166666666 0.6393229166666666 0.9440104166666666 0.640625 0.8997395833333334 0.640625 0.8841145833333334 0.6341145833333334 0.8684895833333334 0.6158854166666666 0.8606770833333334 0.6015625 0.8515625 0.5729166666666666 0.8489583333333334 0.5520833333333334 0.8489583333333334 0.5208333333333334 0.8528645833333334 0.4947916666666667 0.8606770833333334 0.4713541666666667 0.8684895833333334 0.4557291666666667 0.88671875 0.4361979166666667 0.89453125 0.4322916666666667 0.9075520833333334 0.4296875 0.9973958333333334 0.4283854166666667
0 0.1484375 0.4557291666666667 0.171875 0.4739583333333333 0.18229166666666666 0.4908854166666667 0.19140625 0.5169270833333334 0.1953125 0.5403645833333334 0.1953125 0.5794270833333334 0.19010416666666666 0.609375 0.1875 0.6119791666666666 0.18359375 0.6276041666666666 0.17057291666666666 0.6484375 0.15104166666666666 0.6627604166666666 0.13802083333333334 0.6653645833333334 0.08333333333333333 0.6653645833333334 0.08203125 0.66796875 0.059895833333333336 0.6692708333333334 0.03125 0.6692708333333334 0.03125 0.6640625 0.140625 0.66015625 0.15494791666666666 0.6549479166666666 0.1640625 0.6471354166666666 0.1796875 0.6263020833333334 0.18098958333333334 0.6184895833333334 0.1875 0.60546875 0.19270833333333334 0.5729166666666666 0.19140625 0.53125 0.18359375 0.50390625 0.17578125 0.48828125 0.16276041666666666 0.4713541666666667 0.14713541666666666 0.4622395833333333 0.12369791666666667 0.4609375 0.028645833333333332 0.4635416666666667 0.028645833333333332 0.45703125 0.12109375 0.4544270833333333 0.14713541666666666 0.4557291666666667
2 0.5208333333333334 0.4830729166666667 0.5234375 0.4908854166666667 0.5234375 0.59375 0.5260416666666666 0.6302083333333334 0.5260416666666666 0.8606770833333334 0.5286458333333334 0.93359375 0.52734375 0.9544270833333334 0.5247395833333334 0.9557291666666666 0.5234375 0.8880208333333334 0.5221354166666666 0.6510416666666666 0.51953125 0.5651041666666666 0.5208333333333334 0.484375
3 0.5390625 0.2421875 0.5481770833333334 0.24479166666666666 0.54296875 0.2643229166666667 0.5403645833333334 0.265625 0.5364583333333334 0.2604166666666667 0.5390625 0.24348958333333334
3 0.5 0.6223958333333334 0.50390625 0.6236979166666666 0.5052083333333334 0.6302083333333334 0.50390625 0.640625 0.4973958333333333 0.640625 0.49609375 0.6328125 0.5 0.6236979166666666
3 0.5559895833333334 0.3776041666666667 0.5611979166666666 0.3815104166666667 0.5572916666666666 0.3997395833333333 0.5520833333333334 0.3971354166666667 0.5520833333333334 0.3828125 0.5546875 0.37890625
3 0.4270833333333333 0.5520833333333334 0.4309895833333333 0.5520833333333334 0.4322916666666667 0.5546875 0.4322916666666667 0.5651041666666666 0.4296875 0.5690104166666666 0.4270833333333333 0.5690104166666666 0.4244791666666667 0.5651041666666666 0.4270833333333333 0.5533854166666666
3 0.57421875 0.5859375 0.5768229166666666 0.5885416666666666 0.5768229166666666 0.5963541666666666 0.5729166666666666 0.6028645833333334 0.56640625 0.59765625 0.5677083333333334 0.58984375 0.5729166666666666 0.5859375
3 0.4518229166666667 0.24934895833333334 0.01171875 0.0234375
3 0.5807291666666666 0.80078125 0.5846354166666666 0.8020833333333334 0.5872395833333334 0.8098958333333334 0.5859375 0.8203125 0.5794270833333334 0.8203125 0.5807291666666666 0.8020833333333334
3 0.4934895833333333 0.7369791666666666 0.4947916666666667 0.73828125 0.4921875 0.7421875 0.4908854166666667 0.7526041666666666 0.4869791666666667 0.7552083333333334 0.484375 0.7526041666666666 0.4830729166666667 0.7395833333333334 0.4921875 0.7369791666666666
3 0.6158854166666666 0.3268229166666667 0.6197916666666666 0.3411458333333333 0.6145833333333334 0.3463541666666667 0.6106770833333334 0.3450520833333333 0.6106770833333334 0.3307291666666667 0.6145833333333334 0.3268229166666667
3 0.3033854166666667 0.5911458333333334 0.30859375 0.5950520833333334 0.3098958333333333 0.6015625 0.3098958333333333 0.6067708333333334 0.3033854166666667 0.6119791666666666 0.2994791666666667 0.6119791666666666 0.296875 0.6015625 0.2981770833333333 0.59375 0.3020833333333333 0.5911458333333334
3 0.4609375 0.4440104166666667 0.46484375 0.4544270833333333 0.4583333333333333 0.46484375 0.453125 0.4596354166666667 0.453125 0.44921875 0.4596354166666667 0.4440104166666667
3 0.5164062500000001 0.4611111106770833 0.5265624999999999 0.46388888932291666 0.5296875 0.4569444440104167 0.52890625 0.44722222265624995 0.5242187500000001 0.44166666666666665 0.5187499999999999 0.44444444401041666 0.5164062500000001 0.4611111106770833