1 0.41171874999999997 0.7013888893229167 0.41250000000000003 0.70277777734375 0.41484375 0.70277777734375 0.41562499999999997 0.7013888893229167 0.41562499999999997 0.69722222265625 0.41484375 0.6944444440104167 0.4140625 0.6944444440104167 0.41171874999999997 0.6986111106770833 0.41171874999999997 0.7013888893229167
0 0 0.4114583333333333 0.08854166666666667 0.4140625 0.09505208333333333 0.4166666666666667 0.11458333333333333 0.4322916666666667 0.12630208333333334 0.4518229166666667 0.13411458333333334 0.47265625 0.13932291666666666 0.5 0.13932291666666666 0.5455729166666666 0.13411458333333334 0.5716145833333334 0.13020833333333334 0.5794270833333334 0.13020833333333334 0.5846354166666666 0.11979166666666667 0.6002604166666666 0.11848958333333333 0.60546875 0.11067708333333333 0.6145833333333334 0.08984375 0.6276041666666666 0 0.6263020833333334 0 0.6197916666666666 0.0859375 0.6223958333333334 0.09895833333333333 0.6171875 0.11197916666666667 0.60546875 0.125 0.5846354166666666 0.13541666666666666 0.55078125 0.13671875 0.5390625 0.13671875 0.50390625 0.1328125 0.4791666666666667 0.12369791666666667 0.4544270833333333 0.10677083333333333 0.4309895833333333 0.08854166666666667 0.4205729166666667 0 0.41796875 0 0.4127604166666667
0 0.9661458333333334 0.4479166666666667 0.9700520833333334 0.44921875 0.9700520833333334 0.453125 0.8515625 0.4505208333333333 0.8424479166666666 0.4544270833333333 0.8294270833333334 0.4661458333333333 0.8229166666666666 0.4752604166666667 0.8177083333333334 0.48828125 0.8151041666666666 0.4895833333333333 0.8072916666666666 0.5143229166666666 0.8046875 0.5403645833333334 0.8046875 0.5703125 0.8072916666666666 0.5885416666666666 0.8151041666666666 0.6119791666666666 0.8229166666666666 0.6263020833333334 0.8385416666666666 0.6432291666666666 0.8515625 0.6510416666666666 0.9518229166666666 0.6549479166666666 0.9661458333333334 0.65625 0.96484375 0.66015625 0.86328125 0.6575520833333334 0.83984375 0.6510416666666666 0.8229166666666666 0.6341145833333334 0.8125 0.6158854166666666 0.8020833333333334 0.57421875 0.8020833333333334 0.53125 0.8046875 0.51171875 0.81640625 0.4778645833333333 0.83203125 0.4557291666666667 0.8411458333333334 0.44921875 0.8515625 0.4453125 0.96484375 0.4479166666666667
2 0.4739583333333333 0.12239583333333333 0.4765625 0.12239583333333333 0.4778645833333333 0.140625 0.4739583333333333 0.2825520833333333 0.4739583333333333 0.62890625 0.4713541666666667 0.6328125 0.46875 0.86328125 0.4700520833333333 0.9036458333333334 0.4674479166666667 0.9231770833333334 0.4674479166666667 0.9479166666666666 0.46484375 0.9348958333333334 0.4674479166666667 0.8854166666666666 0.46875 0.6067708333333334 0.4713541666666667 0.55859375 0.4713541666666667 0.3098958333333333 0.4739583333333333 0.2981770833333333 0.4739583333333333 0.12369791666666667
3 0.23828125 0.4817708333333333 0.24088541666666666 0.4895833333333333 0.234375 0.49609375 0.2265625 0.4947916666666667 0.22395833333333334 0.4921875 0.22395833333333334 0.48828125 0.2265625 0.484375 0.23697916666666666 0.4817708333333333
3 0.5221354166666666 0.6549479166666666 0.5260416666666666 0.6575520833333334 0.5247395833333334 0.6744791666666666 0.5208333333333334 0.6744791666666666 0.5182291666666666 0.66796875 0.5182291666666666 0.6588541666666666 0.5208333333333334 0.65625
3 0.5989583333333334 0.5104166666666666 0.5989583333333334 0.5299479166666666 0.5924479166666666 0.52734375 0.5885416666666666 0.51953125 0.58984375 0.5130208333333334 0.59765625 0.5104166666666666
3 0.4622395833333333 0.25 0.4661458333333333 0.25 0.4700520833333333 0.2552083333333333 0.46875 0.2734375 0.4674479166666667 0.27734375 0.4635416666666667 0.27734375 0.45703125 0.2643229166666667 0.4583333333333333 0.2565104166666667 0.4622395833333333 0.2513020833333333
3 0.41796875 0.6705729166666666 0.4205729166666667 0.6705729166666666 0.4231770833333333 0.6822916666666666 0.4231770833333333 0.69140625 0.4166666666666667 0.6953125 0.4153645833333333 0.7018229166666666 0.4127604166666667 0.7005208333333334 0.4140625 0.67578125 0.41796875 0.671875
3 0.2890625 0.8268229166666666 0.2942708333333333 0.83203125 0.2903645833333333 0.8463541666666666 0.28515625 0.8489583333333334 0.2825520833333333 0.8450520833333334 0.2838541666666667 0.8307291666666666 0.2877604166666667 0.828125
3 0.4830729166666667 0.859375 0.4869791666666667 0.8658854166666666 0.4869791666666667 0.8776041666666666 0.484375 0.8802083333333334 0.48046875 0.8776041666666666 0.4791666666666667 0.8697916666666666 0.4817708333333333 0.8606770833333334
3 0.26171875 0.3854166666666667 0.2630208333333333 0.3919270833333333 0.2552083333333333 0.4010416666666667 0.2526041666666667 0.3919270833333333 0.24869791666666666 0.3880208333333333 0.24739583333333334 0.37890625 0.25 0.3776041666666667 0.2604166666666667 0.3854166666666667
3 0.234375 0.203125 0.24088541666666666 0.22005208333333334 0.24088541666666666 0.2265625 0.23697916666666666 0.23177083333333334 0.234375 0.23046875 0.2265625 0.2109375 0.22916666666666666 0.203125 0.23307291666666666 0.203125
3 0.07552083333333333 0.50390625 0.08072916666666667 0.5091145833333334 0.08072916666666667 0.5182291666666666 0.07291666666666667 0.5182291666666666 0.0703125 0.5221354166666666 0.06510416666666667 0.515625 0.06510416666666667 0.5065104166666666 0.06770833333333333 0.50390625 0.07421875 0.50390625
3 0.78125 0.5416666666666666 0.7890625 0.5442708333333334 0.7942708333333334 0.5390625 0.7994791666666666 0.5481770833333334 0.796875 0.5572916666666666 0.7942708333333334 0.5598958333333334 0.7890625 0.5598958333333334 0.78515625 0.5559895833333334 0.78125 0.54296875
3 0.5481770833333334 0.3125 0.55078125 0.3125 0.5546875 0.32421875 0.5533854166666666 0.3346354166666667 0.55078125 0.3372395833333333 0.546875 0.3346354166666667 0.5455729166666666 0.32421875 0.5481770833333334 0.3138020833333333