1 0.41953124999999997 0.8263888893229167 0.41640625000000003 0.8263888893229167 0.41875 0.8347222226562501 0.41953124999999997 0.8263888893229167
0 0.9986979166666666 0.4114583333333333 0.9986979166666666 0.41796875 0.9114583333333334 0.4205729166666667 0.8984375 0.42578125 0.88671875 0.4348958333333333 0.8776041666666666 0.4479166666666667 0.86328125 0.484375 0.8619791666666666 0.5091145833333334 0.859375 0.515625 0.8619791666666666 0.55078125 0.8736979166666666 0.5872395833333334 0.8854166666666666 0.60546875 0.8971354166666666 0.6158854166666666 0.9075520833333334 0.62109375 0.9986979166666666 0.6197916666666666 0.9986979166666666 0.6263020833333334 0.94921875 0.6276041666666666 0.9036458333333334 0.6263020833333334 0.8841145833333334 0.6119791666666666 0.87890625 0.60546875 0.8684895833333334 0.5872395833333334 0.859375 0.5546875 0.8567708333333334 0.5182291666666666 0.8619791666666666 0.4778645833333333 0.8684895833333334 0.45703125 0.8763020833333334 0.4427083333333333 0.87890625 0.44140625 0.8802083333333334 0.4361979166666667 0.8880208333333334 0.4270833333333333 0.90234375 0.4166666666666667 0.9114583333333334 0.4140625 0.9973958333333334 0.4114583333333333
0 0.15104166666666666 0.4453125 0.17057291666666666 0.4583333333333333 0.18229166666666666 0.4739583333333333 0.19010416666666666 0.4921875 0.19791666666666666 0.5260416666666666 0.19791666666666666 0.5677083333333334 0.1953125 0.5651041666666666 0.1953125 0.5247395833333334 0.1875 0.4947916666666667 0.1796875 0.4778645833333333 0.15885416666666666 0.4544270833333333 0.14583333333333334 0.44921875 0.078125 0.4518229166666667 0.03125 0.4505208333333333 0.036458333333333336 0.4466145833333333 0.13411458333333334 0.4440104166666667 0.14973958333333334 0.4453125
2 0.52734375 0.44921875 0.52734375 0.5559895833333334 0.53125 0.6796875 0.53125 0.8919270833333334 0.5338541666666666 0.9205729166666666 0.5325520833333334 0.9466145833333334 0.5299479166666666 0.9440104166666666 0.5286458333333334 0.9140625 0.52734375 0.640625 0.5247395833333334 0.62890625 0.5234375 0.4505208333333333 0.5260416666666666 0.44921875
3 0.7395833333333334 0.3580729166666667 0.7447916666666666 0.3619791666666667 0.7447916666666666 0.3697916666666667 0.7408854166666666 0.3736979166666667 0.7369791666666666 0.3841145833333333 0.7330729166666666 0.3802083333333333 0.7317708333333334 0.3736979166666667 0.7356770833333334 0.359375 0.73828125 0.3580729166666667
3 0.390625 0.22135416666666666 0.39453125 0.2265625 0.3932291666666667 0.24348958333333334 0.3893229166666667 0.24348958333333334 0.3841145833333333 0.23046875 0.3854166666666667 0.22395833333333334 0.3893229166666667 0.22135416666666666
3 0.3255208333333333 0.5807291666666666 0.32421875 0.5716145833333334 0.328125 0.5611979166666666 0.3346354166666667 0.5677083333333334 0.3346354166666667 0.5716145833333334 0.3307291666666667 0.5794270833333334 0.3268229166666667 0.5807291666666666
3 0.41015625 0.8736979166666666 0.4166666666666667 0.8776041666666666 0.4192708333333333 0.8828125 0.4166666666666667 0.89453125 0.41796875 0.9010416666666666 0.4166666666666667 0.9036458333333334 0.4127604166666667 0.9036458333333334 0.41015625 0.8997395833333334 0.4075520833333333 0.8854166666666666 0.41015625 0.875
3 0.5 0.17838541666666666 0.5052083333333334 0.17838541666666666 0.5091145833333334 0.18489583333333334 0.5065104166666666 0.19921875 0.50390625 0.20182291666666666 0.4986979166666667 0.20052083333333334 0.49609375 0.18619791666666666 0.5 0.1796875
3 0.5455729166666666 0.6809895833333334 0.546875 0.6927083333333334 0.5416666666666666 0.6979166666666666 0.5364583333333334 0.6966145833333334 0.53515625 0.6927083333333334 0.5390625 0.6822916666666666 0.5442708333333334 0.6809895833333334
3 0.7825520833333334 0.18359375 0.7890625 0.18229166666666666 0.7916666666666666 0.18489583333333334 0.7916666666666666 0.19010416666666666 0.78125 0.20703125 0.7747395833333334 0.20703125 0.7747395833333334 0.20182291666666666 0.7825520833333334 0.18489583333333334
3 0.921875 0.4895833333333333 0.9244791666666666 0.4908854166666667 0.9244791666666666 0.50390625 0.921875 0.5065104166666666 0.9140625 0.5026041666666666 0.91015625 0.5052083333333334 0.90625 0.5013020833333334 0.9075520833333334 0.4934895833333333 0.9205729166666666 0.4895833333333333
3 0.19140625 0.5677083333333334 0.19140625 0.5716145833333334 0.18359375 0.5755208333333334 0.17838541666666666 0.5755208333333334 0.17447916666666666 0.5690104166666666 0.17838541666666666 0.5559895833333334 0.18229166666666666 0.5559895833333334 0.19010416666666666 0.5677083333333334
3 0.3658854166666667 0.7486979166666666 0.3697916666666667 0.7552083333333334 0.3697916666666667 0.7760416666666666 0.3645833333333333 0.7890625 0.3606770833333333 0.7864583333333334 0.359375 0.78125 0.359375 0.76171875 0.3645833333333333 0.7552083333333334 0.3645833333333333 0.75
3 0.6164062499999999 0.8402777773437501 0.6164062499999999 0.8583333333333334 0.62265625 0.8555555559895834 0.6234375 0.8541666666666666 0.6242187499999999 0.8513888893229167 0.6242187499999999 0.8472222226562499 0.6234375 0.8430555559895834 0.6203124999999999 0.8388888893229166 0.6171875 0.8388888893229166 0.6164062499999999 0.8402777773437501
3 0.5171875 0.43055555598958334 0.51796875 0.4319444440104167 0.515625 0.4458333333333333 0.5164062500000001 0.44722222265624995 0.51953125 0.44861111067708337 0.5203125000000001 0.44722222265624995 0.525 0.4319444440104167 0.5242187500000001 0.4291666666666667 0.5203125000000001 0.4236111106770833 0.5164062500000001 0.4236111106770833 0.5171875 0.43055555598958334