1 0.52316328125 0.5333569440104167 0.5244289062499999 0.5357305559895833 0.52590546875 0.5352305559895834 0.52787421875 0.5318583333333333 0.52759296875 0.52848472265625 0.52541328125 0.52588472265625 0.52337421875 0.52710972265625 0.52316328125 0.5297333333333333 0.52316328125 0.5333569440104167
0 0.8997395833333334 0.4166666666666667 0.9075520833333334 0.4140625 0.9296875 0.4127604166666667 0.9986979166666666 0.4114583333333333 0.9986979166666666 0.41796875 0.9075520833333334 0.4205729166666667 0.89453125 0.4270833333333333 0.8828125 0.4375 0.87109375 0.45703125 0.86328125 0.4791666666666667 0.8619791666666666 0.49609375 0.859375 0.5026041666666666 0.859375 0.5403645833333334 0.8658854166666666 0.5690104166666666 0.875 0.5911458333333334 0.89453125 0.6145833333333334 0.9075520833333334 0.62109375 0.9986979166666666 0.6184895833333334 0.9986979166666666 0.6236979166666666 0.9921875 0.6236979166666666 0.9908854166666666 0.6263020833333334 0.9700520833333334 0.6263020833333334 0.96875 0.6236979166666666 0.95703125 0.6236979166666666 0.9557291666666666 0.6263020833333334 0.9544270833333334 0.6236979166666666 0.9518229166666666 0.6236979166666666 0.9505208333333334 0.6263020833333334 0.9283854166666666 0.6276041666666666 0.90625 0.6263020833333334 0.9049479166666666 0.6236979166666666 0.8958333333333334 0.62109375 0.8841145833333334 0.6119791666666666 0.8684895833333334 0.5885416666666666 0.8606770833333334 0.56640625 0.8567708333333334 0.54296875 0.8567708333333334 0.5 0.8606770833333334 0.4765625 0.8684895833333334 0.453125 0.87109375 0.4518229166666667 0.8776041666666666 0.4375 0.8893229166666666 0.4244791666666667 0.8997395833333334 0.41796875
0 0.14322916666666666 0.44140625 0.15625 0.4453125 0.171875 0.4583333333333333 0.171875 0.4609375 0.18229166666666666 0.4739583333333333 0.18359375 0.4817708333333333 0.19010416666666666 0.4934895833333333 0.1953125 0.5182291666666666 0.19661458333333334 0.5598958333333334 0.19401041666666666 0.5859375 0.18619791666666666 0.6106770833333334 0.17057291666666666 0.63671875 0.15885416666666666 0.6471354166666666 0.15104166666666666 0.6510416666666666 0.13020833333333334 0.6536458333333334 0.055989583333333336 0.65625 0.032552083333333336 0.65625 0.032552083333333336 0.65234375 0.140625 0.6484375 0.14192708333333334 0.6458333333333334 0.15364583333333334 0.6432291666666666 0.16276041666666666 0.63671875 0.17317708333333334 0.6263020833333334 0.18359375 0.6080729166666666 0.18489583333333334 0.5989583333333334 0.18880208333333334 0.5924479166666666 0.19401041666666666 0.5611979166666666 0.19270833333333334 0.5247395833333334 0.1875 0.5065104166666666 0.1875 0.4973958333333333 0.1796875 0.4817708333333333 0.1796875 0.4778645833333333 0.16536458333333334 0.4583333333333333 0.15494791666666666 0.4505208333333333 0.14583333333333334 0.4466145833333333 0.028645833333333332 0.44921875 0.028645833333333332 0.4453125 0.14192708333333334 0.44140625
2 0.5247395833333334 0.53125 0.52734375 0.55078125 0.5260416666666666 0.5572916666666666 0.5286458333333334 0.61328125 0.52734375 0.6484375 0.5299479166666666 0.7109375 0.5286458333333334 0.7330729166666666 0.53125 0.9453125 0.5286458333333334 0.9453125 0.52734375 0.92578125 0.5286458333333334 0.8723958333333334 0.5234375 0.5325520833333334
3 0.37890625 0.16015625 0.3854166666666667 0.17447916666666666 0.3828125 0.18489583333333334 0.37890625 0.18489583333333334 0.3763020833333333 0.18229166666666666 0.3723958333333333 0.17317708333333334 0.3723958333333333 0.16536458333333334 0.375 0.16145833333333334 0.3776041666666667 0.16145833333333334
3 0.31640625 0.5533854166666666 0.3203125 0.5533854166666666 0.32421875 0.5572916666666666 0.3229166666666667 0.5690104166666666 0.3203125 0.5716145833333334 0.31640625 0.5716145833333334 0.31640625 0.5546875
3 0.5208333333333334 0.5052083333333334 0.5247395833333334 0.5052083333333334 0.5260416666666666 0.5208333333333334 0.5260416666666666 0.5338541666666666 0.5221354166666666 0.5338541666666666 0.51953125 0.53125 0.5182291666666666 0.5208333333333334 0.5208333333333334 0.5065104166666666
3 0.3997395833333333 0.8697916666666666 0.4036458333333333 0.8671875 0.41015625 0.8671875 0.4049479166666667 0.8971354166666666 0.40234375 0.8971354166666666 0.3984375 0.8919270833333334 0.3997395833333333 0.87109375
3 0.5559895833333334 0.6380208333333334 0.5611979166666666 0.6380208333333334 0.5625 0.640625 0.5611979166666666 0.65234375 0.55859375 0.6549479166666666 0.5546875 0.6549479166666666 0.5559895833333334 0.6393229166666666
3 0.6028645833333334 0.859375 0.609375 0.859375 0.6158854166666666 0.8658854166666666 0.6145833333333334 0.8776041666666666 0.6119791666666666 0.8815104166666666 0.6080729166666666 0.8815104166666666 0.60546875 0.8776041666666666 0.60546875 0.8671875 0.6028645833333334 0.8645833333333334 0.6028645833333334 0.8606770833333334
3 0.7395833333333334 0.26171875 0.7408854166666666 0.2721354166666667 0.7330729166666666 0.2786458333333333 0.73046875 0.2838541666666667 0.7265625 0.28125 0.7278645833333334 0.26953125 0.7317708333333334 0.2630208333333333 0.73828125 0.26171875
3 0.7936197916666666 0.15885416666666666 0.016276041666666668 0.029296875
3 0.5149739583333334 0.158203125 0.015625 0.033203125
3 0.2916666666666667 0.70703125 0.2955729166666667 0.7200520833333334 0.2890625 0.73046875 0.28515625 0.73046875 0.2825520833333333 0.7161458333333334 0.2903645833333333 0.7083333333333334
3 0.9127604166666666 0.4700520833333333 0.9127604166666666 0.4856770833333333 0.90234375 0.4869791666666667 0.8997395833333334 0.4895833333333333 0.8984375 0.4765625 0.9088541666666666 0.46875 0.9114583333333334 0.4700520833333333
3 0.16927083333333334 0.5065104166666666 0.1796875 0.515625 0.1796875 0.5299479166666666 0.16796875 0.53125 0.16536458333333334 0.52734375 0.1640625 0.515625 0.16927083333333334 0.5078125