1 0.4325625 0.6541986106770833 0.4334375 0.6536444440104167 0.43443750000000003 0.6513125000000001 0.4351875 0.6487583333333333 0.434625 0.6462041666666667 0.431953125 0.6461388893229166 0.43062500000000004 0.65109027734375 0.4314375 0.6541986106770833 0.4325625 0.6541986106770833
0 0.9986979166666666 0.4140625 0.9986979166666666 0.4205729166666667 0.90625 0.4231770833333333 0.8919270833333334 0.4296875 0.8828125 0.4375 0.87109375 0.453125 0.8580729166666666 0.4895833333333333 0.85546875 0.5052083333333334 0.85546875 0.5442708333333334 0.859375 0.5651041666666666 0.8619791666666666 0.5677083333333334 0.8658854166666666 0.5846354166666666 0.87890625 0.6067708333333334 0.8880208333333334 0.6158854166666666 0.90234375 0.6236979166666666 0.9986979166666666 0.6223958333333334 0.9986979166666666 0.6276041666666666 0.9947916666666666 0.62890625 0.94921875 0.6302083333333334 0.90234375 0.6302083333333334 0.8841145833333334 0.6197916666666666 0.8723958333333334 0.60546875 0.86328125 0.58984375 0.8567708333333334 0.5703125 0.85546875 0.5546875 0.8528645833333334 0.55078125 0.8515625 0.5143229166666666 0.85546875 0.4869791666666667 0.8645833333333334 0.4557291666666667 0.87890625 0.43359375 0.8919270833333334 0.4231770833333333 0.9049479166666666 0.4192708333333333 0.90625 0.4166666666666667 0.9973958333333334 0.4140625
0 0.14453125 0.44921875 0.15625 0.4557291666666667 0.17057291666666666 0.4713541666666667 0.18229166666666666 0.49609375 0.1875 0.515625 0.19140625 0.5455729166666666 0.19140625 0.5690104166666666 0.18229166666666666 0.61328125 0.17447916666666666 0.62890625 0.15885416666666666 0.6497395833333334 0.14192708333333334 0.6588541666666666 0.03515625 0.6640625 0.024739583333333332 0.6627604166666666 0.024739583333333332 0.66015625 0.029947916666666668 0.6588541666666666 0.13541666666666666 0.6549479166666666 0.15234375 0.6484375 0.16796875 0.6315104166666666 0.1796875 0.6080729166666666 0.1875 0.5755208333333334 0.18880208333333334 0.5481770833333334 0.18489583333333334 0.5169270833333334 0.1796875 0.50390625 0.1796875 0.4986979166666667 0.16536458333333334 0.47265625 0.1484375 0.45703125 0.140625 0.453125 0.061197916666666664 0.4557291666666667 0.0234375 0.4557291666666667 0.020833333333333332 0.453125 0.029947916666666668 0.4505208333333333 0.09375 0.4479166666666667 0.14322916666666666 0.44921875
2 0.5182291666666666 0.12239583333333333 0.51953125 0.2604166666666667 0.5221354166666666 0.265625 0.51953125 0.27734375 0.51953125 0.3359375 0.52734375 0.9505208333333334 0.5247395833333334 0.9518229166666666 0.5234375 0.93359375 0.5234375 0.7890625 0.51953125 0.6302083333333334 0.51953125 0.4739583333333333 0.5169270833333334 0.3984375 0.5182291666666666 0.2682291666666667 0.515625 0.19010416666666666 0.5169270833333334 0.12369791666666667
3 0.62109375 0.5572916666666666 0.6236979166666666 0.5611979166666666 0.6236979166666666 0.5703125 0.6184895833333334 0.5755208333333334 0.6145833333333334 0.57421875 0.6145833333333334 0.5625 0.6197916666666666 0.5572916666666666
3 0.56640625 0.5247395833333334 0.5703125 0.53125 0.5703125 0.5494791666666666 0.5638020833333334 0.5520833333333334 0.5598958333333334 0.5494791666666666 0.55859375 0.5442708333333334 0.55859375 0.5338541666666666 0.5651041666666666 0.5260416666666666
3 0.50390625 0.25390625 0.5091145833333334 0.2643229166666667 0.5091145833333334 0.2682291666666667 0.50390625 0.27734375 0.5 0.2786458333333333 0.5026041666666666 0.2552083333333333
3 0.58984375 0.6328125 0.5924479166666666 0.6341145833333334 0.5924479166666666 0.6471354166666666 0.5885416666666666 0.6510416666666666 0.5833333333333334 0.6471354166666666 0.5833333333333334 0.6393229166666666 0.5885416666666666 0.6328125
3 0.5455729166666666 0.4361979166666667 0.5494791666666666 0.4361979166666667 0.5520833333333334 0.4427083333333333 0.55078125 0.4505208333333333 0.5455729166666666 0.453125 0.5455729166666666 0.4375
3 0.7434895833333334 0.7213541666666666 0.7473958333333334 0.7213541666666666 0.7526041666666666 0.7265625 0.7513020833333334 0.7369791666666666 0.7369791666666666 0.7369791666666666 0.73828125 0.7291666666666666 0.7434895833333334 0.72265625
3 0.5403645833333334 0.734375 0.54296875 0.734375 0.5442708333333334 0.73828125 0.5494791666666666 0.7421875 0.5455729166666666 0.7604166666666666 0.5416666666666666 0.7604166666666666 0.5403645833333334 0.7356770833333334
3 0.6223958333333334 0.23307291666666666 0.6236979166666666 0.2421875 0.6197916666666666 0.2552083333333333 0.6171875 0.2565104166666667 0.6145833333333334 0.25390625 0.6145833333333334 0.23958333333333334 0.62109375 0.234375
3 0.4348958333333333 0.4713541666666667 0.43359375 0.4557291666666667 0.4361979166666667 0.4518229166666667 0.4401041666666667 0.4518229166666667 0.4440104166666667 0.4557291666666667 0.4440104166666667 0.4661458333333333 0.44140625 0.47265625 0.4361979166666667 0.4713541666666667
3 0.43359375 0.6458333333333334 0.4361979166666667 0.6484375 0.4361979166666667 0.6536458333333334 0.4322916666666667 0.6653645833333334 0.4322916666666667 0.6822916666666666 0.4270833333333333 0.6861979166666666 0.4231770833333333 0.6796875 0.4231770833333333 0.6614583333333334 0.4296875 0.6497395833333334 0.43359375 0.6471354166666666
3 0.78515625 0.5403645833333334 0.7877604166666666 0.5416666666666666 0.7890625 0.5494791666666666 0.7799479166666666 0.5638020833333334 0.77734375 0.5638020833333334 0.77734375 0.5611979166666666 0.7747395833333334 0.5598958333333334 0.7747395833333334 0.55078125 0.7838541666666666 0.5403645833333334
3 0.5768229166666666 0.83203125 0.5768229166666666 0.8502604166666666 0.5716145833333334 0.8489583333333334 0.5703125 0.8463541666666666 0.5716145833333334 0.8333333333333334 0.5755208333333334 0.83203125