1 0.4490625 0.6778513893229167 0.4511875 0.6777402773437501 0.452 0.67340972265625 0.45156250000000003 0.6694444440104167 0.4484375 0.6694444440104167 0.4474375 0.6747416666666667 0.4490625 0.6778513893229167
0 0.9049479166666666 0.4166666666666667 0.9986979166666666 0.4140625 0.9986979166666666 0.4205729166666667 0.90625 0.4231770833333333 0.8880208333333334 0.4322916666666667 0.87109375 0.4544270833333333 0.8697916666666666 0.4609375 0.8658854166666666 0.4661458333333333 0.8619791666666666 0.4765625 0.8619791666666666 0.4830729166666667 0.859375 0.4856770833333333 0.8580729166666666 0.5052083333333334 0.85546875 0.5130208333333334 0.85546875 0.53515625 0.8580729166666666 0.5416666666666666 0.8580729166666666 0.5533854166666666 0.8671875 0.5859375 0.87890625 0.60546875 0.8919270833333334 0.6184895833333334 0.9036458333333334 0.6236979166666666 0.9986979166666666 0.62109375 0.9986979166666666 0.6276041666666666 0.9908854166666666 0.62890625 0.9036458333333334 0.6302083333333334 0.8958333333333334 0.6276041666666666 0.8932291666666666 0.6236979166666666 0.8854166666666666 0.6197916666666666 0.875 0.6080729166666666 0.8645833333333334 0.5911458333333334 0.8567708333333334 0.56640625 0.85546875 0.5442708333333334 0.8528645833333334 0.5364583333333334 0.8528645833333334 0.5091145833333334 0.85546875 0.50390625 0.8567708333333334 0.484375 0.8645833333333334 0.4583333333333333 0.87890625 0.4348958333333333 0.8919270833333334 0.4231770833333333 0.9049479166666666 0.41796875
0 0.1484375 0.4505208333333333 0.15755208333333334 0.4557291666666667 0.17447916666666666 0.4765625 0.18229166666666666 0.4934895833333333 0.1875 0.51171875 0.19140625 0.53515625 0.19140625 0.5755208333333334 0.18229166666666666 0.6145833333333334 0.17057291666666666 0.63671875 0.15885416666666666 0.6497395833333334 0.1484375 0.65625 0.13020833333333334 0.66015625 0.059895833333333336 0.6627604166666666 0.028645833333333332 0.6627604166666666 0.026041666666666668 0.6614583333333334 0.028645833333333332 0.6588541666666666 0.09505208333333333 0.6549479166666666 0.1328125 0.6549479166666666 0.15234375 0.6484375 0.16145833333333334 0.6393229166666666 0.171875 0.6263020833333334 0.1796875 0.6106770833333334 0.18489583333333334 0.5924479166666666 0.18880208333333334 0.5729166666666666 0.18880208333333334 0.5364583333333334 0.18619791666666666 0.51953125 0.1796875 0.49609375 0.16927083333333334 0.4765625 0.15625 0.4622395833333333 0.14973958333333334 0.4596354166666667 0.14453125 0.4544270833333333 0.09114583333333333 0.453125 0.024739583333333332 0.4557291666666667 0.0234375 0.4518229166666667 0.12890625 0.4466145833333333 0.14192708333333334 0.4479166666666667 0.14713541666666666 0.4505208333333333
2 0.5208333333333334 0.2825520833333333 0.5234375 0.6067708333333334 0.5260416666666666 0.6302083333333334 0.5260416666666666 0.8671875 0.5286458333333334 0.94921875 0.5247395833333334 0.9505208333333334 0.5234375 0.87109375 0.5234375 0.7109375 0.5208333333333334 0.6575520833333334 0.5182291666666666 0.45703125 0.51953125 0.375 0.5169270833333334 0.3033854166666667 0.51953125 0.2838541666666667
3 0.63671875 0.5442708333333334 0.6393229166666666 0.5481770833333334 0.6393229166666666 0.5559895833333334 0.6328125 0.5611979166666666 0.62890625 0.5611979166666666 0.62890625 0.5520833333333334 0.6302083333333334 0.5481770833333334 0.6354166666666666 0.5442708333333334
3 0.51953125 0.24739583333333334 0.5221354166666666 0.24739583333333334 0.5260416666666666 0.2578125 0.5234375 0.265625 0.5169270833333334 0.2669270833333333 0.5169270833333334 0.2552083333333333 0.51953125 0.24869791666666666
3 0.60546875 0.21875 0.6145833333333334 0.21614583333333334 0.6119791666666666 0.23177083333333334 0.6080729166666666 0.234375 0.60546875 0.23046875 0.60546875 0.22005208333333334
3 0.5833333333333334 0.5234375 0.5885416666666666 0.5286458333333334 0.58984375 0.5338541666666666 0.5885416666666666 0.5455729166666666 0.5833333333333334 0.5494791666666666 0.578125 0.546875 0.578125 0.5286458333333334 0.58203125 0.5247395833333334
3 0.5598958333333334 0.4166666666666667 0.56640625 0.4244791666666667 0.56640625 0.4296875 0.55859375 0.4401041666666667 0.5572916666666666 0.4348958333333333 0.5598958333333334 0.41796875
3 0.7591145833333334 0.7057291666666666 0.7630208333333334 0.70703125 0.7682291666666666 0.7200520833333334 0.7643229166666666 0.73046875 0.7591145833333334 0.73046875 0.7552083333333334 0.7265625 0.7591145833333334 0.70703125
3 0.53125 0.7135416666666666 0.5338541666666666 0.7135416666666666 0.5377604166666666 0.71875 0.5364583333333334 0.7317708333333334 0.53125 0.734375 0.53125 0.71484375
3 0.78125 0.52734375 0.78515625 0.5286458333333334 0.78125 0.5377604166666666 0.7708333333333334 0.5364583333333334 0.7708333333333334 0.5299479166666666 0.7734375 0.52734375 0.7799479166666666 0.52734375
3 0.6067708333333334 0.6354166666666666 0.6119791666666666 0.6380208333333334 0.6119791666666666 0.65234375 0.6067708333333334 0.65234375 0.6028645833333334 0.6484375 0.6067708333333334 0.63671875
3 0.4524739583333333 0.4446614583333333 0.013020833333333334 0.01953125
3 0.43359375 0.66015625 0.4361979166666667 0.6614583333333334 0.4361979166666667 0.6653645833333334 0.4322916666666667 0.6783854166666666 0.4283854166666667 0.68359375 0.42578125 0.68359375 0.4244791666666667 0.6809895833333334 0.42578125 0.6666666666666666 0.43359375 0.6614583333333334
3 0.5794270833333334 0.8294270833333334 0.58984375 0.83203125 0.58984375 0.8463541666666666 0.5885416666666666 0.8489583333333334 0.5833333333333334 0.8502604166666666 0.5794270833333334 0.8307291666666666