1 0.6828124999999999 0.27638888932291666 0.6843750000000001 0.2736111106770833 0.6843750000000001 0.26805555598958336 0.678125 0.26805555598958336 0.678125 0.2736111106770833 0.6789062499999999 0.27638888932291666 0.6828124999999999 0.27638888932291666
0 0.9049479166666666 0.4375 0.9244791666666666 0.43359375 0.9986979166666666 0.4322916666666667 0.9986979166666666 0.4388020833333333 0.9153645833333334 0.44140625 0.90625 0.4440104166666667 0.8958333333333334 0.4505208333333333 0.87890625 0.47265625 0.8736979166666666 0.484375 0.8658854166666666 0.5130208333333334 0.86328125 0.5403645833333334 0.8645833333333334 0.5611979166666666 0.87109375 0.5911458333333334 0.87890625 0.609375 0.8958333333333334 0.6328125 0.9140625 0.6419270833333334 0.9986979166666666 0.6393229166666666 0.9986979166666666 0.6471354166666666 0.9114583333333334 0.6484375 0.8958333333333334 0.6393229166666666 0.8828125 0.6263020833333334 0.8723958333333334 0.6067708333333334 0.8723958333333334 0.6028645833333334 0.8684895833333334 0.59765625 0.8619791666666666 0.5677083333333334 0.8606770833333334 0.5377604166666666 0.86328125 0.5091145833333334 0.8684895833333334 0.4869791666666667 0.8763020833333334 0.46875 0.8841145833333334 0.4557291666666667 0.8958333333333334 0.4440104166666667 0.9049479166666666 0.4388020833333333
0 0.032552083333333336 0.4674479166666667 0.11067708333333333 0.4635416666666667 0.1484375 0.4635416666666667 0.15625 0.4661458333333333 0.17317708333333334 0.4778645833333333 0.18619791666666666 0.49609375 0.19401041666666666 0.5182291666666666 0.19921875 0.546875 0.19921875 0.5924479166666666 0.1953125 0.6145833333333334 0.18229166666666666 0.6471354166666666 0.16276041666666666 0.6692708333333334 0.14453125 0.67578125 0.09765625 0.6783854166666666 0.03515625 0.6783854166666666 0.03515625 0.6731770833333334 0.046875 0.6744791666666666 0.140625 0.6705729166666666 0.14973958333333334 0.6692708333333334 0.15104166666666666 0.6666666666666666 0.15494791666666666 0.6666666666666666 0.16276041666666666 0.6614583333333334 0.17708333333333334 0.6471354166666666 0.19140625 0.6158854166666666 0.19661458333333334 0.5872395833333334 0.19661458333333334 0.5481770833333334 0.19140625 0.5234375 0.1796875 0.49609375 0.16276041666666666 0.4765625 0.15234375 0.4700520833333333 0.125 0.46875 0.032552083333333336 0.4713541666666667 0.032552083333333336 0.46875
2 0.5247395833333334 0.140625 0.52734375 0.140625 0.5325520833333334 0.640625 0.53125 0.6822916666666666 0.5338541666666666 0.7135416666666666 0.53515625 0.8385416666666666 0.53515625 0.9674479166666666 0.5325520833333334 0.9674479166666666 0.53125 0.90234375 0.5247395833333334 0.14192708333333334
3 0.3411458333333333 0.5859375 0.3385416666666667 0.57421875 0.34375 0.56640625 0.34765625 0.5690104166666666 0.3502604166666667 0.578125 0.3463541666666667 0.5859375 0.3424479166666667 0.5859375
3 0.2760416666666667 0.3268229166666667 0.2786458333333333 0.3294270833333333 0.2760416666666667 0.3424479166666667 0.2708333333333333 0.33984375 0.2669270833333333 0.33203125 0.2669270833333333 0.3229166666666667 0.2721354166666667 0.3229166666666667 0.2747395833333333 0.3268229166666667
3 0.38671875 0.3125 0.3971354166666667 0.3190104166666667 0.3971354166666667 0.32421875 0.39453125 0.328125 0.3919270833333333 0.3307291666666667 0.38671875 0.3307291666666667 0.3841145833333333 0.3203125 0.38671875 0.3138020833333333
3 0.44921875 0.87109375 0.44921875 0.8854166666666666 0.4453125 0.8919270833333334 0.44140625 0.890625 0.4388020833333333 0.8815104166666666 0.4479166666666667 0.87109375
3 0.3828125 0.7005208333333334 0.3841145833333333 0.703125 0.37890625 0.71484375 0.37890625 0.7200520833333334 0.375 0.7174479166666666 0.3723958333333333 0.7109375 0.3723958333333333 0.703125 0.375 0.7005208333333334 0.3815104166666667 0.7005208333333334
3 0.33203125 0.6393229166666666 0.3385416666666667 0.6458333333333334 0.3385416666666667 0.6510416666666666 0.3307291666666667 0.6588541666666666 0.328125 0.65625 0.3268229166666667 0.6484375 0.328125 0.640625 0.3307291666666667 0.6393229166666666
3 0.4934895833333333 0.2747395833333333 0.49609375 0.2760416666666667 0.4973958333333333 0.2825520833333333 0.49609375 0.29296875 0.4934895833333333 0.2955729166666667 0.4895833333333333 0.29296875 0.48828125 0.2890625 0.4921875 0.2760416666666667
3 0.4075520833333333 0.40234375 0.4166666666666667 0.40234375 0.4192708333333333 0.4153645833333333 0.41796875 0.4231770833333333 0.4140625 0.4270833333333333 0.41015625 0.4270833333333333 0.40625 0.41796875 0.4075520833333333 0.4036458333333333
3 0.46875 0.4700520833333333 0.47265625 0.4700520833333333 0.4791666666666667 0.4765625 0.4791666666666667 0.48046875 0.46875 0.4921875 0.4661458333333333 0.48828125 0.4661458333333333 0.4752604166666667 0.46875 0.4713541666666667
3 0.5598958333333334 0.22526041666666666 0.5651041666666666 0.2265625 0.5651041666666666 0.23567708333333334 0.5611979166666666 0.24348958333333334 0.55859375 0.2421875 0.5598958333333334 0.2265625
3 0.19791666666666666 0.4583333333333333 0.19791666666666666 0.4739583333333333 0.19401041666666666 0.48046875 0.18880208333333334 0.4817708333333333 0.18359375 0.4752604166666667 0.18359375 0.46484375 0.18880208333333334 0.4622395833333333 0.19140625 0.4635416666666667 0.19791666666666666 0.4596354166666667
3 0.6861979166666666 0.2578125 0.6875 0.2643229166666667 0.68359375 0.26953125 0.6822916666666666 0.2760416666666667 0.6783854166666666 0.2786458333333333 0.6744791666666666 0.2760416666666667 0.67578125 0.2578125 0.6848958333333334 0.2578125