1 0.465625 0.51527777734375 0.46484375 0.5208333333333334 0.46796875 0.52222222265625 0.46875 0.5166666666666667 0.465625 0.51527777734375
0 0.006510416666666667 0.4244791666666667 0.1015625 0.4283854166666667 0.11458333333333333 0.4348958333333333 0.12239583333333333 0.4427083333333333 0.13411458333333334 0.4583333333333333 0.13411458333333334 0.4622395833333333 0.14192708333333334 0.4765625 0.14973958333333334 0.5143229166666666 0.14973958333333334 0.5533854166666666 0.14192708333333334 0.58984375 0.13411458333333334 0.6041666666666666 0.13411458333333334 0.6080729166666666 0.11979166666666667 0.6236979166666666 0.11979166666666667 0.6263020833333334 0.10677083333333333 0.6354166666666666 0.09765625 0.6380208333333334 0 0.6354166666666666 0 0.6302083333333334 0.09375 0.6328125 0.109375 0.6276041666666666 0.11979166666666667 0.6184895833333334 0.12890625 0.6067708333333334 0.13932291666666666 0.5859375 0.14713541666666666 0.5494791666666666 0.14713541666666666 0.5182291666666666 0.14453125 0.51171875 0.14322916666666666 0.4934895833333333 0.13541666666666666 0.4713541666666667 0.12369791666666667 0.4518229166666667 0.10677083333333333 0.4361979166666667 0.09244791666666667 0.4322916666666667 0 0.4309895833333333 0 0.42578125 0.005208333333333333 0.4244791666666667
0 0.9166666666666666 0.4544270833333333 0.9635416666666666 0.4557291666666667 0.9713541666666666 0.45703125 0.9713541666666666 0.4622395833333333 0.8606770833333334 0.4596354166666667 0.84375 0.46484375 0.8294270833333334 0.4778645833333333 0.8190104166666666 0.4947916666666667 0.8111979166666666 0.5169270833333334 0.8072916666666666 0.5364583333333334 0.8072916666666666 0.58203125 0.8098958333333334 0.5950520833333334 0.8151041666666666 0.61328125 0.8190104166666666 0.6223958333333334 0.8216145833333334 0.6236979166666666 0.8229166666666666 0.6302083333333334 0.8372395833333334 0.6458333333333334 0.8372395833333334 0.6484375 0.8463541666666666 0.6549479166666666 0.87109375 0.66015625 0.9674479166666666 0.6627604166666666 0.9674479166666666 0.6692708333333334 0.9322916666666666 0.66796875 0.9309895833333334 0.6653645833333334 0.8776041666666666 0.6653645833333334 0.8489583333333334 0.6614583333333334 0.8385416666666666 0.65625 0.8203125 0.6341145833333334 0.8125 0.6171875 0.8072916666666666 0.59765625 0.8033854166666666 0.5638020833333334 0.8072916666666666 0.5182291666666666 0.8151041666666666 0.4947916666666667 0.8268229166666666 0.4739583333333333 0.8424479166666666 0.4583333333333333 0.8580729166666666 0.453125 0.9153645833333334 0.4544270833333333
2 0.4765625 0.4700520833333333 0.4791666666666667 0.4700520833333333 0.4791666666666667 0.53515625 0.4752604166666667 0.7578125 0.4752604166666667 0.9322916666666666 0.4739583333333333 0.953125 0.4700520833333333 0.953125 0.47265625 0.8697916666666666 0.47265625 0.7200520833333334 0.4765625 0.4713541666666667
3 0.6595052083333334 0.5872395833333334 0.010416666666666666 0.022135416666666668
3 0.5110677083333334 0.724609375 0.0078125 0.020833333333333332
3 0.5338541666666666 0.2643229166666667 0.5377604166666666 0.2669270833333333 0.5403645833333334 0.2734375 0.5377604166666666 0.2864583333333333 0.5338541666666666 0.2877604166666667 0.53125 0.2825520833333333 0.5299479166666666 0.26953125 0.5325520833333334 0.265625
3 0.5625 0.5494791666666666 0.5651041666666666 0.5598958333333334 0.5651041666666666 0.5729166666666666 0.5611979166666666 0.578125 0.5572916666666666 0.5651041666666666 0.55859375 0.5572916666666666 0.5611979166666666 0.5559895833333334 0.5625 0.55078125
3 0.4205729166666667 0.5859375 0.4244791666666667 0.5911458333333334 0.4231770833333333 0.6028645833333334 0.41796875 0.6002604166666666 0.4166666666666667 0.5911458333333334 0.4192708333333333 0.5872395833333334
3 0.43359375 0.4075520833333333 0.4388020833333333 0.4075520833333333 0.4427083333333333 0.4127604166666667 0.4427083333333333 0.4192708333333333 0.4375 0.4231770833333333 0.4322916666666667 0.4127604166666667 0.43359375 0.4088541666666667
3 0.3619791666666667 0.32421875 0.3671875 0.32421875 0.3697916666666667 0.328125 0.3697916666666667 0.3372395833333333 0.3658854166666667 0.3411458333333333 0.359375 0.3359375 0.359375 0.3268229166666667 0.3619791666666667 0.3255208333333333
3 0.40234375 0.76953125 0.4075520833333333 0.7760416666666666 0.4049479166666667 0.7877604166666666 0.4010416666666667 0.7877604166666666 0.3971354166666667 0.7838541666666666 0.3958333333333333 0.7786458333333334 0.3984375 0.7708333333333334 0.4010416666666667 0.76953125
3 0.4596354166666667 0.23828125 0.4622395833333333 0.2565104166666667 0.45703125 0.2604166666666667 0.4518229166666667 0.24869791666666666 0.4518229166666667 0.24088541666666666 0.4583333333333333 0.23958333333333334
3 0.5221354166666666 0.46484375 0.5247395833333334 0.4700520833333333 0.5247395833333334 0.48046875 0.5221354166666666 0.484375 0.5182291666666666 0.4752604166666667 0.5182291666666666 0.4661458333333333 0.5208333333333334 0.46484375
3 0.5026041666666666 0.62109375 0.5052083333333334 0.6276041666666666 0.5026041666666666 0.6393229166666666 0.5 0.6393229166666666 0.4973958333333333 0.6341145833333334 0.4973958333333333 0.625 0.5013020833333334 0.62109375
3 0.4734375 0.44027777734375 0.47031249999999997 0.4458333333333333 0.47265625 0.4611111106770833 0.48359375 0.45972222265625 0.48046875 0.44166666666666665 0.4734375 0.44027777734375