1 0.3828125 0.74722222265625 0.38359375 0.7458333333333332 0.3828125 0.7416666666666667 0.3796875 0.74027777734375 0.37890625 0.7416666666666667 0.37890625 0.7458333333333332 0.3796875 0.74722222265625 0.3828125 0.74722222265625
0 0 0.4205729166666667 0.08984375 0.421875 0.10026041666666667 0.4231770833333333 0.11328125 0.4283854166666667 0.12369791666666667 0.4375 0.13411458333333334 0.4518229166666667 0.14192708333333334 0.46875 0.14973958333333334 0.4986979166666667 0.15104166666666666 0.5130208333333334 0.14973958333333334 0.55859375 0.14192708333333334 0.5885416666666666 0.13020833333333334 0.6106770833333334 0.11197916666666667 0.62890625 0.09505208333333333 0.6341145833333334 0.005208333333333333 0.6302083333333334 0 0.6315104166666666 0 0.6236979166666666 0.055989583333333336 0.625 0.057291666666666664 0.6276041666666666 0.059895833333333336 0.6276041666666666 0.061197916666666664 0.625 0.06510416666666667 0.625 0.06640625 0.6276041666666666 0.10026041666666667 0.6276041666666666 0.1015625 0.625 0.11197916666666667 0.62109375 0.12760416666666666 0.60546875 0.13671875 0.5885416666666666 0.14453125 0.5651041666666666 0.1484375 0.5299479166666666 0.14713541666666666 0.5065104166666666 0.13932291666666666 0.47265625 0.12760416666666666 0.4505208333333333 0.11458333333333333 0.4361979166666667 0.10677083333333333 0.4309895833333333 0.09765625 0.4283854166666667 0.061197916666666664 0.4283854166666667 0.005208333333333333 0.4244791666666667 0 0.42578125 0 0.421875
0 0.8776041666666666 0.44921875 0.9583333333333334 0.4518229166666667 0.9739583333333334 0.453125 0.9739583333333334 0.45703125 0.859375 0.4544270833333333 0.83984375 0.46484375 0.8268229166666666 0.4791666666666667 0.8177083333333334 0.4973958333333333 0.8098958333333334 0.5260416666666666 0.8072916666666666 0.5611979166666666 0.8098958333333334 0.5859375 0.8177083333333334 0.6119791666666666 0.8307291666666666 0.6354166666666666 0.84765625 0.6510416666666666 0.859375 0.6549479166666666 0.9674479166666666 0.6588541666666666 0.9700520833333334 0.66015625 0.9674479166666666 0.6640625 0.875 0.6614583333333334 0.8528645833333334 0.6588541666666666 0.83984375 0.65234375 0.8346354166666666 0.6471354166666666 0.82421875 0.6341145833333334 0.8203125 0.6236979166666666 0.81640625 0.6197916666666666 0.8125 0.609375 0.8111979166666666 0.59765625 0.80859375 0.5950520833333334 0.8059895833333334 0.5716145833333334 0.8072916666666666 0.5247395833333334 0.81640625 0.4908854166666667 0.82421875 0.4752604166666667 0.8424479166666666 0.4557291666666667 0.859375 0.44921875 0.8763020833333334 0.44921875
2 0.48046875 0.13020833333333334 0.4830729166666667 0.1328125 0.48046875 0.375 0.4817708333333333 0.40234375 0.48046875 0.4466145833333333 0.48046875 0.4361979166666667 0.4765625 0.4322916666666667 0.4791666666666667 0.3984375 0.4778645833333333 0.3515625 0.48046875 0.13151041666666666
3 0.453125 0.23697916666666666 0.4609375 0.234375 0.4635416666666667 0.24479166666666666 0.4635416666666667 0.25390625 0.45703125 0.25390625 0.453125 0.23828125
3 0.5611979166666666 0.5442708333333334 0.5638020833333334 0.546875 0.5611979166666666 0.5611979166666666 0.5572916666666666 0.5611979166666666 0.5546875 0.5546875 0.5546875 0.55078125 0.5598958333333334 0.5442708333333334
3 0.4778645833333333 0.6705729166666666 0.48046875 0.6861979166666666 0.48046875 0.69140625 0.4778645833333333 0.6940104166666666 0.46875 0.67578125 0.4765625 0.6705729166666666
3 0.5013020833333334 0.6080729166666666 0.5026041666666666 0.61328125 0.4986979166666667 0.6223958333333334 0.4947916666666667 0.62109375 0.4921875 0.609375 0.4947916666666667 0.6067708333333334 0.5 0.6080729166666666
3 0.640625 0.4765625 0.6458333333333334 0.4791666666666667 0.6471354166666666 0.4856770833333333 0.6458333333333334 0.4973958333333333 0.6354166666666666 0.4973958333333333 0.6393229166666666 0.4895833333333333 0.640625 0.4778645833333333
3 0.3385416666666667 0.3697916666666667 0.3463541666666667 0.3802083333333333 0.3463541666666667 0.3893229166666667 0.3424479166666667 0.3932291666666667 0.3385416666666667 0.3893229166666667 0.3359375 0.3828125 0.3372395833333333 0.37109375
3 0.4401041666666667 0.4427083333333333 0.4440104166666667 0.4466145833333333 0.4440104166666667 0.45703125 0.44140625 0.4609375 0.4388020833333333 0.4609375 0.4348958333333333 0.4557291666666667 0.4348958333333333 0.4479166666666667 0.4388020833333333 0.4427083333333333
3 0.3802083333333333 0.7408854166666666 0.3880208333333333 0.7486979166666666 0.3880208333333333 0.76171875 0.3828125 0.7643229166666666 0.37890625 0.7630208333333334 0.3763020833333333 0.7591145833333334 0.37890625 0.7421875
3 0.4192708333333333 0.57421875 0.4244791666666667 0.5807291666666666 0.4231770833333333 0.58984375 0.4192708333333333 0.5911458333333334 0.4127604166666667 0.5859375 0.4127604166666667 0.5755208333333334 0.41796875 0.57421875
3 0.4192708333333333 0.5377604166666666 0.421875 0.5403645833333334 0.421875 0.5442708333333334 0.4153645833333333 0.5546875 0.41015625 0.55078125 0.41015625 0.5403645833333334 0.41796875 0.5377604166666666
3 0.5221354166666666 0.2552083333333333 0.5260416666666666 0.265625 0.5247395833333334 0.27734375 0.5221354166666666 0.2786458333333333 0.51953125 0.2760416666666667 0.5208333333333334 0.2565104166666667
3 0.47890625000000003 0.43472222265625 0.46875 0.43472222265625 0.46953125 0.4513888893229167 0.47500000000000003 0.4583333333333333 0.48046875 0.45555555598958336 0.47890625000000003 0.43472222265625