1 0.74609375 0.7819444440104166 0.74765625 0.7847222226562499 0.7484375 0.7847222226562499 0.75 0.7819444440104166 0.7492187499999999 0.7777777773437501 0.7484375 0.7763888893229166 0.74609375 0.7791666666666667 0.74609375 0.7819444440104166
0 0.9049479166666666 0.4166666666666667 0.92578125 0.4127604166666667 0.9986979166666666 0.4114583333333333 0.9986979166666666 0.41796875 0.91796875 0.4192708333333333 0.9010416666666666 0.42578125 0.8880208333333334 0.4375 0.8763020833333334 0.45703125 0.8684895833333334 0.4791666666666667 0.8645833333333334 0.5026041666666666 0.8645833333333334 0.5390625 0.8697916666666666 0.5677083333333334 0.8828125 0.5963541666666666 0.8997395833333334 0.6158854166666666 0.9140625 0.6223958333333334 0.9986979166666666 0.6197916666666666 0.9986979166666666 0.6263020833333334 0.9114583333333334 0.6276041666666666 0.8971354166666666 0.6197916666666666 0.8880208333333334 0.6119791666666666 0.8723958333333334 0.5859375 0.8684895833333334 0.5768229166666666 0.8619791666666666 0.546875 0.8606770833333334 0.5169270833333334 0.8645833333333334 0.4817708333333333 0.8723958333333334 0.4557291666666667 0.8828125 0.4401041666666667 0.8841145833333334 0.4348958333333333 0.8958333333333334 0.4231770833333333 0.9049479166666666 0.41796875
0 0.1484375 0.4453125 0.15885416666666666 0.44921875 0.17057291666666666 0.4583333333333333 0.17057291666666666 0.4609375 0.18229166666666666 0.4752604166666667 0.19010416666666666 0.4934895833333333 0.19791666666666666 0.53125 0.19791666666666666 0.5729166666666666 0.19401041666666666 0.5950520833333334 0.1875 0.6145833333333334 0.17838541666666666 0.6328125 0.16015625 0.6510416666666666 0.13932291666666666 0.6575520833333334 0.08723958333333333 0.66015625 0.03515625 0.66015625 0.032552083333333336 0.6575520833333334 0.03515625 0.65625 0.1484375 0.6510416666666666 0.16666666666666666 0.6393229166666666 0.17578125 0.62890625 0.1875 0.60546875 0.1953125 0.5690104166666666 0.19401041666666666 0.5598958333333334 0.19661458333333334 0.546875 0.1875 0.49609375 0.171875 0.4674479166666667 0.15885416666666666 0.4557291666666667 0.1484375 0.4505208333333333 0.13932291666666666 0.44921875 0.06640625 0.453125 0.03125 0.453125 0.029947916666666668 0.4505208333333333 0.032552083333333336 0.4479166666666667 0.05859375 0.4466145833333333 0.14713541666666666 0.4453125
2 0.5247395833333334 0.12109375 0.52734375 0.18098958333333334 0.52734375 0.390625 0.5299479166666666 0.4309895833333333 0.5286458333333334 0.4752604166666667 0.53125 0.6809895833333334 0.5338541666666666 0.6901041666666666 0.5338541666666666 0.69921875 0.53125 0.703125 0.53125 0.7526041666666666 0.5338541666666666 0.7916666666666666 0.53515625 0.9153645833333334 0.53515625 0.94921875 0.5325520833333334 0.94921875 0.53125 0.9453125 0.5325520833333334 0.9322916666666666 0.5299479166666666 0.8815104166666666 0.5299479166666666 0.6848958333333334 0.52734375 0.63671875 0.52734375 0.4622395833333333 0.5247395833333334 0.4127604166666667 0.5247395833333334 0.12239583333333333
3 0.7669270833333334 0.8450520833333334 0.765625 0.83984375 0.76171875 0.8359375 0.76171875 0.83203125 0.7734375 0.8203125 0.77734375 0.8203125 0.7799479166666666 0.8229166666666666 0.7799479166666666 0.83203125 0.7682291666666666 0.8450520833333334
3 0.49609375 0.3307291666666667 0.5 0.3307291666666667 0.5026041666666666 0.3359375 0.5026041666666666 0.34765625 0.5 0.3502604166666667 0.4934895833333333 0.3489583333333333 0.4921875 0.3424479166666667 0.49609375 0.33203125
3 0.5559895833333334 0.2903645833333333 0.5625 0.2890625 0.56640625 0.2955729166666667 0.5651041666666666 0.3151041666666667 0.5559895833333334 0.31640625 0.5533854166666666 0.3072916666666667 0.5559895833333334 0.2916666666666667
3 0.5169270833333334 0.6796875 0.52734375 0.6770833333333334 0.52734375 0.6822916666666666 0.5234375 0.6861979166666666 0.5221354166666666 0.6966145833333334 0.5182291666666666 0.69921875 0.515625 0.6966145833333334 0.5169270833333334 0.6809895833333334
3 0.8177083333333334 0.5455729166666666 0.8203125 0.5559895833333334 0.80859375 0.5611979166666666 0.8072916666666666 0.5638020833333334 0.8020833333333334 0.5559895833333334 0.8033854166666666 0.5494791666666666 0.8059895833333334 0.546875 0.80859375 0.5481770833333334 0.81640625 0.5455729166666666
3 0.7747395833333334 0.4114583333333333 0.77734375 0.4140625 0.78515625 0.4140625 0.7877604166666666 0.4166666666666667 0.7864583333333334 0.421875 0.77734375 0.4270833333333333 0.7747395833333334 0.4388020833333333 0.7708333333333334 0.4348958333333333 0.7734375 0.4127604166666667
3 0.4583333333333333 0.4830729166666667 0.46875 0.484375 0.46875 0.4921875 0.4609375 0.50390625 0.4583333333333333 0.50390625 0.45703125 0.4986979166666667 0.4583333333333333 0.484375
3 0.1796875 0.5325520833333334 0.18619791666666666 0.5377604166666666 0.1875 0.54296875 0.19401041666666666 0.546875 0.19401041666666666 0.55078125 0.18489583333333334 0.5546875 0.17708333333333334 0.5520833333333334 0.171875 0.5442708333333334 0.17317708333333334 0.5377604166666666 0.17838541666666666 0.5325520833333334
3 0.60546875 0.7200520833333334 0.609375 0.7265625 0.6080729166666666 0.73828125 0.6028645833333334 0.7395833333333334 0.6002604166666666 0.7356770833333334 0.6015625 0.7239583333333334 0.6041666666666666 0.7213541666666666
3 0.7643229166666666 0.22786458333333334 0.7604166666666666 0.22265625 0.7669270833333334 0.203125 0.7708333333333334 0.20052083333333334 0.7734375 0.20182291666666666 0.7734375 0.2109375 0.7682291666666666 0.22526041666666666 0.765625 0.2265625
3 0.9231770833333334 0.5247395833333334 0.93359375 0.5260416666666666 0.9361979166666666 0.5299479166666666 0.9322916666666666 0.5403645833333334 0.9192708333333334 0.5364583333333334 0.91796875 0.52734375 0.921875 0.5247395833333334
3 0.5521765625 0.8694930559895834 0.55101640625 0.8770013893229166 0.5499398437499999 0.8824486106770834 0.5525078125 0.8823013893229167 0.5517625 0.89142777734375 0.5535023437500001 0.8928708333333333 0.55698203125 0.8845083333333333 0.5571484375 0.8771486106770833 0.5552421875 0.8702291666666667 0.5521765625 0.8694930559895834