2 0.53359375 0.9194444440104167 0.5359375000000001 0.9194444440104167 0.5343749999999999 0.87777777734375 0.5398437500000001 0.8611111106770833 0.5375 0.8624999999999999 0.5343749999999999 0.8513888893229167 0.5359375000000001 0.7847222226562499 0.53515625 0.76527777734375 0.5320312500000001 0.75972222265625 0.53515625 0.7513888893229167 0.5343749999999999 0.7166666666666667 0.53125 0.7180555559895834 0.53125 0.82777777734375 0.53359375 0.9194444440104167
2 0.525 0.3416666666666666 0.5281250000000001 0.4861111106770833 0.5281250000000001 0.6 0.52578125 0.6166666666666667 0.5304687499999999 0.6541666666666667 0.5359375000000001 0.6291666666666667 0.5484375 0.6180555559895834 0.53515625 0.61527777734375 0.5320312500000001 0.6041666666666666 0.5304687499999999 0.3319444440104167 0.5296875 0.32777777734374997 0.5265624999999999 0.33055555598958336 0.525 0.3416666666666666
2 0.5242187500000001 0.17500000000000002 0.52578125 0.30277777734375 0.5296875 0.30833333333333335 0.5398437500000001 0.29583333333333334 0.54140625 0.19999999999999998 0.53515625 0.20138888932291665 0.5296875 0.19166666666666665 0.52890625 0.1805555559895833 0.5328125 0.1708333333333333 0.5304687499999999 0.16944444401041667 0.5281250000000001 0.125 0.52578125 0.12222222265625 0.525 0.12638888932291667 0.5242187500000001 0.17500000000000002
0 1 0.40972222265625 0.9734375000000001 0.40972222265625 0.91015625 0.4138888893229167 0.88828125 0.43055555598958334 0.8734375 0.45555555598958336 0.8664062499999999 0.4791666666666667 0.8624999999999999 0.5263888893229166 0.865625 0.5569444440104167 0.88046875 0.59722222265625 0.9015624999999999 0.6208333333333333 0.9132812499999999 0.6263888893229167 1 0.625 1 0.6180555559895834 0.91171875 0.6208333333333333 0.90078125 0.61527777734375 0.8820312499999999 0.5916666666666667 0.8679687500000001 0.5513888893229166 0.8664062499999999 0.5166666666666667 0.8703124999999999 0.4791666666666667 0.88671875 0.44027777734375 0.9 0.425 0.915625 0.4180555559895833 1 0.41527777734375 1 0.40972222265625
0 0.1546875 0.4458333333333333 0.032031250000000004 0.44861111067708337 0.15390625 0.45 0.17500000000000002 0.4680555559895833 0.19296875 0.5013888893229167 0.19609374999999998 0.5208333333333334 0.19375 0.50277777734375 0.18281250000000002 0.47361111067708334 0.16874999999999998 0.45555555598958336 0.1546875 0.4458333333333333
0 0.15937500000000002 0.6458333333333334 0.12265625000000001 0.6513888893229166 0.11679687500000001 0.6569444440104167 0.11375 0.65277777734375 0.065625 0.65277777734375 0.03359375 0.6583333333333333 0.13828125 0.6569444440104167 0.165625 0.64722222265625 0.18984375 0.6124999999999999 0.19921875 0.57777777734375 0.19765625 0.5583333333333333 0.19218749999999998 0.5930555559895833 0.18515625 0.6138888893229166 0.15937500000000002 0.6458333333333334
3 0.5281250000000001 0.31666666666666665 0.52734375 0.31805555598958335 0.52734375 0.33055555598958336 0.5281250000000001 0.33055555598958336 0.5296875 0.3361111106770833 0.53359375 0.32222222265625 0.53359375 0.31666666666666665 0.5328125 0.3125 0.5296875 0.30972222265625 0.5281250000000001 0.3125 0.5281250000000001 0.31666666666666665
3 0.49062500000000003 0.4861111106770833 0.4890625 0.4875 0.4875 0.4916666666666667 0.48828125 0.5041666666666667 0.4890625 0.5055555559895833 0.4953125 0.5055555559895833 0.496875 0.50277777734375 0.49843750000000003 0.49722222265625 0.49765624999999997 0.49305555598958334 0.49453125000000003 0.4875 0.49296875 0.4861111106770833 0.49062500000000003 0.4861111106770833
3 0.5382812499999999 0.6833333333333332 0.5398437500000001 0.6875 0.5437500000000001 0.6875 0.5460937499999999 0.67777777734375 0.5460937499999999 0.6736111106770833 0.5453125 0.67222222265625 0.54296875 0.67222222265625 0.5398437500000001 0.6749999999999999 0.5382812499999999 0.6833333333333332
3 0.61328125 0.6958333333333333 0.61484375 0.7000000000000001 0.6203124999999999 0.7013888893229167 0.6234375 0.6986111106770833 0.6242187499999999 0.68472222265625 0.6234375 0.6819444440104167 0.6203124999999999 0.6819444440104167 0.6140625000000001 0.6916666666666668 0.61328125 0.6958333333333333
3 0.5796875 0.85 0.5812499999999999 0.8541666666666666 0.5812499999999999 0.8583333333333334 0.58203125 0.8611111106770833 0.584375 0.8624999999999999 0.5851562499999999 0.8624999999999999 0.5859375 0.8583333333333334 0.5890624999999999 0.8527777773437499 0.5890624999999999 0.8458333333333333 0.5875 0.8444444440104166 0.5867187500000001 0.8347222226562501 0.5851562499999999 0.8333333333333334 0.5796875 0.8458333333333333 0.5796875 0.85
3 0.8250000000000001 0.8111111106770833 0.8234374999999999 0.7999999999999999 0.8171875000000001 0.7999999999999999 0.81796875 0.8111111106770833 0.8250000000000001 0.8111111106770833
3 0.859375 0.57777777734375 0.8585937499999999 0.5680555559895833 0.84921875 0.55972222265625 0.8484375000000001 0.5750000000000001 0.859375 0.57777777734375
3 0.9500000000000001 0.55972222265625 0.95078125 0.5458333333333333 0.9421875000000001 0.5430555559895833 0.9367187499999999 0.5583333333333333 0.9500000000000001 0.55972222265625
3 0.7804687499999999 0.43333333333333335 0.7843749999999999 0.4375 0.7937500000000001 0.43055555598958334 0.79453125 0.4236111106770833 0.790625 0.41944444401041664 0.78125 0.42777777734375005 0.7804687499999999 0.43333333333333335
3 0.20781249999999998 0.5458333333333333 0.21953124999999998 0.5361111106770834 0.20859375 0.525 0.203125 0.5263888893229166 0.203125 0.5430555559895833 0.20781249999999998 0.5458333333333333
3 0.77578125 0.21666666666666667 0.7742187500000001 0.20972222265624998 0.7609374999999999 0.2236111106770833 0.7625000000000001 0.23472222265625 0.77578125 0.21666666666666667
3 0.5796875 0.32916666666666666 0.5859375 0.325 0.58984375 0.31666666666666665 0.5875 0.30555555598958334 0.578125 0.30555555598958334 0.57421875 0.3236111106770833 0.5796875 0.32916666666666666
1 0.8562500000000001 0.60972222265625 0.8562500000000001 0.60277777734375 0.8523437500000001 0.60277777734375 0.8523437500000001 0.60972222265625 0.8562500000000001 0.60972222265625