1 0.6843750000000001 0.4861111106770833 0.6867187499999999 0.4861111106770833 0.6875 0.48333333333333334 0.6875 0.4791666666666667 0.6867187499999999 0.47777777734375 0.68359375 0.4791666666666667 0.68359375 0.48472222265625 0.6843750000000001 0.4861111106770833
0 0.90625 0.4166666666666667 0.9986979166666666 0.4140625 0.9986979166666666 0.4205729166666667 0.90625 0.4231770833333333 0.8984375 0.42578125 0.8841145833333334 0.4348958333333333 0.8736979166666666 0.44921875 0.86328125 0.4700520833333333 0.8619791666666666 0.48046875 0.859375 0.4830729166666667 0.85546875 0.5052083333333334 0.85546875 0.5403645833333334 0.8580729166666666 0.55859375 0.8697916666666666 0.5924479166666666 0.87890625 0.6067708333333334 0.8880208333333334 0.6158854166666666 0.8958333333333334 0.62109375 0.9049479166666666 0.6236979166666666 0.9986979166666666 0.62109375 0.9986979166666666 0.6276041666666666 0.9453125 0.6302083333333334 0.9036458333333334 0.6302083333333334 0.88671875 0.62109375 0.8723958333333334 0.60546875 0.86328125 0.5885416666666666 0.8567708333333334 0.5690104166666666 0.85546875 0.5533854166666666 0.8528645833333334 0.5481770833333334 0.8528645833333334 0.5026041666666666 0.8580729166666666 0.4765625 0.8645833333333334 0.45703125 0.8841145833333334 0.4283854166666667 0.8997395833333334 0.4192708333333333 0.90625 0.41796875
0 0.14453125 0.4479166666666667 0.15885416666666666 0.4557291666666667 0.17447916666666666 0.4752604166666667 0.18229166666666666 0.4921875 0.19010416666666666 0.51953125 0.19140625 0.5768229166666666 0.18619791666666666 0.6015625 0.17447916666666666 0.6302083333333334 0.16015625 0.6458333333333334 0.16015625 0.6484375 0.14322916666666666 0.6575520833333334 0.12109375 0.66015625 0.03515625 0.6627604166666666 0.02734375 0.6614583333333334 0.02734375 0.6588541666666666 0.029947916666666668 0.6575520833333334 0.14322916666666666 0.65234375 0.15885416666666666 0.6419270833333334 0.171875 0.6263020833333334 0.17317708333333334 0.6197916666666666 0.1796875 0.609375 0.1875 0.5807291666666666 0.18880208333333334 0.5325520833333334 0.1796875 0.4947916666666667 0.16536458333333334 0.4700520833333333 0.15104166666666666 0.45703125 0.140625 0.4518229166666667 0.032552083333333336 0.4557291666666667 0.0234375 0.4544270833333333 0.024739583333333332 0.4505208333333333 0.037760416666666664 0.44921875 0.07682291666666667 0.44921875 0.1015625 0.4466145833333333 0.14322916666666666 0.4479166666666667
2 0.5208333333333334 0.2760416666666667 0.5247395833333334 0.6171875 0.5234375 0.66796875 0.5260416666666666 0.7174479166666666 0.5260416666666666 0.8645833333333334 0.5286458333333334 0.9205729166666666 0.52734375 0.94921875 0.5247395833333334 0.9505208333333334 0.5234375 0.7434895833333334 0.51953125 0.6302083333333334 0.5208333333333334 0.5572916666666666 0.5169270833333334 0.2955729166666667 0.51953125 0.2903645833333333 0.5208333333333334 0.27734375
3 0.4140625 0.4778645833333333 0.421875 0.4778645833333333 0.4205729166666667 0.4921875 0.4140625 0.4908854166666667 0.4114583333333333 0.4856770833333333 0.4140625 0.4791666666666667
3 0.5208333333333334 0.25 0.5234375 0.25390625 0.5234375 0.2682291666666667 0.51953125 0.2721354166666667 0.515625 0.2669270833333333 0.5169270833333334 0.2552083333333333 0.5208333333333334 0.2513020833333333
3 0.4869791666666667 0.609375 0.4830729166666667 0.6080729166666666 0.48046875 0.6028645833333334 0.4830729166666667 0.5911458333333334 0.4947916666666667 0.5911458333333334 0.4869791666666667 0.6080729166666666
3 0.5462239583333334 0.3782552083333333 0.011067708333333334 0.020833333333333332
3 0.6302083333333334 0.4505208333333333 0.62890625 0.4322916666666667 0.6315104166666666 0.4296875 0.6393229166666666 0.4375 0.6393229166666666 0.4440104166666667 0.6354166666666666 0.4505208333333333 0.6315104166666666 0.4505208333333333
3 0.7708333333333334 0.6354166666666666 0.78125 0.63671875 0.7838541666666666 0.640625 0.7838541666666666 0.6484375 0.78125 0.65234375 0.7721354166666666 0.65625 0.7708333333333334 0.63671875
3 0.6458333333333334 0.5572916666666666 0.6510416666666666 0.5611979166666666 0.65234375 0.5677083333333334 0.6510416666666666 0.5729166666666666 0.64453125 0.57421875 0.6419270833333334 0.57421875 0.640625 0.5716145833333334 0.6419270833333334 0.55859375 0.64453125 0.5572916666666666
3 0.7395833333333334 0.4036458333333333 0.7421875 0.4088541666666667 0.7330729166666666 0.4192708333333333 0.73046875 0.4153645833333333 0.73046875 0.4010416666666667 0.7330729166666666 0.3997395833333333 0.7356770833333334 0.4036458333333333 0.73828125 0.4036458333333333
3 0.5872395833333334 0.19791666666666666 0.58984375 0.19921875 0.5911458333333334 0.21354166666666666 0.5872395833333334 0.22005208333333334 0.5833333333333334 0.21875 0.58203125 0.21484375 0.5872395833333334 0.19921875
3 0.6067708333333334 0.83203125 0.6158854166666666 0.8411458333333334 0.6171875 0.8463541666666666 0.61328125 0.85546875 0.609375 0.85546875 0.6067708333333334 0.8515625 0.6067708333333334 0.8333333333333334
3 0.5921875 0.5180555559895833 0.59609375 0.5208333333333334 0.603125 0.51527777734375 0.60546875 0.5 0.59609375 0.49305555598958334 0.59140625 0.50277777734375 0.5921875 0.5180555559895833
3 0.56745234375 0.7512416666666667 0.56853359375 0.7437444440104167 0.5633984375 0.72675 0.5563703125 0.7382749999999999 0.56745234375 0.7512416666666667