1 0.20625000000000002 0.6680555559895834 0.20703125 0.6708333333333334 0.21015625000000002 0.6708333333333334 0.2109375 0.66527777734375 0.21015625000000002 0.6611111106770834 0.20703125 0.6611111106770834 0.20625000000000002 0.6638888893229167 0.20625000000000002 0.6680555559895834
0 0.8841145833333334 0.4440104166666667 0.89453125 0.43359375 0.9114583333333334 0.42578125 0.9986979166666666 0.4231770833333333 0.9986979166666666 0.4283854166666667 0.9140625 0.4309895833333333 0.9036458333333334 0.43359375 0.87890625 0.4583333333333333 0.8697916666666666 0.4791666666666667 0.8619791666666666 0.5143229166666666 0.8619791666666666 0.5494791666666666 0.8697916666666666 0.5859375 0.87890625 0.60546875 0.8997395833333334 0.62890625 0.9127604166666666 0.6341145833333334 0.9986979166666666 0.6315104166666666 0.9986979166666666 0.63671875 0.9075520833333334 0.6380208333333334 0.8919270833333334 0.6302083333333334 0.875 0.6080729166666666 0.875 0.6041666666666666 0.87109375 0.6002604166666666 0.8645833333333334 0.5846354166666666 0.8606770833333334 0.56640625 0.8580729166666666 0.5299479166666666 0.8606770833333334 0.5 0.8645833333333334 0.4830729166666667 0.8763020833333334 0.4557291666666667 0.8841145833333334 0.4453125
0 0.1484375 0.4557291666666667 0.15494791666666666 0.4583333333333333 0.17447916666666666 0.4752604166666667 0.18619791666666666 0.4973958333333333 0.19401041666666666 0.5247395833333334 0.19791666666666666 0.5494791666666666 0.19791666666666666 0.5638020833333334 0.1953125 0.59375 0.18619791666666666 0.6263020833333334 0.17057291666666666 0.65234375 0.15104166666666666 0.6653645833333334 0.1328125 0.6692708333333334 0.07421875 0.671875 0.032552083333333336 0.671875 0.032552083333333336 0.6666666666666666 0.140625 0.6627604166666666 0.15755208333333334 0.65625 0.16796875 0.6471354166666666 0.18098958333333334 0.6276041666666666 0.19140625 0.59765625 0.1953125 0.5598958333333334 0.19140625 0.5260416666666666 0.18359375 0.5 0.17317708333333334 0.484375 0.171875 0.4791666666666667 0.15494791666666666 0.46484375 0.14322916666666666 0.4609375 0.029947916666666668 0.46484375 0.028645833333333332 0.4609375 0.03125 0.4609375 0.032552083333333336 0.4583333333333333 0.052083333333333336 0.45703125 0.14713541666666666 0.4557291666666667
2 0.5221354166666666 0.22395833333333334 0.5221354166666666 0.13411458333333334 0.5247395833333334 0.1328125 0.5260416666666666 0.15755208333333334 0.5247395833333334 0.20182291666666666 0.5286458333333334 0.4635416666666667 0.52734375 0.5455729166666666 0.5299479166666666 0.6015625 0.53125 0.8580729166666666 0.5338541666666666 0.8802083333333334 0.5338541666666666 0.95703125 0.53125 0.9609375 0.53125 0.9427083333333334 0.5286458333333334 0.9283854166666666 0.52734375 0.6458333333333334 0.5247395833333334 0.640625 0.5260416666666666 0.5859375 0.5234375 0.4635416666666667 0.5234375 0.22526041666666666
3 0.15234375 0.55859375 0.15494791666666666 0.5598958333333334 0.15494791666666666 0.5703125 0.15104166666666666 0.5755208333333334 0.14322916666666666 0.5768229166666666 0.13802083333333334 0.5703125 0.14322916666666666 0.5598958333333334 0.15104166666666666 0.5598958333333334
3 0.3072916666666667 0.46875 0.31640625 0.4778645833333333 0.31640625 0.4830729166666667 0.3072916666666667 0.4921875 0.3020833333333333 0.4908854166666667 0.2981770833333333 0.4765625 0.30078125 0.4700520833333333 0.3059895833333333 0.46875
3 0.22135416666666666 0.6809895833333334 0.22265625 0.6901041666666666 0.21744791666666666 0.6966145833333334 0.2109375 0.6966145833333334 0.20833333333333334 0.6940104166666666 0.20833333333333334 0.6875 0.21354166666666666 0.6809895833333334 0.22005208333333334 0.6809895833333334
3 0.1640625 0.8697916666666666 0.1640625 0.8828125 0.15755208333333334 0.8932291666666666 0.14973958333333334 0.88671875 0.14973958333333334 0.87890625 0.15364583333333334 0.8723958333333334 0.16276041666666666 0.8697916666666666
3 0.18359375 0.92578125 0.18619791666666666 0.9283854166666666 0.17708333333333334 0.9466145833333334 0.17057291666666666 0.9440104166666666 0.16927083333333334 0.9309895833333334 0.17317708333333334 0.92578125 0.18229166666666666 0.92578125
3 0.4869791666666667 0.5546875 0.4908854166666667 0.5625 0.4908854166666667 0.578125 0.4869791666666667 0.5911458333333334 0.4830729166666667 0.5950520833333334 0.4817708333333333 0.5677083333333334 0.4830729166666667 0.5559895833333334 0.4856770833333333 0.5546875
3 0.3828125 0.7447916666666666 0.3854166666666667 0.7447916666666666 0.3893229166666667 0.7526041666666666 0.3893229166666667 0.7565104166666666 0.3854166666666667 0.76171875 0.3841145833333333 0.7799479166666666 0.37890625 0.78125 0.37890625 0.7552083333333334 0.3828125 0.74609375
3 0.6106770833333334 0.24153645833333334 0.010416666666666666 0.022135416666666668
3 0.04296875 0.5859375 0.048177083333333336 0.5963541666666666 0.057291666666666664 0.5872395833333334 0.057291666666666664 0.5950520833333334 0.0546875 0.5989583333333334 0.057291666666666664 0.61328125 0.049479166666666664 0.6145833333333334 0.045572916666666664 0.6236979166666666 0.04296875 0.6236979166666666 0.040364583333333336 0.6158854166666666 0.04296875 0.5872395833333334
3 0.8450520833333334 0.4739583333333333 0.84765625 0.4752604166666667 0.84765625 0.4869791666666667 0.8385416666666666 0.4921875 0.8346354166666666 0.4869791666666667 0.8346354166666666 0.4791666666666667 0.84375 0.4739583333333333
3 0.29062499999999997 0.5486111106770833 0.28671874999999997 0.5486111106770833 0.2859375 0.5499999999999999 0.2859375 0.5569444440104167 0.28671874999999997 0.55972222265625 0.2890625 0.55972222265625 0.28984375 0.5611111106770833 0.29531250000000003 0.5611111106770833 0.29765625 0.5583333333333333 0.29765625 0.55277777734375 0.296875 0.5513888893229166 0.29531250000000003 0.5499999999999999 0.29140625000000003 0.5499999999999999 0.29062499999999997 0.5486111106770833
3 0.2765625 0.5499999999999999 0.2765625 0.5541666666666667 0.27890624999999997 0.5569444440104167 0.28203125 0.5569444440104167 0.28281249999999997 0.5583333333333333 0.28515625 0.5555555559895834 0.28671874999999997 0.5499999999999999 0.28515625 0.54722222265625 0.28359375000000003 0.5458333333333333 0.27890624999999997 0.5458333333333333 0.2765625 0.5499999999999999