1 0.471875 0.7722222226562501 0.4734375 0.7708333333333334 0.4734375 0.76527777734375 0.471875 0.7638888893229167 0.46953125 0.7638888893229167 0.46875 0.76527777734375 0.46875 0.7708333333333334 0.46953125 0.7722222226562501 0.471875 0.7722222226562501
0 0 0.4127604166666667 0.08854166666666667 0.4153645833333333 0.10677083333333333 0.42578125 0.11588541666666667 0.4348958333333333 0.13020833333333334 0.4609375 0.13802083333333334 0.4895833333333333 0.140625 0.5169270833333334 0.13802083333333334 0.55859375 0.13020833333333334 0.5859375 0.12369791666666667 0.5950520833333334 0.11979166666666667 0.60546875 0.10416666666666667 0.62109375 0.08854166666666667 0.62890625 0 0.6276041666666666 0 0.62109375 0.08984375 0.6223958333333334 0.09895833333333333 0.6184895833333334 0.11328125 0.60546875 0.12369791666666667 0.5885416666666666 0.1328125 0.5638020833333334 0.13671875 0.5442708333333334 0.13541666666666666 0.4908854166666667 0.125 0.4583333333333333 0.11979166666666667 0.4479166666666667 0.10677083333333333 0.4322916666666667 0.09765625 0.42578125 0.0859375 0.421875 0 0.4192708333333333 0 0.4140625
0 0.8580729166666666 0.4453125 0.9661458333333334 0.44921875 0.9674479166666666 0.453125 0.8515625 0.4505208333333333 0.8385416666666666 0.45703125 0.8229166666666666 0.47265625 0.8138020833333334 0.4895833333333333 0.8033854166666666 0.5286458333333334 0.8033854166666666 0.5729166666666666 0.8059895833333334 0.5768229166666666 0.8072916666666666 0.59375 0.8111979166666666 0.6067708333333334 0.8229166666666666 0.62890625 0.83203125 0.6393229166666666 0.8463541666666666 0.6497395833333334 0.875 0.6536458333333334 0.8932291666666666 0.65234375 0.9622395833333334 0.65625 0.96484375 0.6575520833333334 0.9635416666666666 0.6614583333333334 0.8736979166666666 0.6588541666666666 0.8515625 0.65625 0.83984375 0.65234375 0.83203125 0.6471354166666666 0.81640625 0.6276041666666666 0.8072916666666666 0.60546875 0.80078125 0.5794270833333334 0.7994791666666666 0.5455729166666666 0.8046875 0.5052083333333334 0.81640625 0.4752604166666667 0.8294270833333334 0.4583333333333333 0.84765625 0.4466145833333333 0.8567708333333334 0.4453125
2 0.4739583333333333 0.12239583333333333 0.4765625 0.12760416666666666 0.4765625 0.2760416666666667 0.4739583333333333 0.3059895833333333 0.4739583333333333 0.5598958333333334 0.4713541666666667 0.6223958333333334 0.4700520833333333 0.8776041666666666 0.4674479166666667 0.9479166666666666 0.46484375 0.9466145833333334 0.46484375 0.8658854166666666 0.4674479166666667 0.8528645833333334 0.4739583333333333 0.12369791666666667
3 0.5833333333333334 0.2916666666666667 0.5859375 0.2916666666666667 0.58984375 0.3033854166666667 0.5885416666666666 0.31640625 0.5846354166666666 0.3177083333333333 0.5794270833333334 0.3072916666666667 0.5833333333333334 0.29296875
3 0.63671875 0.5442708333333334 0.6419270833333334 0.5494791666666666 0.640625 0.5611979166666666 0.6354166666666666 0.5598958333333334 0.6354166666666666 0.5455729166666666
3 0.26171875 0.4205729166666667 0.2669270833333333 0.4205729166666667 0.26953125 0.4244791666666667 0.2682291666666667 0.4361979166666667 0.26171875 0.4440104166666667 0.2578125 0.4401041666666667 0.2552083333333333 0.4309895833333333 0.2565104166666667 0.42578125 0.26171875 0.421875
3 0.5768229166666666 0.69921875 0.5846354166666666 0.69921875 0.5872395833333334 0.7083333333333334 0.5872395833333334 0.7174479166666666 0.58203125 0.72265625 0.5794270833333334 0.71875 0.5768229166666666 0.7005208333333334
3 0.3307291666666667 0.83203125 0.3333333333333333 0.8463541666666666 0.3294270833333333 0.8515625 0.3255208333333333 0.8528645833333334 0.32421875 0.8411458333333334 0.3268229166666667 0.8333333333333334 0.3294270833333333 0.83203125
3 0.484375 0.22916666666666666 0.4908854166666667 0.22786458333333334 0.4947916666666667 0.234375 0.4934895833333333 0.25390625 0.48828125 0.2565104166666667 0.484375 0.25390625 0.4817708333333333 0.2421875 0.484375 0.23046875
3 0.41796875 0.6458333333333334 0.4231770833333333 0.6549479166666666 0.4231770833333333 0.6653645833333334 0.4205729166666667 0.66796875 0.41796875 0.66796875 0.41796875 0.6653645833333334 0.4140625 0.6627604166666666 0.4140625 0.65625 0.41796875 0.6471354166666666
3 0.22916666666666666 0.22005208333333334 0.014322916666666666 0.020833333333333332
3 0.06770833333333333 0.5208333333333334 0.08072916666666667 0.5286458333333334 0.07942708333333333 0.5377604166666666 0.07421875 0.5364583333333334 0.06770833333333333 0.5390625 0.06380208333333333 0.5299479166666666 0.06770833333333333 0.5221354166666666
3 0.77734375 0.53515625 0.7864583333333334 0.5338541666666666 0.7903645833333334 0.5377604166666666 0.7903645833333334 0.55078125 0.7877604166666666 0.5546875 0.7825520833333334 0.5546875 0.77734375 0.5481770833333334 0.77734375 0.5364583333333334
3 0.3893229166666667 0.3984375 0.4010416666666667 0.4010416666666667 0.4088541666666667 0.4075520833333333 0.4075520833333333 0.4114583333333333 0.3932291666666667 0.4192708333333333 0.38671875 0.40625 0.3893229166666667 0.3997395833333333
3 0.49062500000000003 0.8472222226562499 0.49140625 0.85 0.49453125000000003 0.8541666666666666 0.49765624999999997 0.8541666666666666 0.49843750000000003 0.8513888893229167 0.49843750000000003 0.8458333333333333 0.49765624999999997 0.8444444440104166 0.49765624999999997 0.8402777773437501 0.496875 0.8375 0.4890625 0.82777777734375 0.48828125 0.8263888893229167 0.4875 0.8208333333333333 0.48671875000000003 0.8208333333333333 0.484375 0.82222222265625 0.484375 0.8250000000000001 0.49062500000000003 0.8430555559895834 0.49062500000000003 0.8472222226562499