1 0.36328125 0.7333333333333334 0.36328125 0.7291666666666666 0.3625 0.7277777773437499 0.359375 0.7277777773437499 0.35859375 0.7291666666666666 0.35859375 0.7333333333333334 0.3625 0.73472222265625 0.36328125 0.7333333333333334
0 0 0.4114583333333333 0.08723958333333333 0.4140625 0.1015625 0.421875 0.11588541666666667 0.4361979166666667 0.12760416666666666 0.45703125 0.12760416666666666 0.4622395833333333 0.13411458333333334 0.4765625 0.13802083333333334 0.5052083333333334 0.13802083333333334 0.5390625 0.13411458333333334 0.56640625 0.12760416666666666 0.5859375 0.11067708333333333 0.61328125 0.08854166666666667 0.6276041666666666 0 0.6263020833333334 0 0.6197916666666666 0.0859375 0.6223958333333334 0.10026041666666667 0.6158854166666666 0.109375 0.6067708333333334 0.109375 0.6041666666666666 0.12369791666666667 0.5846354166666666 0.13151041666666666 0.5611979166666666 0.13541666666666666 0.5403645833333334 0.13541666666666666 0.50390625 0.13020833333333334 0.4765625 0.12369791666666667 0.45703125 0.10677083333333333 0.4322916666666667 0.09895833333333333 0.42578125 0.08723958333333333 0.4205729166666667 0 0.41796875 0 0.4127604166666667
0 0.9361979166666666 0.4466145833333333 0.9674479166666666 0.4479166666666667 0.96875 0.453125 0.8971354166666666 0.4505208333333333 0.8515625 0.4505208333333333 0.84375 0.453125 0.8255208333333334 0.4700520833333333 0.8151041666666666 0.48828125 0.8072916666666666 0.5104166666666666 0.8046875 0.53125 0.8059895833333334 0.5364583333333334 0.8033854166666666 0.5377604166666666 0.80078125 0.5364583333333334 0.80078125 0.5338541666666666 0.80859375 0.4947916666666667 0.8203125 0.4700520833333333 0.8372395833333334 0.4518229166666667 0.8515625 0.4453125 0.9348958333333334 0.4466145833333333
2 0.4739583333333333 0.12109375 0.4739583333333333 0.4622395833333333 0.4713541666666667 0.53125 0.47265625 0.55859375 0.4674479166666667 0.9479166666666666 0.46484375 0.9479166666666666 0.4635416666666667 0.8880208333333334 0.4674479166666667 0.8020833333333334 0.4674479166666667 0.6171875 0.4713541666666667 0.4361979166666667 0.4700520833333333 0.2825520833333333 0.47265625 0.2565104166666667 0.47265625 0.12239583333333333
3 0.2643229166666667 0.8359375 0.2708333333333333 0.8385416666666666 0.2708333333333333 0.84375 0.2643229166666667 0.8528645833333334 0.26171875 0.8528645833333334 0.2578125 0.8463541666666666 0.2578125 0.8411458333333334 0.2630208333333333 0.8359375
3 0.5260416666666666 0.3359375 0.52734375 0.3268229166666667 0.53125 0.3229166666666667 0.53515625 0.33984375 0.5338541666666666 0.34375 0.5299479166666666 0.3450520833333333 0.52734375 0.3372395833333333
3 0.5045572916666666 0.6783854166666666 0.011067708333333334 0.020833333333333332
3 0.5625 0.49609375 0.5716145833333334 0.4934895833333333 0.5755208333333334 0.5 0.5755208333333334 0.5078125 0.5716145833333334 0.5130208333333334 0.5690104166666666 0.5130208333333334 0.5625 0.5052083333333334 0.5625 0.4973958333333333
3 0.22005208333333334 0.51171875 0.22135416666666666 0.5247395833333334 0.21744791666666666 0.5299479166666666 0.21354166666666666 0.5260416666666666 0.20963541666666666 0.5286458333333334 0.20572916666666666 0.52734375 0.20572916666666666 0.5169270833333334 0.20703125 0.5143229166666666 0.21875 0.51171875
3 0.4557291666666667 0.2682291666666667 0.4622395833333333 0.2799479166666667 0.4609375 0.29296875 0.45703125 0.2981770833333333 0.4505208333333333 0.296875 0.4479166666666667 0.2890625 0.4479166666666667 0.2760416666666667 0.4544270833333333 0.2682291666666667
3 0.2265625 0.3893229166666667 0.24088541666666666 0.39453125 0.24088541666666666 0.4049479166666667 0.23697916666666666 0.4075520833333333 0.2265625 0.3984375 0.2265625 0.390625
3 0.8033854166666666 0.5390625 0.8072916666666666 0.5390625 0.8111979166666666 0.546875 0.8098958333333334 0.5572916666666666 0.8072916666666666 0.5598958333333334 0.8020833333333334 0.55859375 0.796875 0.55078125 0.796875 0.546875 0.8033854166666666 0.5403645833333334
3 0.22786458333333334 0.20052083333333334 0.23307291666666666 0.20442708333333334 0.23958333333333334 0.22395833333333334 0.23567708333333334 0.22786458333333334 0.23046875 0.22395833333333334 0.22526041666666666 0.2109375 0.2265625 0.20182291666666666
3 0.078125 0.4986979166666667 0.08072916666666667 0.5026041666666666 0.07942708333333333 0.5143229166666666 0.06510416666666667 0.51171875 0.06510416666666667 0.4986979166666667 0.07682291666666667 0.4986979166666667
3 0.4010416666666667 0.7174479166666666 0.4127604166666667 0.7239583333333334 0.4088541666666667 0.7369791666666666 0.40625 0.7395833333333334 0.40234375 0.7395833333333334 0.3984375 0.7317708333333334 0.4010416666666667 0.71875
3 0.47265625 0.8944444440104166 0.47421874999999997 0.8958333333333334 0.4765625 0.9041666666666667 0.47812499999999997 0.9041666666666667 0.48046875 0.8958333333333334 0.48046875 0.8916666666666666 0.47812499999999997 0.8833333333333333 0.47812499999999997 0.87222222265625 0.47500000000000003 0.87222222265625 0.471875 0.8791666666666668 0.47109375000000003 0.8819444440104167 0.47109375000000003 0.89027777734375 0.47265625 0.8930555559895833 0.47265625 0.8944444440104166