1 0.5320312500000001 0.5208333333333334 0.5328125 0.5194444440104167 0.5328125 0.51527777734375 0.53125 0.5138888893229167 0.5296875 0.51527777734375 0.5296875 0.5208333333333334 0.5320312500000001 0.5208333333333334
0 0.8763020833333334 0.4375 0.8880208333333334 0.4296875 0.9036458333333334 0.42578125 0.9986979166666666 0.4244791666666667 0.9986979166666666 0.4296875 0.9947916666666666 0.4309895833333333 0.96484375 0.4296875 0.8971354166666666 0.4322916666666667 0.8880208333333334 0.4361979166666667 0.87109375 0.4518229166666667 0.859375 0.47265625 0.8580729166666666 0.4817708333333333 0.8515625 0.4973958333333333 0.8489583333333334 0.51953125 0.8502604166666666 0.55859375 0.8580729166666666 0.5872395833333334 0.8671875 0.60546875 0.8880208333333334 0.6276041666666666 0.90625 0.6315104166666666 0.9986979166666666 0.62890625 0.9986979166666666 0.6341145833333334 0.8958333333333334 0.63671875 0.8802083333333334 0.62890625 0.8645833333333334 0.6106770833333334 0.8567708333333334 0.5963541666666666 0.8489583333333334 0.5716145833333334 0.8450520833333334 0.5299479166666666 0.84765625 0.5 0.8515625 0.4895833333333333 0.8528645833333334 0.4778645833333333 0.8645833333333334 0.453125 0.8763020833333334 0.4388020833333333
0 0.14322916666666666 0.453125 0.15494791666666666 0.4583333333333333 0.171875 0.4765625 0.18229166666666666 0.49609375 0.18229166666666666 0.5013020833333334 0.1875 0.5130208333333334 0.19140625 0.5325520833333334 0.19140625 0.5859375 0.18619791666666666 0.609375 0.17838541666666666 0.625 0.17838541666666666 0.62890625 0.16666666666666666 0.6471354166666666 0.14583333333333334 0.6614583333333334 0.09635416666666667 0.6653645833333334 0.04296875 0.6653645833333334 0.041666666666666664 0.66796875 0.028645833333333332 0.66796875 0.02734375 0.6640625 0.033854166666666664 0.6614583333333334 0.13151041666666666 0.6588541666666666 0.14192708333333334 0.6575520833333334 0.15755208333333334 0.6484375 0.171875 0.6315104166666666 0.18359375 0.60546875 0.18880208333333334 0.58203125 0.18880208333333334 0.5338541666666666 0.18359375 0.5104166666666666 0.17578125 0.4921875 0.1640625 0.4739583333333333 0.14583333333333334 0.4609375 0.024739583333333332 0.4609375 0.024739583333333332 0.4557291666666667 0.14192708333333334 0.453125
2 0.5234375 0.9518229166666666 0.5208333333333334 0.9296875 0.5208333333333334 0.7630208333333334 0.5169270833333334 0.5677083333333334 0.5169270833333334 0.4869791666666667 0.51953125 0.4830729166666667 0.5221354166666666 0.5169270833333334 0.51953125 0.5364583333333334 0.5221354166666666 0.57421875 0.5221354166666666 0.7317708333333334 0.5260416666666666 0.9205729166666666 0.5247395833333334 0.9518229166666666
3 0.4869791666666667 0.7135416666666666 0.4869791666666667 0.7356770833333334 0.4817708333333333 0.7317708333333334 0.4817708333333333 0.7200520833333334 0.4856770833333333 0.71484375
3 0.4361979166666667 0.5638020833333334 0.008463541666666666 0.016927083333333332
3 0.4622395833333333 0.2630208333333333 0.46484375 0.265625 0.4635416666666667 0.28515625 0.4596354166666667 0.28515625 0.45703125 0.2799479166666667 0.45703125 0.2669270833333333 0.4609375 0.2643229166666667
3 0.4934895833333333 0.6197916666666666 0.4986979166666667 0.6223958333333334 0.5 0.6276041666666666 0.4986979166666667 0.6354166666666666 0.49609375 0.6393229166666666 0.4934895833333333 0.6380208333333334 0.4934895833333333 0.62109375
3 0.5755208333333334 0.5833333333333334 0.5794270833333334 0.58984375 0.578125 0.5989583333333334 0.5755208333333334 0.6015625 0.5716145833333334 0.6002604166666666 0.5716145833333334 0.58984375 0.5755208333333334 0.5846354166666666
3 0.5611979166666666 0.40625 0.5625 0.4140625 0.55859375 0.421875 0.5546875 0.4192708333333333 0.5546875 0.4088541666666667 0.5598958333333334 0.40625
3 0.6328125 0.3229166666666667 0.63671875 0.328125 0.63671875 0.33203125 0.6354166666666666 0.3359375 0.62890625 0.3411458333333333 0.6263020833333334 0.3385416666666667 0.6263020833333334 0.3268229166666667 0.6315104166666666 0.3229166666666667
3 0.5911458333333334 0.76953125 0.59765625 0.76953125 0.6002604166666666 0.7760416666666666 0.59765625 0.7838541666666666 0.59375 0.7877604166666666 0.5911458333333334 0.7864583333333334 0.5872395833333334 0.7760416666666666 0.5911458333333334 0.7708333333333334
3 0.5455729166666666 0.24088541666666666 0.5390625 0.2630208333333333 0.5338541666666666 0.2552083333333333 0.5364583333333334 0.23958333333333334 0.5390625 0.23828125 0.5442708333333334 0.24088541666666666
3 0.3346354166666667 0.56640625 0.3359375 0.57421875 0.3411458333333333 0.5794270833333334 0.33984375 0.5989583333333334 0.3359375 0.6002604166666666 0.3333333333333333 0.59765625 0.33203125 0.578125 0.3346354166666667 0.5677083333333334
3 0.4765625 0.4635416666666667 0.4765625 0.4817708333333333 0.47265625 0.48046875 0.47265625 0.46484375 0.4752604166666667 0.4635416666666667
3 0.5140625 0.45972222265625 0.5242187500000001 0.4611111106770833 0.5281250000000001 0.45277777734375 0.52734375 0.4458333333333333 0.5234375 0.43888888932291664 0.5171875 0.44027777734375 0.5140625 0.45972222265625