1 0.29765625 0.4569444440104167 0.29921875000000003 0.45416666666666666 0.29921875000000003 0.45277777734375 0.29765625 0.45 0.29609375 0.45 0.29453124999999997 0.45277777734375 0.29453124999999997 0.45416666666666666 0.29609375 0.4569444440104167 0.29765625 0.4569444440104167
0 0 0.4153645833333333 0.07682291666666667 0.4166666666666667 0.078125 0.4192708333333333 0.09505208333333333 0.4192708333333333 0.10677083333333333 0.4231770833333333 0.11979166666666667 0.43359375 0.13541666666666666 0.4583333333333333 0.14192708333333334 0.4765625 0.14713541666666666 0.5065104166666666 0.14583333333333334 0.5572916666666666 0.14322916666666666 0.5611979166666666 0.13802083333333334 0.5872395833333334 0.12630208333333334 0.6080729166666666 0.11458333333333333 0.62109375 0.09635416666666667 0.6315104166666666 0 0.62890625 0 0.6223958333333334 0.09244791666666667 0.625 0.10546875 0.62109375 0.12109375 0.6067708333333334 0.1328125 0.5872395833333334 0.140625 0.5638020833333334 0.14453125 0.5299479166666666 0.14322916666666666 0.4986979166666667 0.13541666666666666 0.4700520833333333 0.12890625 0.4544270833333333 0.11067708333333333 0.4322916666666667 0.09244791666666667 0.4244791666666667 0 0.421875 0 0.4166666666666667
0 0.9752604166666666 0.4518229166666667 0.9739583333333334 0.4557291666666667 0.9322916666666666 0.4557291666666667 0.9010416666666666 0.453125 0.8580729166666666 0.453125 0.8515625 0.4557291666666667 0.8346354166666666 0.4700520833333333 0.8294270833333334 0.48046875 0.8268229166666666 0.4817708333333333 0.8190104166666666 0.4973958333333333 0.8177083333333334 0.5078125 0.8138020833333334 0.5143229166666666 0.8098958333333334 0.5390625 0.8111979166666666 0.5794270833333334 0.8177083333333334 0.60546875 0.8268229166666666 0.6263020833333334 0.8463541666666666 0.6484375 0.8580729166666666 0.6536458333333334 0.95703125 0.6575520833333334 0.9700520833333334 0.6588541666666666 0.9739583333333334 0.6614583333333334 0.9713541666666666 0.6627604166666666 0.8658854166666666 0.66015625 0.8502604166666666 0.65625 0.83984375 0.6497395833333334 0.82421875 0.6302083333333334 0.81640625 0.61328125 0.8151041666666666 0.6041666666666666 0.8125 0.6015625 0.8072916666666666 0.5729166666666666 0.8072916666666666 0.5377604166666666 0.8125 0.5065104166666666 0.8151041666666666 0.50390625 0.8151041666666666 0.4986979166666667 0.82421875 0.48046875 0.82421875 0.4765625 0.83203125 0.4661458333333333 0.8463541666666666 0.453125 0.859375 0.4479166666666667 0.9739583333333334 0.4518229166666667
2 0.48046875 0.2760416666666667 0.4817708333333333 0.4557291666666667 0.4791666666666667 0.47265625 0.4791666666666667 0.6484375 0.4739583333333333 0.9518229166666666 0.4713541666666667 0.94921875 0.4713541666666667 0.9205729166666666 0.4739583333333333 0.78125 0.47265625 0.76171875 0.4765625 0.6276041666666666 0.4765625 0.375 0.4791666666666667 0.27734375
3 0.41796875 0.22135416666666666 0.4140625 0.20963541666666666 0.4140625 0.20442708333333334 0.41796875 0.19921875 0.4231770833333333 0.21484375 0.4231770833333333 0.22005208333333334 0.4192708333333333 0.22135416666666666
3 0.57421875 0.4947916666666667 0.58203125 0.5104166666666666 0.5807291666666666 0.51953125 0.578125 0.5221354166666666 0.57421875 0.5221354166666666 0.5716145833333334 0.5182291666666666 0.57421875 0.49609375
3 0.48828125 0.2565104166666667 0.4908854166666667 0.2565104166666667 0.4934895833333333 0.2604166666666667 0.49609375 0.2708333333333333 0.4947916666666667 0.2799479166666667 0.4921875 0.28125 0.48828125 0.2760416666666667 0.4869791666666667 0.26953125 0.484375 0.2682291666666667 0.48828125 0.2578125
3 0.48828125 0.578125 0.4973958333333333 0.5859375 0.4986979166666667 0.5989583333333334 0.49609375 0.6015625 0.4921875 0.5989583333333334 0.48828125 0.58984375 0.4869791666666667 0.5794270833333334
3 0.3776041666666667 0.41015625 0.3841145833333333 0.4114583333333333 0.3841145833333333 0.4270833333333333 0.3802083333333333 0.4296875 0.375 0.421875 0.375 0.4140625 0.3776041666666667 0.4114583333333333
3 0.35546875 0.5598958333333334 0.3606770833333333 0.55859375 0.3645833333333333 0.5611979166666666 0.3658854166666667 0.5651041666666666 0.3658854166666667 0.57421875 0.359375 0.5755208333333334 0.35546875 0.5716145833333334 0.35546875 0.5611979166666666
3 0.45703125 0.3736979166666667 0.4635416666666667 0.3736979166666667 0.4661458333333333 0.3776041666666667 0.4661458333333333 0.3919270833333333 0.4635416666666667 0.3919270833333333 0.45703125 0.3802083333333333 0.45703125 0.375
3 0.21406250000000002 0.6305555559895833 0.21328125 0.6416666666666667 0.22421875 0.6444444440104167 0.22109375 0.6236111106770833 0.21406250000000002 0.6305555559895833
3 0.42031250000000003 0.51527777734375 0.42109375 0.5069444440104166 0.41640625000000003 0.49305555598958334 0.40703125 0.4944444440104167 0.40546875 0.5055555559895833 0.4109375 0.5166666666666667 0.41484375 0.5208333333333334 0.42031250000000003 0.51527777734375
3 0.390625 0.8666666666666667 0.39140625 0.86527777734375 0.39140625 0.8555555559895834 0.390625 0.8541666666666666 0.38984375 0.8319444440104166 0.38671875 0.8305555559895833 0.3828125 0.8430555559895834 0.38203125 0.8472222226562499 0.3828125 0.8513888893229167 0.38984375 0.8638888893229167 0.390625 0.8666666666666667
3 0.43225312499999996 0.7329680559895834 0.43140937500000004 0.7462486106770833 0.43731328125 0.7461083333333334 0.44380078125 0.7387319440104166 0.43757265624999997 0.7285888893229168 0.43225312499999996 0.7329680559895834
3 0.26640625 0.39305555598958336 0.26953125 0.3986111106770833 0.27265625 0.40138888932291666 0.27265625 0.39166666666666666 0.27187500000000003 0.39027777734375 0.27187500000000003 0.38611111067708337 0.27109374999999997 0.3833333333333333 0.26875 0.37916666666666665 0.26484375 0.37916666666666665 0.26171875 0.38194444401041666 0.26015625000000003 0.38472222265624995 0.26015625000000003 0.38611111067708337 0.26171875 0.3888888893229167 0.26640625 0.39305555598958336