1 0.5437500000000001 0.8527777773437499 0.5453125 0.8555555559895834 0.546875 0.8555555559895834 0.5476562500000001 0.8541666666666666 0.5476562500000001 0.8486111106770834 0.546875 0.8472222226562499 0.5453125 0.8472222226562499 0.5437500000000001 0.85 0.5437500000000001 0.8527777773437499
0 0 0.4114583333333333 0.08723958333333333 0.4140625 0.09505208333333333 0.4166666666666667 0.11067708333333333 0.4283854166666667 0.12630208333333334 0.4518229166666667 0.13411458333333334 0.47265625 0.13932291666666666 0.50390625 0.13932291666666666 0.5403645833333334 0.13411458333333334 0.5716145833333334 0.12630208333333334 0.5911458333333334 0.11588541666666667 0.6080729166666666 0.10677083333333333 0.6171875 0.08854166666666667 0.6276041666666666 0 0.6263020833333334 0 0.6197916666666666 0.08463541666666667 0.6223958333333334 0.09895833333333333 0.6171875 0.11197916666666667 0.60546875 0.12369791666666667 0.5872395833333334 0.13541666666666666 0.55078125 0.13671875 0.53515625 0.13671875 0.5052083333333334 0.13151041666666666 0.4765625 0.12369791666666667 0.4544270833333333 0.11197916666666667 0.4375 0.10286458333333333 0.4283854166666667 0.09505208333333333 0.4231770833333333 0.0859375 0.4205729166666667 0 0.41796875 0 0.4127604166666667
0 0.8619791666666666 0.4440104166666667 0.9622395833333334 0.4466145833333333 0.9674479166666666 0.4505208333333333 0.91796875 0.4518229166666667 0.8528645833333334 0.44921875 0.83984375 0.4544270833333333 0.8229166666666666 0.4713541666666667 0.8111979166666666 0.4934895833333333 0.8033854166666666 0.5234375 0.80078125 0.5520833333333334 0.80078125 0.5234375 0.8072916666666666 0.4947916666666667 0.81640625 0.4739583333333333 0.8268229166666666 0.4609375 0.8268229166666666 0.4583333333333333 0.8346354166666666 0.4518229166666667 0.84765625 0.4453125 0.8606770833333334 0.4440104166666667
2 0.4713541666666667 0.4231770833333333 0.4739583333333333 0.4244791666666667 0.4752604166666667 0.4322916666666667 0.4752604166666667 0.453125 0.4713541666666667 0.546875 0.4674479166666667 0.9466145833333334 0.46484375 0.9466145833333334 0.4635416666666667 0.9283854166666666 0.46484375 0.8307291666666666 0.4674479166666667 0.8072916666666666 0.46875 0.5390625 0.4713541666666667 0.4466145833333333 0.4700520833333333 0.4244791666666667
3 0.25390625 0.390625 0.2526041666666667 0.3802083333333333 0.2565104166666667 0.3776041666666667 0.2604166666666667 0.3776041666666667 0.2630208333333333 0.3802083333333333 0.2682291666666667 0.3997395833333333 0.2682291666666667 0.421875 0.265625 0.421875 0.26171875 0.4127604166666667 0.2604166666666667 0.39453125 0.2552083333333333 0.390625
3 0.6614583333333334 0.5572916666666666 0.6653645833333334 0.5625 0.6627604166666666 0.5716145833333334 0.6614583333333334 0.5950520833333334 0.6588541666666666 0.5911458333333334 0.6549479166666666 0.5677083333333334 0.65625 0.5598958333333334 0.66015625 0.5572916666666666
3 0.4739583333333333 0.41015625 0.4791666666666667 0.4114583333333333 0.4830729166666667 0.4348958333333333 0.4830729166666667 0.44921875 0.4817708333333333 0.4518229166666667 0.4791666666666667 0.44921875 0.47265625 0.4140625 0.4739583333333333 0.4114583333333333
3 0.6263020833333334 0.74609375 0.6276041666666666 0.7513020833333334 0.6341145833333334 0.7578125 0.6328125 0.7747395833333334 0.62890625 0.7721354166666666 0.625 0.76171875 0.6223958333333334 0.7486979166666666 0.625 0.74609375
3 0.80078125 0.5716145833333334 0.7994791666666666 0.55859375 0.8059895833333334 0.5520833333333334 0.8111979166666666 0.5572916666666666 0.8111979166666666 0.5677083333333334 0.8072916666666666 0.57421875 0.8020833333333334 0.5716145833333334
3 0.5572916666666666 0.8645833333333334 0.5598958333333334 0.8645833333333334 0.5651041666666666 0.8776041666666666 0.5651041666666666 0.8919270833333334 0.5598958333333334 0.8984375 0.5572916666666666 0.8893229166666666 0.5572916666666666 0.8658854166666666
3 0.4947916666666667 0.21744791666666666 0.4908854166666667 0.21223958333333334 0.4908854166666667 0.19661458333333334 0.4947916666666667 0.19270833333333334 0.4986979166666667 0.19270833333333334 0.5026041666666666 0.19921875 0.5026041666666666 0.21484375 0.5013020833333334 0.21744791666666666 0.49609375 0.21744791666666666
3 0.4453125 0.6731770833333334 0.4479166666666667 0.6796875 0.4466145833333333 0.69140625 0.4401041666666667 0.6901041666666666 0.4401041666666667 0.6796875 0.44140625 0.6744791666666666 0.4440104166666667 0.6731770833333334
3 0.21354166666666666 0.19010416666666666 0.21744791666666666 0.19010416666666666 0.22005208333333334 0.19270833333333334 0.2265625 0.21223958333333334 0.2265625 0.21744791666666666 0.22395833333333334 0.21875 0.21354166666666666 0.20442708333333334 0.21354166666666666 0.19140625
3 0.078125 0.5 0.08463541666666667 0.5 0.08723958333333333 0.5026041666666666 0.0859375 0.51171875 0.07682291666666667 0.515625 0.07421875 0.5052083333333334 0.078125 0.5013020833333334
3 0.6067708333333334 0.2526041666666667 0.609375 0.2604166666666667 0.60546875 0.2760416666666667 0.6015625 0.2760416666666667 0.5989583333333334 0.265625 0.5989583333333334 0.2565104166666667 0.6015625 0.2526041666666667 0.60546875 0.2526041666666667
3 0.36874999999999997 0.8569444440104167 0.3703125 0.8472222226562499 0.36093749999999997 0.8416666666666667 0.36171875000000003 0.8555555559895834 0.36874999999999997 0.8569444440104167