0 0.9947916666666666 0.4231770833333333 0.9986979166666666 0.4244791666666667 0.9986979166666666 0.4296875 0.9231770833333334 0.4309895833333333 0.90625 0.4322916666666667 0.8984375 0.4361979166666667 0.87890625 0.4557291666666667 0.8697916666666666 0.4739583333333333 0.86328125 0.4934895833333333 0.8619791666666666 0.5104166666666666 0.859375 0.5169270833333334 0.859375 0.55078125 0.8619791666666666 0.5559895833333334 0.86328125 0.5729166666666666 0.8763020833333334 0.60546875 0.8815104166666666 0.61328125 0.89453125 0.625 0.89453125 0.6276041666666666 0.9075520833333334 0.6341145833333334 0.9986979166666666 0.6315104166666666 0.9986979166666666 0.63671875 0.9908854166666666 0.6380208333333334 0.9361979166666666 0.6393229166666666 0.90234375 0.6380208333333334 0.8880208333333334 0.62890625 0.8723958333333334 0.6080729166666666 0.8606770833333334 0.578125 0.8567708333333334 0.5533854166666666 0.8567708333333334 0.51171875 0.859375 0.4947916666666667 0.8723958333333334 0.4583333333333333 0.8802083333333334 0.4466145833333333 0.89453125 0.4322916666666667 0.9153645833333334 0.42578125 0.9622395833333334 0.42578125 0.9934895833333334 0.4231770833333333
0 0.14713541666666666 0.45703125 0.16666666666666666 0.4700520833333333 0.17447916666666666 0.4791666666666667 0.18359375 0.4973958333333333 0.19140625 0.5208333333333334 0.1953125 0.546875 0.1953125 0.5794270833333334 0.19010416666666666 0.6106770833333334 0.1875 0.61328125 0.18359375 0.62890625 0.171875 0.6458333333333334 0.17057291666666666 0.6510416666666666 0.16015625 0.66015625 0.15104166666666666 0.6653645833333334 0.14583333333333334 0.6653645833333334 0.14453125 0.66796875 0.053385416666666664 0.6731770833333334 0.03125 0.6731770833333334 0.028645833333333332 0.671875 0.028645833333333332 0.6692708333333334 0.0390625 0.6692708333333334 0.040364583333333336 0.6666666666666666 0.13671875 0.6640625 0.15104166666666666 0.66015625 0.15885416666666666 0.6549479166666666 0.171875 0.640625 0.1796875 0.6276041666666666 0.18489583333333334 0.609375 0.1875 0.6067708333333334 0.19140625 0.58984375 0.19140625 0.5364583333333334 0.1875 0.5169270833333334 0.1796875 0.4973958333333333 0.16796875 0.4791666666666667 0.15885416666666666 0.4700520833333333 0.14973958333333334 0.46484375 0.140625 0.4622395833333333 0.12890625 0.4622395833333333 0.04296875 0.4661458333333333 0.028645833333333332 0.46484375 0.02734375 0.4609375 0.12760416666666666 0.4557291666666667 0.14583333333333334 0.45703125
2 0.5208333333333334 0.13541666666666666 0.5234375 0.16276041666666666 0.52734375 0.5716145833333334 0.5260416666666666 0.6380208333333334 0.53125 0.8684895833333334 0.53125 0.9609375 0.5286458333333334 0.9609375 0.52734375 0.9427083333333334 0.52734375 0.7994791666666666 0.5234375 0.66015625 0.5234375 0.4479166666666667 0.5208333333333334 0.3671875 0.5208333333333334 0.13671875
3 0.3606770833333333 0.5032552083333334 0.018229166666666668 0.029296875
3 0.2526041666666667 0.76953125 0.014973958333333334 0.024739583333333332
3 0.8372395833333334 0.4791666666666667 0.84375 0.4765625 0.84765625 0.4765625 0.8502604166666666 0.4791666666666667 0.8502604166666666 0.48828125 0.84765625 0.4908854166666667 0.8385416666666666 0.4921875 0.8372395833333334 0.48046875
3 0.13151041666666666 0.8411458333333334 0.13541666666666666 0.8450520833333334 0.1328125 0.8567708333333334 0.12369791666666667 0.8619791666666666 0.11848958333333333 0.8619791666666666 0.11848958333333333 0.8515625 0.12630208333333334 0.8411458333333334 0.13020833333333334 0.8411458333333334
3 0.2916666666666667 0.5768229166666666 0.29296875 0.5846354166666666 0.296875 0.58984375 0.296875 0.5950520833333334 0.29296875 0.59765625 0.2890625 0.59765625 0.2838541666666667 0.5885416666666666 0.2864583333333333 0.5794270833333334 0.2903645833333333 0.5768229166666666
3 0.41015625 0.78125 0.4140625 0.7864583333333334 0.4140625 0.7994791666666666 0.4088541666666667 0.8138020833333334 0.4049479166666667 0.8138020833333334 0.4049479166666667 0.7955729166666666 0.41015625 0.7825520833333334
3 0.5078125 0.6315104166666666 0.5104166666666666 0.6315104166666666 0.515625 0.63671875 0.515625 0.6510416666666666 0.5078125 0.66015625 0.5052083333333334 0.6575520833333334 0.5052083333333334 0.6536458333333334 0.5091145833333334 0.64453125 0.5091145833333334 0.6328125
3 0.6015625 0.24609375 0.60546875 0.24739583333333334 0.6080729166666666 0.25390625 0.6080729166666666 0.265625 0.60546875 0.26953125 0.6002604166666666 0.26953125 0.5989583333333334 0.2565104166666667 0.6015625 0.24739583333333334
3 0.2721354166666667 0.5494791666666666 0.27734375 0.5533854166666666 0.2760416666666667 0.5638020833333334 0.2734375 0.56640625 0.2669270833333333 0.5638020833333334 0.2643229166666667 0.5598958333333334 0.265625 0.55078125 0.2708333333333333 0.5494791666666666
3 0.053385416666666664 0.625 0.059895833333333336 0.625 0.061197916666666664 0.6276041666666666 0.061197916666666664 0.6315104166666666 0.053385416666666664 0.6393229166666666 0.04296875 0.6419270833333334 0.0390625 0.6380208333333334 0.040364583333333336 0.6315104166666666 0.053385416666666664 0.6263020833333334
3 0.13671875 0.5130208333333334 0.13932291666666666 0.5130208333333334 0.140625 0.515625 0.140625 0.5338541666666666 0.13411458333333334 0.53515625 0.125 0.5286458333333334 0.12630208333333334 0.5208333333333334 0.1328125 0.51953125 0.13671875 0.5143229166666666
1 0.158203125 0.9283854166666666 0.005208333333333333 0.008463541666666666
3 0.14453125 0.94722222265625 0.1421875 0.9513888893229167 0.14296875 0.9597222226562501 0.14453125 0.9625 0.146875 0.9638888893229166 0.15078125 0.9638888893229166 0.15312499999999998 0.9597222226562501 0.16015625 0.9319444440104167 0.16015625 0.92777777734375 0.15859375 0.9249999999999999 0.1546875 0.9333333333333332 0.146875 0.9458333333333333 0.14453125 0.94722222265625