0 0 0.4309895833333333 0.07942708333333333 0.4322916666666667 0.09895833333333333 0.4375 0.11197916666666667 0.4505208333333333 0.12630208333333334 0.4739583333333333 0.13411458333333334 0.49609375 0.13802083333333334 0.5260416666666666 0.13802083333333334 0.5559895833333334 0.13411458333333334 0.5846354166666666 0.12239583333333333 0.6145833333333334 0.11458333333333333 0.6276041666666666 0.10677083333333333 0.6354166666666666 0.10026041666666667 0.640625 0.08984375 0.64453125 0.08854166666666667 0.6471354166666666 0.03515625 0.6471354166666666 0.033854166666666664 0.64453125 0 0.64453125 0 0.6393229166666666 0.08723958333333333 0.640625 0.09895833333333333 0.6354166666666666 0.11328125 0.6197916666666666 0.125 0.5989583333333334 0.1328125 0.5729166666666666 0.13541666666666666 0.5559895833333334 0.13541666666666666 0.52734375 0.12890625 0.4921875 0.11979166666666667 0.4700520833333333 0.10677083333333333 0.4518229166666667 0.09505208333333333 0.4440104166666667 0.08463541666666667 0.4401041666666667 0.01171875 0.4388020833333333 0.010416666666666666 0.4361979166666667 0 0.4361979166666667 0 0.4322916666666667
0 0.8216145833333334 0.640625 0.82421875 0.6471354166666666 0.8385416666666666 0.6614583333333334 0.8489583333333334 0.6666666666666666 0.8567708333333334 0.6666666666666666 0.8580729166666666 0.6692708333333334 0.9440104166666666 0.671875 0.9635416666666666 0.6731770833333334 0.9661458333333334 0.67578125 0.953125 0.6783854166666666 0.8541666666666666 0.6744791666666666 0.83984375 0.6692708333333334 0.82421875 0.6549479166666666 0.8190104166666666 0.6484375 0.80859375 0.6263020833333334 0.80078125 0.5950520833333334 0.80078125 0.5442708333333334 0.8072916666666666 0.5130208333333334 0.8098958333333334 0.5104166666666666 0.8125 0.515625 0.8033854166666666 0.5403645833333334 0.8033854166666666 0.5911458333333334 0.8111979166666666 0.6223958333333334 0.8203125 0.640625
1 0.34453125 0.2736111106770833 0.34375 0.2791666666666667 0.346875 0.2819444440104167 0.3484375 0.27638888932291666 0.34453125 0.2736111106770833
2 0.47265625 0.13932291666666666 0.4752604166666667 0.17708333333333334 0.47265625 0.3815104166666667 0.4739583333333333 0.4049479166666667 0.4713541666666667 0.4622395833333333 0.47265625 0.5143229166666666 0.4700520833333333 0.7994791666666666 0.4674479166666667 0.8528645833333334 0.4674479166666667 0.9661458333333334 0.4661458333333333 0.9674479166666666 0.4635416666666667 0.96484375 0.46484375 0.7877604166666666 0.4674479166666667 0.7604166666666666 0.4661458333333333 0.74609375 0.4700520833333333 0.4557291666666667 0.46875 0.4010416666666667 0.4713541666666667 0.3502604166666667 0.47265625 0.140625
3 0.6575520833333334 0.5677083333333334 0.66015625 0.5716145833333334 0.66015625 0.578125 0.6575520833333334 0.5846354166666666 0.6549479166666666 0.5859375 0.65234375 0.5846354166666666 0.6497395833333334 0.5729166666666666 0.6536458333333334 0.56640625 0.65625 0.5677083333333334
3 0.7408854166666666 0.33203125 0.7434895833333334 0.3359375 0.7434895833333334 0.3411458333333333 0.73828125 0.3528645833333333 0.7330729166666666 0.3528645833333333 0.7278645833333334 0.3424479166666667 0.7317708333333334 0.3411458333333333 0.7395833333333334 0.33203125
3 0.5169270833333334 0.2799479166666667 0.5169270833333334 0.2994791666666667 0.5143229166666666 0.2994791666666667 0.51171875 0.2955729166666667 0.5104166666666666 0.2890625 0.51171875 0.28125 0.515625 0.2799479166666667
3 0.4401041666666667 0.23177083333333334 0.4427083333333333 0.23828125 0.4427083333333333 0.24869791666666666 0.4388020833333333 0.2578125 0.4361979166666667 0.2578125 0.4348958333333333 0.2552083333333333 0.4348958333333333 0.23828125 0.4361979166666667 0.23307291666666666 0.4388020833333333 0.23177083333333334
3 0.6028645833333334 0.3997395833333333 0.6067708333333334 0.40234375 0.6080729166666666 0.40625 0.6067708333333334 0.4231770833333333 0.6028645833333334 0.4270833333333333 0.5989583333333334 0.4270833333333333 0.5924479166666666 0.4192708333333333 0.6015625 0.4010416666666667
3 0.63671875 0.69921875 0.6380208333333334 0.7135416666666666 0.6341145833333334 0.7200520833333334 0.6302083333333334 0.71484375 0.6276041666666666 0.703125 0.6302083333333334 0.69921875 0.6354166666666666 0.69921875
3 0.55859375 0.8776041666666666 0.5716145833333334 0.87890625 0.5716145833333334 0.8971354166666666 0.5690104166666666 0.8984375 0.5625 0.890625 0.5625 0.8854166666666666 0.55859375 0.87890625
3 0.5384114583333334 0.474609375 0.011067708333333334 0.0234375
3 0.8216145833333334 0.47265625 0.8255208333333334 0.4765625 0.8229166666666666 0.4869791666666667 0.8177083333333334 0.4921875 0.8111979166666666 0.4908854166666667 0.8111979166666666 0.4765625 0.8203125 0.4739583333333333
3 0.6822916666666666 0.6341145833333334 0.6861979166666666 0.6393229166666666 0.6861979166666666 0.6484375 0.6822916666666666 0.6549479166666666 0.671875 0.6432291666666666 0.671875 0.6380208333333334 0.6809895833333334 0.6341145833333334
3 0.2994791666666667 0.2955729166666667 0.3098958333333333 0.30078125 0.3098958333333333 0.3111979166666667 0.3059895833333333 0.31640625 0.3020833333333333 0.3177083333333333 0.2981770833333333 0.2981770833333333 0.2994791666666667 0.296875
3 0.6197916666666666 0.3098958333333333 0.6236979166666666 0.3098958333333333 0.6263020833333334 0.3125 0.6263020833333334 0.3255208333333333 0.6236979166666666 0.3294270833333333 0.6197916666666666 0.3294270833333333 0.6197916666666666 0.3111979166666667