1 0.53671875 0.7138888893229166 0.53671875 0.7180555559895834 0.54140625 0.7180555559895834 0.5421874999999999 0.7166666666666667 0.5421874999999999 0.7111111106770833 0.54140625 0.7097222226562501 0.5390625 0.7097222226562501 0.5375 0.7111111106770833 0.53671875 0.7138888893229166
3 0.5950520833333334 0.203125 0.6041666666666666 0.203125 0.6028645833333334 0.21223958333333334 0.59765625 0.22395833333333334 0.59375 0.22265625 0.5950520833333334 0.20442708333333334
3 0.6041666666666666 0.5299479166666666 0.014973958333333334 0.026692708333333332
3 0.4453125 0.65625 0.4466145833333333 0.6705729166666666 0.4440104166666667 0.6744791666666666 0.44140625 0.6744791666666666 0.4401041666666667 0.671875 0.44140625 0.6575520833333334 0.4440104166666667 0.65625
3 0.53515625 0.2643229166666667 0.5325520833333334 0.26171875 0.53515625 0.2421875 0.5377604166666666 0.24088541666666666 0.54296875 0.24869791666666666 0.54296875 0.2552083333333333 0.5364583333333334 0.2630208333333333
3 0.6315104166666666 0.6223958333333334 0.6341145833333334 0.625 0.6341145833333334 0.6341145833333334 0.6302083333333334 0.640625 0.6263020833333334 0.6393229166666666 0.6236979166666666 0.6315104166666666 0.6263020833333334 0.625 0.6302083333333334 0.6223958333333334
3 0.7708333333333334 0.6940104166666666 0.014322916666666666 0.026692708333333332
3 0.5390625 0.7109375 0.546875 0.7252604166666666 0.546875 0.73046875 0.54296875 0.7369791666666666 0.54296875 0.74609375 0.5390625 0.7513020833333334 0.53515625 0.7526041666666666 0.53515625 0.7161458333333334 0.5377604166666666 0.7122395833333334
3 0.6471354166666666 0.52734375 0.010416666666666666 0.018229166666666668
3 0.44140625 0.4140625 0.4453125 0.4153645833333333 0.4466145833333333 0.421875 0.4453125 0.4348958333333333 0.4388020833333333 0.4348958333333333 0.4388020833333333 0.4192708333333333 0.44140625 0.4153645833333333
3 0.57421875 0.3997395833333333 0.5768229166666666 0.4075520833333333 0.5703125 0.421875 0.56640625 0.4205729166666667 0.56640625 0.4114583333333333 0.5677083333333334 0.4010416666666667 0.5703125 0.3984375 0.5729166666666666 0.3997395833333333
3 0.7734375 0.4934895833333333 0.7786458333333334 0.4986979166666667 0.77734375 0.5065104166666666 0.7669270833333334 0.5052083333333334 0.7669270833333334 0.4973958333333333 0.7721354166666666 0.4934895833333333
3 0.59609375 0.8375 0.59609375 0.8416666666666667 0.59765625 0.85 0.59921875 0.8527777773437499 0.6 0.8513888893229167 0.6023437500000001 0.8513888893229167 0.603125 0.85 0.60390625 0.8458333333333333 0.60703125 0.8388888893229166 0.60703125 0.8361111106770833 0.6062500000000001 0.8347222226562501 0.60546875 0.8361111106770833 0.5984375000000001 0.8361111106770833 0.59609375 0.8375
2 0.5169270833333334 0.12239583333333333 0.5208333333333334 0.2682291666666667 0.51953125 0.3151041666666667 0.5221354166666666 0.40234375 0.5234375 0.6966145833333334 0.5260416666666666 0.7135416666666666 0.5260416666666666 0.9153645833333334 0.5286458333333334 0.92578125 0.52734375 0.9505208333333334 0.5247395833333334 0.9518229166666666 0.5234375 0.9322916666666666 0.5247395833333334 0.8932291666666666 0.5208333333333334 0.7330729166666666 0.5221354166666666 0.7083333333333334 0.51953125 0.6315104166666666 0.51953125 0.4713541666666667 0.5169270833333334 0.3684895833333333 0.5169270833333334 0.12369791666666667
0 1 0.4138888893229167 0.96484375 0.4138888893229167 0.9015624999999999 0.4180555559895833 0.88515625 0.42777777734375005 0.86875 0.4513888893229167 0.8562500000000001 0.4875 0.853125 0.5305555559895833 0.859375 0.57222222265625 0.8734375 0.6041666666666666 0.8914062500000001 0.6236111106770833 0.90234375 0.6291666666666667 1 0.62777777734375 1 0.62222222265625 0.9132812499999999 0.625 0.896875 0.6208333333333333 0.8828125 0.6083333333333333 0.86875 0.5861111106770833 0.8585937499999999 0.5499999999999999 0.8578125 0.5069444440104166 0.8609375 0.4861111106770833 0.8679687500000001 0.46388888932291666 0.8828125 0.43888888932291664 0.91015625 0.42222222265625 1 0.41944444401041664 1 0.4138888893229167
0 0.165625 0.46249999999999997 0.14609375 0.44861111067708337 0.024999999999999998 0.4513888893229167 0.025781250000000002 0.45555555598958336 0.14375000000000002 0.45277777734375 0.16171875 0.46527777734375 0.17734375 0.49027777734375005 0.1890625 0.5462958333333333 0.18437499999999998 0.5958333333333333 0.171875 0.6263888893229167 0.15937500000000002 0.6430555559895833 0.13828125 0.6541666666666667 0.025781250000000002 0.6611111106770834 0.13828125 0.65972222265625 0.15859375 0.65 0.171875 0.63472222265625 0.18671875000000002 0.60277777734375 0.19296875 0.56527777734375 0.19218749999999998 0.53472222265625 0.18671875000000002 0.5055555559895833 0.17734375 0.4805555559895833 0.165625 0.46249999999999997