1 0.42578125 0.4694444440104167 0.42734374999999997 0.46527777734375 0.42734374999999997 0.4611111106770833 0.42578125 0.4583333333333333 0.42343749999999997 0.4583333333333333 0.421875 0.45972222265625 0.42109375 0.46249999999999997 0.421875 0.46527777734375 0.42343749999999997 0.4680555559895833 0.42578125 0.4694444440104167
0 0 0.4322916666666667 0.078125 0.43359375 0.10286458333333333 0.4375 0.11979166666666667 0.4518229166666667 0.13020833333333334 0.4674479166666667 0.14192708333333334 0.4973958333333333 0.14322916666666666 0.515625 0.14583333333333334 0.51953125 0.14583333333333334 0.5598958333333334 0.14192708333333334 0.5846354166666666 0.13411458333333334 0.6080729166666666 0.12239583333333333 0.6276041666666666 0.11197916666666667 0.6380208333333334 0.10026041666666667 0.64453125 0.09635416666666667 0.64453125 0.09505208333333333 0.6471354166666666 0.049479166666666664 0.6471354166666666 0.048177083333333336 0.64453125 0 0.6432291666666666 0 0.6380208333333334 0.09505208333333333 0.640625 0.10416666666666667 0.63671875 0.11588541666666667 0.6263020833333334 0.12890625 0.6080729166666666 0.140625 0.5729166666666666 0.14322916666666666 0.5481770833333334 0.14322916666666666 0.5286458333333334 0.13541666666666666 0.4895833333333333 0.12760416666666666 0.4713541666666667 0.10807291666666667 0.4479166666666667 0.08854166666666667 0.44140625 0 0.4401041666666667 0 0.43359375
0 0.8697916666666666 0.4609375 0.9609375 0.4635416666666667 0.9713541666666666 0.46484375 0.9713541666666666 0.46875 0.9361979166666666 0.4700520833333333 0.8580729166666666 0.4661458333333333 0.84375 0.4713541666666667 0.8346354166666666 0.4791666666666667 0.8268229166666666 0.48828125 0.8151041666666666 0.5104166666666666 0.8072916666666666 0.5403645833333334 0.8072916666666666 0.5924479166666666 0.8177083333333334 0.62890625 0.8307291666666666 0.6497395833333334 0.8385416666666666 0.6575520833333334 0.8580729166666666 0.6666666666666666 0.8697916666666666 0.6666666666666666 0.87109375 0.6692708333333334 0.9674479166666666 0.671875 0.9674479166666666 0.6770833333333334 0.85546875 0.6731770833333334 0.84375 0.66796875 0.828125 0.6549479166666666 0.8125 0.6276041666666666 0.8033854166666666 0.5846354166666666 0.8046875 0.5390625 0.8125 0.5065104166666666 0.83203125 0.4739583333333333 0.84765625 0.4635416666666667 0.8684895833333334 0.4609375
2 0.4765625 0.140625 0.4791666666666667 0.14192708333333334 0.4791666666666667 0.24088541666666666 0.4778645833333333 0.3841145833333333 0.4752604166666667 0.39453125 0.4778645833333333 0.40625 0.4739583333333333 0.6875 0.4752604166666667 0.8619791666666666 0.4713541666666667 0.9049479166666666 0.47265625 0.9479166666666666 0.4713541666666667 0.96484375 0.46875 0.96484375 0.46875 0.8828125 0.4713541666666667 0.84375 0.4713541666666667 0.6276041666666666 0.4739583333333333 0.5234375 0.47265625 0.4661458333333333 0.4765625 0.14192708333333334
3 0.6328125 0.23567708333333334 0.6354166666666666 0.23567708333333334 0.6380208333333334 0.24088541666666666 0.6380208333333334 0.2578125 0.63671875 0.2604166666666667 0.6328125 0.2604166666666667 0.62890625 0.2552083333333333 0.62890625 0.24479166666666666 0.6328125 0.23697916666666666
3 0.6432291666666666 0.5403645833333334 0.6484375 0.5416666666666666 0.6510416666666666 0.546875 0.6497395833333334 0.5559895833333334 0.6471354166666666 0.55859375 0.6432291666666666 0.5572916666666666 0.640625 0.55078125 0.6393229166666666 0.5416666666666666 0.6419270833333334 0.5403645833333334
3 0.5078125 0.30078125 0.5104166666666666 0.3098958333333333 0.5091145833333334 0.3190104166666667 0.5052083333333334 0.3190104166666667 0.5026041666666666 0.3151041666666667 0.5026041666666666 0.30078125 0.5065104166666666 0.30078125
3 0.57421875 0.6184895833333334 0.5833333333333334 0.6236979166666666 0.5833333333333334 0.6354166666666666 0.578125 0.6419270833333334 0.57421875 0.63671875 0.57421875 0.6197916666666666
3 0.44921875 0.24088541666666666 0.44921875 0.2578125 0.4453125 0.2565104166666667 0.4427083333333333 0.24869791666666666 0.4440104166666667 0.24088541666666666 0.4479166666666667 0.24088541666666666
3 0.4264322916666667 0.5221354166666666 0.010416666666666666 0.01953125
3 0.5364583333333334 0.6966145833333334 0.5390625 0.7109375 0.5364583333333334 0.71875 0.5338541666666666 0.71875 0.53125 0.71484375 0.53125 0.7005208333333334 0.53515625 0.6966145833333334
3 0.3984375 0.3333333333333333 0.4049479166666667 0.3333333333333333 0.4075520833333333 0.3385416666666667 0.4075520833333333 0.3489583333333333 0.4049479166666667 0.35546875 0.4010416666666667 0.35546875 0.3971354166666667 0.3411458333333333 0.3984375 0.3346354166666667
3 0.4947916666666667 0.3958333333333333 0.014322916666666666 0.027994791666666668
3 0.76171875 0.5247395833333334 0.7669270833333334 0.53125 0.765625 0.5442708333333334 0.76171875 0.546875 0.75390625 0.546875 0.7526041666666666 0.5364583333333334 0.7578125 0.5260416666666666 0.7604166666666666 0.5260416666666666
3 0.41796875 0.4322916666666667 0.4205729166666667 0.4322916666666667 0.4231770833333333 0.4361979166666667 0.4231770833333333 0.44921875 0.41796875 0.4505208333333333 0.4140625 0.4453125 0.41796875 0.43359375
3 0.48046875 0.8411458333333334 0.4856770833333333 0.84765625 0.4869791666666667 0.86328125 0.484375 0.87109375 0.48046875 0.87109375 0.4791666666666667 0.86328125 0.4752604166666667 0.8567708333333334 0.4765625 0.84375 0.4791666666666667 0.8424479166666666