1 0.49921875 0.4166666666666667 0.5007812500000001 0.41944444401041664 0.50234375 0.41944444401041664 0.50390625 0.4166666666666667 0.50390625 0.4138888893229167 0.5031249999999999 0.41111111067708334 0.5 0.41111111067708334 0.49921875 0.41250000000000003 0.49921875 0.4166666666666667
0 0 0.4140625 0.08854166666666667 0.4166666666666667 0.08984375 0.4192708333333333 0.09635416666666667 0.4192708333333333 0.11067708333333333 0.42578125 0.12239583333333333 0.4375 0.12369791666666667 0.4427083333333333 0.13411458333333334 0.45703125 0.14322916666666666 0.48828125 0.14713541666666666 0.5208333333333334 0.14583333333333334 0.5455729166666666 0.14322916666666666 0.55078125 0.14322916666666666 0.5611979166666666 0.13802083333333334 0.58203125 0.12630208333333334 0.60546875 0.11458333333333333 0.6197916666666666 0.10026041666666667 0.62890625 0.08463541666666667 0.6315104166666666 0 0.62890625 0 0.6223958333333334 0.09114583333333333 0.625 0.10546875 0.6197916666666666 0.12109375 0.60546875 0.1328125 0.5846354166666666 0.13932291666666666 0.5638020833333334 0.14322916666666666 0.5364583333333334 0.14322916666666666 0.5065104166666666 0.140625 0.5013020833333334 0.140625 0.4908854166666667 0.13671875 0.4817708333333333 0.13671875 0.4752604166666667 0.12369791666666667 0.4479166666666667 0.11067708333333333 0.4322916666666667 0.09114583333333333 0.4231770833333333 0.052083333333333336 0.4231770833333333 0.020833333333333332 0.4205729166666667 0.01171875 0.421875 0 0.4205729166666667 0 0.4153645833333333
0 0.9049479166666666 0.4479166666666667 0.9739583333333334 0.4505208333333333 0.9765625 0.453125 0.9752604166666666 0.4557291666666667 0.8580729166666666 0.453125 0.83984375 0.46484375 0.8307291666666666 0.4752604166666667 0.8229166666666666 0.4895833333333333 0.8177083333333334 0.5078125 0.8151041666666666 0.5104166666666666 0.8111979166666666 0.5286458333333334 0.8098958333333334 0.56640625 0.8151041666666666 0.59765625 0.8177083333333334 0.6002604166666666 0.8190104166666666 0.609375 0.8268229166666666 0.6263020833333334 0.8463541666666666 0.6484375 0.8541666666666666 0.65234375 0.86328125 0.6549479166666666 0.9700520833333334 0.6588541666666666 0.9739583333333334 0.66015625 0.97265625 0.6627604166666666 0.8658854166666666 0.66015625 0.8502604166666666 0.65625 0.83984375 0.6497395833333334 0.8307291666666666 0.6393229166666666 0.82421875 0.6302083333333334 0.8229166666666666 0.6236979166666666 0.8151041666666666 0.609375 0.80859375 0.5807291666666666 0.8072916666666666 0.5390625 0.8125 0.5091145833333334 0.82421875 0.4765625 0.8307291666666666 0.4674479166666667 0.8502604166666666 0.4505208333333333 0.8580729166666666 0.4479166666666667 0.9036458333333334 0.4479166666666667
2 0.48046875 0.12239583333333333 0.4830729166666667 0.14583333333333334 0.48046875 0.3020833333333333 0.4817708333333333 0.4140625 0.4791666666666667 0.4466145833333333 0.48046875 0.46484375 0.4778645833333333 0.5442708333333334 0.4791666666666667 0.6067708333333334 0.4752604166666667 0.7447916666666666 0.4765625 0.7526041666666666 0.4739583333333333 0.7552083333333334 0.47265625 0.75390625 0.4752604166666667 0.6705729166666666 0.4739583333333333 0.6197916666666666 0.4765625 0.56640625 0.4752604166666667 0.5208333333333334 0.48046875 0.12369791666666667
3 0.4830729166666667 0.9778645833333334 0.4856770833333333 0.9791666666666666 0.48828125 0.9908854166666666 0.4856770833333333 0.9986979166666666 0.4791666666666667 0.9986979166666666 0.4765625 0.9921875 0.4791666666666667 0.9791666666666666 0.4817708333333333 0.9778645833333334
3 0.5651041666666666 0.67578125 0.5677083333333334 0.67578125 0.57421875 0.6848958333333334 0.5729166666666666 0.6927083333333334 0.56640625 0.6940104166666666 0.5651041666666666 0.6770833333333334
3 0.4459635416666667 0.8645833333333334 0.010416666666666666 0.029296875
3 0.4661458333333333 0.5260416666666666 0.4700520833333333 0.53125 0.4700520833333333 0.546875 0.4674479166666667 0.55078125 0.4609375 0.546875 0.45703125 0.5364583333333334 0.4596354166666667 0.52734375 0.46484375 0.5260416666666666
3 0.5182291666666666 0.2643229166666667 0.515625 0.2513020833333333 0.515625 0.24088541666666666 0.5182291666666666 0.23828125 0.5221354166666666 0.23828125 0.5260416666666666 0.24479166666666666 0.51953125 0.2643229166666667
3 0.5807291666666666 0.4518229166666667 0.5833333333333334 0.4361979166666667 0.5872395833333334 0.4283854166666667 0.5911458333333334 0.4309895833333333 0.5911458333333334 0.4440104166666667 0.5872395833333334 0.4518229166666667 0.58203125 0.4518229166666667
3 0.4908854166666667 0.390625 0.49609375 0.39453125 0.4973958333333333 0.3984375 0.4947916666666667 0.4127604166666667 0.4908854166666667 0.4127604166666667 0.4869791666666667 0.40625 0.4869791666666667 0.3919270833333333 0.4895833333333333 0.390625
3 0.2799479166666667 0.7057291666666666 0.2799479166666667 0.7265625 0.2747395833333333 0.7265625 0.2682291666666667 0.7174479166666666 0.2721354166666667 0.7083333333333334 0.2786458333333333 0.7057291666666666
3 0.4283854166666667 0.6002604166666666 0.4348958333333333 0.6002604166666666 0.4361979166666667 0.609375 0.4322916666666667 0.6158854166666666 0.42578125 0.609375 0.42578125 0.6041666666666666 0.4283854166666667 0.6015625
3 0.3658854166666667 0.2526041666666667 0.3723958333333333 0.2630208333333333 0.3723958333333333 0.2682291666666667 0.3697916666666667 0.2721354166666667 0.3658854166666667 0.2747395833333333 0.359375 0.2643229166666667 0.3645833333333333 0.25390625
3 0.3932291666666667 0.5716145833333334 0.3971354166666667 0.5755208333333334 0.3971354166666667 0.5846354166666666 0.39453125 0.5872395833333334 0.3919270833333333 0.5872395833333334 0.3893229166666667 0.58203125 0.3893229166666667 0.5729166666666666 0.3919270833333333 0.5716145833333334
3 0.19140625 0.576171875 0.016927083333333332 0.01953125