1 0.28515625 0.3555555559895833 0.284375 0.34722222265625 0.28359375000000003 0.3458333333333334 0.27968750000000003 0.3458333333333334 0.27890624999999997 0.34861111067708334 0.27968750000000003 0.35277777734375 0.28281249999999997 0.35694444401041664 0.28515625 0.3555555559895833
0 0 0.4166666666666667 0.005208333333333333 0.4166666666666667 0.006510416666666667 0.4192708333333333 0.09895833333333333 0.421875 0.11197916666666667 0.4270833333333333 0.12369791666666667 0.4375 0.13671875 0.4583333333333333 0.14583333333333334 0.4856770833333333 0.14973958333333334 0.5104166666666666 0.14973958333333334 0.5455729166666666 0.14322916666666666 0.578125 0.13020833333333334 0.6080729166666666 0.11197916666666667 0.6276041666666666 0.09895833333333333 0.6328125 0 0.6302083333333334 0 0.6236979166666666 0.046875 0.6236979166666666 0.07291666666666667 0.625 0.07421875 0.6276041666666666 0.09505208333333333 0.6276041666666666 0.09635416666666667 0.625 0.1015625 0.625 0.11197916666666667 0.6197916666666666 0.125 0.6067708333333334 0.13541666666666666 0.5885416666666666 0.14322916666666666 0.5651041666666666 0.14713541666666666 0.5377604166666666 0.14713541666666666 0.5143229166666666 0.13932291666666666 0.4752604166666667 0.12760416666666666 0.4505208333333333 0.11197916666666667 0.43359375 0.09765625 0.4270833333333333 0 0.4231770833333333 0 0.41796875
0 0.9752604166666666 0.453125 0.9739583333333334 0.4596354166666667 0.97265625 0.45703125 0.9674479166666666 0.45703125 0.9661458333333334 0.4596354166666667 0.96484375 0.45703125 0.8828125 0.4544270833333333 0.859375 0.4544270833333333 0.8541666666666666 0.45703125 0.8528645833333334 0.4596354166666667 0.8424479166666666 0.46484375 0.8294270833333334 0.4791666666666667 0.8151041666666666 0.51171875 0.8098958333333334 0.5442708333333334 0.8111979166666666 0.578125 0.8190104166666666 0.6106770833333334 0.8307291666666666 0.6328125 0.84765625 0.6497395833333334 0.8580729166666666 0.6549479166666666 0.8671875 0.65625 0.9739583333333334 0.66015625 0.9739583333333334 0.6640625 0.8671875 0.6614583333333334 0.8567708333333334 0.66015625 0.84765625 0.65625 0.8359375 0.6471354166666666 0.82421875 0.6315104166666666 0.8229166666666666 0.625 0.81640625 0.6145833333333334 0.8151041666666666 0.6041666666666666 0.8125 0.6015625 0.8072916666666666 0.5690104166666666 0.8072916666666666 0.5403645833333334 0.8125 0.5091145833333334 0.8151041666666666 0.5065104166666666 0.81640625 0.4973958333333333 0.82421875 0.4830729166666667 0.82421875 0.4791666666666667 0.8411458333333334 0.4583333333333333 0.85546875 0.4505208333333333 0.8619791666666666 0.44921875 0.9739583333333334 0.453125
2 0.47265625 0.9518229166666666 0.4778645833333333 0.5377604166666666 0.4765625 0.4309895833333333 0.4791666666666667 0.4088541666666667 0.4817708333333333 0.12890625 0.484375 0.15494791666666666 0.4817708333333333 0.2682291666666667 0.4817708333333333 0.4817708333333333 0.4791666666666667 0.5716145833333334 0.48046875 0.6302083333333334 0.4778645833333333 0.67578125 0.4778645833333333 0.796875 0.4739583333333333 0.9518229166666666
3 0.3776041666666667 0.7877604166666666 0.3815104166666667 0.7903645833333334 0.3841145833333333 0.7994791666666666 0.3841145833333333 0.8046875 0.3802083333333333 0.80859375 0.375 0.8033854166666666 0.375 0.7916666666666666 0.3776041666666667 0.7890625
3 0.48828125 0.4361979166666667 0.4869791666666667 0.4296875 0.4908854166666667 0.4244791666666667 0.4947916666666667 0.4244791666666667 0.49609375 0.4348958333333333 0.4947916666666667 0.44140625 0.4921875 0.44140625 0.4895833333333333 0.4361979166666667
3 0.4947916666666667 0.2630208333333333 0.4986979166666667 0.2643229166666667 0.5013020833333334 0.2747395833333333 0.5013020833333334 0.2825520833333333 0.4986979166666667 0.2877604166666667 0.4947916666666667 0.2877604166666667 0.4921875 0.2799479166666667 0.4921875 0.2708333333333333 0.4947916666666667 0.2643229166666667
3 0.43359375 0.7473958333333334 0.43359375 0.73828125 0.4375 0.7330729166666666 0.4401041666666667 0.734375 0.4427083333333333 0.74609375 0.4401041666666667 0.7486979166666666 0.4348958333333333 0.7473958333333334
3 0.2643229166666667 0.5859375 0.2669270833333333 0.5872395833333334 0.2669270833333333 0.5950520833333334 0.26171875 0.6028645833333334 0.2591145833333333 0.6028645833333334 0.2552083333333333 0.59765625 0.25 0.59765625 0.24869791666666666 0.5950520833333334 0.25390625 0.5872395833333334 0.2630208333333333 0.5859375
3 0.2760416666666667 0.3059895833333333 0.2786458333333333 0.30859375 0.2786458333333333 0.31640625 0.2864583333333333 0.3372395833333333 0.2864583333333333 0.359375 0.2799479166666667 0.35546875 0.2799479166666667 0.33984375 0.27734375 0.3359375 0.27734375 0.3307291666666667 0.2708333333333333 0.3216145833333333 0.2747395833333333 0.3072916666666667
3 0.3802083333333333 0.5533854166666666 0.3854166666666667 0.5598958333333334 0.3854166666666667 0.5716145833333334 0.3815104166666667 0.5729166666666666 0.3776041666666667 0.5690104166666666 0.3763020833333333 0.5598958333333334 0.37890625 0.5546875
3 0.3932291666666667 0.4348958333333333 0.3893229166666667 0.42578125 0.3932291666666667 0.4153645833333333 0.3997395833333333 0.4244791666666667 0.3997395833333333 0.4322916666666667 0.39453125 0.4348958333333333
3 0.4440104166666667 0.21614583333333334 0.4466145833333333 0.21614583333333334 0.44921875 0.23177083333333334 0.44921875 0.23697916666666666 0.4466145833333333 0.23958333333333334 0.4427083333333333 0.23828125 0.4401041666666667 0.234375 0.44140625 0.22005208333333334 0.4440104166666667 0.21744791666666666
3 0.5768229166666666 0.55859375 0.5794270833333334 0.5625 0.5794270833333334 0.5768229166666666 0.5755208333333334 0.5794270833333334 0.5729166666666666 0.578125 0.5703125 0.5690104166666666 0.5703125 0.5651041666666666 0.5755208333333334 0.55859375
3 0.4518229166666667 0.5859375 0.453125 0.578125 0.4557291666666667 0.5755208333333334 0.4596354166666667 0.5755208333333334 0.4596354166666667 0.59375 0.45703125 0.59375 0.453125 0.5872395833333334
3 0.42812500000000003 0.45972222265625 0.421875 0.4583333333333333 0.41875 0.46388888932291666 0.42031250000000003 0.4791666666666667 0.42890625 0.4805555559895833 0.43124999999999997 0.4694444440104167 0.42812500000000003 0.45972222265625