1 0.7257812499999999 0.46388888932291666 0.7273437500000001 0.4611111106770833 0.7273437500000001 0.45972222265625 0.725 0.4569444440104167 0.7234375000000001 0.4569444440104167 0.72265625 0.45972222265625 0.7234375000000001 0.46388888932291666 0.7257812499999999 0.46388888932291666
0 0 0.42578125 0.08072916666666667 0.4270833333333333 0.09114583333333333 0.4283854166666667 0.10416666666666667 0.4348958333333333 0.11979166666666667 0.453125 0.13020833333333334 0.47265625 0.13671875 0.4947916666666667 0.140625 0.5325520833333334 0.13802083333333334 0.5690104166666666 0.13020833333333334 0.59765625 0.11979166666666667 0.6158854166666666 0.10546875 0.6328125 0.08854166666666667 0.640625 0 0.6393229166666666 0 0.6341145833333334 0.08854166666666667 0.6354166666666666 0.09895833333333333 0.6315104166666666 0.11588541666666667 0.61328125 0.12760416666666666 0.5924479166666666 0.13671875 0.5533854166666666 0.13671875 0.5169270833333334 0.1328125 0.4921875 0.12109375 0.4635416666666667 0.10677083333333333 0.4453125 0.09635416666666667 0.4361979166666667 0.08463541666666667 0.4322916666666667 0 0.4309895833333333 0 0.4270833333333333
0 0.9088541666666666 0.45703125 0.9557291666666666 0.4583333333333333 0.95703125 0.4609375 0.9700520833333334 0.4609375 0.9713541666666666 0.46484375 0.953125 0.4661458333333333 0.85546875 0.4622395833333333 0.83984375 0.4700520833333333 0.8307291666666666 0.4791666666666667 0.8190104166666666 0.49609375 0.8072916666666666 0.53125 0.8059895833333334 0.58203125 0.8098958333333334 0.60546875 0.8177083333333334 0.6263020833333334 0.8268229166666666 0.6419270833333334 0.83984375 0.65625 0.8502604166666666 0.6614583333333334 0.859375 0.6640625 0.94921875 0.6666666666666666 0.9505208333333334 0.6692708333333334 0.9674479166666666 0.6692708333333334 0.9674479166666666 0.6731770833333334 0.8828125 0.671875 0.8502604166666666 0.66796875 0.8489583333333334 0.6653645833333334 0.8385416666666666 0.6614583333333334 0.82421875 0.6471354166666666 0.81640625 0.6341145833333334 0.8072916666666666 0.609375 0.8020833333333334 0.5690104166666666 0.8033854166666666 0.5403645833333334 0.80859375 0.5130208333333334 0.81640625 0.4921875 0.82421875 0.4791666666666667 0.83984375 0.4635416666666667 0.85546875 0.4557291666666667 0.9075520833333334 0.45703125
2 0.4765625 0.13411458333333334 0.4778645833333333 0.16796875 0.4752604166666667 0.2786458333333333 0.4739583333333333 0.6497395833333334 0.4713541666666667 0.6744791666666666 0.4713541666666667 0.8815104166666666 0.4700520833333333 0.9401041666666666 0.4674479166666667 0.9635416666666666 0.46484375 0.9348958333333334 0.4674479166666667 0.9270833333333334 0.4661458333333333 0.8802083333333334 0.4700520833333333 0.6588541666666666 0.46875 0.6276041666666666 0.4713541666666667 0.6106770833333334 0.47265625 0.2604166666666667 0.4752604166666667 0.13541666666666666
3 0.8489583333333334 0.4934895833333333 0.8567708333333334 0.4973958333333333 0.8606770833333334 0.5026041666666666 0.8606770833333334 0.5078125 0.8515625 0.5182291666666666 0.8450520833333334 0.5091145833333334 0.8489583333333334 0.4947916666666667
3 0.765625 0.9114583333333334 0.7682291666666666 0.9140625 0.7682291666666666 0.9270833333333334 0.7643229166666666 0.9309895833333334 0.7578125 0.9270833333333334 0.7578125 0.9114583333333334 0.7643229166666666 0.9114583333333334
3 0.6822916666666666 0.5338541666666666 0.6888020833333334 0.5403645833333334 0.6888020833333334 0.546875 0.6822916666666666 0.5546875 0.6796875 0.5533854166666666 0.6731770833333334 0.5390625 0.6744791666666666 0.5338541666666666 0.6809895833333334 0.5338541666666666
3 0.92578125 0.5390625 0.9283854166666666 0.5377604166666666 0.9296875 0.53125 0.9348958333333334 0.53125 0.9388020833333334 0.52734375 0.9427083333333334 0.52734375 0.9466145833333334 0.5325520833333334 0.9440104166666666 0.546875 0.9388020833333334 0.55078125 0.93359375 0.5494791666666666 0.9322916666666666 0.546875 0.92578125 0.546875 0.92578125 0.5403645833333334
3 0.4088541666666667 0.24934895833333334 0.012369791666666666 0.0234375
3 0.16145833333333334 0.4817708333333333 0.17708333333333334 0.4817708333333333 0.17447916666666666 0.49609375 0.16276041666666666 0.4947916666666667 0.16015625 0.4921875 0.16145833333333334 0.4830729166666667
3 0.7721354166666666 0.6354166666666666 0.7760416666666666 0.6393229166666666 0.7760416666666666 0.6471354166666666 0.7682291666666666 0.6536458333333334 0.7643229166666666 0.65234375 0.7591145833333334 0.63671875 0.7708333333333334 0.63671875
3 0.5364583333333334 0.46875 0.5403645833333334 0.4713541666666667 0.5416666666666666 0.4765625 0.5416666666666666 0.49609375 0.5442708333333334 0.5052083333333334 0.54296875 0.5091145833333334 0.5390625 0.5091145833333334 0.5364583333333334 0.5026041666666666 0.5338541666666666 0.4817708333333333 0.53515625 0.4700520833333333
3 0.66015625 0.75 0.6640625 0.75 0.6653645833333334 0.75390625 0.6653645833333334 0.765625 0.66015625 0.76953125 0.6549479166666666 0.7630208333333334 0.6549479166666666 0.7565104166666666 0.66015625 0.7513020833333334
3 0.83203125 0.76171875 0.8346354166666666 0.7630208333333334 0.8385416666666666 0.7721354166666666 0.8450520833333334 0.7747395833333334 0.84765625 0.78125 0.8424479166666666 0.7890625 0.8411458333333334 0.7994791666666666 0.8385416666666666 0.8033854166666666 0.8359375 0.8020833333333334 0.83203125 0.7630208333333334
3 0.71875 0.5325520833333334 0.71875 0.5247395833333334 0.72265625 0.5143229166666666 0.7278645833333334 0.51953125 0.7291666666666666 0.5299479166666666 0.7200520833333334 0.5325520833333334
3 0.75625 0.45972222265625 0.7515625 0.44444444401041666 0.740625 0.4513888893229167 0.73984375 0.45972222265625 0.7453124999999999 0.4680555559895833 0.7515625 0.4680555559895833 0.75625 0.45972222265625