1 0.5320312500000001 0.52222222265625 0.5328125 0.5236111106770833 0.53515625 0.5236111106770833 0.5359375000000001 0.52222222265625 0.53671875 0.5180555559895833 0.5359375000000001 0.5166666666666667 0.53359375 0.51527777734375 0.5320312500000001 0.5166666666666667 0.5320312500000001 0.52222222265625
0 0.8723958333333334 0.4479166666666667 0.8841145833333334 0.4348958333333333 0.8984375 0.4283854166666667 0.9986979166666666 0.42578125 0.9986979166666666 0.4309895833333333 0.9088541666666666 0.4322916666666667 0.8971354166666666 0.4348958333333333 0.8932291666666666 0.4388020833333333 0.8880208333333334 0.4401041666666667 0.87109375 0.45703125 0.8697916666666666 0.4635416666666667 0.86328125 0.47265625 0.85546875 0.4973958333333333 0.8528645833333334 0.51953125 0.8541666666666666 0.5611979166666666 0.8619791666666666 0.58984375 0.8776041666666666 0.6158854166666666 0.8919270833333334 0.62890625 0.9036458333333334 0.6328125 0.9986979166666666 0.6302083333333334 0.9986979166666666 0.6354166666666666 0.9010416666666666 0.6380208333333334 0.8802083333333334 0.6276041666666666 0.8802083333333334 0.625 0.8684895833333334 0.61328125 0.8567708333333334 0.5885416666666666 0.85546875 0.5768229166666666 0.8528645833333334 0.57421875 0.8489583333333334 0.5494791666666666 0.8489583333333334 0.51953125 0.8567708333333334 0.4791666666666667 0.8684895833333334 0.453125 0.8723958333333334 0.44921875
0 0.14713541666666666 0.4544270833333333 0.15625 0.4583333333333333 0.17447916666666666 0.4765625 0.18619791666666666 0.5 0.1875 0.5091145833333334 0.19140625 0.5169270833333334 0.1953125 0.546875 0.1953125 0.57421875 0.19010416666666666 0.6067708333333334 0.18229166666666666 0.62890625 0.16666666666666666 0.6510416666666666 0.15885416666666666 0.6575520833333334 0.14713541666666666 0.6627604166666666 0.12369791666666667 0.6653645833333334 0.06901041666666667 0.6653645833333334 0.06770833333333333 0.66796875 0.045572916666666664 0.6692708333333334 0.03125 0.6692708333333334 0.03125 0.6627604166666666 0.036458333333333336 0.6640625 0.0546875 0.6614583333333334 0.13020833333333334 0.66015625 0.14713541666666666 0.6575520833333334 0.15885416666666666 0.6510416666666666 0.17708333333333334 0.62890625 0.18880208333333334 0.59765625 0.19140625 0.5859375 0.19270833333333334 0.5572916666666666 0.19140625 0.53515625 0.1875 0.515625 0.1796875 0.4947916666666667 0.16927083333333334 0.4778645833333333 0.15494791666666666 0.46484375 0.14583333333333334 0.4609375 0.13541666666666666 0.4596354166666667 0.02734375 0.4622395833333333 0.02734375 0.45703125 0.1171875 0.453125 0.14583333333333334 0.4544270833333333
2 0.5247395833333334 0.953125 0.51953125 0.4934895833333333 0.5208333333333334 0.46875 0.5234375 0.4700520833333333 0.5260416666666666 0.8307291666666666 0.5286458333333334 0.921875 0.5260416666666666 0.953125
3 0.4869791666666667 0.71484375 0.4895833333333333 0.71484375 0.4921875 0.7239583333333334 0.4908854166666667 0.7330729166666666 0.4856770833333333 0.7330729166666666 0.4869791666666667 0.7161458333333334
3 0.46484375 0.2643229166666667 0.46875 0.26953125 0.4661458333333333 0.2864583333333333 0.4609375 0.2864583333333333 0.4596354166666667 0.27734375 0.4596354166666667 0.2708333333333333 0.4635416666666667 0.265625
3 0.4973958333333333 0.6393229166666666 0.4947916666666667 0.6341145833333334 0.49609375 0.6223958333333334 0.4986979166666667 0.62109375 0.5026041666666666 0.625 0.5026041666666666 0.6354166666666666 0.4986979166666667 0.6380208333333334
3 0.5390625 0.23958333333333334 0.5481770833333334 0.2421875 0.5455729166666666 0.2565104166666667 0.54296875 0.2604166666666667 0.5390625 0.2604166666666667 0.5364583333333334 0.2552083333333333 0.5390625 0.24088541666666666
3 0.4348958333333333 0.5494791666666666 0.4375 0.55078125 0.4375 0.5546875 0.44140625 0.5598958333333334 0.4401041666666667 0.57421875 0.4375 0.5768229166666666 0.4348958333333333 0.5755208333333334 0.4348958333333333 0.55078125
3 0.578125 0.5859375 0.58203125 0.5885416666666666 0.5807291666666666 0.6015625 0.5755208333333334 0.6028645833333334 0.57421875 0.6002604166666666 0.5768229166666666 0.5872395833333334
3 0.5651041666666666 0.4075520833333333 0.56640625 0.4140625 0.5625 0.421875 0.55859375 0.421875 0.5572916666666666 0.4114583333333333 0.5598958333333334 0.4075520833333333 0.5638020833333334 0.4075520833333333
3 0.6354166666666666 0.3229166666666667 0.6393229166666666 0.3268229166666667 0.640625 0.33203125 0.6393229166666666 0.3359375 0.6341145833333334 0.33984375 0.6315104166666666 0.33984375 0.62890625 0.3359375 0.6302083333333334 0.3255208333333333 0.6341145833333334 0.3229166666666667
3 0.59765625 0.76953125 0.6028645833333334 0.7760416666666666 0.6002604166666666 0.7864583333333334 0.59765625 0.7890625 0.5950520833333334 0.7877604166666666 0.5911458333333334 0.78125 0.5911458333333334 0.77734375 0.5963541666666666 0.7708333333333334
3 0.34375 0.578125 0.3424479166666667 0.5963541666666666 0.33984375 0.59765625 0.3359375 0.5963541666666666 0.3346354166666667 0.58203125 0.3372395833333333 0.5768229166666666 0.3424479166666667 0.578125
3 0.4765625 0.46484375 0.48046875 0.46484375 0.4791666666666667 0.484375 0.4752604166666667 0.484375 0.4739583333333333 0.4778645833333333 0.4765625 0.4661458333333333
3 0.5265624999999999 0.46249999999999997 0.5304687499999999 0.45555555598958336 0.5296875 0.44444444401041666 0.51953125 0.44166666666666665 0.5171875 0.45972222265625 0.5265624999999999 0.46249999999999997