1 0.30798906249999997 0.31334444401041667 0.30603984375 0.30953472265625 0.30372499999999997 0.3112805559895833 0.3048703125 0.3173263893229167 0.3070140625 0.31663472265625 0.30798906249999997 0.31334444401041667
0 0.4674479166666667 0.46484375 0.4830729166666667 0.4674479166666667 0.4908854166666667 0.4739583333333333 0.47265625 0.4713541666666667 0.4700520833333333 0.46875 0.4674479166666667 0.4713541666666667 0.4609375 0.4713541666666667 0.453125 0.4752604166666667 0.4401041666666667 0.48828125 0.43359375 0.4986979166666667 0.4244791666666667 0.5234375 0.421875 0.5651041666666666 0.4244791666666667 0.5859375 0.4283854166666667 0.59765625 0.4322916666666667 0.6028645833333334 0.4322916666666667 0.6080729166666666 0.4361979166666667 0.6158854166666666 0.4453125 0.6276041666666666 0.4596354166666667 0.63671875 0.4739583333333333 0.6380208333333334 0.4856770833333333 0.6341145833333334 0.4934895833333333 0.6263020833333334 0.5026041666666666 0.6145833333333334 0.5104166666666666 0.5989583333333334 0.5169270833333334 0.56640625 0.515625 0.5325520833333334 0.51171875 0.5143229166666666 0.5026041666666666 0.4934895833333333 0.4947916666666667 0.4856770833333333 0.4947916666666667 0.4778645833333333 0.5013020833333334 0.484375 0.5091145833333334 0.4973958333333333 0.5169270833333334 0.5234375 0.5182291666666666 0.546875 0.5208333333333334 0.5533854166666666 0.5182291666666666 0.58203125 0.51171875 0.60546875 0.4973958333333333 0.6302083333333334 0.4856770833333333 0.6393229166666666 0.4752604166666667 0.6432291666666666 0.4635416666666667 0.6432291666666666 0.4557291666666667 0.640625 0.44140625 0.6302083333333334 0.4283854166666667 0.6080729166666666 0.421875 0.5872395833333334 0.4192708333333333 0.5677083333333334 0.421875 0.5208333333333334 0.4296875 0.4986979166666667 0.4453125 0.4752604166666667 0.4544270833333333 0.46875 0.4661458333333333 0.46484375
0 0 0.4309895833333333 0.09114583333333333 0.4348958333333333 0.10677083333333333 0.4453125 0.11848958333333333 0.4583333333333333 0.13411458333333334 0.4934895833333333 0.13932291666666666 0.5364583333333334 0.13802083333333334 0.5703125 0.13411458333333334 0.5885416666666666 0.12369791666666667 0.6145833333333334 0.11458333333333333 0.62890625 0.10677083333333333 0.63671875 0.09375 0.64453125 0.08984375 0.64453125 0.08854166666666667 0.6471354166666666 0.08072916666666667 0.6484375 0.037760416666666664 0.6471354166666666 0.036458333333333336 0.64453125 0 0.64453125 0 0.6393229166666666 0.08854166666666667 0.640625 0.09765625 0.63671875 0.109375 0.6263020833333334 0.12760416666666666 0.5950520833333334 0.13541666666666666 0.5651041666666666 0.13671875 0.5442708333333334 0.13541666666666666 0.5169270833333334 0.12890625 0.4895833333333333 0.12369791666666667 0.48046875 0.12369791666666667 0.4765625 0.10677083333333333 0.4518229166666667 0.08723958333333333 0.44140625 0 0.4388020833333333 0 0.4322916666666667
0 0.8763020833333334 0.4622395833333333 0.9635416666666666 0.46484375 0.9674479166666666 0.46875 0.91015625 0.4700520833333333 0.8502604166666666 0.4674479166666667 0.8307291666666666 0.4791666666666667 0.8190104166666666 0.4947916666666667 0.8111979166666666 0.5104166666666666 0.8059895833333334 0.5338541666666666 0.8033854166666666 0.5377604166666666 0.8020833333333334 0.58203125 0.8033854166666666 0.5963541666666666 0.8059895833333334 0.6002604166666666 0.8072916666666666 0.6145833333333334 0.8111979166666666 0.6263020833333334 0.8216145833333334 0.6419270833333334 0.8229166666666666 0.6471354166666666 0.8359375 0.66015625 0.84765625 0.6666666666666666 0.8619791666666666 0.6666666666666666 0.86328125 0.6692708333333334 0.8776041666666666 0.6705729166666666 0.9635416666666666 0.6731770833333334 0.9635416666666666 0.6770833333333334 0.875 0.67578125 0.8489583333333334 0.6731770833333334 0.8372395833333334 0.66796875 0.8229166666666666 0.6549479166666666 0.8072916666666666 0.6263020833333334 0.8033854166666666 0.6041666666666666 0.80078125 0.6002604166666666 0.7994791666666666 0.58203125 0.80078125 0.5377604166666666 0.8072916666666666 0.5104166666666666 0.82421875 0.4791666666666667 0.8359375 0.46875 0.8463541666666666 0.4635416666666667 0.875 0.4622395833333333
2 0.4739583333333333 0.13932291666666666 0.4739583333333333 0.3489583333333333 0.4713541666666667 0.3919270833333333 0.47265625 0.4713541666666667 0.4674479166666667 0.96484375 0.46484375 0.9661458333333334 0.4635416666666667 0.9622395833333334 0.4635416666666667 0.8854166666666666 0.46484375 0.7786458333333334 0.4674479166666667 0.7447916666666666 0.46875 0.3177083333333333 0.4713541666666667 0.3151041666666667 0.4700520833333333 0.2864583333333333 0.47265625 0.140625
3 0.6549479166666666 0.56640625 0.6614583333333334 0.5716145833333334 0.6614583333333334 0.578125 0.6575520833333334 0.58203125 0.6536458333333334 0.58203125 0.6484375 0.5768229166666666 0.6510416666666666 0.5690104166666666 0.6536458333333334 0.5677083333333334
3 0.5625 0.3098958333333333 0.012369791666666666 0.022135416666666668
3 0.4388020833333333 0.22135416666666666 0.4388020833333333 0.23958333333333334 0.4361979166666667 0.23828125 0.4322916666666667 0.22786458333333334 0.43359375 0.22135416666666666 0.4375 0.22135416666666666
3 0.6178385416666666 0.6471354166666666 0.016276041666666668 0.01953125
3 0.4635416666666667 0.2994791666666667 0.4661458333333333 0.2994791666666667 0.4700520833333333 0.3111979166666667 0.4700520833333333 0.3203125 0.4674479166666667 0.3229166666666667 0.46484375 0.3229166666666667 0.4596354166666667 0.3177083333333333 0.4596354166666667 0.3111979166666667 0.4635416666666667 0.30078125
3 0.484375 0.4739583333333333 0.48828125 0.47265625 0.4947916666666667 0.4817708333333333 0.4908854166666667 0.4934895833333333 0.484375 0.4921875 0.48046875 0.4856770833333333 0.484375 0.4752604166666667
3 0.5859375 0.70703125 0.59375 0.70703125 0.5924479166666666 0.7213541666666666 0.5885416666666666 0.7265625 0.5846354166666666 0.7213541666666666 0.5859375 0.7083333333333334
3 0.5403645833333334 0.390625 0.5442708333333334 0.4049479166666667 0.5390625 0.41796875 0.53515625 0.41796875 0.53125 0.4114583333333333 0.53125 0.3958333333333333 0.53515625 0.390625 0.5390625 0.390625
3 0.7734375 0.4674479166666667 0.7734375 0.4635416666666667 0.7825520833333334 0.4505208333333333 0.7864583333333334 0.4505208333333333 0.7903645833333334 0.4557291666666667 0.7916666666666666 0.4661458333333333 0.7903645833333334 0.46875 0.7838541666666666 0.4713541666666667 0.7747395833333334 0.4674479166666667
3 0.68359375 0.2825520833333333 0.6901041666666666 0.28125 0.6901041666666666 0.29296875 0.6861979166666666 0.2994791666666667 0.6822916666666666 0.2994791666666667 0.6796875 0.296875 0.6796875 0.2903645833333333 0.68359375 0.2838541666666667
3 0.29296875 0.2864583333333333 0.2981770833333333 0.2877604166666667 0.2994791666666667 0.3033854166666667 0.3072916666666667 0.3125 0.3072916666666667 0.3151041666666667 0.3020833333333333 0.3151041666666667 0.29296875 0.3020833333333333 0.29296875 0.2877604166666667
3 0.5221354166666666 0.8671875 0.53125 0.8736979166666666 0.5338541666666666 0.8893229166666666 0.5325520833333334 0.89453125 0.5260416666666666 0.890625 0.5221354166666666 0.8723958333333334 0.51953125 0.8697916666666666 0.5208333333333334 0.8684895833333334