1 0.5828125000000001 0.64722222265625 0.58359375 0.6486111106770833 0.5859375 0.6486111106770833 0.5875 0.6444444440104167 0.5875 0.6430555559895833 0.5859375 0.64027777734375 0.584375 0.64027777734375 0.5828125000000001 0.6430555559895833 0.5828125000000001 0.64722222265625
0 0.9986979166666666 0.4140625 0.9986979166666666 0.4205729166666667 0.90625 0.4231770833333333 0.890625 0.4296875 0.8815104166666666 0.4375 0.8815104166666666 0.4401041666666667 0.87109375 0.453125 0.86328125 0.4700520833333333 0.8619791666666666 0.48046875 0.8580729166666666 0.4895833333333333 0.85546875 0.5052083333333334 0.85546875 0.5403645833333334 0.8580729166666666 0.55859375 0.8658854166666666 0.5846354166666666 0.87890625 0.6067708333333334 0.8880208333333334 0.6158854166666666 0.9036458333333334 0.6236979166666666 0.9986979166666666 0.62109375 0.9986979166666666 0.6276041666666666 0.9557291666666666 0.6302083333333334 0.90234375 0.6302083333333334 0.8841145833333334 0.6197916666666666 0.875 0.609375 0.8645833333333334 0.5924479166666666 0.85546875 0.5638020833333334 0.8515625 0.53125 0.8528645833333334 0.4986979166666667 0.85546875 0.4947916666666667 0.85546875 0.4869791666666667 0.8645833333333334 0.4557291666666667 0.875 0.44140625 0.8763020833333334 0.4361979166666667 0.8893229166666666 0.4244791666666667 0.8997395833333334 0.4192708333333333 0.9049479166666666 0.4192708333333333 0.90625 0.4166666666666667 0.9973958333333334 0.4140625
0 0.13541666666666666 0.4466145833333333 0.15104166666666666 0.4518229166666667 0.15885416666666666 0.45703125 0.16015625 0.4609375 0.16666666666666666 0.4661458333333333 0.17447916666666666 0.4778645833333333 0.18619791666666666 0.5091145833333334 0.1875 0.5247395833333334 0.19010416666666666 0.53125 0.19140625 0.5611979166666666 0.19010416666666666 0.5794270833333334 0.18229166666666666 0.6119791666666666 0.16666666666666666 0.640625 0.16015625 0.6458333333333334 0.16015625 0.6484375 0.14453125 0.6575520833333334 0.13020833333333334 0.66015625 0.06510416666666667 0.6627604166666666 0.026041666666666668 0.6627604166666666 0.024739583333333332 0.66015625 0.02734375 0.6588541666666666 0.13932291666666666 0.6536458333333334 0.15104166666666666 0.6484375 0.1640625 0.6354166666666666 0.1796875 0.6080729166666666 0.1875 0.5755208333333334 0.18880208333333334 0.5572916666666666 0.18489583333333334 0.515625 0.1796875 0.50390625 0.1796875 0.4986979166666667 0.16927083333333334 0.4778645833333333 0.15885416666666666 0.46484375 0.14453125 0.4544270833333333 0.13541666666666666 0.4518229166666667 0.11848958333333333 0.4518229166666667 0.024739583333333332 0.4557291666666667 0.020833333333333332 0.453125 0.0234375 0.4505208333333333 0.04296875 0.44921875 0.13411458333333334 0.4466145833333333
2 0.5169270833333334 0.12239583333333333 0.51953125 0.17708333333333334 0.5221354166666666 0.5611979166666666 0.5247395833333334 0.6302083333333334 0.5234375 0.6927083333333334 0.5260416666666666 0.7473958333333334 0.5247395833333334 0.7630208333333334 0.52734375 0.9192708333333334 0.52734375 0.9505208333333334 0.5247395833333334 0.9505208333333334 0.5234375 0.93359375 0.51953125 0.47265625 0.5169270833333334 0.4544270833333333 0.5169270833333334 0.12369791666666667
3 0.6022135416666666 0.20572916666666666 0.01171875 0.022135416666666668
3 0.4524739583333333 0.6380208333333334 0.01171875 0.0234375
3 0.5533854166666666 0.2571614583333333 0.009114583333333334 0.027994791666666668
3 0.5768229166666666 0.3841145833333333 0.5794270833333334 0.3971354166666667 0.5755208333333334 0.4036458333333333 0.5703125 0.4010416666666667 0.5703125 0.3893229166666667 0.5755208333333334 0.3841145833333333
3 0.77734375 0.65625 0.78125 0.6575520833333334 0.78515625 0.6666666666666666 0.78515625 0.6783854166666666 0.7747395833333334 0.67578125 0.77734375 0.6575520833333334
3 0.6458333333333334 0.6158854166666666 0.6432291666666666 0.6041666666666666 0.6497395833333334 0.5963541666666666 0.6549479166666666 0.6015625 0.6549479166666666 0.61328125 0.6471354166666666 0.6158854166666666
3 0.6588541666666666 0.5026041666666666 0.66015625 0.5143229166666666 0.6510416666666666 0.51953125 0.6497395833333334 0.5130208333333334 0.65234375 0.50390625 0.6575520833333334 0.5026041666666666
3 0.4192708333333333 0.4309895833333333 0.41796875 0.4153645833333333 0.4231770833333333 0.4075520833333333 0.4283854166666667 0.4153645833333333 0.4283854166666667 0.4231770833333333 0.42578125 0.4283854166666667 0.4205729166666667 0.4309895833333333
3 0.765625 0.46875 0.76953125 0.4700520833333333 0.7708333333333334 0.4752604166666667 0.7682291666666666 0.48046875 0.76171875 0.484375 0.7604166666666666 0.49609375 0.7578125 0.4986979166666667 0.75390625 0.4947916666666667 0.7552083333333334 0.47265625 0.7578125 0.46875 0.7643229166666666 0.46875
3 0.615625 0.525 0.6203124999999999 0.5236111106770833 0.6242187499999999 0.51527777734375 0.6234375 0.5069444440104166 0.615625 0.5013888893229167 0.6109375 0.51527777734375 0.615625 0.525
3 0.6046874999999999 0.8736111106770833 0.61484375 0.8527777773437499 0.61328125 0.8375 0.6101562500000001 0.8375 0.60703125 0.8472222226562499 0.6046874999999999 0.8736111106770833
3 0.5546875 0.7722222226562501 0.5554687500000001 0.7555555559895833 0.55859375 0.75277777734375 0.5539062499999999 0.7388888893229167 0.54453125 0.7680555559895833 0.5484375 0.7722222226562501 0.5546875 0.7722222226562501