1 0.4890625 0.47222222265625 0.48671875000000003 0.47222222265625 0.48515625 0.4763888893229167 0.48828125 0.47777777734375 0.4890625 0.47222222265625
0 0.9075520833333334 0.4166666666666667 0.9986979166666666 0.4140625 0.9986979166666666 0.4205729166666667 0.9895833333333334 0.421875 0.9088541666666666 0.4231770833333333 0.8958333333333334 0.4270833333333333 0.8815104166666666 0.4375 0.8815104166666666 0.4401041666666667 0.8697916666666666 0.4544270833333333 0.8619791666666666 0.47265625 0.85546875 0.4986979166666667 0.85546875 0.55078125 0.859375 0.56640625 0.8671875 0.58984375 0.87890625 0.6080729166666666 0.8880208333333334 0.6171875 0.90234375 0.6236979166666666 0.9986979166666666 0.62109375 0.9986979166666666 0.6276041666666666 0.9921875 0.62890625 0.9166666666666666 0.6315104166666666 0.8997395833333334 0.6302083333333334 0.8880208333333334 0.6236979166666666 0.8763020833333334 0.61328125 0.8606770833333334 0.5859375 0.8515625 0.5442708333333334 0.8515625 0.5065104166666666 0.8567708333333334 0.4765625 0.8645833333333334 0.4544270833333333 0.8763020833333334 0.4361979166666667 0.88671875 0.42578125 0.8997395833333334 0.4192708333333333 0.9075520833333334 0.41796875
0 0.13802083333333334 0.4479166666666667 0.15885416666666666 0.4583333333333333 0.15885416666666666 0.4609375 0.17057291666666666 0.47265625 0.18229166666666666 0.4973958333333333 0.19010416666666666 0.5325520833333334 0.19010416666666666 0.5755208333333334 0.18359375 0.6067708333333334 0.17447916666666666 0.625 0.17447916666666666 0.62890625 0.16015625 0.6458333333333334 0.16015625 0.6484375 0.15494791666666666 0.65234375 0.13541666666666666 0.66015625 0.07161458333333333 0.6627604166666666 0.024739583333333332 0.6627604166666666 0.024739583333333332 0.66015625 0.140625 0.6536458333333334 0.15104166666666666 0.6484375 0.16927083333333334 0.62890625 0.1796875 0.6067708333333334 0.1875 0.5703125 0.1875 0.5325520833333334 0.18489583333333334 0.52734375 0.18489583333333334 0.5182291666666666 0.17578125 0.4908854166666667 0.16927083333333334 0.4791666666666667 0.15755208333333334 0.46484375 0.13932291666666666 0.453125 0.09765625 0.453125 0.078125 0.4557291666666667 0.022135416666666668 0.4557291666666667 0.020833333333333332 0.453125 0.03125 0.4505208333333333 0.13671875 0.4479166666666667
2 0.5182291666666666 0.4622395833333333 0.5208333333333334 0.4635416666666667 0.5221354166666666 0.46875 0.5234375 0.7421875 0.52734375 0.9231770833333334 0.5260416666666666 0.9505208333333334 0.5247395833333334 0.9518229166666666 0.5234375 0.94921875 0.5182291666666666 0.4635416666666667
3 0.6080729166666666 0.5950520833333334 0.60546875 0.5924479166666666 0.60546875 0.5729166666666666 0.6080729166666666 0.5716145833333334 0.61328125 0.5794270833333334 0.61328125 0.5885416666666666 0.609375 0.59375
3 0.5494791666666666 0.5299479166666666 0.5533854166666666 0.5390625 0.5520833333333334 0.5481770833333334 0.5455729166666666 0.5572916666666666 0.5403645833333334 0.5546875 0.5390625 0.5364583333333334 0.5442708333333334 0.5299479166666666 0.5481770833333334 0.5299479166666666
3 0.44140625 0.6549479166666666 0.4427083333333333 0.6588541666666666 0.4401041666666667 0.6770833333333334 0.4348958333333333 0.67578125 0.4348958333333333 0.6614583333333334 0.4401041666666667 0.6549479166666666
3 0.4856770833333333 0.2526041666666667 0.4921875 0.2682291666666667 0.4895833333333333 0.2734375 0.4830729166666667 0.2747395833333333 0.4856770833333333 0.25390625
3 0.7330729166666666 0.7174479166666666 0.7369791666666666 0.7239583333333334 0.7369791666666666 0.734375 0.7265625 0.7356770833333334 0.72265625 0.7356770833333334 0.72265625 0.7291666666666666 0.71875 0.72265625 0.7317708333333334 0.7174479166666666
3 0.5442708333333334 0.7630208333333334 0.5494791666666666 0.7591145833333334 0.5494791666666666 0.76953125 0.5455729166666666 0.7786458333333334 0.5390625 0.7786458333333334 0.5403645833333334 0.76953125 0.5442708333333334 0.7643229166666666
3 0.5325520833333334 0.42578125 0.5338541666666666 0.4388020833333333 0.5286458333333334 0.4453125 0.5247395833333334 0.4440104166666667 0.5247395833333334 0.44140625 0.52734375 0.4296875 0.53125 0.42578125
3 0.5703125 0.6256510416666666 0.014322916666666666 0.018229166666666668
3 0.4192708333333333 0.4375 0.42578125 0.4453125 0.42578125 0.45703125 0.4244791666666667 0.4596354166666667 0.4205729166666667 0.4596354166666667 0.41796875 0.4505208333333333 0.4192708333333333 0.4388020833333333
3 0.5598958333333334 0.84765625 0.5625 0.84765625 0.5625 0.8671875 0.5559895833333334 0.8658854166666666 0.5559895833333334 0.8541666666666666 0.5598958333333334 0.8489583333333334
3 0.796875 0.5555555559895834 0.79296875 0.5555555559895834 0.79140625 0.5583333333333333 0.790625 0.5583333333333333 0.790625 0.56527777734375 0.7937500000000001 0.5708333333333333 0.80078125 0.5666666666666667 0.8015625000000001 0.56527777734375 0.8046875 0.56527777734375 0.80625 0.5638888893229167 0.8054687500000001 0.5555555559895834 0.8039062499999999 0.5513888893229166 0.8015625000000001 0.5513888893229166 0.796875 0.5555555559895834
3 0.634375 0.25694444401041666 0.63125 0.25138888932291664 0.6257812500000001 0.25138888932291664 0.62734375 0.2625 0.634375 0.25694444401041666