1 0.4734375 0.53472222265625 0.47421874999999997 0.5319444440104167 0.4734375 0.5291666666666667 0.47265625 0.5305555559895833 0.47031249999999997 0.5305555559895833 0.47031249999999997 0.53472222265625 0.4734375 0.53472222265625
0 0 0.42578125 0.09895833333333333 0.4283854166666667 0.11328125 0.4348958333333333 0.12760416666666666 0.4505208333333333 0.13802083333333334 0.4700520833333333 0.14583333333333334 0.4947916666666667 0.14973958333333334 0.5247395833333334 0.14713541666666666 0.5677083333333334 0.14322916666666666 0.5768229166666666 0.14192708333333334 0.5885416666666666 0.13020833333333334 0.61328125 0.11328125 0.6315104166666666 0.10026041666666667 0.6380208333333334 0 0.63671875 0 0.6302083333333334 0.09635416666666667 0.6328125 0.10677083333333333 0.62890625 0.12369791666666667 0.61328125 0.13671875 0.58984375 0.14322916666666666 0.5690104166666666 0.14583333333333334 0.5481770833333334 0.14453125 0.5078125 0.13932291666666666 0.484375 0.12760416666666666 0.4583333333333333 0.11458333333333333 0.4440104166666667 0.10416666666666667 0.4361979166666667 0.09375 0.43359375 0 0.4309895833333333 0 0.4270833333333333
0 0.9700520833333334 0.45703125 0.96875 0.4622395833333333 0.8854166666666666 0.4596354166666667 0.8502604166666666 0.4609375 0.83984375 0.4661458333333333 0.8307291666666666 0.4739583333333333 0.8151041666666666 0.4986979166666667 0.8059895833333334 0.5377604166666666 0.8059895833333334 0.5794270833333334 0.8111979166666666 0.60546875 0.8229166666666666 0.6315104166666666 0.83984375 0.6510416666666666 0.8541666666666666 0.6575520833333334 0.9583333333333334 0.6614583333333334 0.96484375 0.6627604166666666 0.96484375 0.6653645833333334 0.86328125 0.6640625 0.8489583333333334 0.6614583333333334 0.8385416666666666 0.65625 0.828125 0.6471354166666666 0.81640625 0.6302083333333334 0.8151041666666666 0.6223958333333334 0.80859375 0.609375 0.8033854166666666 0.5859375 0.8020833333333334 0.5481770833333334 0.8072916666666666 0.5130208333333334 0.81640625 0.48828125 0.8268229166666666 0.4713541666666667 0.8411458333333334 0.4583333333333333 0.8541666666666666 0.453125 0.9075520833333334 0.453125 0.96875 0.45703125
2 0.4739583333333333 0.4700520833333333 0.4778645833333333 0.4700520833333333 0.4739583333333333 0.953125 0.4700520833333333 0.953125 0.4739583333333333 0.6549479166666666 0.47265625 0.6184895833333334 0.4752604166666667 0.5442708333333334 0.4739583333333333 0.4713541666666667
3 0.51171875 0.7239583333333334 0.5169270833333334 0.7291666666666666 0.5182291666666666 0.7356770833333334 0.5169270833333334 0.7421875 0.51171875 0.7421875 0.51171875 0.7252604166666666
3 0.4947916666666667 0.62109375 0.4986979166666667 0.6236979166666666 0.4986979166666667 0.6380208333333334 0.4947916666666667 0.6419270833333334 0.4921875 0.6354166666666666 0.4947916666666667 0.6223958333333334
3 0.4557291666666667 0.2513020833333333 0.013020833333333334 0.022135416666666668
3 0.5651041666666666 0.55859375 0.5690104166666666 0.5625 0.5677083333333334 0.5768229166666666 0.5625 0.57421875 0.5611979166666666 0.5690104166666666 0.5611979166666666 0.5598958333333334 0.5638020833333334 0.55859375
3 0.41796875 0.5859375 0.4231770833333333 0.5885416666666666 0.4244791666666667 0.5950520833333334 0.4231770833333333 0.6028645833333334 0.41796875 0.6002604166666666 0.41796875 0.5872395833333334
3 0.5364583333333334 0.24088541666666666 0.5403645833333334 0.24609375 0.5403645833333334 0.2591145833333333 0.5377604166666666 0.265625 0.53515625 0.265625 0.5338541666666666 0.2578125 0.53515625 0.2421875
3 0.4361979166666667 0.39453125 0.4427083333333333 0.39453125 0.4427083333333333 0.4140625 0.4388020833333333 0.4192708333333333 0.43359375 0.4049479166666667 0.43359375 0.3997395833333333 0.4361979166666667 0.3958333333333333
3 0.3697916666666667 0.3151041666666667 0.3723958333333333 0.3190104166666667 0.3723958333333333 0.3346354166666667 0.3697916666666667 0.3346354166666667 0.3697916666666667 0.33203125 0.36328125 0.3268229166666667 0.3658854166666667 0.31640625 0.3684895833333333 0.3151041666666667
3 0.4010416666666667 0.7994791666666666 0.4049479166666667 0.8098958333333334 0.4049479166666667 0.8216145833333334 0.4010416666666667 0.8216145833333334 0.3958333333333333 0.8138020833333334 0.3958333333333333 0.80859375 0.3997395833333333 0.80078125
3 0.6666666666666666 0.5885416666666666 0.66796875 0.58984375 0.6744791666666666 0.58203125 0.6770833333333334 0.5833333333333334 0.6783854166666666 0.5989583333333334 0.67578125 0.6028645833333334 0.66796875 0.6002604166666666 0.6627604166666666 0.5911458333333334 0.6653645833333334 0.5885416666666666
3 0.5221354166666666 0.4557291666666667 0.5299479166666666 0.4583333333333333 0.5299479166666666 0.4739583333333333 0.5260416666666666 0.4765625 0.51953125 0.4674479166666667 0.5221354166666666 0.45703125
3 0.47421874999999997 0.46249999999999997 0.47812499999999997 0.46249999999999997 0.48046875 0.4611111106770833 0.48203124999999997 0.4583333333333333 0.48281250000000003 0.45277777734375 0.48203124999999997 0.4513888893229167 0.48203124999999997 0.4458333333333333 0.48046875 0.4430555559895833 0.48046875 0.44166666666666665 0.4765625 0.43888888932291664 0.47578125 0.44027777734375 0.4734375 0.44027777734375 0.47031249999999997 0.44444444401041666 0.46953125 0.44722222265624995 0.46953125 0.45555555598958336 0.47265625 0.4611111106770833 0.47421874999999997 0.46249999999999997