1 0.46953125 0.5194444440104167 0.46953125 0.5138888893229167 0.46718750000000003 0.5125000000000001 0.465625 0.51527777734375 0.465625 0.5194444440104167 0.46640624999999997 0.5208333333333334 0.46953125 0.5194444440104167
0 0 0.4231770833333333 0.09244791666666667 0.42578125 0.10286458333333333 0.4270833333333333 0.11458333333333333 0.4322916666666667 0.13411458333333334 0.4544270833333333 0.14192708333333334 0.4713541666666667 0.14973958333333334 0.5 0.15104166666666666 0.5130208333333334 0.15104166666666666 0.5520833333333334 0.14583333333333334 0.5794270833333334 0.14322916666666666 0.58203125 0.14192708333333334 0.5924479166666666 0.13411458333333334 0.6080729166666666 0.11848958333333333 0.6276041666666666 0.09895833333333333 0.63671875 0 0.6341145833333334 0 0.6276041666666666 0.04296875 0.6302083333333334 0.10286458333333333 0.6302083333333334 0.10807291666666667 0.6276041666666666 0.125 0.6119791666666666 0.13932291666666666 0.5872395833333334 0.1484375 0.5455729166666666 0.14713541666666666 0.5065104166666666 0.13932291666666666 0.4765625 0.12760416666666666 0.453125 0.109375 0.4361979166666667 0.10026041666666667 0.4322916666666667 0.08854166666666667 0.4309895833333333 0 0.4309895833333333 0 0.4244791666666667
0 0.8736979166666666 0.4518229166666667 0.9583333333333334 0.4544270833333333 0.9739583333333334 0.45703125 0.9713541666666666 0.4609375 0.875 0.4596354166666667 0.8736979166666666 0.45703125 0.859375 0.45703125 0.8580729166666666 0.4596354166666667 0.84765625 0.4622395833333333 0.83984375 0.4674479166666667 0.8294270833333334 0.4778645833333333 0.8177083333333334 0.4986979166666667 0.8177083333333334 0.50390625 0.8111979166666666 0.5182291666666666 0.8072916666666666 0.5442708333333334 0.8072916666666666 0.5716145833333334 0.8098958333333334 0.5794270833333334 0.8098958333333334 0.58984375 0.8190104166666666 0.6184895833333334 0.8268229166666666 0.6328125 0.8385416666666666 0.6471354166666666 0.84765625 0.6536458333333334 0.8580729166666666 0.6575520833333334 0.9466145833333334 0.66015625 0.9674479166666666 0.6614583333333334 0.9700520833333334 0.6640625 0.91796875 0.6653645833333334 0.8528645833333334 0.6614583333333334 0.84375 0.6575520833333334 0.83203125 0.6484375 0.8177083333333334 0.6263020833333334 0.8072916666666666 0.59375 0.8046875 0.5677083333333334 0.80859375 0.515625 0.81640625 0.4921875 0.83203125 0.4674479166666667 0.84375 0.45703125 0.8528645833333334 0.453125 0.8723958333333334 0.453125
2 0.4778645833333333 0.4713541666666667 0.48046875 0.4908854166666667 0.4765625 0.7578125 0.4778645833333333 0.7864583333333334 0.4752604166666667 0.9518229166666666 0.47265625 0.953125 0.4713541666666667 0.9296875 0.4778645833333333 0.47265625
3 0.51171875 0.7122395833333334 0.5143229166666666 0.71484375 0.5143229166666666 0.73046875 0.51171875 0.7330729166666666 0.5091145833333334 0.7317708333333334 0.5078125 0.7200520833333334 0.5104166666666666 0.7135416666666666
3 0.5638020833333334 0.5546875 0.5638020833333334 0.5716145833333334 0.55859375 0.5677083333333334 0.55859375 0.5572916666666666 0.5625 0.5546875
3 0.5390625 0.2643229166666667 0.5403645833333334 0.28125 0.5364583333333334 0.28515625 0.5338541666666666 0.2838541666666667 0.53125 0.27734375 0.53125 0.2669270833333333 0.53515625 0.2630208333333333 0.5377604166666666 0.2643229166666667
3 0.50390625 0.6197916666666666 0.5065104166666666 0.6302083333333334 0.5026041666666666 0.6393229166666666 0.4986979166666667 0.6354166666666666 0.4986979166666667 0.6236979166666666 0.5026041666666666 0.6197916666666666
3 0.45703125 0.26171875 0.4518229166666667 0.24088541666666666 0.4583333333333333 0.23828125 0.4609375 0.23958333333333334 0.4635416666666667 0.24739583333333334 0.4635416666666667 0.2591145833333333 0.4622395833333333 0.26171875 0.4583333333333333 0.26171875
3 0.421875 0.5833333333333334 0.42578125 0.59375 0.42578125 0.5989583333333334 0.4231770833333333 0.6015625 0.4192708333333333 0.5989583333333334 0.41796875 0.5872395833333334 0.421875 0.5846354166666666
3 0.3671875 0.3229166666666667 0.3723958333333333 0.3307291666666667 0.3684895833333333 0.33984375 0.3619791666666667 0.3359375 0.3606770833333333 0.33203125 0.3619791666666667 0.3255208333333333 0.3658854166666667 0.3229166666666667
3 0.3984375 0.76953125 0.4036458333333333 0.7682291666666666 0.4075520833333333 0.7708333333333334 0.4088541666666667 0.7747395833333334 0.4075520833333333 0.7825520833333334 0.4036458333333333 0.7864583333333334 0.3984375 0.78125 0.3984375 0.7708333333333334
3 0.6614583333333334 0.5716145833333334 0.6640625 0.5755208333333334 0.6640625 0.59375 0.6614583333333334 0.5989583333333334 0.6588541666666666 0.5989583333333334 0.65625 0.5950520833333334 0.65625 0.5768229166666666 0.6614583333333334 0.5729166666666666
3 0.4401041666666667 0.40625 0.4427083333333333 0.4075520833333333 0.4427083333333333 0.4192708333333333 0.4401041666666667 0.421875 0.4375 0.4205729166666667 0.43359375 0.4114583333333333 0.43359375 0.4075520833333333 0.4388020833333333 0.40625
3 0.5221354166666666 0.4622395833333333 0.5247395833333334 0.4635416666666667 0.5260416666666666 0.4713541666666667 0.5247395833333334 0.4817708333333333 0.5221354166666666 0.4830729166666667 0.51953125 0.4778645833333333 0.5208333333333334 0.4635416666666667
3 0.48359375 0.44444444401041666 0.48046875 0.43888888932291664 0.47265625 0.44166666666666665 0.471875 0.45555555598958336 0.47500000000000003 0.4611111106770833 0.484375 0.45972222265625 0.48359375 0.44444444401041666