1 0.39609374999999997 0.70277777734375 0.39687500000000003 0.7041666666666666 0.39921875 0.7041666666666666 0.39999999999999997 0.70277777734375 0.39999999999999997 0.6986111106770833 0.3984375 0.6958333333333333 0.39687500000000003 0.6958333333333333 0.39609374999999997 0.6986111106770833 0.39609374999999997 0.70277777734375
0 0 0.421875 0.1015625 0.4244791666666667 0.11979166666666667 0.43359375 0.13411458333333334 0.4518229166666667 0.14322916666666666 0.4713541666666667 0.14713541666666666 0.4908854166666667 0.14973958333333334 0.4947916666666667 0.15234375 0.5286458333333334 0.14973958333333334 0.5651041666666666 0.14583333333333334 0.5794270833333334 0.14322916666666666 0.58203125 0.14322916666666666 0.5885416666666666 0.13020833333333334 0.61328125 0.11458333333333333 0.62890625 0.09505208333333333 0.6354166666666666 0 0.6315104166666666 0 0.625 0.06901041666666667 0.62890625 0.10416666666666667 0.6276041666666666 0.10546875 0.625 0.11458333333333333 0.62109375 0.12760416666666666 0.6080729166666666 0.13932291666666666 0.5859375 0.1484375 0.5494791666666666 0.14713541666666666 0.5 0.140625 0.4765625 0.12760416666666666 0.4505208333333333 0.11197916666666667 0.4348958333333333 0.09505208333333333 0.4296875 0 0.4270833333333333 0 0.4231770833333333
0 0.8776041666666666 0.4505208333333333 0.9166666666666666 0.453125 0.96484375 0.453125 0.9739583333333334 0.4544270833333333 0.9739583333333334 0.4609375 0.9140625 0.4596354166666667 0.9127604166666666 0.45703125 0.8619791666666666 0.4557291666666667 0.83984375 0.4674479166666667 0.8307291666666666 0.4765625 0.8190104166666666 0.4973958333333333 0.8098958333333334 0.5325520833333334 0.8098958333333334 0.5807291666666666 0.8177083333333334 0.6119791666666666 0.8307291666666666 0.6354166666666666 0.8450520833333334 0.6497395833333334 0.8541666666666666 0.6549479166666666 0.8697916666666666 0.6575520833333334 0.9674479166666666 0.66015625 0.9700520833333334 0.6614583333333334 0.9700520833333334 0.6640625 0.96484375 0.6653645833333334 0.875 0.6627604166666666 0.8541666666666666 0.66015625 0.8346354166666666 0.6484375 0.81640625 0.6197916666666666 0.80859375 0.59375 0.8059895833333334 0.5611979166666666 0.8072916666666666 0.53125 0.81640625 0.4947916666666667 0.82421875 0.4778645833333333 0.83203125 0.4674479166666667 0.84375 0.45703125 0.85546875 0.4518229166666667 0.8763020833333334 0.4505208333333333
2 0.4765625 0.4765625 0.4817708333333333 0.4895833333333333 0.4791666666666667 0.64453125 0.48046875 0.671875 0.4778645833333333 0.67578125 0.4778645833333333 0.9244791666666666 0.4752604166666667 0.9283854166666666 0.4765625 0.9466145833333334 0.4752604166666667 0.9505208333333334 0.47265625 0.9505208333333334 0.47265625 0.8619791666666666 0.4765625 0.7161458333333334 0.4752604166666667 0.6861979166666666 0.4778645833333333 0.6822916666666666 0.4765625 0.4778645833333333
3 0.5611979166666666 0.5520833333333334 0.5651041666666666 0.5546875 0.5677083333333334 0.5611979166666666 0.5651041666666666 0.5703125 0.5611979166666666 0.5703125 0.5598958333333334 0.56640625 0.5598958333333334 0.5533854166666666
3 0.484375 0.6692708333333334 0.484375 0.6861979166666666 0.48046875 0.6848958333333334 0.4765625 0.6796875 0.4765625 0.6731770833333334 0.4830729166666667 0.6692708333333334
3 0.5013020833333334 0.6015625 0.5052083333333334 0.6015625 0.5065104166666666 0.6041666666666666 0.5065104166666666 0.6184895833333334 0.50390625 0.6197916666666666 0.5 0.6145833333333334 0.5013020833333334 0.6028645833333334
3 0.4622395833333333 0.23697916666666666 0.46484375 0.2526041666666667 0.4609375 0.2578125 0.45703125 0.2552083333333333 0.453125 0.24348958333333334 0.4544270833333333 0.23828125 0.4609375 0.23697916666666666
3 0.6432291666666666 0.4856770833333333 0.6471354166666666 0.4856770833333333 0.6510416666666666 0.4895833333333333 0.6497395833333334 0.5026041666666666 0.6471354166666666 0.5052083333333334 0.6432291666666666 0.5052083333333334 0.6393229166666666 0.4947916666666667 0.6432291666666666 0.4869791666666667
3 0.4296875 0.53515625 0.4322916666666667 0.5377604166666666 0.4322916666666667 0.54296875 0.4283854166666667 0.5520833333333334 0.42578125 0.5520833333333334 0.4205729166666667 0.5442708333333334 0.4205729166666667 0.5364583333333334 0.4283854166666667 0.53515625
3 0.44140625 0.5520833333333334 0.44921875 0.5520833333333334 0.44921875 0.5611979166666666 0.4466145833333333 0.5677083333333334 0.44140625 0.5638020833333334 0.44140625 0.5533854166666666
3 0.34765625 0.375 0.3567708333333333 0.390625 0.3528645833333333 0.3971354166666667 0.3489583333333333 0.3932291666666667 0.3450520833333333 0.3854166666666667 0.3450520833333333 0.3802083333333333 0.34765625 0.3763020833333333
3 0.4440104166666667 0.4375 0.44921875 0.4375 0.453125 0.4440104166666667 0.4518229166666667 0.4557291666666667 0.4453125 0.4544270833333333 0.4427083333333333 0.4427083333333333 0.4440104166666667 0.4388020833333333
3 0.390625 0.75 0.4036458333333333 0.76171875 0.4036458333333333 0.765625 0.3971354166666667 0.7721354166666666 0.3958333333333333 0.76953125 0.390625 0.7682291666666666 0.390625 0.7513020833333334
3 0.5299479166666666 0.2565104166666667 0.5325520833333334 0.2565104166666667 0.5364583333333334 0.2630208333333333 0.5364583333333334 0.2799479166666667 0.5325520833333334 0.28125 0.5299479166666666 0.2747395833333333 0.5299479166666666 0.2578125
3 0.48593749999999997 0.44722222265624995 0.48203124999999997 0.43888888932291664 0.47421874999999997 0.44166666666666665 0.47578125 0.45555555598958336 0.48046875 0.4611111106770833 0.48515625 0.4583333333333333 0.48593749999999997 0.44722222265624995