1 0.76953125 0.5583333333333333 0.76953125 0.55277777734375 0.76796875 0.5513888893229166 0.765625 0.55277777734375 0.765625 0.5583333333333333 0.7687499999999999 0.55972222265625 0.76953125 0.5583333333333333
0 0 0.4244791666666667 0.078125 0.42578125 0.09635416666666667 0.4296875 0.10677083333333333 0.4361979166666667 0.11979166666666667 0.4518229166666667 0.12369791666666667 0.4622395833333333 0.13020833333333334 0.4713541666666667 0.13671875 0.4947916666666667 0.140625 0.53125 0.13932291666666666 0.5572916666666666 0.13411458333333334 0.5846354166666666 0.13020833333333334 0.5963541666666666 0.11067708333333333 0.6276041666666666 0.10026041666666667 0.6354166666666666 0.08854166666666667 0.6393229166666666 0 0.6380208333333334 0 0.6328125 0.08854166666666667 0.6341145833333334 0.09895833333333333 0.6302083333333334 0.11588541666666667 0.6119791666666666 0.12369791666666667 0.5989583333333334 0.13541666666666666 0.5638020833333334 0.13671875 0.5494791666666666 0.13671875 0.5143229166666666 0.1328125 0.4921875 0.12369791666666667 0.4674479166666667 0.1171875 0.4557291666666667 0.10677083333333333 0.4440104166666667 0.09765625 0.4361979166666667 0.08854166666666667 0.4322916666666667 0 0.4296875 0 0.42578125
0 0.8450520833333334 0.4583333333333333 0.8515625 0.4557291666666667 0.8997395833333334 0.4557291666666667 0.9283854166666666 0.4583333333333333 0.96484375 0.4583333333333333 0.9661458333333334 0.4609375 0.9700520833333334 0.4609375 0.9700520833333334 0.46484375 0.9283854166666666 0.46484375 0.859375 0.4609375 0.8450520833333334 0.46484375 0.828125 0.4791666666666667 0.8151041666666666 0.5 0.8072916666666666 0.5260416666666666 0.8059895833333334 0.5455729166666666 0.8033854166666666 0.5533854166666666 0.8059895833333334 0.58984375 0.8111979166666666 0.6119791666666666 0.8229166666666666 0.63671875 0.8307291666666666 0.6458333333333334 0.8307291666666666 0.6484375 0.83984375 0.65625 0.8567708333333334 0.6627604166666666 0.9674479166666666 0.6666666666666666 0.9661458333333334 0.6731770833333334 0.9557291666666666 0.6731770833333334 0.8541666666666666 0.66796875 0.8528645833333334 0.6653645833333334 0.84375 0.6640625 0.83203125 0.65625 0.81640625 0.6354166666666666 0.8072916666666666 0.6119791666666666 0.8033854166666666 0.5950520833333334 0.80078125 0.5651041666666666 0.8033854166666666 0.53125 0.8072916666666666 0.5130208333333334 0.81640625 0.4895833333333333 0.828125 0.4713541666666667 0.8450520833333334 0.4596354166666667
2 0.4739583333333333 0.13411458333333334 0.4765625 0.13671875 0.4739583333333333 0.3255208333333333 0.4752604166666667 0.4635416666666667 0.47265625 0.5755208333333334 0.4739583333333333 0.640625 0.4713541666666667 0.6458333333333334 0.4700520833333333 0.8893229166666666 0.4674479166666667 0.9622395833333334 0.46484375 0.9609375 0.46875 0.6015625 0.4713541666666667 0.5651041666666666 0.4739583333333333 0.13541666666666666
3 0.85546875 0.5481770833333334 0.8606770833333334 0.5533854166666666 0.8567708333333334 0.5651041666666666 0.8528645833333334 0.5677083333333334 0.84375 0.56640625 0.8450520833333334 0.55078125 0.8541666666666666 0.5494791666666666
3 0.7200520833333334 0.4583333333333333 0.7278645833333334 0.4661458333333333 0.7278645833333334 0.4752604166666667 0.7252604166666666 0.4778645833333333 0.7252604166666666 0.4817708333333333 0.7200520833333334 0.4869791666666667 0.7174479166666666 0.4856770833333333 0.7135416666666666 0.48046875 0.7122395833333334 0.46875 0.7135416666666666 0.46484375 0.7200520833333334 0.4596354166666667
3 0.7799479166666666 0.6536458333333334 0.7864583333333334 0.6549479166666666 0.7903645833333334 0.66015625 0.7890625 0.66796875 0.7825520833333334 0.6731770833333334 0.77734375 0.6692708333333334 0.7760416666666666 0.6627604166666666 0.7721354166666666 0.6588541666666666 0.7786458333333334 0.6536458333333334
3 0.9518229166666666 0.5690104166666666 0.9544270833333334 0.5716145833333334 0.9544270833333334 0.5794270833333334 0.9453125 0.5859375 0.94140625 0.5846354166666666 0.94140625 0.58203125 0.93359375 0.57421875 0.9453125 0.5651041666666666 0.9505208333333334 0.5690104166666666
3 0.8385416666666666 0.82421875 0.8450520833333334 0.83203125 0.84765625 0.83984375 0.8424479166666666 0.8515625 0.8411458333333334 0.8606770833333334 0.8385416666666666 0.86328125 0.8346354166666666 0.859375 0.8346354166666666 0.828125 0.8372395833333334 0.8255208333333334
3 0.7994791666666666 0.9114583333333334 0.8033854166666666 0.9166666666666666 0.8059895833333334 0.9309895833333334 0.7994791666666666 0.9375 0.796875 0.9440104166666666 0.7955729166666666 0.9322916666666666 0.7890625 0.9192708333333334 0.7981770833333334 0.9127604166666666
3 0.39453125 0.23697916666666666 0.3971354166666667 0.23828125 0.3997395833333333 0.24479166666666666 0.3997395833333333 0.2565104166666667 0.3971354166666667 0.2578125 0.3932291666666667 0.25390625 0.3932291666666667 0.23828125
3 0.15755208333333334 0.4739583333333333 0.16536458333333334 0.4817708333333333 0.16536458333333334 0.4869791666666667 0.16145833333333334 0.4921875 0.15104166666666666 0.4869791666666667 0.15104166666666666 0.4765625 0.15625 0.4739583333333333
3 0.7118382812499999 0.5626833333333333 0.71461015625 0.5604111106770834 0.714290625 0.5551069440104167 0.7115187500000001 0.5520763893229167 0.70608125 0.55435 0.7028828125 0.5554861106770833 0.7032031249999999 0.5641986106770833 0.705121875 0.56590277734375 0.70757421875 0.56647222265625 0.7118382812499999 0.5626833333333333
3 0.71556953125 0.5583263893229167 0.71525 0.5619263893229166 0.71823515625 0.5617361106770834 0.71930078125 0.5581375000000001 0.7221796875000001 0.5594638893229167 0.72388515625 0.5554861106770833 0.723671875 0.54847777734375 0.72079375 0.54790972265625 0.71866171875 0.5448791666666667 0.716315625 0.5458263893229166 0.7132242187500001 0.5468402773437501 0.71194453125 0.5509402773437501 0.7143968749999999 0.55340277734375 0.71556953125 0.5583263893229167
3 0.634921875 0.7651791666666666 0.636734375 0.7636250000000001 0.638421875 0.75785 0.6355468750000001 0.7525208333333334 0.633171875 0.7493 0.630234375 0.7489666666666667 0.629171875 0.7532972226562501 0.626796875 0.7551666666666667 0.629609375 0.7624027773437501 0.630046875 0.7677333333333333 0.633609375 0.7703986106770833 0.634921875 0.7651791666666666
3 0.517734375 0.5393833333333333 0.517859375 0.543825 0.5183593750000001 0.5452680559895834 0.519796875 0.5466 0.521546875 0.5431583333333333 0.522421875 0.53882777734375 0.523484375 0.5384944440104167 0.525546875 0.54015972265625 0.5267968749999999 0.5410486106770833 0.5286093749999999 0.5408263893229167 0.5286093749999999 0.5343861106770833 0.525484375 0.5256138893229166 0.525546875 0.5241708333333334 0.523234375 0.52195 0.521234375 0.5241708333333334 0.519421875 0.52361527734375 0.518671875 0.52447222265625 0.518484375 0.5286125 0.517984375 0.5333861106770833 0.517359375 0.5357180559895833 0.517734375 0.5393833333333333