1 0.0984375 0.62222222265625 0.09765625 0.6194444440104167 0.09375 0.6194444440104167 0.09296875 0.62222222265625 0.09375 0.625 0.096875 0.625 0.0984375 0.62222222265625
0 0 0.41527777734375 0.08671875 0.41944444401041664 0.09921875000000001 0.42638888932291663 0.11875000000000001 0.45416666666666666 0.12890625 0.48333333333333334 0.13203125000000002 0.5361111106770834 0.12265625000000001 0.57777777734375 0.10781249999999999 0.6041666666666666 0.11562499999999999 0.6 0.12968749999999998 0.5680555559895833 0.13593750000000002 0.5236111106770833 0.13359374999999998 0.4875 0.11953124999999999 0.4458333333333333 0.09999999999999999 0.42083333333333334 0.08750000000000001 0.4138888893229167 0.021875000000000002 0.40972222265625 0 0.40972222265625 0 0.41527777734375
3 0.032031250000000004 0.5680555559895833 0.04296875 0.5694444440104166 0.043750000000000004 0.5680555559895833 0.043750000000000004 0.54722222265625 0.042187499999999996 0.5458333333333333 0.040625 0.54722222265625 0.035937500000000004 0.5555555559895834 0.028125 0.55972222265625 0.02734375 0.56527777734375 0.029687500000000002 0.5694444440104166 0.03125 0.5694444440104166 0.032031250000000004 0.5680555559895833
3 0.09296875 0.6124999999999999 0.09609374999999999 0.6124999999999999 0.09921875000000001 0.6083333333333333 0.09999999999999999 0.6083333333333333 0.10078125 0.6055555559895833 0.10078125 0.6013888893229167 0.09531250000000001 0.6013888893229167 0.09453125 0.60277777734375 0.090625 0.60277777734375 0.08828124999999999 0.6041666666666666 0.08750000000000001 0.6055555559895833 0.08750000000000001 0.6124999999999999 0.09218749999999999 0.6138888893229166 0.09296875 0.6124999999999999
3 0.18984375 0.40972222265625 0.1859375 0.41250000000000003 0.18671875000000002 0.42083333333333334 0.19921875 0.4319444440104167 0.19999999999999998 0.41527777734375 0.18984375 0.40972222265625
3 0.4015625 0.31805555598958335 0.39765625 0.3125 0.38828124999999997 0.31666666666666665 0.38828124999999997 0.32777777734374997 0.40078125000000003 0.3430555559895833 0.40468750000000003 0.3333333333333333 0.4015625 0.31805555598958335
3 0.23359375000000002 0.21666666666666667 0.225 0.20972222265624998 0.22421875 0.21944444401041666 0.23359375000000002 0.22916666666666666 0.23750000000000002 0.22638888932291668 0.23359375000000002 0.21666666666666667
3 0.44609375 0.31111111067708336 0.44375000000000003 0.31666666666666665 0.44296874999999997 0.34027777734375 0.44921875 0.33888888932291666 0.45156250000000003 0.31944444401041666 0.44609375 0.31111111067708336
2 0.46640624999999997 0.5111111106770834 0.46718750000000003 0.6416666666666667 0.47031249999999997 0.625 0.47031249999999997 0.5083333333333333 0.46640624999999997 0.5111111106770834
2 0.4734375 0.12222222265625 0.46953125 0.14027777734375 0.46718750000000003 0.34722222265625 0.46718750000000003 0.49722222265625 0.47031249999999997 0.5013888893229167 0.4734375 0.3833333333333333 0.4734375 0.12222222265625
3 0.48515625 0.4944444440104167 0.47812499999999997 0.4944444440104167 0.47734375 0.50277777734375 0.48046875 0.5083333333333333 0.4875 0.5013888893229167 0.48515625 0.4944444440104167
3 0.43359375 0.65972222265625 0.434375 0.6749999999999999 0.43906249999999997 0.6763888893229167 0.440625 0.6611111106770834 0.43359375 0.65972222265625
3 0.36874999999999997 0.67222222265625 0.36171875000000003 0.6638888893229167 0.35546875 0.6680555559895834 0.3546875 0.6736111106770833 0.359375 0.6819444440104167 0.36484374999999997 0.6805555559895833 0.36874999999999997 0.67222222265625
3 0.39453125 0.8138888893229167 0.3875 0.8194444440104167 0.3875 0.8291666666666666 0.39375 0.8347222226562501 0.39687500000000003 0.8305555559895833 0.39453125 0.8138888893229167
3 0.7726562499999999 0.5291666666666667 0.765625 0.52222222265625 0.75625 0.5263888893229166 0.76171875 0.54027777734375 0.7664062500000001 0.5430555559895833 0.7726562499999999 0.5291666666666667
0 0 0.6236111106770833 0.08046874999999999 0.6236111106770833 0.02734375 0.6194444440104167 0 0.6194444440104167 0 0.6236111106770833
2 0.46953125 0.6333333333333333 0.46718750000000003 0.6236111106770833 0.46484375 0.62777777734375 0.46171875 0.8624999999999999 0.46328125000000003 0.94722222265625 0.46640624999999997 0.9236111106770833 0.46953125 0.6333333333333333
2 0.46640624999999997 0.7055555559895833 0.465625 0.7097222226562501 0.46328125000000003 0.85972222265625 0.46640624999999997 0.8541666666666666 0.46718750000000003 0.8055555559895833 0.46640624999999997 0.7055555559895833
3 0.16093749999999998 0.80972222265625 0.1546875 0.82222222265625 0.15546875000000002 0.8333333333333334 0.1640625 0.8291666666666666 0.16484374999999998 0.8111111106770833 0.16093749999999998 0.80972222265625
2 0.47031249999999997 0.5208333333333334 0.46718750000000003 0.5180555559895833 0.46640624999999997 0.6138888893229166 0.46953125 0.59722222265625 0.47031249999999997 0.5430555559895833 0.47031249999999997 0.5208333333333334
0 0.828125 0.6444444440104167 0.8421875 0.6541666666666667 0.86171875 0.6583333333333333 0.96328125 0.6611111106770834 0.96484375 0.6569444440104167 0.8429687499999999 0.6486111106770833 0.8296875 0.6388888893229167 0.81484375 0.6166666666666667 0.8046875 0.58472222265625 0.80078125 0.5569444440104167 0.803125 0.52777777734375 0.8132812500000001 0.48888888932291663 0.8273437499999999 0.46527777734375 0.8421875 0.45277777734375 0.9656250000000001 0.45 0.8468749999999999 0.4458333333333333 0.83046875 0.45555555598958336 0.81796875 0.4708333333333334 0.7999999999999999 0.5194444440104167 0.79921875 0.5708333333333333 0.803125 0.59722222265625 0.8132812500000001 0.6236111106770833 0.828125 0.6444444440104167