1 0.7223125 0.35658472265624996 0.7247499999999999 0.35614027734375003 0.72609375 0.3518333333333334 0.7247499999999999 0.3471458333333333 0.7219375 0.34792361067708333 0.721625 0.35280833333333333 0.7223125 0.35658472265624996
0 0.9817708333333334 0.4166666666666667 0.9986979166666666 0.4166666666666667 0.9986979166666666 0.4231770833333333 0.9049479166666666 0.42578125 0.8841145833333334 0.4348958333333333 0.87109375 0.4505208333333333 0.86328125 0.46484375 0.8541666666666666 0.4947916666666667 0.8515625 0.53125 0.85546875 0.5638020833333334 0.8619791666666666 0.5794270833333334 0.8619791666666666 0.5846354166666666 0.8736979166666666 0.60546875 0.8854166666666666 0.6184895833333334 0.8971354166666666 0.625 0.9010416666666666 0.625 0.90234375 0.6276041666666666 0.9986979166666666 0.6223958333333334 0.9986979166666666 0.6302083333333334 0.9010416666666666 0.6328125 0.8880208333333334 0.6276041666666666 0.8684895833333334 0.6080729166666666 0.8606770833333334 0.5924479166666666 0.8515625 0.5638020833333334 0.8489583333333334 0.5390625 0.8489583333333334 0.51171875 0.8567708333333334 0.4713541666666667 0.8684895833333334 0.4466145833333333 0.8841145833333334 0.4283854166666667 0.89453125 0.4231770833333333 0.90625 0.4205729166666667 0.9817708333333334 0.41796875
0 0.13802083333333334 0.44921875 0.15104166666666666 0.4544270833333333 0.1640625 0.4661458333333333 0.17057291666666666 0.4739583333333333 0.18229166666666666 0.4986979166666667 0.19010416666666666 0.5390625 0.19010416666666666 0.5729166666666666 0.18359375 0.6080729166666666 0.17057291666666666 0.6354166666666666 0.16145833333333334 0.6471354166666666 0.14973958333333334 0.65625 0.13151041666666666 0.6614583333333334 0.07291666666666667 0.6640625 0.024739583333333332 0.6640625 0.024739583333333332 0.66015625 0.13932291666666666 0.6549479166666666 0.15104166666666666 0.6497395833333334 0.16796875 0.6315104166666666 0.1796875 0.6080729166666666 0.1875 0.5703125 0.1875 0.5390625 0.18359375 0.515625 0.17708333333333334 0.5013020833333334 0.17578125 0.4921875 0.16536458333333334 0.4752604166666667 0.15494791666666666 0.46484375 0.13932291666666666 0.4544270833333333 0.061197916666666664 0.45703125 0.022135416666666668 0.45703125 0.020833333333333332 0.4544270833333333 0.024739583333333332 0.4518229166666667 0.13671875 0.44921875
2 0.5182291666666666 0.5924479166666666 0.5208333333333334 0.59375 0.5221354166666666 0.5989583333333334 0.5247395833333334 0.7916666666666666 0.5234375 0.81640625 0.5260416666666666 0.8658854166666666 0.5260416666666666 0.9518229166666666 0.5234375 0.9518229166666666 0.5221354166666666 0.94140625 0.5234375 0.9270833333333334 0.5208333333333334 0.87109375 0.5221354166666666 0.8541666666666666 0.5182291666666666 0.59375
3 0.4283854166666667 0.5592447916666666 0.01171875 0.0234375
3 0.6145833333333334 0.8125 0.6171875 0.8125 0.6197916666666666 0.8229166666666666 0.6197916666666666 0.8294270833333334 0.6106770833333334 0.8294270833333334 0.6106770833333334 0.8177083333333334 0.6145833333333334 0.8138020833333334
3 0.55859375 0.7317708333333334 0.5611979166666666 0.7317708333333334 0.5651041666666666 0.73828125 0.5651041666666666 0.7473958333333334 0.5625 0.75 0.5611979166666666 0.7630208333333334 0.5559895833333334 0.765625 0.5533854166666666 0.7526041666666666 0.55859375 0.7330729166666666
3 0.4973958333333333 0.2552083333333333 0.5 0.2565104166666667 0.5 0.2799479166666667 0.4973958333333333 0.28125 0.4947916666666667 0.2786458333333333 0.4947916666666667 0.2630208333333333 0.4973958333333333 0.2565104166666667
3 0.5247395833333334 0.5846354166666666 0.5247395833333334 0.5690104166666666 0.52734375 0.56640625 0.53515625 0.5677083333333334 0.53515625 0.5755208333333334 0.5299479166666666 0.5846354166666666 0.5260416666666666 0.5846354166666666
3 0.7265625 0.328125 0.73046875 0.3307291666666667 0.7317708333333334 0.3359375 0.72265625 0.3528645833333333 0.72265625 0.3567708333333333 0.72265625 0.3541666666666667 0.7174479166666666 0.3489583333333333 0.7174479166666666 0.3450520833333333 0.7200520833333334 0.3333333333333333 0.7252604166666666 0.328125
3 0.6276041666666666 0.5598958333333334 0.6315104166666666 0.5625 0.6328125 0.56640625 0.6328125 0.57421875 0.6302083333333334 0.5755208333333334 0.6223958333333334 0.57421875 0.6236979166666666 0.5611979166666666 0.6263020833333334 0.5598958333333334
3 0.76171875 0.6028645833333334 0.7682291666666666 0.6028645833333334 0.7708333333333334 0.6067708333333334 0.76953125 0.6158854166666666 0.76171875 0.6184895833333334 0.7578125 0.61328125 0.76171875 0.6041666666666666
3 0.5625 0.2109375 0.5651041666666666 0.21354166666666666 0.5651041666666666 0.22395833333333334 0.5611979166666666 0.23567708333333334 0.5572916666666666 0.23697916666666666 0.5546875 0.23307291666666666 0.5611979166666666 0.21223958333333334
3 0.6119791666666666 0.40625 0.61328125 0.4153645833333333 0.609375 0.4231770833333333 0.6080729166666666 0.4388020833333333 0.60546875 0.4440104166666667 0.6015625 0.4427083333333333 0.6015625 0.43359375 0.60546875 0.4231770833333333 0.6028645833333334 0.4114583333333333 0.6080729166666666 0.4049479166666667 0.6106770833333334 0.40625
3 0.5182291666666666 0.39453125 0.5208333333333334 0.3997395833333333 0.5182291666666666 0.4127604166666667 0.5143229166666666 0.4127604166666667 0.51171875 0.4075520833333333 0.5130208333333334 0.3984375 0.5169270833333334 0.39453125
3 0.57265625 0.4708333333333334 0.5710937500000001 0.47361111067708334 0.5695312499999999 0.4791666666666667 0.5695312499999999 0.49027777734375005 0.5710937500000001 0.49305555598958334 0.57421875 0.49305555598958334 0.5750000000000001 0.4944444440104167 0.5789062500000001 0.4916666666666667 0.58203125 0.4861111106770833 0.58203125 0.4763888893229167 0.5812499999999999 0.47361111067708334 0.5773437499999999 0.4694444440104167 0.57421875 0.4694444440104167 0.57265625 0.4708333333333334