1 0.2421875 0.5069444440104166 0.24531250000000002 0.5069444440104166 0.24531250000000002 0.5013888893229167 0.24453125 0.5 0.24140625000000002 0.5 0.24140625000000002 0.5055555559895833 0.2421875 0.5069444440104166
0 0.8763020833333334 0.61328125 0.8684895833333334 0.59765625 0.8606770833333334 0.5716145833333334 0.8567708333333334 0.5338541666666666 0.8606770833333334 0.4973958333333333 0.8684895833333334 0.4700520833333333 0.8802083333333334 0.44921875 0.8932291666666666 0.4348958333333333 0.90234375 0.4296875 0.91015625 0.4270833333333333 0.9765625 0.4244791666666667 0.9986979166666666 0.4244791666666667 0.9986979166666666 0.4296875 0.91015625 0.4322916666666667 0.9010416666666666 0.4361979166666667 0.8828125 0.453125 0.87109375 0.4739583333333333 0.86328125 0.5 0.8619791666666666 0.55859375 0.8736979166666666 0.5989583333333334 0.8828125 0.61328125 0.8971354166666666 0.62890625 0.9036458333333334 0.6328125 0.9986979166666666 0.6328125 0.9986979166666666 0.6380208333333334 0.90625 0.6393229166666666 0.8919270833333334 0.6315104166666666 0.8776041666666666 0.61328125
0 0.03515625 0.4583333333333333 0.1015625 0.4557291666666667 0.14453125 0.4557291666666667 0.15234375 0.4583333333333333 0.17057291666666666 0.47265625 0.18229166666666666 0.4908854166666667 0.19140625 0.5169270833333334 0.19661458333333334 0.5520833333333334 0.1953125 0.5885416666666666 0.19140625 0.6015625 0.19140625 0.609375 0.17447916666666666 0.6471354166666666 0.16276041666666666 0.6588541666666666 0.15364583333333334 0.6640625 0.14583333333333334 0.6653645833333334 0.14453125 0.66796875 0.13671875 0.6692708333333334 0.03125 0.6731770833333334 0.03125 0.6666666666666666 0.13151041666666666 0.6640625 0.14322916666666666 0.6627604166666666 0.15755208333333334 0.65625 0.16796875 0.6471354166666666 0.1796875 0.62890625 0.18098958333333334 0.6223958333333334 0.18359375 0.62109375 0.19270833333333334 0.5846354166666666 0.19270833333333334 0.5442708333333334 0.18880208333333334 0.5182291666666666 0.17578125 0.48828125 0.15885416666666666 0.46875 0.14453125 0.4622395833333333 0.028645833333333332 0.46484375 0.028645833333333332 0.4609375 0.03515625 0.4596354166666667
2 0.5221354166666666 0.13411458333333334 0.5247395833333334 0.15625 0.52734375 0.6184895833333334 0.5299479166666666 0.6302083333333334 0.5286458333333334 0.6640625 0.5325520833333334 0.9270833333333334 0.5325520833333334 0.9609375 0.53125 0.9622395833333334 0.5286458333333334 0.95703125 0.52734375 0.8815104166666666 0.5286458333333334 0.8372395833333334 0.52734375 0.67578125 0.5247395833333334 0.65625 0.5234375 0.2864583333333333 0.5208333333333334 0.16796875 0.5221354166666666 0.13541666666666666
3 0.2643229166666667 0.4544270833333333 0.2682291666666667 0.45703125 0.2708333333333333 0.4674479166666667 0.2643229166666667 0.4778645833333333 0.2591145833333333 0.4778645833333333 0.25390625 0.4713541666666667 0.25390625 0.4557291666666667 0.2578125 0.453125 0.2630208333333333 0.4544270833333333
3 0.15234375 0.53515625 0.15625 0.5364583333333334 0.15625 0.546875 0.15234375 0.55078125 0.14583333333333334 0.5494791666666666 0.14192708333333334 0.5455729166666666 0.140625 0.5403645833333334 0.140625 0.5364583333333334 0.14322916666666666 0.5338541666666666 0.15104166666666666 0.53515625
3 0.2265625 0.6419270833333334 0.2265625 0.6653645833333334 0.21875 0.6653645833333334 0.21484375 0.6627604166666666 0.21484375 0.6536458333333334 0.22005208333333334 0.6510416666666666 0.22526041666666666 0.6432291666666666
3 0.3502604166666667 0.7526041666666666 0.3580729166666667 0.75390625 0.3606770833333333 0.7578125 0.359375 0.765625 0.3541666666666667 0.7721354166666666 0.3489583333333333 0.765625 0.3502604166666667 0.75390625
3 0.05078125 0.5494791666666666 0.055989583333333336 0.5533854166666666 0.06770833333333333 0.55078125 0.0625 0.56640625 0.057291666666666664 0.5703125 0.052083333333333336 0.5703125 0.044270833333333336 0.5598958333333334 0.044270833333333336 0.5546875 0.049479166666666664 0.5494791666666666
3 0.59765625 0.2421875 0.6015625 0.24348958333333334 0.6015625 0.2565104166666667 0.59765625 0.2630208333333333 0.59375 0.26171875 0.5950520833333334 0.24739583333333334 0.59765625 0.24348958333333334
3 0.3033854166666667 0.5455729166666666 0.3059895833333333 0.546875 0.3059895833333333 0.55078125 0.2994791666666667 0.5638020833333334 0.29296875 0.5520833333333334 0.2942708333333333 0.5481770833333334 0.3020833333333333 0.5455729166666666
3 0.84375 0.47265625 0.84765625 0.4778645833333333 0.84765625 0.4856770833333333 0.8346354166666666 0.4921875 0.8333333333333334 0.4791666666666667 0.8424479166666666 0.47265625
3 0.16536458333333334 0.7981770833333334 0.16666666666666666 0.8059895833333334 0.16015625 0.8294270833333334 0.15625 0.8294270833333334 0.14973958333333334 0.8190104166666666 0.15234375 0.8098958333333334 0.16015625 0.8072916666666666 0.16536458333333334 0.7994791666666666
3 0.2747395833333333 0.5377604166666666 0.2799479166666667 0.5416666666666666 0.2799479166666667 0.5533854166666666 0.2747395833333333 0.5572916666666666 0.2708333333333333 0.5533854166666666 0.26953125 0.5455729166666666 0.2734375 0.5390625
3 0.21419270833333334 0.9251302083333334 0.015625 0.024739583333333332
3 0.46875 0.5083333333333333 0.46796875 0.5083333333333333 0.46718750000000003 0.5111111106770834 0.46718750000000003 0.5180555559895833 0.47109375000000003 0.5194444440104167 0.47421874999999997 0.51527777734375 0.47500000000000003 0.5083333333333333 0.47421874999999997 0.5041666666666667 0.4734375 0.5055555559895833 0.47031249999999997 0.5055555559895833 0.46875 0.5083333333333333