1 0.37172890625 0.17046111067708333 0.36899296875 0.17161111067708334 0.36953984375 0.17863055598958333 0.37056171875000005 0.17888888932291666 0.37275078125 0.17681527734375 0.37172890625 0.17046111067708333
0 0 0.4153645833333333 0.052083333333333336 0.4166666666666667 0.053385416666666664 0.4192708333333333 0.08463541666666667 0.4192708333333333 0.09895833333333333 0.421875 0.11067708333333333 0.4283854166666667 0.11979166666666667 0.4375 0.13541666666666666 0.4661458333333333 0.14192708333333334 0.48828125 0.14322916666666666 0.5104166666666666 0.14583333333333334 0.51953125 0.14583333333333334 0.5325520833333334 0.14453125 0.5377604166666666 0.14322916666666666 0.5390625 0.14192708333333334 0.5364583333333334 0.14322916666666666 0.5260416666666666 0.140625 0.4986979166666667 0.13541666666666666 0.4765625 0.12890625 0.46484375 0.12760416666666666 0.45703125 0.11067708333333333 0.4348958333333333 0.09244791666666667 0.42578125 0.0078125 0.4231770833333333 0 0.421875 0 0.4166666666666667
0 0.98046875 0.4544270833333333 0.98046875 0.4609375 0.9296875 0.4596354166666667 0.9283854166666666 0.45703125 0.8606770833333334 0.45703125 0.859375 0.4596354166666667 0.84765625 0.46484375 0.8385416666666666 0.4739583333333333 0.8268229166666666 0.4934895833333333 0.8177083333333334 0.51953125 0.8138020833333334 0.5481770833333334 0.8151041666666666 0.58203125 0.8216145833333334 0.6080729166666666 0.8294270833333334 0.6276041666666666 0.84765625 0.6497395833333334 0.8580729166666666 0.65625 0.8671875 0.6588541666666666 0.9557291666666666 0.6614583333333334 0.96484375 0.6640625 0.9791666666666666 0.6640625 0.9765625 0.6692708333333334 0.9361979166666666 0.66796875 0.9348958333333334 0.6653645833333334 0.8658854166666666 0.6640625 0.8450520833333334 0.6549479166666666 0.8372395833333334 0.6471354166666666 0.828125 0.6341145833333334 0.8268229166666666 0.62890625 0.82421875 0.6276041666666666 0.8177083333333334 0.6080729166666666 0.8125 0.5859375 0.8111979166666666 0.5442708333333334 0.81640625 0.5104166666666666 0.82421875 0.4895833333333333 0.8346354166666666 0.4713541666666667 0.8502604166666666 0.4557291666666667 0.8645833333333334 0.4505208333333333 0.9791666666666666 0.4544270833333333
2 0.4778645833333333 0.5338541666666666 0.4817708333333333 0.5442708333333334 0.4778645833333333 0.7122395833333334 0.4778645833333333 0.87109375 0.4752604166666667 0.9166666666666666 0.4765625 0.9401041666666666 0.4752604166666667 0.9557291666666666 0.47265625 0.95703125 0.4778645833333333 0.53515625
3 0.3971354166666667 0.53515625 0.4010416666666667 0.5403645833333334 0.3997395833333333 0.55078125 0.3971354166666667 0.55078125 0.3932291666666667 0.5455729166666666 0.3932291666666667 0.5364583333333334 0.3958333333333333 0.53515625
3 0.60546875 0.6848958333333334 0.6080729166666666 0.6901041666666666 0.6080729166666666 0.69921875 0.60546875 0.703125 0.6015625 0.7018229166666666 0.5989583333333334 0.6901041666666666 0.6002604166666666 0.6848958333333334 0.6041666666666666 0.6848958333333334
3 0.5260416666666666 0.19986979166666666 0.008463541666666666 0.027994791666666668
3 0.4322916666666667 0.75 0.4361979166666667 0.75 0.4427083333333333 0.7604166666666666 0.4427083333333333 0.7643229166666666 0.4388020833333333 0.76953125 0.43359375 0.7682291666666666 0.4322916666666667 0.7513020833333334
3 0.4986979166666667 0.7578125 0.5052083333333334 0.7630208333333334 0.5052083333333334 0.7760416666666666 0.5 0.7786458333333334 0.49609375 0.7734375 0.4986979166666667 0.7591145833333334
3 0.4635416666666667 0.3919270833333333 0.4713541666666667 0.3958333333333333 0.4713541666666667 0.4049479166666667 0.46484375 0.4088541666666667 0.4622395833333333 0.4036458333333333 0.4635416666666667 0.3932291666666667
3 0.265625 0.69921875 0.2682291666666667 0.7005208333333334 0.2682291666666667 0.7096354166666666 0.2708333333333333 0.71484375 0.265625 0.7213541666666666 0.2578125 0.7174479166666666 0.2578125 0.7109375 0.265625 0.7005208333333334
3 0.43359375 0.609375 0.4361979166666667 0.6145833333333334 0.4361979166666667 0.6236979166666666 0.4322916666666667 0.6276041666666666 0.4283854166666667 0.6236979166666666 0.4283854166666667 0.61328125 0.4322916666666667 0.609375
3 0.36328125 0.18619791666666666 0.3606770833333333 0.17447916666666666 0.3658854166666667 0.16927083333333334 0.3697916666666667 0.16927083333333334 0.3723958333333333 0.17317708333333334 0.3723958333333333 0.1796875 0.3658854166666667 0.18880208333333334 0.3645833333333333 0.18619791666666666
3 0.5963541666666666 0.3984375 0.6028645833333334 0.4075520833333333 0.6002604166666666 0.4192708333333333 0.5950520833333334 0.4205729166666667 0.5924479166666666 0.4140625 0.5950520833333334 0.3997395833333333
3 0.4875 0.5041666666666667 0.48203124999999997 0.49722222265625 0.47578125 0.5041666666666667 0.4765625 0.51527777734375 0.48046875 0.5208333333333334 0.4875 0.5138888893229167 0.4875 0.5041666666666667
3 0.1484375 0.5499999999999999 0.14765625000000002 0.5499999999999999 0.14375000000000002 0.5430555559895833 0.14140624999999998 0.5416666666666666 0.13749999999999998 0.5430555559895833 0.13593750000000002 0.5458333333333333 0.13593750000000002 0.5513888893229166 0.13828125 0.5569444440104167 0.13984375000000002 0.5583333333333333 0.1421875 0.5583333333333333 0.14296875 0.5569444440104167 0.146875 0.5569444440104167 0.14765625000000002 0.5555555559895834 0.15 0.5555555559895834 0.1484375 0.5499999999999999