1 0.44921875 0.49861111067708336 0.45078124999999997 0.49722222265625 0.45078124999999997 0.4916666666666667 0.45 0.49027777734375005 0.4484375 0.49027777734375005 0.44765625000000003 0.4916666666666667 0.44765625000000003 0.49722222265625 0.44921875 0.49861111067708336
3 0.6341145833333334 0.24869791666666666 0.010416666666666666 0.027994791666666668
3 0.640625 0.5559895833333334 0.640625 0.5390625 0.6471354166666666 0.5390625 0.6484375 0.5416666666666666 0.6471354166666666 0.5559895833333334 0.6419270833333334 0.5559895833333334
3 0.5052083333333334 0.2994791666666667 0.5078125 0.30859375 0.5052083333333334 0.32421875 0.4986979166666667 0.3229166666666667 0.4973958333333333 0.3046875 0.5 0.30078125 0.50390625 0.2994791666666667
3 0.4453125 0.23958333333333334 0.4505208333333333 0.2421875 0.4518229166666667 0.24869791666666666 0.4505208333333333 0.2578125 0.4453125 0.2578125 0.4427083333333333 0.24869791666666666 0.4453125 0.24088541666666666
3 0.48828125 0.3815104166666667 0.4921875 0.3815104166666667 0.4947916666666667 0.3841145833333333 0.4986979166666667 0.39453125 0.4973958333333333 0.4049479166666667 0.4947916666666667 0.4088541666666667 0.4908854166666667 0.4088541666666667 0.4869791666666667 0.3997395833333333 0.48828125 0.3828125
3 0.57421875 0.6184895833333334 0.578125 0.6184895833333334 0.5833333333333334 0.6236979166666666 0.5807291666666666 0.63671875 0.578125 0.6380208333333334 0.57421875 0.6197916666666666
3 0.421875 0.5169270833333334 0.4270833333333333 0.5169270833333334 0.4296875 0.5299479166666666 0.4283854166666667 0.5364583333333334 0.4244791666666667 0.53515625 0.421875 0.5286458333333334 0.421875 0.5182291666666666
3 0.4010416666666667 0.3333333333333333 0.40625 0.3385416666666667 0.4049479166666667 0.3502604166666667 0.4036458333333333 0.3528645833333333 0.4010416666666667 0.3528645833333333 0.3958333333333333 0.3424479166666667 0.3971354166666667 0.3372395833333333 0.4010416666666667 0.3346354166666667
3 0.7513020833333334 0.5494791666666666 0.75390625 0.5325520833333334 0.7578125 0.52734375 0.76171875 0.52734375 0.765625 0.5338541666666666 0.7643229166666666 0.5442708333333334 0.7591145833333334 0.5481770833333334 0.7526041666666666 0.5494791666666666
3 0.42578125 0.4375 0.4283854166666667 0.4401041666666667 0.43359375 0.4583333333333333 0.4322916666666667 0.4635416666666667 0.4296875 0.4622395833333333 0.4205729166666667 0.44921875 0.4205729166666667 0.4427083333333333 0.42578125 0.4388020833333333
3 0.4765625 0.8359375 0.4817708333333333 0.8450520833333334 0.484375 0.8567708333333334 0.4817708333333333 0.8684895833333334 0.48046875 0.8697916666666666 0.4739583333333333 0.8567708333333334 0.4752604166666667 0.8372395833333334
3 0.5328125 0.6958333333333333 0.52578125 0.70277777734375 0.5320312500000001 0.7180555559895834 0.5359375000000001 0.7194444440104166 0.53671875 0.6986111106770833 0.5328125 0.6958333333333333
2 0.4778645833333333 0.140625 0.4778645833333333 0.4778645833333333 0.4739583333333333 0.69921875 0.4739583333333333 0.8424479166666666 0.4713541666666667 0.8450520833333334 0.4765625 0.86328125 0.4739583333333333 0.8671875 0.4713541666666667 0.96484375 0.46875 0.9635416666666666 0.4713541666666667 0.8606770833333334 0.4674479166666667 0.84765625 0.4713541666666667 0.83984375 0.4713541666666667 0.625 0.4739583333333333 0.5651041666666666 0.47265625 0.5390625 0.4752604166666667 0.4192708333333333 0.4739583333333333 0.38671875 0.4765625 0.14192708333333334
0 0 0.6430555559895833 0.09609374999999999 0.6458333333333334 0.11640625 0.6319444440104166 0.134375 0.6055555559895833 0.14375000000000002 0.5736111106770834 0.146875 0.5388888893229167 0.140625 0.49305555598958334 0.1265625 0.45972222265625 0.09921875000000001 0.43611111067708336 0.02734375 0.4319444440104167 0 0.4319444440104167 0 0.4375 0.08828124999999999 0.43888888932291664 0.11484375000000001 0.45277777734375 0.12812500000000002 0.47222222265625 0.1390625 0.50277777734375 0.1421875 0.5194444440104167 0.1421875 0.5611111106770833 0.13125 0.60277777734375 0.11328125 0.6291666666666667 0.09921875000000001 0.6388888893229167 0 0.6361111106770834 0 0.6430555559895833
0 0.8265625 0.6430555559895833 0.8125 0.6138888893229166 0.8078124999999999 0.59027777734375 0.80703125 0.5499999999999999 0.8132812500000001 0.5166666666666667 0.82265625 0.4944444440104167 0.8453125 0.4694444440104167 0.85546875 0.46527777734375 0.9578125000000001 0.4694444440104167 0.9703125 0.4680555559895833 0.9703125 0.46388888932291666 0.84765625 0.46249999999999997 0.83203125 0.47361111067708334 0.81640625 0.49722222265625 0.80703125 0.5236111106770833 0.8039062499999999 0.5430555559895833 0.803125 0.58472222265625 0.80703125 0.6083333333333333 0.8140625 0.6305555559895833 0.8367187500000001 0.6625 0.85703125 0.67222222265625 0.9695312500000001 0.6749999999999999 0.9695312500000001 0.6708333333333334 0.85703125 0.6666666666666666 0.84140625 0.6583333333333333 0.8265625 0.6430555559895833