1 0.77890625 0.6180555559895834 0.7796875 0.6194444440104167 0.7828125 0.6194444440104167 0.78359375 0.61527777734375 0.7828125 0.6124999999999999 0.7820312500000001 0.6111111106770833 0.7796875 0.6111111106770833 0.77890625 0.6124999999999999 0.77890625 0.6180555559895834
3 0.7044270833333334 0.4622395833333333 0.7096354166666666 0.4661458333333333 0.7096354166666666 0.4778645833333333 0.7044270833333334 0.48828125 0.6953125 0.484375 0.69140625 0.4765625 0.6953125 0.47265625 0.6979166666666666 0.46484375 0.703125 0.4622395833333333
3 0.7838541666666666 0.6640625 0.7916666666666666 0.6731770833333334 0.7903645833333334 0.6809895833333334 0.7864583333333334 0.68359375 0.7799479166666666 0.6809895833333334 0.7799479166666666 0.6666666666666666 0.7825520833333334 0.6653645833333334
3 0.9544270833333334 0.5794270833333334 0.9583333333333334 0.58203125 0.9609375 0.5924479166666666 0.9583333333333334 0.5963541666666666 0.9505208333333334 0.6002604166666666 0.94140625 0.59375 0.94140625 0.58203125 0.9427083333333334 0.5807291666666666 0.9466145833333334 0.5833333333333334 0.953125 0.5794270833333334
3 0.8385416666666666 0.8463541666666666 0.8502604166666666 0.8606770833333334 0.8489583333333334 0.8684895833333334 0.8424479166666666 0.87109375 0.8385416666666666 0.8697916666666666 0.8385416666666666 0.84765625
3 0.5182291666666666 0.5403645833333334 0.5208333333333334 0.5416666666666666 0.5221354166666666 0.5481770833333334 0.5234375 0.5690104166666666 0.5234375 0.578125 0.5221354166666666 0.5807291666666666 0.51953125 0.5807291666666666 0.5143229166666666 0.5677083333333334 0.5143229166666666 0.546875 0.5182291666666666 0.5416666666666666
3 0.85546875 0.5572916666666666 0.8606770833333334 0.5651041666666666 0.8606770833333334 0.5716145833333334 0.85546875 0.5768229166666666 0.84765625 0.57421875 0.84375 0.5598958333333334 0.8450520833333334 0.5572916666666666 0.8541666666666666 0.5572916666666666
3 0.15234375 0.4752604166666667 0.15885416666666666 0.4752604166666667 0.16536458333333334 0.4791666666666667 0.16536458333333334 0.48828125 0.16276041666666666 0.4921875 0.15885416666666666 0.4921875 0.15104166666666666 0.4869791666666667 0.15234375 0.4765625
3 0.7156250000000001 0.5486111106770833 0.71484375 0.5499999999999999 0.71484375 0.5569444440104167 0.71640625 0.55972222265625 0.71875 0.55972222265625 0.7203125 0.5583333333333333 0.7234375000000001 0.55277777734375 0.7218749999999999 0.5486111106770833 0.7195312500000001 0.54722222265625 0.71875 0.5486111106770833 0.7156250000000001 0.5486111106770833
3 0.70703125 0.5513888893229166 0.7046875 0.5513888893229166 0.703125 0.55277777734375 0.7023437499999999 0.5569444440104167 0.703125 0.55972222265625 0.7046875 0.5611111106770833 0.7101562499999999 0.5611111106770833 0.7109375 0.55972222265625 0.71328125 0.55972222265625 0.71328125 0.5513888893229166 0.7117187500000001 0.5499999999999999 0.7078125000000001 0.5499999999999999 0.70703125 0.5513888893229166
3 0.6179687500000001 0.7458333333333332 0.6164062499999999 0.74722222265625 0.615625 0.7513888893229167 0.61875 0.7555555559895833 0.61953125 0.7555555559895833 0.62265625 0.7666666666666666 0.6234375 0.7666666666666666 0.6265625 0.7625000000000001 0.6265625 0.7555555559895833 0.62265625 0.74722222265625 0.62109375 0.7458333333333332 0.6179687500000001 0.7458333333333332
3 0.81875 0.93472222265625 0.8203125 0.92777777734375 0.81796875 0.92222222265625 0.8156249999999999 0.9208333333333334 0.8117187499999999 0.9208333333333334 0.81015625 0.9180555559895834 0.80703125 0.9152777773437499 0.80625 0.9166666666666666 0.80625 0.92222222265625 0.80703125 0.9236111106770833 0.8078124999999999 0.9319444440104167 0.81015625 0.9375 0.81015625 0.9388888893229167 0.8132812500000001 0.9416666666666668 0.8156249999999999 0.9375 0.8171875000000001 0.9375 0.81875 0.93472222265625
3 0.39375 0.24166666666666667 0.39296875000000003 0.23750000000000002 0.390625 0.2333333333333333 0.38906250000000003 0.2333333333333333 0.38671875 0.23611111067708335 0.3859375 0.2430555559895833 0.38671875 0.24722222265625002 0.38906250000000003 0.25138888932291664 0.38984375 0.25694444401041666 0.390625 0.25833333333333336 0.39375 0.25833333333333336 0.39609374999999997 0.25416666666666665 0.39687500000000003 0.25416666666666665 0.39609374999999997 0.24722222265625002 0.39375 0.24166666666666667
2 0.4739583333333333 0.1328125 0.4765625 0.1328125 0.4778645833333333 0.14973958333333334 0.4752604166666667 0.24609375 0.4739583333333333 0.640625 0.4713541666666667 0.6484375 0.4700520833333333 0.9283854166666666 0.4674479166666667 0.9609375 0.46484375 0.9427083333333334 0.4674479166666667 0.90625 0.4661458333333333 0.8697916666666666 0.4700520833333333 0.65625 0.46875 0.6236979166666666 0.4713541666666667 0.5989583333333334 0.4739583333333333 0.13411458333333334
0 0 0.6361111106770834 0.09218749999999999 0.6375000000000001 0.109375 0.6263888893229167 0.12734375 0.6 0.13749999999999998 0.5680555559895833 0.140625 0.5208333333333334 0.13749999999999998 0.49583333333333335 0.1265625 0.4611111106770833 0.1125 0.44027777734375 0.09218749999999999 0.42638888932291663 0.017968750000000002 0.42222222265625 0 0.42222222265625 0 0.42638888932291663 0.08828124999999999 0.43055555598958334 0.10546875 0.44027777734375 0.11640625 0.45277777734375 0.12812500000000002 0.4763888893229167 0.13515625 0.5055555559895833 0.13671875 0.5458333333333333 0.13515625 0.5638888893229167 0.12578124999999998 0.5930555559895833 0.09921875000000001 0.6291666666666667 0 0.6305555559895833 0 0.6361111106770834
0 0.8125 0.6138888893229166 0.8046875 0.5736111106770834 0.8046875 0.55277777734375 0.80859375 0.5208333333333334 0.81484375 0.50277777734375 0.8296875 0.4763888893229167 0.8445312500000001 0.46388888932291666 0.8585937499999999 0.45972222265625 0.9695312500000001 0.46388888932291666 0.9703125 0.4583333333333333 0.88828125 0.45416666666666666 0.8429687499999999 0.4583333333333333 0.83046875 0.4680555559895833 0.81640625 0.48888888932291663 0.8078124999999999 0.50972222265625 0.803125 0.5333333333333333 0.80234375 0.5819444440104167 0.80703125 0.6083333333333333 0.8210937500000001 0.64027777734375 0.8421875 0.6625 0.86875 0.6680555559895834 0.9625 0.6708333333333334 0.9601562499999999 0.6666666666666666 0.8445312500000001 0.6583333333333333 0.828125 0.6430555559895833 0.8125 0.6138888893229166