1 0.2859375 0.4291666666666667 0.28671874999999997 0.42777777734375005 0.28671874999999997 0.4236111106770833 0.2859375 0.42222222265625 0.28281249999999997 0.42222222265625 0.28203125 0.425 0.28281249999999997 0.42777777734375005 0.2859375 0.4291666666666667
0 0 0.4166666666666667 0.053385416666666664 0.4166666666666667 0.0546875 0.4192708333333333 0.08854166666666667 0.4192708333333333 0.10286458333333333 0.421875 0.11328125 0.4270833333333333 0.12369791666666667 0.4375 0.13541666666666666 0.4557291666666667 0.14322916666666666 0.4765625 0.14322916666666666 0.4830729166666667 0.14583333333333334 0.4856770833333333 0.14973958333333334 0.515625 0.14713541666666666 0.5598958333333334 0.14322916666666666 0.5690104166666666 0.14192708333333334 0.5794270833333334 0.13020833333333334 0.6028645833333334 0.13020833333333334 0.6067708333333334 0.109375 0.6276041666666666 0.09114583333333333 0.6328125 0 0.62890625 0 0.6223958333333334 0.09895833333333333 0.625 0.11197916666666667 0.6184895833333334 0.12109375 0.609375 0.13541666666666666 0.5859375 0.13671875 0.5768229166666666 0.14322916666666666 0.5611979166666666 0.14583333333333334 0.5364583333333334 0.14453125 0.4986979166666667 0.13932291666666666 0.4765625 0.13151041666666666 0.45703125 0.11458333333333333 0.4348958333333333 0.09635416666666667 0.42578125 0.006510416666666667 0.4231770833333333 0 0.421875 0 0.41796875
0 0.9674479166666666 0.4505208333333333 0.9765625 0.4518229166666667 0.9778645833333334 0.4544270833333333 0.9752604166666666 0.4557291666666667 0.8619791666666666 0.453125 0.8515625 0.45703125 0.8346354166666666 0.47265625 0.8268229166666666 0.484375 0.8151041666666666 0.5143229166666666 0.8111979166666666 0.5377604166666666 0.8111979166666666 0.5677083333333334 0.8190104166666666 0.6067708333333334 0.8307291666666666 0.6302083333333334 0.84765625 0.6484375 0.86328125 0.6549479166666666 0.96875 0.6588541666666666 0.9752604166666666 0.6614583333333334 0.9674479166666666 0.6640625 0.875 0.6614583333333334 0.8567708333333334 0.6588541666666666 0.84765625 0.6549479166666666 0.8385416666666666 0.6484375 0.8385416666666666 0.6458333333333334 0.82421875 0.62890625 0.82421875 0.625 0.8151041666666666 0.6067708333333334 0.80859375 0.5729166666666666 0.80859375 0.5390625 0.81640625 0.4986979166666667 0.82421875 0.4830729166666667 0.82421875 0.4791666666666667 0.84375 0.4557291666666667 0.85546875 0.44921875 0.8658854166666666 0.4479166666666667 0.9661458333333334 0.4505208333333333
2 0.48046875 0.4036458333333333 0.4817708333333333 0.57421875 0.4778645833333333 0.5807291666666666 0.4778645833333333 0.5963541666666666 0.4817708333333333 0.6015625 0.4817708333333333 0.6067708333333334 0.4791666666666667 0.625 0.48046875 0.6328125 0.4778645833333333 0.7018229166666666 0.4791666666666667 0.7213541666666666 0.4765625 0.80859375 0.4765625 0.9244791666666666 0.4752604166666667 0.9505208333333334 0.47265625 0.9505208333333334 0.4778645833333333 0.5924479166666666 0.4765625 0.5690104166666666 0.4791666666666667 0.4973958333333333 0.4778645833333333 0.45703125 0.48046875 0.4049479166666667
3 0.5716145833333334 0.53515625 0.5703125 0.51953125 0.57421875 0.5143229166666666 0.578125 0.5143229166666666 0.5794270833333334 0.5338541666666666 0.57421875 0.5364583333333334 0.5729166666666666 0.53515625
3 0.4869791666666667 0.5755208333333334 0.4908854166666667 0.5794270833333334 0.4895833333333333 0.5950520833333334 0.484375 0.5950520833333334 0.4791666666666667 0.58203125 0.48046875 0.5768229166666666 0.4856770833333333 0.5755208333333334
3 0.4244791666666667 0.22526041666666666 0.41796875 0.21484375 0.4244791666666667 0.20442708333333334 0.4270833333333333 0.20572916666666666 0.4283854166666667 0.21744791666666666 0.4283854166666667 0.22526041666666666 0.42578125 0.22526041666666666
3 0.21484375 0.6223958333333334 0.22395833333333334 0.62109375 0.22526041666666666 0.6263020833333334 0.22916666666666666 0.6302083333333334 0.22526041666666666 0.6380208333333334 0.22005208333333334 0.63671875 0.21354166666666666 0.6302083333333334 0.21484375 0.6236979166666666
3 0.3645833333333333 0.55859375 0.3723958333333333 0.5677083333333334 0.3697916666666667 0.5755208333333334 0.3658854166666667 0.5768229166666666 0.359375 0.5690104166666666 0.359375 0.5611979166666666 0.36328125 0.55859375
3 0.2721354166666667 0.3606770833333333 0.2708333333333333 0.3723958333333333 0.2721354166666667 0.3802083333333333 0.2760416666666667 0.3854166666666667 0.2760416666666667 0.4075520833333333 0.2721354166666667 0.4075520833333333 0.26953125 0.4049479166666667 0.2682291666666667 0.3828125 0.2604166666666667 0.3763020833333333 0.26171875 0.3671875 0.2708333333333333 0.3606770833333333
3 0.4713541666666667 0.37890625 0.4752604166666667 0.3893229166666667 0.4739583333333333 0.3971354166666667 0.4713541666666667 0.3984375 0.46484375 0.3893229166666667 0.46484375 0.3841145833333333 0.4700520833333333 0.37890625
3 0.3834635416666667 0.4127604166666667 0.011067708333333334 0.01953125
3 0.4388020833333333 0.7291666666666666 0.4401041666666667 0.7369791666666666 0.4427083333333333 0.7395833333333334 0.4427083333333333 0.7473958333333334 0.4388020833333333 0.7513020833333334 0.43359375 0.74609375 0.43359375 0.73828125 0.4361979166666667 0.7317708333333334 0.4388020833333333 0.73046875
3 0.4140625 0.51171875 0.4127604166666667 0.4947916666666667 0.41796875 0.4895833333333333 0.421875 0.4895833333333333 0.4244791666666667 0.4947916666666667 0.4244791666666667 0.51171875 0.421875 0.5143229166666666 0.4153645833333333 0.51171875
3 0.38671875 0.8502604166666666 0.3815104166666667 0.84765625 0.3841145833333333 0.8294270833333334 0.38671875 0.828125 0.3919270833333333 0.8424479166666666 0.390625 0.84765625 0.3880208333333333 0.8489583333333334
3 0.4947916666666667 0.2565104166666667 0.4973958333333333 0.2565104166666667 0.5026041666666666 0.2630208333333333 0.4986979166666667 0.27734375 0.4947916666666667 0.27734375 0.4947916666666667 0.2578125