1 0.47031249999999997 0.5208333333333334 0.47109375000000003 0.5180555559895833 0.47031249999999997 0.5125000000000001 0.46718750000000003 0.5138888893229167 0.46640624999999997 0.51527777734375 0.46640624999999997 0.5180555559895833 0.46875 0.5208333333333334 0.47031249999999997 0.5208333333333334
0 0.015625 0.4231770833333333 0.09635416666666667 0.42578125 0.10807291666666667 0.4283854166666667 0.12239583333333333 0.4375 0.12369791666666667 0.44140625 0.12760416666666666 0.4440104166666667 0.14583333333333334 0.4778645833333333 0.14713541666666666 0.4895833333333333 0.15104166666666666 0.5 0.15364583333333334 0.53125 0.15104166666666666 0.5638020833333334 0.14583333333333334 0.5846354166666666 0.13671875 0.60546875 0.13020833333333334 0.6158854166666666 0.11979166666666667 0.625 0.11979166666666667 0.6276041666666666 0.10546875 0.6354166666666666 0.09895833333333333 0.63671875 0.0078125 0.6341145833333334 0 0.6328125 0 0.6276041666666666 0.04296875 0.6302083333333334 0.10286458333333333 0.6302083333333334 0.125 0.61328125 0.13151041666666666 0.60546875 0.13671875 0.5911458333333334 0.13932291666666666 0.58984375 0.14453125 0.5677083333333334 0.14713541666666666 0.5651041666666666 0.14973958333333334 0.5442708333333334 0.1484375 0.5065104166666666 0.13932291666666666 0.4713541666666667 0.12760416666666666 0.4518229166666667 0.10677083333333333 0.43359375 0.048177083333333336 0.4296875 0.005208333333333333 0.4309895833333333 0 0.4296875 0 0.4244791666666667 0.014322916666666666 0.4231770833333333
0 0.9739583333333334 0.4557291666666667 0.9739583333333334 0.4609375 0.87109375 0.4596354166666667 0.8697916666666666 0.45703125 0.8619791666666666 0.45703125 0.8606770833333334 0.4596354166666667 0.8515625 0.4609375 0.8333333333333334 0.4752604166666667 0.8190104166666666 0.4986979166666667 0.8190104166666666 0.50390625 0.8151041666666666 0.5104166666666666 0.8111979166666666 0.5260416666666666 0.80859375 0.5533854166666666 0.8098958333333334 0.58203125 0.8151041666666666 0.60546875 0.8255208333333334 0.62890625 0.84375 0.6510416666666666 0.8580729166666666 0.6575520833333334 0.9674479166666666 0.6614583333333334 0.9700520833333334 0.6627604166666666 0.9700520833333334 0.6653645833333334 0.875 0.6640625 0.8541666666666666 0.6614583333333334 0.8411458333333334 0.6549479166666666 0.83203125 0.6471354166666666 0.82421875 0.6354166666666666 0.8125 0.609375 0.8072916666666666 0.5859375 0.8059895833333334 0.5533854166666666 0.80859375 0.5247395833333334 0.81640625 0.49609375 0.828125 0.4739583333333333 0.84765625 0.4557291666666667 0.8541666666666666 0.453125 0.97265625 0.4557291666666667
2 0.4778645833333333 0.4791666666666667 0.4817708333333333 0.48828125 0.4765625 0.8854166666666666 0.4778645833333333 0.92578125 0.4765625 0.9466145833333334 0.4752604166666667 0.9518229166666666 0.47265625 0.94921875 0.4778645833333333 0.48046875
3 0.51171875 0.7135416666666666 0.515625 0.7161458333333334 0.5169270833333334 0.7200520833333334 0.5169270833333334 0.73046875 0.51171875 0.734375 0.51171875 0.71484375
3 0.5611979166666666 0.5559895833333334 0.5651041666666666 0.5559895833333334 0.5677083333333334 0.5598958333333334 0.56640625 0.5703125 0.5625 0.5716145833333334 0.5598958333333334 0.5651041666666666 0.5611979166666666 0.5572916666666666
3 0.5377604166666666 0.2630208333333333 0.5416666666666666 0.2669270833333333 0.5416666666666666 0.2786458333333333 0.5403645833333334 0.2838541666666667 0.5364583333333334 0.28515625 0.5338541666666666 0.2799479166666667 0.5338541666666666 0.2643229166666667 0.5364583333333334 0.2630208333333333
3 0.5052083333333334 0.6197916666666666 0.5052083333333334 0.6380208333333334 0.5 0.6354166666666666 0.4986979166666667 0.6302083333333334 0.5 0.6223958333333334 0.50390625 0.6197916666666666
3 0.4622395833333333 0.23828125 0.46484375 0.25390625 0.4596354166666667 0.26171875 0.453125 0.24609375 0.453125 0.24088541666666666 0.4609375 0.23828125
3 0.421875 0.5833333333333334 0.4270833333333333 0.5911458333333334 0.4270833333333333 0.5989583333333334 0.4244791666666667 0.6015625 0.4205729166666667 0.5989583333333334 0.4192708333333333 0.5885416666666666 0.421875 0.5846354166666666
3 0.4361979166666667 0.40625 0.44140625 0.40625 0.4440104166666667 0.4088541666666667 0.4440104166666667 0.4205729166666667 0.4401041666666667 0.421875 0.4361979166666667 0.4140625 0.4361979166666667 0.4075520833333333
3 0.36328125 0.32421875 0.3697916666666667 0.3229166666666667 0.3723958333333333 0.3268229166666667 0.3723958333333333 0.3385416666666667 0.3697916666666667 0.3411458333333333 0.36328125 0.3359375 0.36328125 0.3255208333333333
3 0.4075520833333333 0.76953125 0.4114583333333333 0.7760416666666666 0.4049479166666667 0.7864583333333334 0.4010416666666667 0.7838541666666666 0.3984375 0.7760416666666666 0.4010416666666667 0.76953125 0.40625 0.76953125
3 0.6640625 0.56640625 0.6666666666666666 0.5807291666666666 0.6640625 0.5989583333333334 0.66015625 0.6002604166666666 0.6575520833333334 0.5924479166666666 0.6575520833333334 0.5794270833333334 0.6627604166666666 0.5729166666666666 0.6627604166666666 0.5677083333333334
3 0.5221354166666666 0.4622395833333333 0.5260416666666666 0.46484375 0.5260416666666666 0.48046875 0.5221354166666666 0.4817708333333333 0.5208333333333334 0.4635416666666667
3 0.48515625 0.44444444401041666 0.48046875 0.4375 0.47578125 0.43888888932291664 0.47265625 0.45555555598958336 0.4765625 0.4611111106770833 0.484375 0.4611111106770833 0.48515625 0.44444444401041666