1 0.30624999999999997 0.2833333333333333 0.30546875 0.27777777734375003 0.3015625 0.2791666666666667 0.3015625 0.28472222265624997 0.30624999999999997 0.2833333333333333
0 0 0.4322916666666667 0.07552083333333333 0.43359375 0.0859375 0.4348958333333333 0.09895833333333333 0.44140625 0.11458333333333333 0.45703125 0.12630208333333334 0.4791666666666667 0.13411458333333334 0.5052083333333334 0.13671875 0.5299479166666666 0.13541666666666666 0.5690104166666666 0.13020833333333334 0.59375 0.12239583333333333 0.61328125 0.10677083333333333 0.6354166666666666 0.08723958333333333 0.6484375 0 0.6471354166666666 0 0.6393229166666666 0.07942708333333333 0.6419270833333334 0.09895833333333333 0.6354166666666666 0.10807291666666667 0.6263020833333334 0.12109375 0.60546875 0.12760416666666666 0.5885416666666666 0.1328125 0.5638020833333334 0.1328125 0.51953125 0.12890625 0.4986979166666667 0.11979166666666667 0.4739583333333333 0.1015625 0.4505208333333333 0.09114583333333333 0.4440104166666667 0.08203125 0.44140625 0.01171875 0.4401041666666667 0 0.4388020833333333 0 0.43359375
0 0.9635416666666666 0.4661458333333333 0.9635416666666666 0.4713541666666667 0.89453125 0.46875 0.8802083333333334 0.4700520833333333 0.8658854166666666 0.4674479166666667 0.8502604166666666 0.4674479166666667 0.83984375 0.4713541666666667 0.8294270833333334 0.4791666666666667 0.8151041666666666 0.4986979166666667 0.8059895833333334 0.5208333333333334 0.7994791666666666 0.55078125 0.7994791666666666 0.5807291666666666 0.8033854166666666 0.6080729166666666 0.8111979166666666 0.6302083333333334 0.8229166666666666 0.6497395833333334 0.83203125 0.6588541666666666 0.8450520833333334 0.6666666666666666 0.8489583333333334 0.6666666666666666 0.8502604166666666 0.6692708333333334 0.9609375 0.6731770833333334 0.9622395833333334 0.6770833333333334 0.9596354166666666 0.6783854166666666 0.8619791666666666 0.67578125 0.84375 0.6731770833333334 0.8359375 0.6692708333333334 0.81640625 0.6497395833333334 0.80078125 0.6119791666666666 0.7994791666666666 0.59375 0.796875 0.5872395833333334 0.796875 0.55078125 0.7994791666666666 0.5455729166666666 0.80078125 0.52734375 0.80859375 0.5026041666666666 0.8229166666666666 0.4791666666666667 0.8346354166666666 0.46875 0.8463541666666666 0.4635416666666667 0.9622395833333334 0.4661458333333333
2 0.4713541666666667 0.140625 0.4739583333333333 0.17317708333333334 0.4713541666666667 0.17838541666666666 0.4713541666666667 0.4713541666666667 0.46484375 0.9661458333333334 0.4622395833333333 0.9674479166666666 0.4609375 0.9401041666666666 0.4635416666666667 0.91796875 0.4622395833333333 0.8736979166666666 0.46484375 0.6015625 0.4674479166666667 0.5729166666666666 0.4700520833333333 0.14192708333333334
3 0.6549479166666666 0.5677083333333334 0.6588541666666666 0.5729166666666666 0.6588541666666666 0.5794270833333334 0.6549479166666666 0.5846354166666666 0.6471354166666666 0.5768229166666666 0.6484375 0.5690104166666666 0.6536458333333334 0.5677083333333334
3 0.5930989583333334 0.3196614583333333 0.0078125 0.01953125
3 0.43359375 0.24088541666666666 0.4309895833333333 0.23046875 0.4322916666666667 0.22265625 0.4361979166666667 0.22265625 0.4388020833333333 0.22786458333333334 0.4388020833333333 0.24088541666666666 0.4348958333333333 0.24088541666666666
3 0.4908854166666667 0.2786458333333333 0.4947916666666667 0.28515625 0.4934895833333333 0.3020833333333333 0.4908854166666667 0.3046875 0.4869791666666667 0.3020833333333333 0.4869791666666667 0.2799479166666667 0.4895833333333333 0.2786458333333333
3 0.328125 0.23177083333333334 0.3294270833333333 0.234375 0.3268229166666667 0.23828125 0.3307291666666667 0.24739583333333334 0.3294270833333333 0.2552083333333333 0.32421875 0.2578125 0.3203125 0.25390625 0.3190104166666667 0.24869791666666666 0.3190104166666667 0.23697916666666666 0.3268229166666667 0.23307291666666666
3 0.609375 0.703125 0.609375 0.7369791666666666 0.60546875 0.734375 0.6041666666666666 0.73046875 0.6041666666666666 0.71484375 0.6002604166666666 0.70703125 0.6015625 0.703125 0.6080729166666666 0.703125
3 0.5494791666666666 0.8697916666666666 0.5520833333333334 0.8723958333333334 0.55078125 0.8971354166666666 0.54296875 0.8997395833333334 0.5390625 0.8880208333333334 0.5481770833333334 0.87109375
3 0.5651041666666666 0.4010416666666667 0.5690104166666666 0.3997395833333333 0.57421875 0.4049479166666667 0.57421875 0.41796875 0.5716145833333334 0.4231770833333333 0.5651041666666666 0.4244791666666667 0.5611979166666666 0.4140625 0.5625 0.4049479166666667 0.5651041666666666 0.40234375
3 0.51171875 0.4713541666666667 0.5169270833333334 0.4765625 0.5169270833333334 0.4856770833333333 0.51171875 0.4895833333333333 0.5104166666666666 0.48828125 0.5104166666666666 0.47265625
3 0.7890625 0.45703125 0.7942708333333334 0.4557291666666667 0.7994791666666666 0.44921875 0.8033854166666666 0.44921875 0.8072916666666666 0.4544270833333333 0.8072916666666666 0.4622395833333333 0.7994791666666666 0.4700520833333333 0.7955729166666666 0.4700520833333333 0.7890625 0.4583333333333333
3 0.70703125 0.3046875 0.7174479166666666 0.3046875 0.7174479166666666 0.3138020833333333 0.7135416666666666 0.32421875 0.7096354166666666 0.3229166666666667 0.70703125 0.3177083333333333 0.7057291666666666 0.3059895833333333
3 0.6510416666666666 0.6393229166666666 0.6536458333333334 0.640625 0.6536458333333334 0.6536458333333334 0.6510416666666666 0.6588541666666666 0.6471354166666666 0.6588541666666666 0.6380208333333334 0.6484375 0.6393229166666666 0.64453125 0.6497395833333334 0.6393229166666666