3 0.5852864583333334 0.24088541666666666 0.006510416666666667 0.020833333333333332
3 0.7467447916666666 0.25 0.01171875 0.022135416666666668
0 1 0.6208333333333333 0.91015625 0.6236111106770833 0.896875 0.6180555559895834 0.884375 0.6055555559895833 0.86953125 0.5805555559895833 0.8609375 0.54722222265625 0.8601562500000001 0.5069444440104166 0.8562500000000001 0.5083333333333333 0.85546875 0.5236111106770833 0.859375 0.5625 0.8742187499999999 0.6 0.8937499999999999 0.62222222265625 0.9226562500000001 0.6291666666666667 1 0.6263888893229167 1 0.6208333333333333
3 0.8736979166666666 0.4752604166666667 0.014322916666666666 0.016927083333333332
3 0.591796875 0.4453125 0.01171875 0.0234375
3 0.5338541666666666 0.458984375 0.005208333333333333 0.014973958333333334
3 0.5677083333333334 0.5338541666666666 0.010416666666666666 0.031901041666666664
3 0.5553385416666666 0.6334635416666666 0.008463541666666666 0.01953125
3 0.6009114583333334 0.7154947916666666 0.014322916666666666 0.01953125
3 0.7044270833333334 0.8352864583333334 0.009114583333333334 0.018229166666666668
3 0.6015625 0.814453125 0.004557291666666667 0.014973958333333334
3 0.5364583333333334 0.8020833333333334 0.015625 0.037760416666666664
3 0.21484375 0.5794270833333334 0.018880208333333332 0.01953125
2 0.5328125 0.8624999999999999 0.5320312500000001 0.8305555559895833 0.52890625 0.8305555559895833 0.5296875 0.8638888893229167 0.5328125 0.8624999999999999
2 0.53359375 0.9444444440104167 0.5328125 0.8666666666666667 0.5296875 0.8694444440104167 0.52890625 0.9249999999999999 0.53359375 0.9444444440104167
2 0.5296875 0.6166666666666667 0.5281250000000001 0.52222222265625 0.52578125 0.49722222265625 0.5265624999999999 0.6208333333333333 0.5296875 0.6166666666666667
0 1 0.4138888893229167 0.9601562499999999 0.4138888893229167 0.90078125 0.41944444401041664 0.884375 0.4319444440104167 0.86953125 0.4569444440104167 0.9070312500000001 0.42222222265625 1 0.4180555559895833 1 0.4138888893229167
2 0.5296875 0.7916666666666666 0.5320312500000001 0.775 0.53125 0.6513888893229166 0.5296875 0.6305555559895833 0.5265624999999999 0.6291666666666667 0.5296875 0.7916666666666666
0 0.1703125 0.46388888932291666 0.15312499999999998 0.4513888893229167 0.029687500000000002 0.45555555598958336 0.029687500000000002 0.45972222265625 0.1484375 0.4569444440104167 0.17265624999999998 0.47500000000000003 0.18515625 0.49722222265625 0.19218749999999998 0.5208333333333334 0.19609374999999998 0.5583333333333333 0.19140625 0.5944444440104167 0.1859375 0.6124999999999999 0.16953125 0.64027777734375 0.1578125 0.65 0.1365625 0.6555555559895833 0.038281249999999996 0.65972222265625 0.03359375 0.6638888893229167 0.12890625 0.6625 0.16171875 0.6541666666666667 0.1859375 0.6236111106770833 0.19765625 0.5875 0.19999999999999998 0.5486111106770833 0.19765625 0.5291666666666667 0.19296875 0.5055555559895833 0.18281250000000002 0.4805555559895833 0.1703125 0.46388888932291666
2 0.52734375 0.49861111067708336 0.525 0.49861111067708336 0.5265624999999999 0.6194444440104167 0.52734375 0.49861111067708336
2 0.5226562499999999 0.26851805598958334 0.52578125 0.27499999999999997 0.5226562499999999 0.28263888932291664 0.5226562499999999 0.37777777734375 0.5242187500000001 0.4375 0.52734375 0.44722222265624995 0.525 0.15 0.521875 0.12638888932291667 0.521875 0.23888888932291666 0.5226562499999999 0.26851805598958334