1 0.15234375 0.6888888893229167 0.1546875 0.6888888893229167 0.15625 0.6861111106770833 0.15625 0.6819444440104167 0.15390625 0.67777777734375 0.15078125 0.6749999999999999 0.15 0.6749999999999999 0.15156250000000002 0.67777777734375 0.15078125 0.6861111106770833 0.15234375 0.6888888893229167
0 0 0.41015625 0.08072916666666667 0.4127604166666667 0.09244791666666667 0.4166666666666667 0.11067708333333333 0.4322916666666667 0.12369791666666667 0.4557291666666667 0.13020833333333334 0.4739583333333333 0.13541666666666666 0.5091145833333334 0.13411458333333334 0.5494791666666666 0.13020833333333334 0.5677083333333334 0.12239583333333333 0.58984375 0.10286458333333333 0.6171875 0.08463541666666667 0.6276041666666666 0.020833333333333332 0.6263020833333334 0.01953125 0.6236979166666666 0.0026041666666666665 0.6236979166666666 0 0.6263020833333334 0 0.6197916666666666 0.07291666666666667 0.6223958333333334 0.08854166666666667 0.6197916666666666 0.09895833333333333 0.61328125 0.11588541666666667 0.5924479166666666 0.12369791666666667 0.5755208333333334 0.13151041666666666 0.54296875 0.1328125 0.515625 0.12760416666666666 0.4765625 0.125 0.4739583333333333 0.12109375 0.4583333333333333 0.10807291666666667 0.4361979166666667 0.09895833333333333 0.4270833333333333 0.08072916666666667 0.4192708333333333 0 0.4153645833333333 0 0.4114583333333333
0 0.8203125 0.4674479166666667 0.83203125 0.4544270833333333 0.83984375 0.44921875 0.8515625 0.4453125 0.9661458333333334 0.44921875 0.9661458333333334 0.453125 0.8723958333333334 0.4505208333333333 0.8515625 0.4505208333333333 0.84375 0.453125 0.83203125 0.4622395833333333 0.8190104166666666 0.4778645833333333 0.8072916666666666 0.5052083333333334 0.8020833333333334 0.5325520833333334 0.8033854166666666 0.58203125 0.8111979166666666 0.609375 0.8255208333333334 0.6341145833333334 0.8411458333333334 0.6484375 0.8515625 0.65234375 0.86328125 0.6536458333333334 0.9635416666666666 0.6575520833333334 0.9635416666666666 0.6614583333333334 0.8515625 0.6575520833333334 0.83203125 0.6484375 0.81640625 0.6302083333333334 0.80859375 0.61328125 0.80078125 0.5859375 0.7994791666666666 0.53125 0.8072916666666666 0.4934895833333333 0.8203125 0.46875
2 0.4739583333333333 0.12109375 0.4700520833333333 0.64453125 0.4674479166666667 0.69140625 0.4661458333333333 0.92578125 0.4635416666666667 0.9505208333333334 0.4622395833333333 0.9049479166666666 0.46484375 0.671875 0.4674479166666667 0.61328125 0.46875 0.2682291666666667 0.4713541666666667 0.2265625 0.4700520833333333 0.19010416666666666 0.47265625 0.12239583333333333
3 0.41796875 0.3606770833333333 0.4231770833333333 0.3684895833333333 0.4205729166666667 0.3815104166666667 0.41796875 0.3828125 0.4153645833333333 0.3776041666666667 0.4140625 0.3658854166666667 0.4166666666666667 0.3619791666666667
3 0.3841145833333333 0.6705729166666666 0.390625 0.6731770833333334 0.3919270833333333 0.6783854166666666 0.3828125 0.6848958333333334 0.37890625 0.6848958333333334 0.3776041666666667 0.6822916666666666 0.3776041666666667 0.6731770833333334 0.3802083333333333 0.6692708333333334 0.3828125 0.6705729166666666
3 0.34765625 0.8046875 0.3515625 0.8046875 0.3541666666666667 0.80859375 0.3528645833333333 0.8229166666666666 0.34765625 0.8255208333333334 0.34375 0.8190104166666666 0.34375 0.8098958333333334 0.34765625 0.8059895833333334
3 0.3763020833333333 0.3528645833333333 0.37890625 0.3541666666666667 0.3828125 0.36328125 0.3815104166666667 0.37890625 0.37890625 0.3815104166666667 0.375 0.3802083333333333 0.3697916666666667 0.3723958333333333 0.3697916666666667 0.359375 0.375 0.3541666666666667
3 0.3346354166666667 0.6315104166666666 0.3385416666666667 0.63671875 0.3411458333333333 0.63671875 0.3411458333333333 0.64453125 0.3385416666666667 0.6497395833333334 0.3346354166666667 0.6497395833333334 0.3294270833333333 0.6419270833333334 0.3307291666666667 0.6328125 0.3333333333333333 0.6315104166666666
3 0.20963541666666666 0.4375 0.21354166666666666 0.4453125 0.22135416666666666 0.44921875 0.22005208333333334 0.4596354166666667 0.21354166666666666 0.4622395833333333 0.2109375 0.4609375 0.20572916666666666 0.4544270833333333 0.20963541666666666 0.4388020833333333
3 0.18229166666666666 0.859375 0.1875 0.8515625 0.19921875 0.8515625 0.20052083333333334 0.859375 0.19661458333333334 0.87109375 0.19270833333333334 0.8684895833333334 0.1875 0.8697916666666666 0.18359375 0.8606770833333334
3 0.4401041666666667 0.5065104166666666 0.4427083333333333 0.5065104166666666 0.4466145833333333 0.5143229166666666 0.4466145833333333 0.51953125 0.4427083333333333 0.5247395833333334 0.4375 0.515625 0.4401041666666667 0.5078125
3 0.23046875 0.22786458333333334 0.22265625 0.21744791666666666 0.22395833333333334 0.2109375 0.22786458333333334 0.2109375 0.23697916666666666 0.22265625 0.23697916666666666 0.2265625 0.23177083333333334 0.22786458333333334
3 0.13932291666666666 0.6666666666666666 0.14322916666666666 0.6666666666666666 0.14583333333333334 0.671875 0.14583333333333334 0.68359375 0.14322916666666666 0.6888020833333334 0.140625 0.6888020833333334 0.13411458333333334 0.6796875 0.13541666666666666 0.671875 0.13932291666666666 0.66796875
3 0.7330729166666666 0.5364583333333334 0.7369791666666666 0.5403645833333334 0.7369791666666666 0.5520833333333334 0.7330729166666666 0.5572916666666666 0.73046875 0.5572916666666666 0.7252604166666666 0.5494791666666666 0.7252604166666666 0.5442708333333334 0.7317708333333334 0.5364583333333334
3 0.029947916666666668 0.5390625 0.045572916666666664 0.5377604166666666 0.046875 0.5520833333333334 0.044270833333333336 0.5598958333333334 0.032552083333333336 0.5546875 0.028645833333333332 0.5481770833333334 0.029947916666666668 0.5403645833333334