1 0.4484375 0.6305555559895833 0.44687499999999997 0.6361111106770834 0.44921875 0.6388888893229167 0.45078124999999997 0.6319444440104166 0.4484375 0.6305555559895833
0 0.47265625 0.4466145833333333 0.4713541666666667 0.4518229166666667 0.4609375 0.453125 0.4544270833333333 0.45703125 0.4401041666666667 0.4739583333333333 0.4283854166666667 0.5 0.4244791666666667 0.5390625 0.4283854166666667 0.5677083333333334 0.4348958333333333 0.5872395833333334 0.4466145833333333 0.60546875 0.4557291666666667 0.61328125 0.46875 0.6184895833333334 0.4817708333333333 0.6171875 0.4934895833333333 0.6106770833333334 0.5104166666666666 0.5872395833333334 0.51171875 0.5794270833333334 0.515625 0.5729166666666666 0.51953125 0.55078125 0.51953125 0.51953125 0.5143229166666666 0.4934895833333333 0.5026041666666666 0.4700520833333333 0.4895833333333333 0.4557291666666667 0.4765625 0.4518229166666667 0.4752604166666667 0.4466145833333333 0.48046875 0.4466145833333333 0.4934895833333333 0.453125 0.5091145833333334 0.47265625 0.5169270833333334 0.4908854166666667 0.5221354166666666 0.5169270833333334 0.5208333333333334 0.56640625 0.5143229166666666 0.5872395833333334 0.5026041666666666 0.6080729166666666 0.4895833333333333 0.6197916666666666 0.4791666666666667 0.6236979166666666 0.4609375 0.6223958333333334 0.44140625 0.6067708333333334 0.4296875 0.5846354166666666 0.421875 0.54296875 0.42578125 0.4986979166666667 0.4283854166666667 0.49609375 0.43359375 0.4765625 0.4453125 0.4583333333333333 0.453125 0.4518229166666667 0.46484375 0.4466145833333333 0.4713541666666667 0.4466145833333333
0 0 0.4127604166666667 0.08463541666666667 0.4140625 0.09635416666666667 0.4166666666666667 0.09765625 0.4192708333333333 0.10807291666666667 0.4244791666666667 0.11848958333333333 0.4348958333333333 0.13020833333333334 0.4544270833333333 0.13802083333333334 0.4778645833333333 0.14192708333333334 0.5 0.14192708333333334 0.5455729166666666 0.13802083333333334 0.56640625 0.13020833333333334 0.58984375 0.11067708333333333 0.6171875 0.09244791666666667 0.6276041666666666 0 0.6263020833333334 0 0.6197916666666666 0.08723958333333333 0.6223958333333334 0.09895833333333333 0.6184895833333334 0.11458333333333333 0.60546875 0.12760416666666666 0.5846354166666666 0.13671875 0.5559895833333334 0.13671875 0.546875 0.13932291666666666 0.54296875 0.13932291666666666 0.5026041666666666 0.13411458333333334 0.4765625 0.12369791666666667 0.4505208333333333 0.10677083333333333 0.4296875 0.09244791666666667 0.421875 0 0.4192708333333333 0 0.4140625
0 0.91796875 0.4440104166666667 0.9635416666666666 0.4453125 0.9674479166666666 0.4466145833333333 0.96875 0.4505208333333333 0.8528645833333334 0.4479166666666667 0.8359375 0.45703125 0.8255208333333334 0.46875 0.8138020833333334 0.4895833333333333 0.8072916666666666 0.51171875 0.8059895833333334 0.5299479166666666 0.8033854166666666 0.5377604166666666 0.8033854166666666 0.5572916666666666 0.8072916666666666 0.5872395833333334 0.8138020833333334 0.6067708333333334 0.8255208333333334 0.6276041666666666 0.83984375 0.6419270833333334 0.8502604166666666 0.6458333333333334 0.8515625 0.6484375 0.9518229166666666 0.65234375 0.9661458333333334 0.6536458333333334 0.9661458333333334 0.6575520833333334 0.8671875 0.6549479166666666 0.84375 0.6510416666666666 0.83203125 0.6419270833333334 0.8203125 0.62890625 0.8125 0.61328125 0.8046875 0.58984375 0.80078125 0.5572916666666666 0.80078125 0.5377604166666666 0.8046875 0.5078125 0.8151041666666666 0.4778645833333333 0.828125 0.45703125 0.8424479166666666 0.4466145833333333 0.8541666666666666 0.4427083333333333 0.9166666666666666 0.4440104166666667
2 0.4739583333333333 0.12239583333333333 0.4765625 0.12239583333333333 0.4778645833333333 0.13671875 0.4739583333333333 0.4309895833333333 0.4752604166666667 0.5026041666666666 0.4739583333333333 0.5078125 0.47265625 0.5052083333333334 0.4713541666666667 0.4505208333333333 0.4739583333333333 0.2734375 0.47265625 0.24088541666666666 0.4752604166666667 0.16927083333333334 0.4739583333333333 0.12369791666666667
3 0.2591145833333333 0.2916666666666667 0.265625 0.2903645833333333 0.2682291666666667 0.296875 0.2682291666666667 0.3138020833333333 0.265625 0.3138020833333333 0.265625 0.3098958333333333 0.2578125 0.3033854166666667 0.2565104166666667 0.2994791666666667 0.2591145833333333 0.29296875
3 0.6197916666666666 0.17578125 0.014322916666666666 0.026692708333333332
3 0.6783854166666666 0.57421875 0.6744791666666666 0.5690104166666666 0.6744791666666666 0.5572916666666666 0.6783854166666666 0.5533854166666666 0.6809895833333334 0.5546875 0.6822916666666666 0.5677083333333334 0.6796875 0.5729166666666666
3 0.3958333333333333 0.8606770833333334 0.3932291666666667 0.8776041666666666 0.38671875 0.8828125 0.3828125 0.8776041666666666 0.3828125 0.8684895833333334 0.3880208333333333 0.8619791666666666 0.39453125 0.8606770833333334
3 0.1953125 0.14583333333333334 0.19921875 0.14583333333333334 0.21223958333333334 0.15885416666666666 0.20963541666666666 0.16536458333333334 0.20572916666666666 0.16536458333333334 0.1953125 0.15885416666666666 0.1953125 0.14713541666666666
3 0.4856770833333333 0.14322916666666666 0.4908854166666667 0.1484375 0.4908854166666667 0.17317708333333334 0.4869791666666667 0.17578125 0.484375 0.17578125 0.48046875 0.17057291666666666 0.4778645833333333 0.15755208333333334 0.4791666666666667 0.14583333333333334 0.484375 0.14322916666666666
3 0.7057291666666666 0.7083333333333334 0.71484375 0.7200520833333334 0.7122395833333334 0.7330729166666666 0.7096354166666666 0.734375 0.70703125 0.7317708333333334 0.7057291666666666 0.7252604166666666 0.703125 0.7239583333333334 0.7057291666666666 0.7096354166666666
3 0.4401041666666667 0.6380208333333334 0.4427083333333333 0.6393229166666666 0.4440104166666667 0.64453125 0.4427083333333333 0.6549479166666666 0.4388020833333333 0.6549479166666666 0.4361979166666667 0.6484375 0.4361979166666667 0.6393229166666666 0.4388020833333333 0.6380208333333334
3 0.09895833333333333 0.4765625 0.09895833333333333 0.4908854166666667 0.08854166666666667 0.4947916666666667 0.08203125 0.4934895833333333 0.08072916666666667 0.484375 0.0859375 0.4778645833333333 0.09375 0.4791666666666667 0.09765625 0.4765625
3 0.8346354166666666 0.5130208333333334 0.8385416666666666 0.515625 0.8411458333333334 0.5260416666666666 0.8385416666666666 0.53515625 0.8346354166666666 0.5377604166666666 0.828125 0.5325520833333334 0.82421875 0.5325520833333334 0.8268229166666666 0.5208333333333334 0.8346354166666666 0.5143229166666666
3 0.4778645833333333 0.5299479166666666 0.4752604166666667 0.52734375 0.4739583333333333 0.51953125 0.4752604166666667 0.5091145833333334 0.4778645833333333 0.5078125 0.4817708333333333 0.515625 0.4817708333333333 0.5247395833333334 0.4791666666666667 0.5286458333333334
3 0.5968749999999999 0.8819444440104167 0.598859375 0.9136583333333334 0.605484375 0.8981125 0.6062500000000001 0.8930555559895833 0.5968749999999999 0.8819444440104167