1 0.53359375 0.5180555559895833 0.5328125 0.5138888893229167 0.5296875 0.5138888893229167 0.5296875 0.5208333333333334 0.53359375 0.5180555559895833
0 0.8736979166666666 0.6119791666666666 0.8880208333333334 0.6276041666666666 0.8997395833333334 0.6315104166666666 0.9986979166666666 0.62890625 0.9986979166666666 0.6341145833333334 0.9361979166666666 0.63671875 0.8919270833333334 0.6354166666666666 0.8802083333333334 0.62890625 0.8684895833333334 0.6158854166666666 0.8567708333333334 0.5950520833333334 0.8489583333333334 0.5690104166666666 0.8463541666666666 0.54296875 0.8489583333333334 0.4947916666666667 0.8567708333333334 0.4700520833333333 0.87109375 0.4453125 0.8802083333333334 0.4348958333333333 0.8958333333333334 0.4270833333333333 0.9609375 0.4244791666666667 0.9986979166666666 0.4244791666666667 0.9986979166666666 0.4309895833333333 0.9700520833333334 0.4296875 0.89453125 0.43359375 0.87109375 0.453125 0.859375 0.4739583333333333 0.8502604166666666 0.5104166666666666 0.8502604166666666 0.5546875 0.859375 0.58984375 0.8723958333333334 0.6119791666666666
0 0.14453125 0.4544270833333333 0.15364583333333334 0.4583333333333333 0.17447916666666666 0.4791666666666667 0.18229166666666666 0.4947916666666667 0.19010416666666666 0.5208333333333334 0.19270833333333334 0.5442708333333334 0.19140625 0.5911458333333334 0.18619791666666666 0.6119791666666666 0.17838541666666666 0.6315104166666666 0.16015625 0.6549479166666666 0.14453125 0.6627604166666666 0.11328125 0.6653645833333334 0.05859375 0.6653645833333334 0.057291666666666664 0.66796875 0.03125 0.6692708333333334 0.028645833333333332 0.66796875 0.028645833333333332 0.6627604166666666 0.14453125 0.6575520833333334 0.15625 0.6510416666666666 0.17578125 0.6263020833333334 0.18359375 0.6080729166666666 0.18880208333333334 0.5885416666666666 0.19140625 0.5533854166666666 0.18489583333333334 0.5130208333333334 0.17578125 0.4908854166666667 0.16536458333333334 0.4752604166666667 0.15104166666666666 0.4635416666666667 0.13671875 0.4596354166666667 0.07291666666666667 0.4622395833333333 0.024739583333333332 0.4609375 0.02734375 0.45703125 0.033854166666666664 0.4557291666666667 0.08463541666666667 0.4557291666666667 0.11979166666666667 0.453125 0.14322916666666666 0.4544270833333333
2 0.5208333333333334 0.4817708333333333 0.5260416666666666 0.9518229166666666 0.5234375 0.9518229166666666 0.5234375 0.9283854166666666 0.5208333333333334 0.92578125 0.5221354166666666 0.875 0.5169270833333334 0.4973958333333333 0.51953125 0.4830729166666667
3 0.4934895833333333 0.7213541666666666 0.4895833333333333 0.7161458333333334 0.4908854166666667 0.7057291666666666 0.4986979166666667 0.7005208333333334 0.4986979166666667 0.7135416666666666 0.4947916666666667 0.7200520833333334
3 0.43359375 0.5729166666666666 0.4322916666666667 0.5598958333333334 0.4348958333333333 0.5559895833333334 0.4388020833333333 0.5598958333333334 0.4388020833333333 0.5677083333333334 0.4348958333333333 0.5729166666666666
3 0.4622395833333333 0.2643229166666667 0.46484375 0.265625 0.4635416666666667 0.2838541666666667 0.4583333333333333 0.2838541666666667 0.4557291666666667 0.2734375 0.45703125 0.2682291666666667 0.4609375 0.265625
3 0.49609375 0.61328125 0.4986979166666667 0.6184895833333334 0.4986979166666667 0.6276041666666666 0.49609375 0.6315104166666666 0.4921875 0.6315104166666666 0.4921875 0.6184895833333334 0.4947916666666667 0.6145833333333334
3 0.57421875 0.5651041666666666 0.5768229166666666 0.5677083333333334 0.5768229166666666 0.5755208333333334 0.5729166666666666 0.5807291666666666 0.5690104166666666 0.5794270833333334 0.5690104166666666 0.5716145833333334 0.5729166666666666 0.56640625
3 0.5559895833333334 0.4270833333333333 0.5546875 0.4114583333333333 0.5572916666666666 0.4088541666666667 0.5611979166666666 0.4088541666666667 0.5638020833333334 0.4114583333333333 0.5625 0.421875 0.5598958333333334 0.4270833333333333 0.5572916666666666 0.4270833333333333
3 0.6276041666666666 0.3463541666666667 0.6328125 0.3515625 0.6328125 0.3580729166666667 0.625 0.36328125 0.6223958333333334 0.36328125 0.6223958333333334 0.3502604166666667 0.6263020833333334 0.3463541666666667
3 0.5924479166666666 0.765625 0.5924479166666666 0.7760416666666666 0.5885416666666666 0.78125 0.5846354166666666 0.77734375 0.5846354166666666 0.7578125 0.5911458333333334 0.765625
3 0.5364583333333334 0.23958333333333334 0.5455729166666666 0.24088541666666666 0.5455729166666666 0.24609375 0.5390625 0.26171875 0.53515625 0.2591145833333333 0.5338541666666666 0.2552083333333333 0.5364583333333334 0.24088541666666666
3 0.4908854166666667 0.484375 0.4934895833333333 0.4947916666666667 0.4908854166666667 0.50390625 0.48828125 0.5052083333333334 0.484375 0.50390625 0.4817708333333333 0.4947916666666667 0.4856770833333333 0.4856770833333333 0.4895833333333333 0.484375
3 0.34375 0.5481770833333334 0.34765625 0.5533854166666666 0.34765625 0.5638020833333334 0.34375 0.5690104166666666 0.33984375 0.5677083333333334 0.3372395833333333 0.5611979166666666 0.3372395833333333 0.5520833333333334 0.3424479166666667 0.5481770833333334
3 0.51796875 0.46388888932291666 0.5242187500000001 0.4611111106770833 0.5265624999999999 0.4569444440104167 0.525 0.44444444401041666 0.5164062500000001 0.44166666666666665 0.51328125 0.45972222265625 0.51796875 0.46388888932291666