1 0.5234375 0.42638888932291663 0.5242187500000001 0.425 0.5242187500000001 0.41944444401041664 0.5234375 0.4180555559895833 0.521875 0.4180555559895833 0.5203125000000001 0.42083333333333334 0.5203125000000001 0.4236111106770833 0.521875 0.42638888932291663 0.5234375 0.42638888932291663
3 0.396484375 0.5703125 0.010416666666666666 0.0234375
3 0.5260416666666666 0.2265625 0.5299479166666666 0.23177083333333334 0.5299479166666666 0.24739583333333334 0.5286458333333334 0.2513020833333333 0.5247395833333334 0.2526041666666667 0.51953125 0.2513020833333333 0.5221354166666666 0.22786458333333334 0.5247395833333334 0.2265625
3 0.58203125 0.453125 0.5872395833333334 0.4296875 0.5911458333333334 0.43359375 0.5911458333333334 0.4427083333333333 0.5885416666666666 0.4505208333333333 0.5833333333333334 0.453125
3 0.2786458333333333 0.716796875 0.014973958333333334 0.022135416666666668
3 0.484375 0.7473958333333334 0.4895833333333333 0.7526041666666666 0.4869791666666667 0.7669270833333334 0.48046875 0.7630208333333334 0.4791666666666667 0.7578125 0.48046875 0.75 0.4830729166666667 0.7486979166666666
3 0.3658854166666667 0.24869791666666666 0.3658854166666667 0.25390625 0.3697916666666667 0.2591145833333333 0.3684895833333333 0.2682291666666667 0.3658854166666667 0.26953125 0.359375 0.2643229166666667 0.3645833333333333 0.25
3 0.4322916666666667 0.5833333333333334 0.4361979166666667 0.59765625 0.4348958333333333 0.609375 0.4322916666666667 0.6119791666666666 0.4296875 0.609375 0.4283854166666667 0.5989583333333334 0.42578125 0.5963541666666666 0.4283854166666667 0.5872395833333334 0.4322916666666667 0.5846354166666666
3 0.4609375 0.5234375 0.4674479166666667 0.5234375 0.4713541666666667 0.5299479166666666 0.4713541666666667 0.5455729166666666 0.4700520833333333 0.5481770833333334 0.46484375 0.5481770833333334 0.4609375 0.5442708333333334 0.4596354166666667 0.5390625 0.4609375 0.5247395833333334
3 0.5768229166666666 0.6848958333333334 0.5833333333333334 0.6901041666666666 0.5833333333333334 0.7005208333333334 0.5794270833333334 0.7096354166666666 0.57421875 0.7018229166666666 0.5716145833333334 0.6927083333333334 0.5729166666666666 0.6875 0.5755208333333334 0.6861979166666666
3 0.5013020833333334 0.3932291666666667 0.5052083333333334 0.39453125 0.5052083333333334 0.4010416666666667 0.5130208333333334 0.4127604166666667 0.5130208333333334 0.4192708333333333 0.5104166666666666 0.4205729166666667 0.50390625 0.41796875 0.4986979166666667 0.41015625 0.5013020833333334 0.39453125
3 0.18619791666666666 0.57421875 0.012369791666666666 0.020833333333333332
3 0.453125 0.8385416666666666 0.453125 0.8645833333333334 0.44921875 0.8671875 0.4440104166666667 0.8580729166666666 0.4440104166666667 0.8515625 0.4518229166666667 0.83984375
2 0.48046875 0.12239583333333333 0.4830729166666667 0.14192708333333334 0.48046875 0.3606770833333333 0.4817708333333333 0.4427083333333333 0.4791666666666667 0.47265625 0.48046875 0.5598958333333334 0.4765625 0.7200520833333334 0.4778645833333333 0.7864583333333334 0.4752604166666667 0.8125 0.4752604166666667 0.9388020833333334 0.4739583333333333 0.953125 0.4713541666666667 0.9505208333333334 0.4739583333333333 0.8111979166666666 0.47265625 0.7552083333333334 0.4765625 0.6276041666666666 0.4752604166666667 0.5716145833333334 0.4791666666666667 0.5533854166666666 0.4765625 0.5481770833333334 0.4752604166666667 0.5286458333333334 0.4778645833333333 0.44140625 0.4765625 0.4166666666666667 0.4791666666666667 0.3307291666666667 0.4778645833333333 0.3059895833333333 0.48046875 0.12369791666666667
0 0 0.62777777734375 0.09609374999999999 0.6305555559895833 0.12109375 0.6124999999999999 0.13671875 0.5861111106770833 0.14531249999999998 0.5499999999999999 0.146875 0.5125000000000001 0.13984375000000002 0.47361111067708334 0.11953124999999999 0.43472222265625 0.09453125 0.4180555559895833 0.0007812499999999999 0.4138888893229167 0 0.42083333333333334 0.09140625000000001 0.4236111106770833 0.11015625 0.43333333333333335 0.125 0.4513888893229167 0.13515625 0.47361111067708334 0.1421875 0.5055555559895833 0.14296875 0.53472222265625 0.1390625 0.55972222265625 0.12578124999999998 0.59722222265625 0.10312500000000001 0.62222222265625 0.09218749999999999 0.6263888893229167 0 0.62222222265625 0 0.62777777734375
0 0.8359375 0.4680555559895833 0.8609375 0.4513888893229167 0.975 0.45277777734375 0.8578125 0.44861111067708337 0.8312499999999999 0.4680555559895833 0.8171875000000001 0.4944444440104167 0.81015625 0.52222222265625 0.81015625 0.5444444440104167 0.8132812500000001 0.5138888893229167 0.82578125 0.48333333333333334 0.8359375 0.4680555559895833
0 0.8468749999999999 0.6541666666666667 0.8679687500000001 0.6611111106770834 0.975 0.6611111106770834 0.86953125 0.6555555559895833 0.84375 0.6458333333333334 0.83046875 0.6305555559895833 0.8171875000000001 0.6013888893229167 0.8109375 0.5694444440104166 0.81015625 0.54722222265625 0.80859375 0.5513888893229166 0.8093750000000001 0.58472222265625 0.81640625 0.6124999999999999 0.8312499999999999 0.64027777734375 0.8468749999999999 0.6541666666666667