1 0.6062500000000001 0.6166666666666667 0.6078125 0.6166666666666667 0.609375 0.6138888893229166 0.609375 0.6083333333333333 0.6062500000000001 0.6083333333333333 0.60546875 0.60972222265625 0.60546875 0.61527777734375 0.6062500000000001 0.6166666666666667
0 0.9986979166666666 0.4140625 0.9986979166666666 0.4205729166666667 0.90625 0.4231770833333333 0.8958333333333334 0.4270833333333333 0.8828125 0.4375 0.87109375 0.4544270833333333 0.86328125 0.4713541666666667 0.8619791666666666 0.4817708333333333 0.8580729166666666 0.4908854166666667 0.8580729166666666 0.5013020833333334 0.85546875 0.5065104166666666 0.85546875 0.5364583333333334 0.8580729166666666 0.5572916666666666 0.8671875 0.5872395833333334 0.8776041666666666 0.6015625 0.87890625 0.6067708333333334 0.8880208333333334 0.6158854166666666 0.9036458333333334 0.6236979166666666 0.9986979166666666 0.62109375 0.9986979166666666 0.6276041666666666 0.9557291666666666 0.6302083333333334 0.90234375 0.6302083333333334 0.8880208333333334 0.6223958333333334 0.8723958333333334 0.60546875 0.8619791666666666 0.5859375 0.8528645833333334 0.546875 0.8515625 0.5182291666666666 0.85546875 0.4869791666666667 0.8606770833333334 0.4674479166666667 0.8684895833333334 0.44921875 0.87109375 0.4479166666666667 0.87890625 0.43359375 0.8919270833333334 0.4231770833333333 0.90625 0.4192708333333333 0.9075520833333334 0.4166666666666667 0.9973958333333334 0.4140625
0 0.140625 0.4479166666666667 0.15885416666666666 0.45703125 0.16796875 0.4674479166666667 0.17447916666666666 0.4765625 0.17447916666666666 0.48046875 0.18229166666666666 0.4934895833333333 0.18619791666666666 0.5065104166666666 0.19140625 0.5364583333333334 0.19140625 0.5729166666666666 0.18229166666666666 0.61328125 0.17057291666666666 0.63671875 0.15885416666666666 0.6497395833333334 0.1484375 0.65625 0.11588541666666667 0.6614583333333334 0.11067708333333333 0.66015625 0.05859375 0.6627604166666666 0.028645833333333332 0.6627604166666666 0.024739583333333332 0.6614583333333334 0.028645833333333332 0.6588541666666666 0.140625 0.6536458333333334 0.15234375 0.6484375 0.16145833333333334 0.6393229166666666 0.171875 0.6263020833333334 0.18489583333333334 0.5924479166666666 0.18880208333333334 0.5677083333333334 0.1875 0.52734375 0.1796875 0.4973958333333333 0.17057291666666666 0.4791666666666667 0.15885416666666666 0.46484375 0.14453125 0.4544270833333333 0.125 0.4518229166666667 0.024739583333333332 0.4557291666666667 0.0234375 0.4518229166666667 0.04296875 0.44921875 0.12890625 0.4466145833333333 0.13932291666666666 0.4479166666666667
2 0.5182291666666666 0.12239583333333333 0.5247395833333334 0.6171875 0.5234375 0.6692708333333334 0.5260416666666666 0.74609375 0.5260416666666666 0.8671875 0.5286458333333334 0.921875 0.52734375 0.9505208333333334 0.5247395833333334 0.9505208333333334 0.5234375 0.9270833333333334 0.5234375 0.7682291666666666 0.51953125 0.6315104166666666 0.5208333333333334 0.5807291666666666 0.5182291666666666 0.46484375 0.51953125 0.4153645833333333 0.5169270833333334 0.3020833333333333 0.5169270833333334 0.12369791666666667
3 0.4140625 0.4075520833333333 0.41796875 0.4075520833333333 0.4205729166666667 0.4166666666666667 0.41796875 0.4283854166666667 0.4140625 0.4283854166666667 0.4114583333333333 0.421875 0.4114583333333333 0.4140625 0.4140625 0.4088541666666667
3 0.5546875 0.24739583333333334 0.5572916666666666 0.25390625 0.5559895833333334 0.2669270833333333 0.5533854166666666 0.2721354166666667 0.5494791666666666 0.265625 0.5494791666666666 0.2552083333333333 0.55078125 0.25 0.5533854166666666 0.24869791666666666
3 0.6041666666666666 0.19661458333333334 0.60546875 0.20442708333333334 0.6028645833333334 0.21354166666666666 0.5989583333333334 0.21744791666666666 0.5950520833333334 0.21354166666666666 0.5963541666666666 0.20442708333333334 0.6028645833333334 0.19791666666666666
3 0.45703125 0.6158854166666666 0.4557291666666667 0.6328125 0.4518229166666667 0.6328125 0.4505208333333333 0.6302083333333334 0.4505208333333333 0.6197916666666666 0.4557291666666667 0.6158854166666666
3 0.5716145833333334 0.3802083333333333 0.5755208333333334 0.3802083333333333 0.5768229166666666 0.3828125 0.5729166666666666 0.3984375 0.5703125 0.3984375 0.5677083333333334 0.38671875 0.5716145833333334 0.3815104166666667
3 0.78515625 0.65625 0.7877604166666666 0.6588541666666666 0.7877604166666666 0.6731770833333334 0.7786458333333334 0.6705729166666666 0.77734375 0.66796875 0.77734375 0.6575520833333334 0.78125 0.6549479166666666 0.7838541666666666 0.65625
3 0.5533854166666666 0.7473958333333334 0.5625 0.7552083333333334 0.5625 0.765625 0.5533854166666666 0.765625 0.5533854166666666 0.7486979166666666
3 0.65625 0.5130208333333334 0.66015625 0.5143229166666666 0.6627604166666666 0.5234375 0.65625 0.5325520833333334 0.6549479166666666 0.546875 0.6497395833333334 0.5520833333333334 0.6484375 0.546875 0.6497395833333334 0.5247395833333334 0.6536458333333334 0.515625 0.65625 0.5143229166666666
3 0.6139322916666666 0.84765625 0.012369791666666666 0.0234375
3 0.75546875 0.46249999999999997 0.75546875 0.4666666666666666 0.7585937500000001 0.4708333333333334 0.7625000000000001 0.4708333333333334 0.765625 0.4680555559895833 0.7664062500000001 0.46249999999999997 0.765625 0.4611111106770833 0.76328125 0.45972222265625 0.76015625 0.45972222265625 0.75546875 0.46249999999999997
3 0.6234375 0.49861111067708336 0.61875 0.5 0.6171875 0.50277777734375 0.6164062499999999 0.50277777734375 0.61484375 0.5083333333333333 0.61484375 0.5138888893229167 0.6164062499999999 0.5166666666666667 0.6164062499999999 0.5180555559895833 0.6218750000000001 0.52222222265625 0.625 0.52222222265625 0.62734375 0.5208333333333334 0.6296875000000001 0.5125000000000001 0.62890625 0.5055555559895833 0.62734375 0.50277777734375 0.62734375 0.5013888893229167 0.6234375 0.49861111067708336
3 0.65390625 0.5986111106770834 0.65390625 0.60277777734375 0.6546875 0.6041666666666666 0.65859375 0.6055555559895833 0.66171875 0.6013888893229167 0.66171875 0.5916666666666667 0.66015625 0.5888888893229166 0.6578125 0.5888888893229166 0.65625 0.59027777734375 0.65390625 0.5986111106770834