3 0.7447916666666666 0.7578125 0.7513020833333334 0.76953125 0.7526041666666666 0.7799479166666666 0.74609375 0.7838541666666666 0.73828125 0.7760416666666666 0.7434895833333334 0.7591145833333334
3 0.7317708333333334 0.5494791666666666 0.7356770833333334 0.5598958333333334 0.7278645833333334 0.5677083333333334 0.72265625 0.55859375 0.72265625 0.55078125 0.73046875 0.5494791666666666
3 0.7083333333333334 0.5859375 0.7122395833333334 0.5885416666666666 0.7122395833333334 0.5989583333333334 0.70703125 0.6028645833333334 0.7018229166666666 0.59765625 0.7018229166666666 0.5911458333333334 0.70703125 0.5859375
3 0.15755208333333334 0.4765625 0.16145833333333334 0.4791666666666667 0.16145833333333334 0.4908854166666667 0.15494791666666666 0.4908854166666667 0.1484375 0.4869791666666667 0.1484375 0.4778645833333333 0.15104166666666666 0.4752604166666667 0.15625 0.4765625
3 0.875 0.8333333333333334 0.8776041666666666 0.8333333333333334 0.8776041666666666 0.8385416666666666 0.8828125 0.8502604166666666 0.8815104166666666 0.8567708333333334 0.8763020833333334 0.8580729166666666 0.8697916666666666 0.85546875 0.8645833333333334 0.84765625 0.8645833333333334 0.8424479166666666 0.8697916666666666 0.8411458333333334 0.875 0.8346354166666666
3 0.5885416666666666 0.78125 0.5924479166666666 0.8190104166666666 0.5885416666666666 0.8190104166666666 0.58203125 0.80078125 0.5846354166666666 0.7864583333333334 0.5872395833333334 0.7825520833333334
3 0.6315104166666666 0.4908854166666667 0.6380208333333334 0.4908854166666667 0.6432291666666666 0.49609375 0.6419270833333334 0.515625 0.6354166666666666 0.5169270833333334 0.62890625 0.5091145833333334 0.62890625 0.4986979166666667 0.6315104166666666 0.4921875
3 0.3932291666666667 0.24739583333333334 0.3958333333333333 0.24739583333333334 0.3997395833333333 0.2578125 0.40234375 0.2825520833333333 0.40234375 0.2903645833333333 0.4010416666666667 0.29296875 0.3984375 0.2903645833333333 0.390625 0.26953125 0.390625 0.2526041666666667 0.3932291666666667 0.24869791666666666
3 0.859375 0.51171875 0.8697916666666666 0.5143229166666666 0.8736979166666666 0.5182291666666666 0.8723958333333334 0.5260416666666666 0.8619791666666666 0.53125 0.859375 0.5299479166666666 0.8580729166666666 0.5221354166666666 0.859375 0.5130208333333334
3 0.9401041666666666 0.625 0.94921875 0.625 0.9596354166666666 0.6328125 0.9583333333333334 0.640625 0.9518229166666666 0.6419270833333334 0.9453125 0.6393229166666666 0.9375 0.6315104166666666 0.9375 0.6276041666666666 0.9401041666666666 0.6263020833333334
3 0.48125 0.6375000000000001 0.48046875 0.6513888893229166 0.4875 0.6638888893229167 0.49062500000000003 0.6513888893229166 0.48593749999999997 0.6333333333333333 0.48125 0.6375000000000001
1 0.8390624999999999 0.9291666666666667 0.83984375 0.9333333333333332 0.8406250000000001 0.93472222265625 0.84375 0.93472222265625 0.8445312500000001 0.9333333333333332 0.84375 0.9263888893229167 0.8429687499999999 0.9249999999999999 0.8406250000000001 0.9249999999999999 0.83984375 0.9263888893229167 0.8390624999999999 0.9291666666666667
3 0.8484375000000001 0.9541666666666666 0.8484375000000001 0.9597222226562501 0.8515625 0.9638888893229166 0.85390625 0.9638888893229166 0.85546875 0.9625 0.8578125 0.9569444440104166 0.8578125 0.9555555559895833 0.85546875 0.95277777734375 0.85 0.95277777734375 0.8484375000000001 0.9541666666666666
2 0.4765625 0.13541666666666666 0.4791666666666667 0.13802083333333334 0.4791666666666667 0.21484375 0.4752604166666667 0.4713541666666667 0.4752604166666667 0.6705729166666666 0.4713541666666667 0.7994791666666666 0.4713541666666667 0.9440104166666666 0.4700520833333333 0.9609375 0.4674479166666667 0.9609375 0.46875 0.7669270833333334 0.4713541666666667 0.72265625 0.4700520833333333 0.67578125 0.47265625 0.6393229166666666 0.4713541666666667 0.5325520833333334 0.4765625 0.13671875
0 0 0.6361111106770834 0.08984375 0.64027777734375 0.10781249999999999 0.6305555559895833 0.12343749999999999 0.6124999999999999 0.1390625 0.57222222265625 0.14296875 0.5388888893229167 0.140625 0.50277777734375 0.12968749999999998 0.46527777734375 0.1125 0.43888888932291664 0.09453125 0.42777777734375005 0.03046875 0.4236111106770833 0 0.4236111106770833 0 0.42777777734375005 0.09296875 0.43333333333333335 0.11562499999999999 0.45 0.12578124999999998 0.4666666666666666 0.13593750000000002 0.5 0.13828125 0.5513888893229166 0.12812500000000002 0.5930555559895833 0.1125 0.6180555559895834 0.0984375 0.6305555559895833 0 0.6291666666666667 0 0.6361111106770834
0 0.821875 0.49305555598958334 0.8445312500000001 0.4666666666666666 0.85390625 0.46249999999999997 0.94296875 0.4666666666666666 0.9734375000000001 0.46249999999999997 0.8718750000000001 0.45555555598958336 0.8453125 0.45972222265625 0.83203125 0.4694444440104167 0.8171875000000001 0.4916666666666667 0.803125 0.5416666666666666 0.80234375 0.5708333333333333 0.80703125 0.6041666666666666 0.8132812500000001 0.625 0.8312499999999999 0.6541666666666667 0.8546874999999999 0.6680555559895834 0.92272734375 0.6708333333333334 0.9290801497395833 0.6670302539062499 0.85390625 0.6625 0.83046875 0.6458333333333334 0.8156249999999999 0.6180555559895834 0.80859375 0.5916666666666667 0.8078124999999999 0.5361111106770834 0.821875 0.49305555598958334