1 0.70078125 0.45416666666666666 0.7023437499999999 0.4569444440104167 0.7039062500000001 0.4569444440104167 0.70546875 0.45416666666666666 0.70546875 0.45277777734375 0.7039062500000001 0.45 0.7023437499999999 0.45 0.70078125 0.45277777734375 0.70078125 0.45416666666666666
0 0.9986979166666666 0.4153645833333333 0.9986979166666666 0.421875 0.90625 0.4244791666666667 0.8919270833333334 0.4296875 0.8828125 0.4375 0.8697916666666666 0.4544270833333333 0.8580729166666666 0.4869791666666667 0.8541666666666666 0.5104166666666666 0.85546875 0.55078125 0.8580729166666666 0.5559895833333334 0.8580729166666666 0.5638020833333334 0.8671875 0.58984375 0.8776041666666666 0.6067708333333334 0.8880208333333334 0.6171875 0.8958333333333334 0.6223958333333334 0.90625 0.625 0.9986979166666666 0.6223958333333334 0.9986979166666666 0.62890625 0.9453125 0.6315104166666666 0.8984375 0.6302083333333334 0.890625 0.6263020833333334 0.8763020833333334 0.61328125 0.8645833333333334 0.5950520833333334 0.8567708333333334 0.5729166666666666 0.8515625 0.5455729166666666 0.8515625 0.5065104166666666 0.8567708333333334 0.4765625 0.86328125 0.4583333333333333 0.8723958333333334 0.4427083333333333 0.8841145833333334 0.4283854166666667 0.89453125 0.421875 0.9036458333333334 0.4192708333333333 0.9205729166666666 0.4192708333333333 0.921875 0.4166666666666667 0.9973958333333334 0.4153645833333333
0 0.14453125 0.44921875 0.15625 0.4557291666666667 0.17447916666666666 0.4765625 0.17447916666666666 0.48046875 0.18229166666666666 0.4947916666666667 0.18359375 0.50390625 0.18619791666666666 0.5065104166666666 0.19140625 0.5377604166666666 0.19140625 0.5729166666666666 0.18229166666666666 0.61328125 0.16796875 0.6393229166666666 0.15885416666666666 0.6497395833333334 0.1484375 0.65625 0.1328125 0.66015625 0.06510416666666667 0.6627604166666666 0.02734375 0.6627604166666666 0.024739583333333332 0.6614583333333334 0.028645833333333332 0.6588541666666666 0.140625 0.6536458333333334 0.15234375 0.6484375 0.1640625 0.63671875 0.171875 0.6263020833333334 0.1796875 0.609375 0.1875 0.5794270833333334 0.18880208333333334 0.5390625 0.18489583333333334 0.5143229166666666 0.18098958333333334 0.5078125 0.1796875 0.4973958333333333 0.16796875 0.4752604166666667 0.15885416666666666 0.46484375 0.14453125 0.4544270833333333 0.09765625 0.453125 0.06640625 0.4557291666666667 0.024739583333333332 0.4557291666666667 0.0234375 0.4518229166666667 0.10677083333333333 0.4479166666666667 0.14322916666666666 0.44921875
2 0.5182291666666666 0.2760416666666667 0.5208333333333334 0.27734375 0.51953125 0.328125 0.5221354166666666 0.375 0.5208333333333334 0.4440104166666667 0.5234375 0.57421875 0.5221354166666666 0.6276041666666666 0.5260416666666666 0.76171875 0.5247395833333334 0.78125 0.52734375 0.9205729166666666 0.52734375 0.94921875 0.5247395833333334 0.9518229166666666 0.5234375 0.9388020833333334 0.5234375 0.8151041666666666 0.51953125 0.6484375 0.5208333333333334 0.58984375 0.5182291666666666 0.5182291666666666 0.51953125 0.47265625 0.5169270833333334 0.4557291666666667 0.5182291666666666 0.27734375
3 0.5794270833333334 0.19921875 0.5846354166666666 0.20442708333333334 0.5807291666666666 0.22135416666666666 0.5768229166666666 0.22135416666666666 0.5755208333333334 0.21484375 0.5794270833333334 0.20052083333333334
3 0.4244791666666667 0.4947916666666667 0.4270833333333333 0.5104166666666666 0.4270833333333333 0.5182291666666666 0.4244791666666667 0.5221354166666666 0.4205729166666667 0.5221354166666666 0.4166666666666667 0.5143229166666666 0.41796875 0.5052083333333334 0.421875 0.5013020833333334 0.4231770833333333 0.49609375
3 0.5078125 0.2565104166666667 0.5104166666666666 0.2565104166666667 0.5143229166666666 0.2643229166666667 0.5104166666666666 0.2760416666666667 0.5065104166666666 0.28125 0.50390625 0.2799479166666667 0.5026041666666666 0.2708333333333333 0.5052083333333334 0.2604166666666667 0.5078125 0.2578125
3 0.5104166666666666 0.578125 0.5104166666666666 0.58984375 0.5065104166666666 0.5989583333333334 0.50390625 0.6015625 0.5 0.5989583333333334 0.5 0.5885416666666666 0.5091145833333334 0.5794270833333334
3 0.62109375 0.41015625 0.6236979166666666 0.4140625 0.6236979166666666 0.421875 0.6184895833333334 0.4296875 0.6145833333333334 0.4270833333333333 0.6145833333333334 0.4114583333333333 0.6197916666666666 0.41015625
3 0.6393229166666666 0.5670572916666666 0.01171875 0.018229166666666668
3 0.5325520833333334 0.3919270833333333 0.5325520833333334 0.3776041666666667 0.53515625 0.3736979166666667 0.5416666666666666 0.3736979166666667 0.5416666666666666 0.3802083333333333 0.5377604166666666 0.3893229166666667 0.5338541666666666 0.3919270833333333
3 0.78671875 0.6416666666666667 0.7859375000000001 0.6305555559895833 0.77890625 0.6236111106770833 0.77578125 0.6444444440104167 0.78671875 0.6416666666666667
3 0.5796875 0.51527777734375 0.5851562499999999 0.5208333333333334 0.5890624999999999 0.5166666666666667 0.5945312500000001 0.5055555559895833 0.5929687499999999 0.4944444440104167 0.58359375 0.49305555598958334 0.5789062500000001 0.5069444440104166 0.5796875 0.51527777734375
3 0.609375 0.8541666666666666 0.6085937499999999 0.8555555559895834 0.6085937499999999 0.86527777734375 0.609375 0.8666666666666667 0.6101562500000001 0.8638888893229167 0.6171875 0.8513888893229167 0.6179687500000001 0.8472222226562499 0.6171875 0.8430555559895834 0.61328125 0.8305555559895833 0.6101562500000001 0.8319444440104166 0.609375 0.8541666666666666
3 0.55619921875 0.7387319440104166 0.56268671875 0.7461083333333334 0.568590625 0.7462486106770833 0.567746875 0.7329680559895834 0.56242734375 0.7285888893229168 0.55619921875 0.7387319440104166
3 0.72890625 0.3833333333333333 0.728125 0.38611111067708337 0.728125 0.39027777734375 0.7273437500000001 0.39166666666666666 0.7273437500000001 0.40138888932291666 0.73046875 0.3986111106770833 0.7335937499999999 0.39305555598958336 0.73828125 0.3888888893229167 0.73984375 0.38611111067708337 0.73984375 0.38472222265624995 0.73828125 0.38194444401041666 0.7351562500000001 0.37916666666666665 0.7312500000000001 0.37916666666666665 0.72890625 0.3833333333333333