1 0.35546875 0.5930555559895833 0.35781250000000003 0.5916666666666667 0.35859375 0.59027777734375 0.35781250000000003 0.58472222265625 0.3546875 0.58472222265625 0.35390625000000003 0.5875 0.3546875 0.5916666666666667 0.35546875 0.5930555559895833
0 0 0.4166666666666667 0.05078125 0.4166666666666667 0.052083333333333336 0.4192708333333333 0.08984375 0.4192708333333333 0.10286458333333333 0.421875 0.11328125 0.4270833333333333 0.13020833333333334 0.4466145833333333 0.13802083333333334 0.4622395833333333 0.14583333333333334 0.4869791666666667 0.14973958333333334 0.51953125 0.14713541666666666 0.55859375 0.13802083333333334 0.58984375 0.12760416666666666 0.609375 0.109375 0.6263020833333334 0.09635416666666667 0.6315104166666666 0 0.62890625 0 0.6223958333333334 0.09114583333333333 0.625 0.10677083333333333 0.62109375 0.11979166666666667 0.6106770833333334 0.13541666666666666 0.5846354166666666 0.14322916666666666 0.5598958333333334 0.14583333333333334 0.5364583333333334 0.14453125 0.5 0.13932291666666666 0.4765625 0.13151041666666666 0.45703125 0.11458333333333333 0.4348958333333333 0.09635416666666667 0.42578125 0.006510416666666667 0.4231770833333333 0 0.421875 0 0.41796875
0 0.90625 0.4479166666666667 0.9713541666666666 0.4505208333333333 0.9739583333333334 0.4518229166666667 0.9739583333333334 0.4544270833333333 0.9309895833333334 0.4557291666666667 0.9049479166666666 0.453125 0.85546875 0.453125 0.8359375 0.4661458333333333 0.8268229166666666 0.4778645833333333 0.8177083333333334 0.49609375 0.8111979166666666 0.5169270833333334 0.8072916666666666 0.5390625 0.8072916666666666 0.5611979166666666 0.8111979166666666 0.58984375 0.8177083333333334 0.6106770833333334 0.8255208333333334 0.6263020833333334 0.8359375 0.6393229166666666 0.8515625 0.6510416666666666 0.859375 0.6536458333333334 0.8997395833333334 0.6536458333333334 0.96875 0.6575520833333334 0.9700520833333334 0.6614583333333334 0.9661458333333334 0.6627604166666666 0.86328125 0.6588541666666666 0.8502604166666666 0.65625 0.8359375 0.6471354166666666 0.828125 0.6380208333333334 0.8125 0.609375 0.8059895833333334 0.57421875 0.8059895833333334 0.5338541666666666 0.8125 0.4986979166666667 0.8151041666666666 0.49609375 0.8203125 0.4791666666666667 0.8359375 0.4583333333333333 0.84765625 0.4505208333333333 0.86328125 0.4466145833333333 0.9049479166666666 0.4479166666666667
2 0.4778645833333333 0.2877604166666667 0.4817708333333333 0.3033854166666667 0.4817708333333333 0.3151041666666667 0.4739583333333333 0.94921875 0.4713541666666667 0.9466145833333334 0.4713541666666667 0.8489583333333334 0.4765625 0.5260416666666666 0.4765625 0.2890625
3 0.3841145833333333 0.5520833333333334 0.3841145833333333 0.5690104166666666 0.3815104166666667 0.5690104166666666 0.3776041666666667 0.5638020833333334 0.3776041666666667 0.5533854166666666 0.3828125 0.5520833333333334
3 0.5247395833333334 0.48828125 0.5286458333333334 0.4921875 0.53125 0.5 0.5299479166666666 0.5065104166666666 0.5260416666666666 0.5078125 0.5221354166666666 0.5052083333333334 0.5221354166666666 0.5 0.51953125 0.49609375 0.51953125 0.4908854166666667 0.5234375 0.48828125
3 0.48828125 0.2734375 0.4908854166666667 0.27734375 0.4895833333333333 0.29296875 0.4869791666666667 0.29296875 0.484375 0.2877604166666667 0.484375 0.2747395833333333 0.4869791666666667 0.2734375
3 0.4609375 0.62109375 0.46484375 0.62109375 0.4700520833333333 0.62890625 0.4700520833333333 0.6354166666666666 0.4674479166666667 0.6393229166666666 0.46484375 0.6393229166666666 0.4609375 0.6328125 0.4609375 0.6223958333333334
3 0.3033854166666667 0.3489583333333333 0.3072916666666667 0.3424479166666667 0.3111979166666667 0.3424479166666667 0.3151041666666667 0.3489583333333333 0.3151041666666667 0.359375 0.3125 0.3606770833333333 0.3046875 0.3502604166666667
3 0.44921875 0.6966145833333334 0.4518229166666667 0.7096354166666666 0.4544270833333333 0.7122395833333334 0.4544270833333333 0.7200520833333334 0.4518229166666667 0.7213541666666666 0.4466145833333333 0.7174479166666666 0.4479166666666667 0.6979166666666666
3 0.44921875 0.46484375 0.4557291666666667 0.4635416666666667 0.4583333333333333 0.4674479166666667 0.4583333333333333 0.484375 0.453125 0.4895833333333333 0.4453125 0.4778645833333333 0.4453125 0.4713541666666667 0.44921875 0.4661458333333333
3 0.3229166666666667 0.6119791666666666 0.3294270833333333 0.6184895833333334 0.3294270833333333 0.6223958333333334 0.3255208333333333 0.6276041666666666 0.31640625 0.6263020833333334 0.31640625 0.6145833333333334 0.3216145833333333 0.6119791666666666
3 0.6106770833333334 0.5208333333333334 0.6145833333333334 0.5208333333333334 0.6171875 0.5299479166666666 0.6158854166666666 0.5403645833333334 0.6106770833333334 0.5403645833333334 0.609375 0.54296875 0.6080729166666666 0.52734375 0.6106770833333334 0.5221354166666666
3 0.3763020833333333 0.70703125 0.3802083333333333 0.7122395833333334 0.3802083333333333 0.7317708333333334 0.375 0.7317708333333334 0.37109375 0.7252604166666666 0.37109375 0.70703125 0.375 0.70703125
3 0.40625 0.4420572916666667 0.011067708333333334 0.020833333333333332
3 0.44921875 0.21744791666666666 0.4583333333333333 0.22786458333333334 0.4596354166666667 0.234375 0.4596354166666667 0.24348958333333334 0.45703125 0.24609375 0.453125 0.24348958333333334 0.4518229166666667 0.234375 0.44921875 0.23177083333333334 0.44921875 0.21875