1 0.14140624999999998 0.9708333333333333 0.1421875 0.9722222226562499 0.14453125 0.9722222226562499 0.14531249999999998 0.9708333333333333 0.14531249999999998 0.9652777773437501 0.14453125 0.9638888893229166 0.14375000000000002 0.9652777773437501 0.14140624999999998 0.9652777773437501 0.14140624999999998 0.9708333333333333
0 0.16874999999999998 0.47361111067708334 0.15312499999999998 0.46249999999999997 0.09921875000000001 0.45972222265625 0.028125 0.46527777734375 0.14609375 0.46388888932291666 0.1625 0.47361111067708334 0.18046874999999998 0.5 0.18359375 0.49861111067708336 0.19140625 0.5305555559895833 0.19218749999999998 0.5916666666666667 0.18515625 0.6208333333333333 0.17109375000000002 0.6458333333333334 0.14296875 0.66527777734375 0.07734375 0.6666666666666666 0.06796875000000001 0.67222222265625 0.14453125 0.6708333333333334 0.16484374999999998 0.65972222265625 0.18359375 0.6333333333333333 0.19296875 0.6055555559895833 0.196875 0.5805555559895833 0.19609374999999998 0.5486111106770833 0.19375 0.5291666666666667 0.18281250000000002 0.4944444440104167 0.16874999999999998 0.47361111067708334
0 1 0.425 0.97890625 0.425 0.8984375 0.4319444440104167 0.8742187499999999 0.4569444440104167 0.865625 0.4861111106770833 0.8679687500000001 0.4875 0.8718750000000001 0.4708333333333334 0.884375 0.45 0.9015624999999999 0.43611111067708336 1 0.43055555598958334 1 0.425
0 1 0.6319444440104166 0.9078125 0.63472222265625 0.8898437499999999 0.6236111106770833 0.86875 0.59027777734375 0.859375 0.54027777734375 0.86171875 0.5069444440104166 0.8578125 0.5083333333333333 0.8562500000000001 0.53472222265625 0.8601562500000001 0.5763888893229167 0.86953125 0.60277777734375 0.88828125 0.6291666666666667 0.90859375 0.64027777734375 1 0.6375000000000001 1 0.6319444440104166
2 0.52890625 0.6069444440104167 0.52734375 0.46249999999999997 0.52109375 0.46388888932291666 0.5265624999999999 0.6305555559895833 0.52890625 0.6069444440104167
2 0.51953125 0.14027777734375 0.5234375 0.4569444440104167 0.5265624999999999 0.4569444440104167 0.52578125 0.3361111106770833 0.5234375 0.15416666666666667 0.5226562499999999 0.14027777734375 0.51953125 0.14027777734375
2 0.52890625 0.9541666666666666 0.5320312500000001 0.9569444440104166 0.5296875 0.64027777734375 0.5242187500000001 0.64027777734375 0.5281250000000001 0.9416666666666668 0.52890625 0.9541666666666666
3 0.44140625 0.4674479166666667 0.4479166666666667 0.4765625 0.4453125 0.48828125 0.44140625 0.4921875 0.4348958333333333 0.4908854166666667 0.43359375 0.47265625 0.4348958333333333 0.4700520833333333 0.4401041666666667 0.46875
3 0.13046875 0.7277777773437499 0.13515625 0.7069444440104166 0.1203125 0.7166666666666667 0.11953124999999999 0.7236111106770834 0.13046875 0.7277777773437499
3 0.061718749999999996 0.6458333333333334 0.06484374999999999 0.64027777734375 0.06406250000000001 0.6319444440104166 0.055468750000000004 0.6333333333333333 0.047656250000000004 0.6430555559895833 0.061718749999999996 0.6458333333333334
3 0.2921875 0.5680555559895833 0.29765625 0.5541666666666667 0.28359375000000003 0.5499999999999999 0.28125 0.5583333333333333 0.2921875 0.5680555559895833
3 0.32109375 0.6263888893229167 0.31093750000000003 0.6305555559895833 0.31640625 0.65 0.32109375 0.6263888893229167
3 0.4609375 0.8250000000000001 0.45468749999999997 0.8166666666666668 0.45234375 0.8180555559895833 0.45156250000000003 0.8430555559895834 0.4609375 0.8250000000000001
3 0.14765625000000002 0.9152777773437499 0.15078125 0.9111111106770834 0.15 0.8986111106770833 0.1546875 0.89027777734375 0.1546875 0.88472222265625 0.15156250000000002 0.88472222265625 0.13828125 0.9013888893229166 0.13984375000000002 0.9083333333333333 0.14765625000000002 0.9152777773437499
3 0.5906250000000001 0.7194444440104166 0.5890624999999999 0.7083333333333334 0.58046875 0.7069444440104166 0.5828125000000001 0.7236111106770834 0.5906250000000001 0.7194444440104166
3 0.8453125 0.49583333333333335 0.8609375 0.4944444440104167 0.86171875 0.4805555559895833 0.8546874999999999 0.4791666666666667 0.8429687499999999 0.4916666666666667 0.8453125 0.49583333333333335
3 0.31093750000000003 0.8166666666666668 0.315625 0.8138888893229167 0.32265625000000003 0.7986111106770833 0.32187499999999997 0.7930555559895834 0.31484375000000003 0.7930555559895834 0.309375 0.7999999999999999 0.31093750000000003 0.8166666666666668
3 0.18359375 0.41527777734375 0.18828124999999998 0.4055555559895833 0.1875 0.39999999999999997 0.17578125 0.39999999999999997 0.17421875 0.4055555559895833 0.18359375 0.41527777734375
3 0.65078125 0.27499999999999997 0.65078125 0.2611111106770833 0.6453125000000001 0.2611111106770833 0.6414062500000001 0.2736111106770833 0.65078125 0.27499999999999997