3 0.7273437500000001 0.5569444440104167 0.7265625 0.5625 0.73984375 0.5625 0.74453125 0.54722222265625 0.7374999999999999 0.5416666666666666 0.7273437500000001 0.5569444440104167
3 0.425 0.5111111106770834 0.42421875000000003 0.5208333333333334 0.42812500000000003 0.5291666666666667 0.43515624999999997 0.52222222265625 0.42812500000000003 0.5083333333333333 0.425 0.5111111106770834
3 0.4171875 0.3555555559895833 0.41484375 0.3513888893229167 0.4109375 0.3541666666666667 0.4109375 0.36527777734375005 0.41484375 0.375 0.41796875 0.37361111067708336 0.4171875 0.3555555559895833
3 0.36640625 0.37777777734375 0.36953125000000003 0.39166666666666666 0.38046874999999997 0.39305555598958336 0.38046874999999997 0.3833333333333333 0.37578125 0.37222222265625 0.36640625 0.37777777734375
3 0.21875 0.4375 0.2171875 0.44861111067708337 0.22734374999999998 0.4583333333333333 0.23671875 0.45 0.2359375 0.44444444401041666 0.21875 0.4375
3 0.17265624999999998 0.6555555559895833 0.178125 0.6486111106770833 0.17656249999999998 0.6416666666666667 0.16796875 0.6361111106770834 0.16171875 0.64027777734375 0.15937500000000002 0.64722222265625 0.1640625 0.6541666666666667 0.17265624999999998 0.6555555559895833
3 0.043750000000000004 0.52222222265625 0.04453125 0.5319444440104167 0.057812499999999996 0.54027777734375 0.0625 0.5166666666666667 0.051562500000000004 0.5236111106770833 0.043750000000000004 0.52222222265625
3 0.20546875 0.8555555559895834 0.20546875 0.8694444440104167 0.2109375 0.8708333333333332 0.21796875000000002 0.86527777734375 0.21953124999999998 0.8527777773437499 0.20546875 0.8555555559895834
3 0.33984375 0.8291666666666666 0.34218750000000003 0.8458333333333333 0.34531249999999997 0.8472222226562499 0.3484375 0.8402777773437501 0.34609375000000003 0.8125 0.34218750000000003 0.8083333333333332 0.33749999999999997 0.8166666666666668 0.33437500000000003 0.8291666666666666 0.33984375 0.8291666666666666
3 0.3359375 0.65972222265625 0.33437500000000003 0.6694444440104167 0.33671875 0.6736111106770833 0.34609375000000003 0.6708333333333334 0.34453125 0.6611111106770834 0.3359375 0.65972222265625
3 0.3484375 0.6416666666666667 0.34531249999999997 0.6319444440104166 0.33828125000000003 0.63472222265625 0.3390625 0.6430555559895833 0.3484375 0.6416666666666667
1 0.19453125000000002 0.5361111106770834 0.1953125 0.5319444440104167 0.19062500000000002 0.5291666666666667 0.18984375 0.5333333333333333 0.19453125000000002 0.5361111106770834
0 0 0.6236111106770833 0.0859375 0.625 0.1125 0.6041666666666666 0.1265625 0.57777777734375 0.134375 0.5458333333333333 0.13515625 0.5041666666666667 0.1265625 0.45972222265625 0.1125 0.43333333333333335 0.090625 0.4138888893229167 0.017968750000000002 0.4083333333333334 0 0.4083333333333334 0 0.4138888893229167 0.0890625 0.41944444401041664 0.10078125 0.42638888932291663 0.12109375 0.4569444440104167 0.12812500000000002 0.47777777734375 0.1328125 0.5083333333333333 0.13125 0.5375 0.12812500000000002 0.55972222265625 0.11796875 0.5861111106770833 0.09453125 0.61527777734375 0.0828125 0.6208333333333333 0 0.6180555559895834 0 0.6236111106770833
0 0.81640625 0.6194444440104167 0.8078124999999999 0.5958333333333333 0.80078125 0.5680555559895833 0.80078125 0.5361111106770834 0.8117187499999999 0.49027777734375005 0.8265625 0.46527777734375 0.8429687499999999 0.45277777734375 0.9656250000000001 0.45416666666666666 0.9656250000000001 0.44861111067708337 0.84375 0.4458333333333333 0.8171875000000001 0.4694444440104167 0.8039062499999999 0.49861111067708336 0.7999999999999999 0.5180555559895833 0.7984375 0.5666666666666667 0.80234375 0.5958333333333333 0.8156249999999999 0.6291666666666667 0.8312499999999999 0.64722222265625 0.85390625 0.6569444440104167 0.9625 0.6611111106770834 0.96328125 0.6541666666666667 0.8562500000000001 0.6513888893229166 0.8296875 0.6388888893229167 0.81640625 0.6194444440104167
2 0.4609375 0.85972222265625 0.46249999999999997 0.9458333333333333 0.46484375 0.9444444440104167 0.46640624999999997 0.9249999999999999 0.46796875 0.8611111106770833 0.4734375 0.125 0.47031249999999997 0.14027777734375 0.46875 0.38472222265624995 0.465625 0.44861111067708337 0.4609375 0.85972222265625