1 0.096875 0.6861111106770833 0.0984375 0.68472222265625 0.09921875000000001 0.6819444440104167 0.0984375 0.67777777734375 0.096875 0.6763888893229167 0.09453125 0.6763888893229167 0.09296875 0.6791666666666667 0.09296875 0.68472222265625 0.09453125 0.6861111106770833 0.096875 0.6861111106770833
0 0 0.4114583333333333 0.08463541666666667 0.4140625 0.09895833333333333 0.421875 0.11067708333333333 0.43359375 0.12369791666666667 0.45703125 0.12760416666666666 0.47265625 0.13020833333333334 0.4752604166666667 0.13541666666666666 0.51171875 0.13411458333333334 0.55078125 0.13020833333333334 0.5690104166666666 0.12760416666666666 0.5716145833333334 0.12369791666666667 0.5872395833333334 0.11328125 0.60546875 0.10026041666666667 0.6197916666666666 0.08333333333333333 0.62890625 0 0.6263020833333334 0 0.62109375 0.08463541666666667 0.6223958333333334 0.09505208333333333 0.6171875 0.10807291666666667 0.60546875 0.109375 0.6002604166666666 0.11979166666666667 0.5859375 0.125 0.5677083333333334 0.12760416666666666 0.5651041666666666 0.13151041666666666 0.54296875 0.13151041666666666 0.5026041666666666 0.12760416666666666 0.4791666666666667 0.11979166666666667 0.45703125 0.10807291666666667 0.4375 0.09895833333333333 0.4283854166666667 0.07942708333333333 0.4192708333333333 0 0.41796875 0 0.4127604166666667
0 0.90234375 0.4466145833333333 0.9635416666666666 0.44921875 0.9661458333333334 0.4505208333333333 0.9661458333333334 0.453125 0.94140625 0.4544270833333333 0.8528645833333334 0.4505208333333333 0.84375 0.453125 0.828125 0.4661458333333333 0.8190104166666666 0.4778645833333333 0.8111979166666666 0.4934895833333333 0.8059895833333334 0.5169270833333334 0.8033854166666666 0.5208333333333334 0.8020833333333334 0.5703125 0.8072916666666666 0.5989583333333334 0.8190104166666666 0.6263020833333334 0.8307291666666666 0.640625 0.8424479166666666 0.6497395833333334 0.8580729166666666 0.6536458333333334 0.9635416666666666 0.6575520833333334 0.9635416666666666 0.6614583333333334 0.9153645833333334 0.6614583333333334 0.8502604166666666 0.6575520833333334 0.8346354166666666 0.6510416666666666 0.82421875 0.640625 0.81640625 0.6302083333333334 0.8072916666666666 0.6106770833333334 0.80078125 0.5872395833333334 0.7994791666666666 0.5338541666666666 0.8046875 0.5026041666666666 0.81640625 0.4739583333333333 0.828125 0.4583333333333333 0.84765625 0.4466145833333333 0.9010416666666666 0.4466145833333333
2 0.4739583333333333 0.12109375 0.4700520833333333 0.6419270833333334 0.4674479166666667 0.6875 0.4661458333333333 0.92578125 0.4635416666666667 0.9505208333333334 0.4635416666666667 0.75390625 0.4674479166666667 0.6145833333333334 0.4661458333333333 0.5260416666666666 0.4700520833333333 0.5130208333333334 0.4674479166666667 0.5078125 0.46875 0.2734375 0.47265625 0.12239583333333333
3 0.42578125 0.3463541666666667 0.4296875 0.3463541666666667 0.43359375 0.3515625 0.4322916666666667 0.3658854166666667 0.4283854166666667 0.3671875 0.42578125 0.359375 0.42578125 0.34765625
3 0.3841145833333333 0.34375 0.014973958333333334 0.029296875
3 0.18359375 0.4322916666666667 0.19010416666666666 0.4322916666666667 0.19661458333333334 0.4401041666666667 0.19791666666666666 0.4466145833333333 0.19661458333333334 0.4505208333333333 0.19270833333333334 0.4505208333333333 0.18880208333333334 0.4440104166666667 0.18229166666666666 0.4453125 0.18098958333333334 0.4401041666666667 0.18359375 0.43359375
3 0.4205729166666667 0.6575520833333334 0.4231770833333333 0.6614583333333334 0.4231770833333333 0.6705729166666666 0.4192708333333333 0.6796875 0.4127604166666667 0.6744791666666666 0.4140625 0.6614583333333334 0.4192708333333333 0.6575520833333334
3 0.4596354166666667 0.4947916666666667 0.4609375 0.5091145833333334 0.4583333333333333 0.515625 0.453125 0.5130208333333334 0.4505208333333333 0.5052083333333334 0.4583333333333333 0.4947916666666667
3 0.22786458333333334 0.2109375 0.23697916666666666 0.22395833333333334 0.23567708333333334 0.23046875 0.23307291666666666 0.23046875 0.22265625 0.21744791666666666 0.22395833333333334 0.21223958333333334 0.2265625 0.2109375
3 0.0859375 0.6627604166666666 0.08984375 0.6627604166666666 0.09244791666666667 0.6705729166666666 0.09895833333333333 0.67578125 0.09895833333333333 0.68359375 0.09505208333333333 0.6888020833333334 0.09244791666666667 0.6888020833333334 0.08203125 0.6770833333333334 0.08203125 0.6705729166666666 0.0859375 0.6640625
3 0.3385416666666667 0.64453125 0.3450520833333333 0.6458333333333334 0.3489583333333333 0.65234375 0.3489583333333333 0.6588541666666666 0.3463541666666667 0.6588541666666666 0.3424479166666667 0.6640625 0.33984375 0.6627604166666666 0.3346354166666667 0.6575520833333334 0.3346354166666667 0.65234375 0.3385416666666667 0.6458333333333334
3 0.7486979166666666 0.5247395833333334 0.7526041666666666 0.5299479166666666 0.7526041666666666 0.5377604166666666 0.7486979166666666 0.5455729166666666 0.74609375 0.5455729166666666 0.734375 0.5325520833333334 0.7473958333333334 0.5247395833333334
3 0.024739583333333332 0.5625 0.02734375 0.5651041666666666 0.032552083333333336 0.5651041666666666 0.033854166666666664 0.5755208333333334 0.036458333333333336 0.578125 0.0234375 0.5794270833333334 0.01953125 0.5755208333333334 0.01953125 0.5677083333333334 0.024739583333333332 0.5638020833333334
3 0.3736979166666667 0.80859375 0.3763020833333333 0.8098958333333334 0.3763020833333333 0.8151041666666666 0.3736979166666667 0.8177083333333334 0.3723958333333333 0.8255208333333334 0.3697916666666667 0.8268229166666666 0.3658854166666667 0.8255208333333334 0.36328125 0.8216145833333334 0.36328125 0.8111979166666666 0.3658854166666667 0.80859375 0.3723958333333333 0.80859375
3 0.17500000000000002 0.8375 0.16718750000000002 0.8444444440104166 0.165625 0.8527777773437499 0.16796875 0.8555555559895834 0.17890625000000002 0.8541666666666666 0.17500000000000002 0.8375