1 0.80625 0.76527777734375 0.80625 0.7611111106770833 0.803125 0.7611111106770833 0.80234375 0.7625000000000001 0.8038984375 0.76927777734375 0.8054687500000001 0.76527777734375 0.80625 0.76527777734375
0 0.14322916666666666 0.4986979166666667 0.14583333333333334 0.5143229166666666 0.14583333333333334 0.5442708333333334 0.14322916666666666 0.55078125 0.14192708333333334 0.5703125 0.13932291666666666 0.57421875 0.13802083333333334 0.5846354166666666 0.12760416666666666 0.6080729166666666 0.11197916666666667 0.6276041666666666 0.09114583333333333 0.63671875 0 0.6328125 0 0.6276041666666666 0.09635416666666667 0.6302083333333334 0.11067708333333333 0.6197916666666666 0.12760416666666666 0.59765625 0.13932291666666666 0.5651041666666666 0.14192708333333334 0.5390625 0.140625 0.5052083333333334 0.14322916666666666 0.5
0 0.9283854166666666 0.45703125 0.9661458333333334 0.4583333333333333 0.9674479166666666 0.4609375 0.9713541666666666 0.4609375 0.9713541666666666 0.46484375 0.9296875 0.46484375 0.8958333333333334 0.4622395833333333 0.8841145833333334 0.4635416666666667 0.859375 0.4609375 0.8424479166666666 0.4674479166666667 0.8294270833333334 0.4791666666666667 0.8177083333333334 0.4986979166666667 0.8138020833333334 0.5130208333333334 0.8111979166666666 0.515625 0.8072916666666666 0.5403645833333334 0.8046875 0.5377604166666666 0.8072916666666666 0.5299479166666666 0.8072916666666666 0.51953125 0.8151041666666666 0.49609375 0.8268229166666666 0.4752604166666667 0.8463541666666666 0.4583333333333333 0.8541666666666666 0.4557291666666667 0.9270833333333334 0.45703125
2 0.4778645833333333 0.13671875 0.48046875 0.13671875 0.4817708333333333 0.16145833333333334 0.4791666666666667 0.20703125 0.4739583333333333 0.8216145833333334 0.4713541666666667 0.87109375 0.4713541666666667 0.95703125 0.46875 0.95703125 0.4674479166666667 0.9401041666666666 0.4700520833333333 0.8515625 0.46875 0.8385416666666666 0.4713541666666667 0.8046875 0.4700520833333333 0.7916666666666666 0.4739583333333333 0.5638020833333334 0.47265625 0.4622395833333333 0.4752604166666667 0.4453125 0.4778645833333333 0.13802083333333334
3 0.6236979166666666 0.7890625 0.6276041666666666 0.7903645833333334 0.6328125 0.78515625 0.6380208333333334 0.7890625 0.6380208333333334 0.81640625 0.6354166666666666 0.82421875 0.6328125 0.8229166666666666 0.6315104166666666 0.8125 0.62890625 0.8033854166666666 0.6236979166666666 0.7955729166666666 0.6236979166666666 0.7903645833333334
3 0.5 0.8072916666666666 0.5052083333333334 0.80859375 0.5078125 0.82421875 0.5078125 0.8385416666666666 0.5052083333333334 0.8424479166666666 0.50390625 0.8411458333333334 0.4986979166666667 0.8151041666666666 0.5 0.80859375
3 0.6484375 0.6067708333333334 0.6536458333333334 0.6080729166666666 0.6510416666666666 0.62109375 0.6510416666666666 0.6484375 0.6471354166666666 0.6471354166666666 0.6471354166666666 0.63671875 0.640625 0.62109375 0.640625 0.6171875 0.6471354166666666 0.6119791666666666 0.6484375 0.6080729166666666
3 0.8893229166666666 0.578125 0.8919270833333334 0.5859375 0.8997395833333334 0.5924479166666666 0.8997395833333334 0.5989583333333334 0.8919270833333334 0.6028645833333334 0.8828125 0.6028645833333334 0.8815104166666666 0.59375 0.88671875 0.58984375 0.8880208333333334 0.5794270833333334
3 0.5149739583333334 0.466796875 0.012369791666666666 0.027994791666666668
3 0.6119791666666666 0.5338541666666666 0.6145833333333334 0.53515625 0.6145833333333334 0.5520833333333334 0.6119791666666666 0.5533854166666666 0.6015625 0.5494791666666666 0.6015625 0.5390625 0.6106770833333334 0.5338541666666666
3 0.3216145833333333 0.26171875 0.3255208333333333 0.2682291666666667 0.3268229166666667 0.27734375 0.32421875 0.2864583333333333 0.31640625 0.27734375 0.31640625 0.26171875 0.3203125 0.26171875
3 0.7760416666666666 0.5625 0.7786458333333334 0.5625 0.7903645833333334 0.5807291666666666 0.7890625 0.59375 0.7799479166666666 0.5872395833333334 0.7799479166666666 0.5794270833333334 0.7760416666666666 0.5729166666666666 0.7760416666666666 0.5638020833333334
3 0.12109375 0.4739583333333333 0.12760416666666666 0.47265625 0.13541666666666666 0.4791666666666667 0.13541666666666666 0.4895833333333333 0.13151041666666666 0.4908854166666667 0.12109375 0.4856770833333333 0.12109375 0.4752604166666667
3 0.7213541666666666 0.3404947916666667 0.016276041666666668 0.024739583333333332
3 0.79158515625 0.5372083333333334 0.80234375 0.5569444440104167 0.8117187499999999 0.5569444440104167 0.8117187499999999 0.54722222265625 0.79158515625 0.5372083333333334
3 0.36640625 0.7305555559895834 0.36640625 0.74027777734375 0.37343750000000003 0.7444444440104167 0.378125 0.7263888893229167 0.36640625 0.7305555559895834