1 0.5593750000000001 0.64722222265625 0.56015625 0.6444444440104167 0.5593750000000001 0.6430555559895833 0.55625 0.6430555559895833 0.5554687500000001 0.6444444440104167 0.5554687500000001 0.64722222265625 0.55703125 0.6486111106770833 0.5593750000000001 0.64722222265625
3 0.6171875 0.2799479166666667 0.62109375 0.2669270833333333 0.62109375 0.2591145833333333 0.6236979166666666 0.2552083333333333 0.6276041666666666 0.2578125 0.62890625 0.2682291666666667 0.6263020833333334 0.2786458333333333 0.6223958333333334 0.28125 0.6184895833333334 0.2799479166666667
3 0.62890625 0.5299479166666666 0.63671875 0.5247395833333334 0.640625 0.5286458333333334 0.640625 0.5377604166666666 0.6380208333333334 0.5442708333333334 0.6328125 0.54296875 0.6328125 0.5390625 0.6276041666666666 0.5325520833333334 0.62890625 0.53125
3 0.4869791666666667 0.3125 0.4908854166666667 0.3190104166666667 0.4908854166666667 0.3307291666666667 0.48828125 0.3359375 0.4856770833333333 0.3346354166666667 0.484375 0.3151041666666667 0.4869791666666667 0.3138020833333333
3 0.56640625 0.6276041666666666 0.5716145833333334 0.6276041666666666 0.5729166666666666 0.6302083333333334 0.5716145833333334 0.6471354166666666 0.5677083333333334 0.6484375 0.5651041666666666 0.64453125 0.5625 0.64453125 0.5598958333333334 0.6484375 0.5559895833333334 0.6484375 0.5559895833333334 0.6432291666666666 0.5651041666666666 0.6354166666666666 0.56640625 0.62890625
3 0.3958333333333333 0.33984375 0.4010416666666667 0.3450520833333333 0.4010416666666667 0.3684895833333333 0.3971354166666667 0.3684895833333333 0.390625 0.35546875 0.390625 0.3424479166666667 0.39453125 0.33984375
3 0.44140625 0.5442708333333334 0.4453125 0.5442708333333334 0.4479166666666667 0.55078125 0.4479166666666667 0.55859375 0.4401041666666667 0.55859375 0.44140625 0.5455729166666666
3 0.51953125 0.6940104166666666 0.5221354166666666 0.6953125 0.5234375 0.7018229166666666 0.5234375 0.71484375 0.5221354166666666 0.71875 0.5182291666666666 0.7174479166666666 0.515625 0.7018229166666666 0.51953125 0.6953125
3 0.7591145833333334 0.5559895833333334 0.76171875 0.5598958333333334 0.76171875 0.5651041666666666 0.7565104166666666 0.5768229166666666 0.7552083333333334 0.5859375 0.7486979166666666 0.5846354166666666 0.74609375 0.5677083333333334 0.7486979166666666 0.5638020833333334 0.75 0.5533854166666666 0.7552083333333334 0.5520833333333334 0.7578125 0.5559895833333334
3 0.44921875 0.24348958333333334 0.4557291666666667 0.2421875 0.4544270833333333 0.2630208333333333 0.44921875 0.2591145833333333 0.4479166666666667 0.2552083333333333 0.44921875 0.24479166666666666
3 0.4765625 0.4140625 0.4739583333333333 0.3997395833333333 0.4765625 0.390625 0.48046875 0.3880208333333333 0.4856770833333333 0.3919270833333333 0.4856770833333333 0.41015625 0.4778645833333333 0.4140625
3 0.4609375 0.82421875 0.4635416666666667 0.82421875 0.4635416666666667 0.8268229166666666 0.4661458333333333 0.828125 0.4700520833333333 0.8411458333333334 0.4700520833333333 0.8463541666666666 0.4635416666666667 0.8463541666666666 0.4596354166666667 0.84375 0.4609375 0.8255208333333334
3 0.484375 0.4466145833333333 0.4895833333333333 0.45703125 0.4895833333333333 0.4674479166666667 0.4869791666666667 0.4700520833333333 0.4765625 0.4609375 0.4765625 0.4544270833333333 0.4830729166666667 0.4479166666666667
2 0.4765625 0.4739583333333333 0.4778645833333333 0.6419270833333334 0.4752604166666667 0.69921875 0.4739583333333333 0.9609375 0.4713541666666667 0.9622395833333334 0.4700520833333333 0.93359375 0.47265625 0.8776041666666666 0.4713541666666667 0.8059895833333334 0.4752604166666667 0.4752604166666667
0 0.84140625 0.6625 0.8703124999999999 0.6708333333333334 0.97109375 0.6708333333333334 0.853125 0.6625 0.8421875 0.6569444440104167 0.828125 0.6416666666666667 0.8156249999999999 0.6166666666666667 0.80859375 0.5861111106770833 0.8078124999999999 0.5499999999999999 0.81640625 0.5083333333333333 0.83046875 0.48194444401041664 0.8445312500000001 0.4680555559895833 0.85390625 0.46388888932291666 0.9562499999999999 0.4666666666666666 0.97265625 0.4611111106770833 0.85390625 0.4583333333333333 0.84375 0.46249999999999997 0.83046875 0.47361111067708334 0.8140625 0.5013888893229167 0.8046875 0.5458333333333333 0.8054687500000001 0.5875 0.8140625 0.625 0.8234374999999999 0.6430555559895833 0.84140625 0.6625
0 0.08984375 0.4319444440104167 0.0031249999999999997 0.4291666666666667 0 0.43611111067708336 0.09140625000000001 0.4375 0.11562499999999999 0.45 0.11929209244791666 0.44739229036458333 0.11171874999999999 0.43888888932291664 0.08984375 0.4319444440104167
0 0.1265625 0.45555555598958336 0.11963541666666666 0.44777777734374996 0.121875 0.45972222265625 0.12890625 0.4680555559895833 0.1390625 0.49305555598958334 0.14375000000000002 0.5333333333333333 0.14765625000000002 0.5291666666666667 0.1390625 0.4805555559895833 0.1265625 0.45555555598958336
0 0 0.6416666666666667 0.08203125 0.6444444440104167 0.10781249999999999 0.6388888893229167 0.12734375 0.6194444440104167 0.13749999999999998 0.6 0.14765625000000002 0.5611111106770833 0.1484375 0.54027777734375 0.14375000000000002 0.5375 0.13515625 0.5944444440104167 0.11328125 0.6291666666666667 0.0984375 0.6375000000000001 0 0.63472222265625 0 0.6416666666666667