1 0.6593749999999999 0.3805555559895833 0.66015625 0.38194444401041666 0.6625 0.38194444401041666 0.6632812499999999 0.3805555559895833 0.6632812499999999 0.375 0.6625 0.37361111067708336 0.6609375000000001 0.37361111067708336 0.6593749999999999 0.37638888932291664 0.6593749999999999 0.3805555559895833
2 0.5247395833333334 0.140625 0.5286458333333334 0.3307291666666667 0.52734375 0.4153645833333333 0.5299479166666666 0.4700520833333333 0.5299479166666666 0.5065104166666666 0.5260416666666666 0.515625 0.5299479166666666 0.53125 0.5325520833333334 0.7825520833333334 0.53125 0.81640625 0.5338541666666666 0.8489583333333334 0.53515625 0.9375 0.5338541666666666 0.9674479166666666 0.53125 0.9674479166666666 0.5286458333333334 0.8411458333333334 0.5286458333333334 0.6822916666666666 0.5260416666666666 0.63671875 0.52734375 0.5325520833333334 0.5247395833333334 0.5299479166666666 0.5247395833333334 0.14192708333333334
3 0.3424479166666667 0.5677083333333334 0.3463541666666667 0.5703125 0.34375 0.5846354166666666 0.3385416666666667 0.5846354166666666 0.3346354166666667 0.578125 0.3359375 0.5690104166666666 0.3411458333333333 0.5677083333333334
3 0.5611979166666666 0.23763020833333334 0.009114583333333334 0.022135416666666668
3 0.484375 0.3932291666666667 0.4869791666666667 0.39453125 0.4908854166666667 0.4127604166666667 0.4830729166666667 0.4231770833333333 0.4778645833333333 0.4192708333333333 0.4765625 0.4127604166666667 0.4765625 0.3984375 0.4791666666666667 0.39453125 0.4830729166666667 0.3932291666666667
3 0.4049479166666667 0.6432291666666666 0.40625 0.6484375 0.3971354166666667 0.6640625 0.39453125 0.6588541666666666 0.39453125 0.6458333333333334 0.4036458333333333 0.6432291666666666
3 0.4244791666666667 0.7109375 0.4283854166666667 0.7161458333333334 0.4283854166666667 0.7239583333333334 0.4244791666666667 0.7369791666666666 0.4192708333333333 0.7317708333333334 0.4231770833333333 0.7122395833333334
3 0.53515625 0.5078125 0.53125 0.5026041666666666 0.53125 0.4973958333333333 0.53515625 0.4895833333333333 0.5390625 0.4895833333333333 0.5390625 0.5026041666666666 0.5364583333333334 0.5065104166666666
3 0.22265625 0.4778645833333333 0.2265625 0.4791666666666667 0.23307291666666666 0.4908854166666667 0.2265625 0.4973958333333333 0.21875 0.4947916666666667 0.21744791666666666 0.4869791666666667 0.22265625 0.4791666666666667
3 0.4934895833333333 0.8580729166666666 0.4921875 0.8802083333333334 0.48828125 0.88671875 0.4869791666666667 0.8984375 0.4817708333333333 0.890625 0.48046875 0.8841145833333334 0.484375 0.8697916666666666 0.4921875 0.859375
3 0.3346354166666667 0.265625 0.3424479166666667 0.2734375 0.3359375 0.2903645833333333 0.33203125 0.2890625 0.3294270833333333 0.2721354166666667 0.3307291666666667 0.2669270833333333 0.3333333333333333 0.265625
3 0.6765625000000001 0.37222222265625 0.67578125 0.35972222265625 0.6710937499999999 0.3611111106770833 0.66796875 0.37916666666666665 0.6765625000000001 0.37222222265625
3 0.5617187499999999 0.3333333333333333 0.5609375 0.32083333333333336 0.5554687500000001 0.33055555598958336 0.5578124999999999 0.33749999999999997 0.5617187499999999 0.3333333333333333
3 0.4609375 0.32638888932291665 0.45937500000000003 0.3125 0.45468749999999997 0.31666666666666665 0.45703125 0.33055555598958336 0.4609375 0.32638888932291665
0 1 0.64027777734375 0.9812500000000001 0.6388888893229167 0.9054687499999999 0.64027777734375 0.8875000000000001 0.625 0.8742187499999999 0.6013888893229167 0.86484375 0.5694444440104166 0.86328125 0.54722222265625 0.86484375 0.5138888893229167 0.87109375 0.49027777734375005 0.8914062500000001 0.45416666666666666 0.9109375000000001 0.44166666666666665 1 0.43888888932291664 0.9984375 0.4319444440104167 0.9109375000000001 0.43611111067708336 0.896875 0.44166666666666665 0.8835937500000001 0.45555555598958336 0.86875 0.48333333333333334 0.859375 0.5263888893229166 0.8601562500000001 0.5638888893229167 0.8734375 0.6124999999999999 0.8921875 0.6375000000000001 0.91015625 0.64722222265625 1 0.6458333333333334 1 0.64027777734375
0 0.171875 0.4763888893229167 0.15625 0.46527777734375 0.032031250000000004 0.4666666666666666 0.0375 0.4708333333333334 0.15546875000000002 0.4708333333333334 0.17265624999999998 0.48472222265625 0.18828124999999998 0.5125000000000001 0.19765625 0.56527777734375 0.1953125 0.5958333333333333 0.1875 0.6263888893229167 0.1703125 0.6555555559895833 0.15937500000000002 0.6638888893229167 0.13515625 0.6694444440104167 0.05078125 0.67222222265625 0.0390625 0.6736111106770833 0.038281249999999996 0.67777777734375 0.140625 0.6763888893229167 0.1640625 0.6680555559895834 0.18203125 0.64722222265625 0.19609374999999998 0.6124999999999999 0.19999999999999998 0.59027777734375 0.19999999999999998 0.5458333333333333 0.19453125000000002 0.5180555559895833 0.1859375 0.49722222265625 0.171875 0.4763888893229167