1 0.42734374999999997 0.4458333333333333 0.42812500000000003 0.44722222265624995 0.4328125 0.44722222265624995 0.43359375 0.4458333333333333 0.43359375 0.44166666666666665 0.4328125 0.43888888932291664 0.42890625 0.43888888932291664 0.42734374999999997 0.4430555559895833 0.42734374999999997 0.4458333333333333
0 0.9778645833333334 0.4166666666666667 0.9986979166666666 0.4166666666666667 0.9986979166666666 0.4231770833333333 0.9088541666666666 0.42578125 0.8919270833333334 0.4322916666666667 0.8736979166666666 0.453125 0.86328125 0.4752604166666667 0.85546875 0.5143229166666666 0.85546875 0.5377604166666666 0.859375 0.56640625 0.8619791666666666 0.5690104166666666 0.8671875 0.58984375 0.87890625 0.609375 0.9010416666666666 0.6276041666666666 0.93359375 0.62890625 0.9986979166666666 0.625 0.9986979166666666 0.6315104166666666 0.9466145833333334 0.6341145833333334 0.90234375 0.6341145833333334 0.8958333333333334 0.6315104166666666 0.87890625 0.6171875 0.8645833333333334 0.5950520833333334 0.8567708333333334 0.5716145833333334 0.85546875 0.5546875 0.8528645833333334 0.5481770833333334 0.8528645833333334 0.5091145833333334 0.85546875 0.50390625 0.8567708333333334 0.4856770833333333 0.8671875 0.4557291666666667 0.87890625 0.4375 0.8854166666666666 0.4309895833333333 0.90234375 0.421875 0.9778645833333334 0.41796875
0 0.13671875 0.4505208333333333 0.15494791666666666 0.4583333333333333 0.16666666666666666 0.4713541666666667 0.17838541666666666 0.4921875 0.18619791666666666 0.5169270833333334 0.19010416666666666 0.546875 0.19010416666666666 0.5677083333333334 0.18619791666666666 0.59765625 0.17578125 0.6276041666666666 0.16276041666666666 0.6484375 0.14322916666666666 0.6614583333333334 0.09505208333333333 0.6653645833333334 0.036458333333333336 0.6653645833333334 0.03515625 0.66796875 0.0234375 0.6653645833333334 0.0234375 0.6627604166666666 0.03515625 0.6614583333333334 0.13932291666666666 0.6575520833333334 0.15494791666666666 0.6484375 0.171875 0.6263020833333334 0.18359375 0.59375 0.1875 0.5572916666666666 0.18359375 0.51953125 0.1796875 0.5065104166666666 0.171875 0.48828125 0.16145833333333334 0.47265625 0.15494791666666666 0.4661458333333333 0.13671875 0.4557291666666667 0.0625 0.45703125 0.061197916666666664 0.4596354166666667 0.020833333333333332 0.4596354166666667 0.01953125 0.45703125 0.020833333333333332 0.453125 0.13541666666666666 0.4505208333333333
2 0.515625 0.125 0.5182291666666666 0.125 0.5208333333333334 0.3489583333333333 0.51953125 0.3723958333333333 0.5221354166666666 0.40234375 0.5208333333333334 0.4440104166666667 0.5234375 0.5338541666666666 0.5182291666666666 0.5638020833333334 0.5221354166666666 0.5677083333333334 0.5234375 0.6080729166666666 0.5234375 0.7356770833333334 0.5260416666666666 0.8151041666666666 0.5260416666666666 0.953125 0.5247395833333334 0.9544270833333334 0.5234375 0.9453125 0.5234375 0.8359375 0.51953125 0.6536458333333334 0.5208333333333334 0.62890625 0.5182291666666666 0.57421875 0.51953125 0.5143229166666666 0.5169270833333334 0.46484375 0.5182291666666666 0.40625 0.5143229166666666 0.1484375 0.515625 0.12630208333333334
3 0.6015625 0.53515625 0.6041666666666666 0.5377604166666666 0.60546875 0.5455729166666666 0.60546875 0.5533854166666666 0.6015625 0.5598958333333334 0.59765625 0.5611979166666666 0.59765625 0.5494791666666666 0.6015625 0.5364583333333334
3 0.3997395833333333 0.7005208333333334 0.4036458333333333 0.7044270833333334 0.4088541666666667 0.7044270833333334 0.4036458333333333 0.7174479166666666 0.3997395833333333 0.7200520833333334 0.39453125 0.7161458333333334 0.39453125 0.7044270833333334 0.3958333333333333 0.7018229166666666 0.3984375 0.7018229166666666
3 0.54296875 0.8098958333333334 0.5494791666666666 0.8216145833333334 0.5494791666666666 0.8268229166666666 0.5455729166666666 0.83203125 0.5403645833333334 0.828125 0.54296875 0.8111979166666666
3 0.4973958333333333 0.7395833333333334 0.5013020833333334 0.7408854166666666 0.50390625 0.7447916666666666 0.5 0.7721354166666666 0.4934895833333333 0.7747395833333334 0.4934895833333333 0.7526041666666666 0.4973958333333333 0.7408854166666666
3 0.8307291666666666 0.55859375 0.8346354166666666 0.56640625 0.8346354166666666 0.5716145833333334 0.828125 0.5716145833333334 0.82421875 0.5755208333333334 0.82421875 0.58984375 0.8203125 0.5950520833333334 0.8177083333333334 0.5950520833333334 0.8190104166666666 0.5598958333333334 0.8294270833333334 0.55859375
3 0.6341145833333334 0.2526041666666667 0.63671875 0.2526041666666667 0.6432291666666666 0.2604166666666667 0.63671875 0.2747395833333333 0.6354166666666666 0.2942708333333333 0.62890625 0.2981770833333333 0.62890625 0.2591145833333333 0.6341145833333334 0.25390625
3 0.4720052083333333 0.21809895833333334 0.010416666666666666 0.027994791666666668
3 0.5032552083333334 0.412109375 0.010416666666666666 0.0234375
3 0.7161458333333334 0.7317708333333334 0.71875 0.7317708333333334 0.71875 0.7369791666666666 0.7239583333333334 0.7434895833333334 0.72265625 0.7513020833333334 0.7161458333333334 0.7552083333333334 0.7109375 0.7526041666666666 0.7109375 0.7434895833333334 0.71484375 0.7395833333333334 0.7161458333333334 0.7330729166666666
3 0.56640625 0.58984375 0.5703125 0.5911458333333334 0.5729166666666666 0.5989583333333334 0.5729166666666666 0.6080729166666666 0.5703125 0.6119791666666666 0.5638020833333334 0.6119791666666666 0.5638020833333334 0.6002604166666666 0.56640625 0.5911458333333334
3 0.4153645833333333 0.4375 0.41796875 0.4375 0.4192708333333333 0.4401041666666667 0.4283854166666667 0.4375 0.4322916666666667 0.4440104166666667 0.4309895833333333 0.4479166666666667 0.42578125 0.44921875 0.421875 0.453125 0.4192708333333333 0.4596354166666667 0.4153645833333333 0.4596354166666667 0.4127604166666667 0.453125 0.4153645833333333 0.4388020833333333
3 0.5286458333333334 0.5260416666666666 0.53515625 0.5247395833333334 0.5377604166666666 0.5299479166666666 0.5377604166666666 0.54296875 0.53125 0.55078125 0.52734375 0.546875 0.5286458333333334 0.52734375