1 0.42343749999999997 0.4430555559895833 0.425 0.44722222265624995 0.4265625 0.44722222265624995 0.42812500000000003 0.44444444401041666 0.42812500000000003 0.44027777734375 0.42734374999999997 0.4375 0.425 0.43611111067708336 0.42343749999999997 0.43888888932291664 0.42343749999999997 0.4430555559895833
0 0.9713541666666666 0.4166666666666667 0.9986979166666666 0.4166666666666667 0.9986979166666666 0.4231770833333333 0.90625 0.42578125 0.8880208333333334 0.4348958333333333 0.8854166666666666 0.4401041666666667 0.87890625 0.4453125 0.86328125 0.4739583333333333 0.8619791666666666 0.484375 0.859375 0.48828125 0.85546875 0.5143229166666666 0.8580729166666666 0.55859375 0.8671875 0.58984375 0.8828125 0.61328125 0.8958333333333334 0.6236979166666666 0.90234375 0.625 0.9036458333333334 0.6276041666666666 0.94140625 0.6276041666666666 0.9427083333333334 0.625 0.9986979166666666 0.6236979166666666 0.9986979166666666 0.6302083333333334 0.9075520833333334 0.6341145833333334 0.890625 0.6276041666666666 0.8763020833333334 0.61328125 0.86328125 0.5911458333333334 0.8567708333333334 0.5716145833333334 0.85546875 0.5546875 0.8528645833333334 0.5481770833333334 0.8528645833333334 0.5091145833333334 0.85546875 0.5026041666666666 0.85546875 0.4908854166666667 0.8645833333333334 0.4609375 0.87890625 0.4375 0.8919270833333334 0.42578125 0.9049479166666666 0.4205729166666667 0.9713541666666666 0.41796875
0 0.15104166666666666 0.4544270833333333 0.17057291666666666 0.4752604166666667 0.17838541666666666 0.4895833333333333 0.18619791666666666 0.5130208333333334 0.1875 0.5299479166666666 0.19010416666666666 0.5364583333333334 0.19010416666666666 0.5768229166666666 0.18229166666666666 0.61328125 0.17447916666666666 0.6315104166666666 0.16276041666666666 0.6458333333333334 0.16276041666666666 0.6484375 0.14713541666666666 0.6588541666666666 0.140625 0.6614583333333334 0.11588541666666667 0.6640625 0.07291666666666667 0.6653645833333334 0.024739583333333332 0.6653645833333334 0.024739583333333332 0.6627604166666666 0.140625 0.65625 0.15494791666666666 0.6484375 0.171875 0.6276041666666666 0.1796875 0.6106770833333334 0.1875 0.5729166666666666 0.1875 0.5377604166666666 0.18359375 0.5143229166666666 0.16796875 0.4791666666666667 0.15494791666666666 0.46484375 0.140625 0.4557291666666667 0.125 0.4544270833333333 0.10416666666666667 0.45703125 0.057291666666666664 0.45703125 0.055989583333333336 0.4596354166666667 0.022135416666666668 0.4596354166666667 0.020833333333333332 0.4544270833333333 0.04296875 0.4518229166666667 0.12239583333333333 0.44921875 0.13411458333333334 0.44921875 0.14973958333333334 0.4544270833333333
2 0.5182291666666666 0.12369791666666667 0.5234375 0.5182291666666666 0.5234375 0.5390625 0.5221354166666666 0.5494791666666666 0.51953125 0.5520833333333334 0.5208333333333334 0.5572916666666666 0.5182291666666666 0.55859375 0.51953125 0.4674479166666667 0.5169270833333334 0.4114583333333333 0.5169270833333334 0.125
3 0.59765625 0.55078125 0.60546875 0.5520833333333334 0.6067708333333334 0.5546875 0.6041666666666666 0.5677083333333334 0.5989583333333334 0.5690104166666666 0.59765625 0.5520833333333334
3 0.53125 0.5234375 0.53515625 0.5234375 0.5377604166666666 0.52734375 0.5377604166666666 0.5442708333333334 0.53515625 0.5481770833333334 0.53125 0.5481770833333334 0.52734375 0.5442708333333334 0.52734375 0.5299479166666666 0.53125 0.5247395833333334
3 0.4700520833333333 0.23828125 0.46875 0.21484375 0.47265625 0.21223958333333334 0.4765625 0.21484375 0.4765625 0.22526041666666666 0.4752604166666667 0.234375 0.47265625 0.23958333333333334 0.4713541666666667 0.23828125
3 0.7213541666666666 0.7265625 0.7252604166666666 0.7330729166666666 0.7252604166666666 0.7395833333333334 0.71875 0.7434895833333334 0.7161458333333334 0.7434895833333334 0.7135416666666666 0.7395833333333334 0.7122395833333334 0.7200520833333334 0.71484375 0.71875 0.7200520833333334 0.7265625
3 0.6354166666666666 0.24479166666666666 0.63671875 0.2526041666666667 0.6393229166666666 0.2552083333333333 0.63671875 0.2721354166666667 0.6328125 0.2721354166666667 0.6302083333333334 0.2669270833333333 0.6302083333333334 0.2552083333333333 0.6341145833333334 0.24609375
3 0.4140625 0.4375 0.41796875 0.4440104166666667 0.4166666666666667 0.4609375 0.4127604166666667 0.4622395833333333 0.4088541666666667 0.453125 0.4088541666666667 0.4427083333333333 0.4140625 0.4388020833333333
3 0.4075520833333333 0.6966145833333334 0.41015625 0.6979166666666666 0.41015625 0.70703125 0.40625 0.71875 0.4036458333333333 0.71875 0.40234375 0.7161458333333334 0.40234375 0.703125 0.40625 0.6979166666666666
3 0.81484375 0.5680555559895833 0.81484375 0.5708333333333333 0.8171875000000001 0.5750000000000001 0.81875 0.5750000000000001 0.8195312499999999 0.5736111106770834 0.8234374999999999 0.5736111106770834 0.82421875 0.5750000000000001 0.8265625 0.5750000000000001 0.8289062500000001 0.5736111106770834 0.83046875 0.5694444440104166 0.83046875 0.5638888893229167 0.828125 0.55972222265625 0.8234374999999999 0.55972222265625 0.81796875 0.5638888893229167 0.81484375 0.5680555559895833
3 0.5703125 0.5958333333333333 0.5695312499999999 0.5986111106770834 0.57265625 0.5986111106770834 0.5750000000000001 0.5944444440104167 0.57578125 0.59027777734375 0.57578125 0.58472222265625 0.5750000000000001 0.5833333333333334 0.5710937500000001 0.5833333333333334 0.5703125 0.5861111106770833 0.5703125 0.5958333333333333
3 0.49609375 0.4236111106770833 0.5015625 0.42083333333333334 0.50234375 0.4055555559895833 0.49921875 0.3986111106770833 0.4953125 0.40138888932291666 0.49609375 0.4236111106770833
3 0.50234375 0.7416666666666667 0.5015625 0.7458333333333332 0.5015625 0.75277777734375 0.5031249999999999 0.7555555559895833 0.50625 0.7555555559895833 0.5085937500000001 0.7513888893229167 0.5085937500000001 0.7444444440104167 0.5070312499999999 0.7416666666666667 0.5070312499999999 0.74027777734375 0.50625 0.7388888893229167 0.50390625 0.7388888893229167 0.50234375 0.7416666666666667
3 0.5437500000000001 0.8458333333333333 0.54453125 0.8472222226562499 0.546875 0.8472222226562499 0.54921875 0.8416666666666667 0.55234375 0.8388888893229166 0.55234375 0.8333333333333334 0.5484375 0.82222222265625 0.546875 0.8208333333333333 0.5437500000000001 0.8361111106770833 0.5437500000000001 0.8458333333333333