1 0.5328125 0.5180555559895833 0.5320312500000001 0.5138888893229167 0.52890625 0.5138888893229167 0.52890625 0.5208333333333334 0.5328125 0.5180555559895833
0 0.8684895833333334 0.4479166666666667 0.8802083333333334 0.4348958333333333 0.8984375 0.4270833333333333 0.9986979166666666 0.4244791666666667 0.9986979166666666 0.4296875 0.99609375 0.4309895833333333 0.984375 0.4296875 0.9010416666666666 0.4322916666666667 0.8880208333333334 0.4361979166666667 0.8736979166666666 0.44921875 0.859375 0.47265625 0.8580729166666666 0.4817708333333333 0.8515625 0.4973958333333333 0.8489583333333334 0.5182291666666666 0.8502604166666666 0.5598958333333334 0.8567708333333334 0.5846354166666666 0.8671875 0.6067708333333334 0.8880208333333334 0.62890625 0.8958333333333334 0.6315104166666666 0.9986979166666666 0.62890625 0.9986979166666666 0.6341145833333334 0.89453125 0.63671875 0.8802083333333334 0.6302083333333334 0.8645833333333334 0.6119791666666666 0.8567708333333334 0.5963541666666666 0.8489583333333334 0.5729166666666666 0.8450520833333334 0.5260416666666666 0.84765625 0.5 0.8515625 0.4895833333333333 0.8528645833333334 0.4778645833333333 0.8645833333333334 0.453125 0.8684895833333334 0.44921875
0 0.13932291666666666 0.453125 0.15234375 0.4583333333333333 0.16796875 0.47265625 0.17838541666666666 0.4895833333333333 0.18229166666666666 0.4973958333333333 0.18359375 0.5065104166666666 0.18619791666666666 0.5091145833333334 0.19140625 0.5364583333333334 0.19140625 0.5846354166666666 0.18619791666666666 0.609375 0.18359375 0.6119791666666666 0.17838541666666666 0.62890625 0.17057291666666666 0.6419270833333334 0.15885416666666666 0.6549479166666666 0.14322916666666666 0.6627604166666666 0.12369791666666667 0.6653645833333334 0.05859375 0.6653645833333334 0.057291666666666664 0.66796875 0.032552083333333336 0.6692708333333334 0.02734375 0.6653645833333334 0.032552083333333336 0.6627604166666666 0.0703125 0.66015625 0.12369791666666667 0.66015625 0.14322916666666666 0.6575520833333334 0.15494791666666666 0.6510416666666666 0.16536458333333334 0.640625 0.1796875 0.6158854166666666 0.18880208333333334 0.5794270833333334 0.18880208333333334 0.5377604166666666 0.18489583333333334 0.5169270833333334 0.17708333333333334 0.49609375 0.16536458333333334 0.4765625 0.15885416666666666 0.4700520833333333 0.13802083333333334 0.4596354166666667 0.024739583333333332 0.4622395833333333 0.024739583333333332 0.45703125 0.033854166666666664 0.4557291666666667 0.13802083333333334 0.453125
2 0.51953125 0.8098958333333334 0.51953125 0.6770833333333334 0.5169270833333334 0.6380208333333334 0.5169270833333334 0.484375 0.51953125 0.4830729166666667 0.5247395833333334 0.8619791666666666 0.5234375 0.8997395833333334 0.5260416666666666 0.9283854166666666 0.5247395833333334 0.9518229166666666 0.5221354166666666 0.953125 0.5208333333333334 0.94140625 0.5208333333333334 0.8111979166666666
3 0.3333333333333333 0.57421875 0.3385416666666667 0.5768229166666666 0.3411458333333333 0.58203125 0.33984375 0.5989583333333334 0.3359375 0.6002604166666666 0.33203125 0.5911458333333334 0.3333333333333333 0.5755208333333334
3 0.484375 0.71484375 0.4869791666666667 0.71484375 0.48828125 0.7174479166666666 0.48828125 0.7330729166666666 0.484375 0.734375 0.4817708333333333 0.7317708333333334 0.4817708333333333 0.7213541666666666 0.484375 0.7161458333333334
3 0.4583333333333333 0.2864583333333333 0.4557291666666667 0.2708333333333333 0.4596354166666667 0.2643229166666667 0.46484375 0.265625 0.4635416666666667 0.28515625 0.4596354166666667 0.2864583333333333
3 0.4934895833333333 0.62109375 0.4986979166666667 0.6236979166666666 0.4986979166666667 0.6341145833333334 0.4947916666666667 0.6393229166666666 0.4921875 0.6380208333333334 0.4934895833333333 0.6223958333333334
3 0.4361979166666667 0.564453125 0.0078125 0.018229166666666668
3 0.5768229166666666 0.5859375 0.578125 0.59765625 0.5755208333333334 0.6015625 0.5716145833333334 0.6002604166666666 0.5716145833333334 0.5885416666666666 0.5755208333333334 0.5859375
3 0.5559895833333334 0.4075520833333333 0.5625 0.4088541666666667 0.5611979166666666 0.4192708333333333 0.55859375 0.421875 0.5559895833333334 0.421875 0.5546875 0.4192708333333333 0.5559895833333334 0.4088541666666667
3 0.6354166666666666 0.3268229166666667 0.6354166666666666 0.3372395833333333 0.62890625 0.3424479166666667 0.625 0.3372395833333333 0.625 0.3307291666666667 0.62890625 0.32421875 0.6328125 0.32421875 0.6341145833333334 0.3268229166666667
3 0.5963541666666666 0.76953125 0.5989583333333334 0.7760416666666666 0.59765625 0.7838541666666666 0.5911458333333334 0.7890625 0.5872395833333334 0.7760416666666666 0.5911458333333334 0.7708333333333334 0.5950520833333334 0.76953125
3 0.5364583333333334 0.23958333333333334 0.5455729166666666 0.2421875 0.5390625 0.265625 0.5338541666666666 0.2565104166666667 0.5364583333333334 0.24088541666666666
3 0.4765625 0.4635416666666667 0.4752604166666667 0.4817708333333333 0.47265625 0.4817708333333333 0.4713541666666667 0.4765625 0.47265625 0.46484375 0.4752604166666667 0.46484375
3 0.5140625 0.45972222265625 0.5242187500000001 0.4611111106770833 0.52734375 0.45555555598958336 0.5265624999999999 0.44444444401041666 0.52109375 0.43888888932291664 0.5164062500000001 0.44166666666666665 0.5140625 0.45972222265625