1 0.5109374999999999 0.32777777734374997 0.51328125 0.32916666666666666 0.515625 0.32638888932291665 0.515625 0.32222222265625 0.5148437499999999 0.32083333333333336 0.5125000000000001 0.31944444401041666 0.5109374999999999 0.32083333333333336 0.5109374999999999 0.32777777734374997
0 0.8997395833333334 0.4375 0.9140625 0.4322916666666667 0.9986979166666666 0.4296875 0.9986979166666666 0.4348958333333333 0.9440104166666666 0.4361979166666667 0.9427083333333334 0.4388020833333333 0.91015625 0.4401041666666667 0.8958333333333334 0.4479166666666667 0.88671875 0.4583333333333333 0.875 0.4791666666666667 0.8645833333333334 0.5208333333333334 0.8645833333333334 0.5572916666666666 0.87109375 0.58984375 0.8828125 0.6145833333333334 0.8997395833333334 0.6341145833333334 0.9140625 0.640625 0.9986979166666666 0.6380208333333334 0.9986979166666666 0.64453125 0.9791666666666666 0.6432291666666666 0.9453125 0.64453125 0.9440104166666666 0.6471354166666666 0.9140625 0.6471354166666666 0.9127604166666666 0.64453125 0.9049479166666666 0.6432291666666666 0.8958333333333334 0.6380208333333334 0.8841145833333334 0.6263020833333334 0.8828125 0.62109375 0.8802083333333334 0.6197916666666666 0.8723958333333334 0.60546875 0.8645833333333334 0.5794270833333334 0.8606770833333334 0.5481770833333334 0.8645833333333334 0.4986979166666667 0.8723958333333334 0.4752604166666667 0.8828125 0.4557291666666667 0.8997395833333334 0.4388020833333333
0 0.15494791666666666 0.4635416666666667 0.17057291666666666 0.4739583333333333 0.17838541666666666 0.484375 0.19401041666666666 0.51953125 0.19791666666666666 0.5390625 0.19921875 0.5755208333333334 0.19791666666666666 0.5963541666666666 0.19010416666666666 0.6263020833333334 0.17447916666666666 0.6549479166666666 0.16015625 0.66796875 0.15234375 0.671875 0.13541666666666666 0.6744791666666666 0.1015625 0.6744791666666666 0.07421875 0.6770833333333334 0.03515625 0.6770833333333334 0.03515625 0.6731770833333334 0.140625 0.6692708333333334 0.14192708333333334 0.6666666666666666 0.1484375 0.6666666666666666 0.15755208333333334 0.6627604166666666 0.17447916666666666 0.6471354166666666 0.1875 0.6223958333333334 0.1953125 0.59375 0.1953125 0.5377604166666666 0.19270833333333334 0.5338541666666666 0.1875 0.5104166666666666 0.17578125 0.48828125 0.16276041666666666 0.4739583333333333 0.15104166666666666 0.4674479166666667 0.12630208333333334 0.4661458333333333 0.036458333333333336 0.4700520833333333 0.03125 0.46875 0.03125 0.4661458333333333 0.05078125 0.4635416666666667 0.13411458333333334 0.4609375 0.15364583333333334 0.4635416666666667
2 0.5247395833333334 0.13802083333333334 0.52734375 0.140625 0.52734375 0.3372395833333333 0.5299479166666666 0.3802083333333333 0.5299479166666666 0.5885416666666666 0.5325520833333334 0.6927083333333334 0.53125 0.7161458333333334 0.5338541666666666 0.7604166666666666 0.53515625 0.8854166666666666 0.53515625 0.96484375 0.5325520833333334 0.9661458333333334 0.53125 0.94921875 0.53125 0.8125 0.5286458333333334 0.7682291666666666 0.5247395833333334 0.13932291666666666
3 0.3411458333333333 0.4322916666666667 0.3385416666666667 0.4231770833333333 0.3385416666666667 0.4114583333333333 0.3411458333333333 0.40625 0.3463541666666667 0.4075520833333333 0.3502604166666667 0.4192708333333333 0.3502604166666667 0.4270833333333333 0.34765625 0.4322916666666667 0.3424479166666667 0.4322916666666667
3 0.3307291666666667 0.5716145833333334 0.3333333333333333 0.5755208333333334 0.3307291666666667 0.5872395833333334 0.328125 0.58984375 0.3216145833333333 0.5872395833333334 0.3203125 0.5768229166666666 0.3255208333333333 0.5716145833333334 0.3294270833333333 0.5716145833333334
3 0.4251302083333333 0.4524739583333333 0.013020833333333334 0.024739583333333332
3 0.16276041666666666 0.51953125 0.16015625 0.5338541666666666 0.15625 0.5377604166666666 0.15234375 0.5377604166666666 0.14583333333333334 0.53125 0.14583333333333334 0.5208333333333334 0.16145833333333334 0.51953125
3 0.71875 0.4114583333333333 0.72265625 0.4166666666666667 0.7317708333333334 0.4166666666666667 0.73046875 0.4270833333333333 0.7252604166666666 0.4322916666666667 0.72265625 0.4388020833333333 0.7200520833333334 0.4388020833333333 0.71875 0.4127604166666667
3 0.3333333333333333 0.7291666666666666 0.011067708333333334 0.022135416666666668
3 0.5559895833333334 0.24088541666666666 0.5559895833333334 0.26171875 0.5520833333333334 0.2630208333333333 0.5520833333333334 0.24348958333333334 0.5546875 0.2421875
3 0.2688802083333333 0.6451822916666666 0.013020833333333334 0.020833333333333332
3 0.4609375 0.3190104166666667 0.4674479166666667 0.32421875 0.46484375 0.3385416666666667 0.4622395833333333 0.3424479166666667 0.4583333333333333 0.3424479166666667 0.4583333333333333 0.32421875 0.4609375 0.3203125
3 0.3359375 0.3365885416666667 0.014322916666666666 0.0234375
3 0.22526041666666666 0.3463541666666667 0.23177083333333334 0.3541666666666667 0.23567708333333334 0.3541666666666667 0.23697916666666666 0.3567708333333333 0.23697916666666666 0.359375 0.2265625 0.3671875 0.21875 0.3567708333333333 0.21875 0.3489583333333333 0.22135416666666666 0.3450520833333333 0.22395833333333334 0.3463541666666667
3 0.38515625000000003 0.8972222226562501 0.3875 0.875 0.37734375000000003 0.8833333333333333 0.38125000000000003 0.9055555559895834 0.38515625000000003 0.8972222226562501