1 0.521875 0.5291666666666667 0.521875 0.5305555559895833 0.5226562499999999 0.5333333333333333 0.5265624999999999 0.53472222265625 0.5281250000000001 0.5319444440104167 0.52734375 0.5291666666666667 0.5265624999999999 0.52777777734375 0.5234375 0.5263888893229166 0.521875 0.5291666666666667
0 0.90234375 0.4166666666666667 0.9140625 0.4140625 0.9986979166666666 0.4127604166666667 0.9986979166666666 0.4192708333333333 0.90625 0.421875 0.8932291666666666 0.4283854166666667 0.8828125 0.4375 0.8697916666666666 0.4583333333333333 0.859375 0.4921875 0.8580729166666666 0.5143229166666666 0.859375 0.5494791666666666 0.8697916666666666 0.5846354166666666 0.8828125 0.60546875 0.8958333333333334 0.6171875 0.91015625 0.6223958333333334 0.9986979166666666 0.6197916666666666 0.9986979166666666 0.6263020833333334 0.9036458333333334 0.6276041666666666 0.8893229166666666 0.6184895833333334 0.8763020833333334 0.60546875 0.875 0.6002604166666666 0.8684895833333334 0.5924479166666666 0.8606770833333334 0.5716145833333334 0.859375 0.55859375 0.8567708333333334 0.5533854166666666 0.8567708333333334 0.4908854166666667 0.8684895833333334 0.4518229166666667 0.87109375 0.4505208333333333 0.87890625 0.4348958333333333 0.8880208333333334 0.42578125 0.90234375 0.41796875
0 0.1484375 0.4440104166666667 0.17057291666666666 0.4583333333333333 0.18229166666666666 0.4765625 0.19010416666666666 0.4973958333333333 0.1953125 0.5247395833333334 0.1953125 0.5729166666666666 0.19010416666666666 0.5989583333333334 0.1875 0.6015625 0.1875 0.6067708333333334 0.18229166666666666 0.6197916666666666 0.17447916666666666 0.6328125 0.16015625 0.6471354166666666 0.13671875 0.6549479166666666 0.078125 0.6575520833333334 0.03125 0.6575520833333334 0.03125 0.6536458333333334 0.13932291666666666 0.6497395833333334 0.15755208333333334 0.6419270833333334 0.17317708333333334 0.6263020833333334 0.18098958333333334 0.609375 0.18359375 0.6080729166666666 0.19270833333333334 0.5690104166666666 0.19270833333333334 0.5325520833333334 0.19010416666666666 0.52734375 0.1875 0.5026041666666666 0.18489583333333334 0.4921875 0.17317708333333334 0.4700520833333333 0.15885416666666666 0.4544270833333333 0.1484375 0.44921875 0.12369791666666667 0.4479166666666667 0.028645833333333332 0.4505208333333333 0.028645833333333332 0.4466145833333333 0.10546875 0.4427083333333333 0.14713541666666666 0.4440104166666667
2 0.5221354166666666 0.5390625 0.5247395833333334 0.5390625 0.5260416666666666 0.5442708333333334 0.5260416666666666 0.59375 0.5286458333333334 0.6276041666666666 0.52734375 0.7096354166666666 0.5299479166666666 0.7552083333333334 0.5286458333333334 0.7877604166666666 0.53125 0.9140625 0.53125 0.9427083333333334 0.5299479166666666 0.9466145833333334 0.52734375 0.9440104166666666 0.52734375 0.8111979166666666 0.5221354166666666 0.5403645833333334
3 0.31640625 0.5546875 0.3190104166666667 0.5546875 0.3216145833333333 0.5611979166666666 0.3216145833333333 0.5703125 0.31640625 0.5755208333333334 0.3138020833333333 0.5755208333333334 0.3138020833333333 0.5598958333333334 0.31640625 0.5559895833333334
3 0.5227864583333334 0.521484375 0.009114583333333334 0.029296875
3 0.40625 0.8567708333333334 0.4088541666666667 0.859375 0.4088541666666667 0.8736979166666666 0.40625 0.8828125 0.4010416666666667 0.8802083333333334 0.4010416666666667 0.8684895833333334 0.4049479166666667 0.8580729166666666
3 0.37890625 0.16145833333333334 0.3828125 0.16666666666666666 0.3828125 0.18098958333333334 0.3802083333333333 0.18489583333333334 0.3763020833333333 0.18359375 0.3723958333333333 0.17317708333333334 0.3723958333333333 0.16666666666666666 0.3776041666666667 0.16145833333333334
3 0.5559895833333334 0.6393229166666666 0.5611979166666666 0.640625 0.5611979166666666 0.6510416666666666 0.5559895833333334 0.6575520833333334 0.5559895833333334 0.640625
3 0.60546875 0.8619791666666666 0.61328125 0.8684895833333334 0.61328125 0.8763020833333334 0.6080729166666666 0.8828125 0.6028645833333334 0.8802083333333334 0.6015625 0.8736979166666666 0.6015625 0.8619791666666666 0.6041666666666666 0.8619791666666666
3 0.7252604166666666 0.2682291666666667 0.7239583333333334 0.25 0.7291666666666666 0.24609375 0.734375 0.24739583333333334 0.7356770833333334 0.2552083333333333 0.7330729166666666 0.2630208333333333 0.73046875 0.2630208333333333 0.7265625 0.2682291666666667
3 0.7890625 0.15625 0.7890625 0.15104166666666666 0.7942708333333334 0.13932291666666666 0.7994791666666666 0.13802083333333334 0.80078125 0.140625 0.7994791666666666 0.15234375 0.7890625 0.15755208333333334
3 0.5169270833333334 0.14322916666666666 0.51953125 0.1484375 0.51953125 0.16796875 0.5143229166666666 0.17447916666666666 0.5078125 0.17317708333333334 0.5052083333333334 0.15104166666666666 0.5091145833333334 0.14322916666666666 0.515625 0.14322916666666666
3 0.2903645833333333 0.7083333333333334 0.2955729166666667 0.7083333333333334 0.296875 0.7135416666666666 0.2890625 0.73046875 0.28515625 0.7317708333333334 0.28125 0.7174479166666666 0.2825520833333333 0.7109375 0.2903645833333333 0.7096354166666666
3 0.9049479166666666 0.4739583333333333 0.9088541666666666 0.4778645833333333 0.9088541666666666 0.484375 0.9049479166666666 0.4908854166666667 0.890625 0.48828125 0.8919270833333334 0.4791666666666667 0.8958333333333334 0.4752604166666667 0.9036458333333334 0.4739583333333333
3 0.17317708333333334 0.5201822916666666 0.016927083333333332 0.026692708333333332