1 0.440625 0.64722222265625 0.44296874999999997 0.6486111106770833 0.44453125 0.64722222265625 0.44453125 0.6444444440104167 0.44375000000000003 0.6430555559895833 0.440625 0.6430555559895833 0.43984375000000003 0.6444444440104167 0.440625 0.64722222265625
3 0.3763020833333333 0.2682291666666667 0.012369791666666666 0.027994791666666668
3 0.3671875 0.5286458333333334 0.37109375 0.5325520833333334 0.3671875 0.5364583333333334 0.3645833333333333 0.5442708333333334 0.359375 0.54296875 0.3580729166666667 0.5286458333333334 0.3606770833333333 0.5247395833333334 0.3658854166666667 0.5286458333333334
3 0.51171875 0.3125 0.5143229166666666 0.3151041666666667 0.5143229166666666 0.33203125 0.5104166666666666 0.3359375 0.5078125 0.3307291666666667 0.5078125 0.3190104166666667 0.51171875 0.3138020833333333
3 0.4270833333333333 0.6276041666666666 0.4322916666666667 0.6276041666666666 0.43359375 0.6354166666666666 0.4427083333333333 0.6432291666666666 0.44140625 0.6497395833333334 0.4361979166666667 0.64453125 0.43359375 0.64453125 0.4309895833333333 0.6484375 0.4270833333333333 0.6471354166666666 0.4270833333333333 0.62890625
3 0.60546875 0.33984375 0.6080729166666666 0.3424479166666667 0.6080729166666666 0.35546875 0.6015625 0.3684895833333333 0.59765625 0.3684895833333333 0.59765625 0.3450520833333333 0.6002604166666666 0.3411458333333333 0.6041666666666666 0.33984375
3 0.5559895833333334 0.5520833333333334 0.010416666666666666 0.018229166666666668
3 0.4791666666666667 0.6940104166666666 0.4830729166666667 0.7018229166666666 0.48046875 0.7174479166666666 0.4765625 0.71875 0.4752604166666667 0.71484375 0.4752604166666667 0.7018229166666666 0.4778645833333333 0.6953125
3 0.24348958333333334 0.5520833333333334 0.24869791666666666 0.5533854166666666 0.25 0.5638020833333334 0.2526041666666667 0.5677083333333334 0.25 0.5846354166666666 0.24348958333333334 0.5859375 0.2421875 0.5768229166666666 0.23697916666666666 0.5651041666666666 0.23828125 0.5572916666666666 0.24348958333333334 0.5533854166666666
3 0.54296875 0.2421875 0.5494791666666666 0.24348958333333334 0.55078125 0.24739583333333334 0.5494791666666666 0.2591145833333333 0.5442708333333334 0.2630208333333333 0.54296875 0.24348958333333334
3 0.5208333333333334 0.3893229166666667 0.5247395833333334 0.3997395833333333 0.5221354166666666 0.4140625 0.5182291666666666 0.4140625 0.5130208333333334 0.41015625 0.5130208333333334 0.3919270833333333 0.5169270833333334 0.3880208333333333 0.51953125 0.3893229166666667
3 0.53515625 0.82421875 0.5377604166666666 0.82421875 0.5390625 0.84375 0.53515625 0.8463541666666666 0.5286458333333334 0.8463541666666666 0.53125 0.83203125 0.53515625 0.8255208333333334
3 0.5143229166666666 0.4466145833333333 0.5221354166666666 0.4544270833333333 0.5221354166666666 0.4609375 0.5143229166666666 0.46875 0.51171875 0.4700520833333333 0.5091145833333334 0.4674479166666667 0.5091145833333334 0.45703125 0.5130208333333334 0.4479166666666667
2 0.5221354166666666 0.4739583333333333 0.5247395833333334 0.4765625 0.5234375 0.5572916666666666 0.5260416666666666 0.6302083333333334 0.5247395833333334 0.69140625 0.52734375 0.8059895833333334 0.5260416666666666 0.8776041666666666 0.5286458333333334 0.93359375 0.52734375 0.9622395833333334 0.5247395833333334 0.9609375 0.5234375 0.8841145833333334 0.5247395833333334 0.8645833333333334 0.5234375 0.69921875 0.5208333333333334 0.6419270833333334 0.5208333333333334 0.4752604166666667
0 0.15625 0.46249999999999997 0.14609375 0.4583333333333333 0.02734375 0.4611111106770833 0.043750000000000004 0.4666666666666666 0.14609375 0.46388888932291666 0.15546875000000002 0.4680555559895833 0.16953125 0.48194444401041664 0.18359375 0.5083333333333333 0.19218749999999998 0.5499999999999999 0.19140625 0.5861111106770833 0.18437499999999998 0.6166666666666667 0.171875 0.6416666666666667 0.1578125 0.6569444440104167 0.146875 0.6625 0.028906249999999998 0.6708333333333334 0.12968749999999998 0.6708333333333334 0.15859375 0.6625 0.17656249999999998 0.6430555559895833 0.1859375 0.625 0.19453125000000002 0.5875 0.1953125 0.5458333333333333 0.1859375 0.5013888893229167 0.16953125 0.47361111067708334 0.15625 0.46249999999999997
0 0.91015625 0.4319444440104167 0.88828125 0.43888888932291664 0.8807079075520834 0.44739229036458333 0.884375 0.45 0.90859375 0.4375 1 0.43611111067708336 0.9968750000000001 0.4291666666666667 0.91015625 0.4319444440104167
0 0.8803645833333333 0.44777777734374996 0.8734375 0.45555555598958336 0.8609375 0.4805555559895833 0.8523437500000001 0.5291666666666667 0.8562500000000001 0.5333333333333333 0.8609375 0.49305555598958334 0.87109375 0.4680555559895833 0.8781249999999999 0.45972222265625 0.8803645833333333 0.44777777734374996
0 1 0.63472222265625 0.9015624999999999 0.6375000000000001 0.88671875 0.6291666666666667 0.86484375 0.5944444440104167 0.8562500000000001 0.5375 0.8515625 0.54027777734375 0.8523437500000001 0.5611111106770833 0.8624999999999999 0.6 0.87265625 0.6194444440104167 0.8921875 0.6388888893229167 0.91796875 0.6444444440104167 1 0.6416666666666667 1 0.63472222265625