1 0.68984375 0.2791666666666667 0.6890625 0.2736111106770833 0.68515625 0.2736111106770833 0.6859375 0.2819444440104167 0.68984375 0.2791666666666667
0 0.9986979166666666 0.4322916666666667 0.9986979166666666 0.4401041666666667 0.921875 0.44140625 0.90234375 0.4466145833333333 0.890625 0.4557291666666667 0.87890625 0.47265625 0.8658854166666666 0.5091145833333334 0.86328125 0.5546875 0.8671875 0.5794270833333334 0.87890625 0.6106770833333334 0.8893229166666666 0.6263020833333334 0.8997395833333334 0.63671875 0.9153645833333334 0.6432291666666666 0.9986979166666666 0.640625 0.9986979166666666 0.6471354166666666 0.94140625 0.6497395833333334 0.9127604166666666 0.6497395833333334 0.90625 0.6471354166666666 0.9049479166666666 0.64453125 0.8958333333333334 0.640625 0.8828125 0.6276041666666666 0.8763020833333334 0.6158854166666666 0.8645833333333334 0.5872395833333334 0.8619791666666666 0.5703125 0.8606770833333334 0.5286458333333334 0.8645833333333334 0.4986979166666667 0.8723958333333334 0.4765625 0.8841145833333334 0.4557291666666667 0.8958333333333334 0.4440104166666667 0.9049479166666666 0.4401041666666667 0.90625 0.4375 0.9153645833333334 0.4348958333333333 0.9973958333333334 0.4322916666666667
0 0.14583333333333334 0.4635416666666667 0.15885416666666666 0.4674479166666667 0.17317708333333334 0.4791666666666667 0.1875 0.5 0.19140625 0.515625 0.19401041666666666 0.5182291666666666 0.19791666666666666 0.53515625 0.20052083333333334 0.5716145833333334 0.19791666666666666 0.60546875 0.19010416666666666 0.6315104166666666 0.18229166666666666 0.6484375 0.17447916666666666 0.6588541666666666 0.15625 0.6731770833333334 0.13541666666666666 0.6770833333333334 0.057291666666666664 0.6796875 0.036458333333333336 0.6796875 0.036458333333333336 0.6744791666666666 0.13671875 0.671875 0.15104166666666666 0.6692708333333334 0.15234375 0.6666666666666666 0.16666666666666666 0.6588541666666666 0.17708333333333334 0.6471354166666666 0.19140625 0.6158854166666666 0.19661458333333334 0.5872395833333334 0.19661458333333334 0.5481770833333334 0.18880208333333334 0.5143229166666666 0.18359375 0.50390625 0.18098958333333334 0.5026041666666666 0.1796875 0.49609375 0.17578125 0.4895833333333333 0.15494791666666666 0.4713541666666667 0.14713541666666666 0.46875 0.12630208333333334 0.46875 0.03515625 0.47265625 0.032552083333333336 0.4713541666666667 0.032552083333333336 0.4674479166666667 0.14453125 0.4635416666666667
2 0.5247395833333334 0.140625 0.52734375 0.14453125 0.5260416666666666 0.16796875 0.5286458333333334 0.2526041666666667 0.52734375 0.2903645833333333 0.5299479166666666 0.3372395833333333 0.5299479166666666 0.546875 0.5325520833333334 0.6432291666666666 0.53125 0.67578125 0.5338541666666666 0.7252604166666666 0.53515625 0.8619791666666666 0.53515625 0.9661458333333334 0.5325520833333334 0.9674479166666666 0.53125 0.96484375 0.5325520833333334 0.9283854166666666 0.5286458333333334 0.72265625 0.5247395833333334 0.14192708333333334
3 0.3463541666666667 0.5677083333333334 0.3502604166666667 0.578125 0.3450520833333333 0.5859375 0.3411458333333333 0.5859375 0.3385416666666667 0.5794270833333334 0.33984375 0.5703125 0.3450520833333333 0.5677083333333334
3 0.3958333333333333 0.3098958333333333 0.3984375 0.3177083333333333 0.3984375 0.328125 0.3958333333333333 0.3294270833333333 0.3919270833333333 0.3255208333333333 0.3919270833333333 0.3125 0.39453125 0.3111979166666667
3 0.5651041666666666 0.22395833333333334 0.56640625 0.23177083333333334 0.5625 0.2421875 0.55859375 0.23958333333333334 0.55859375 0.22916666666666666 0.5598958333333334 0.22526041666666666 0.5638020833333334 0.22395833333333334
3 0.4973958333333333 0.27734375 0.5 0.27734375 0.5065104166666666 0.2877604166666667 0.5052083333333334 0.29296875 0.49609375 0.2981770833333333 0.4947916666666667 0.28515625 0.4973958333333333 0.2786458333333333
3 0.6809895833333334 0.24479166666666666 0.68359375 0.24609375 0.6809895833333334 0.265625 0.6744791666666666 0.2760416666666667 0.6744791666666666 0.24869791666666666 0.6796875 0.24609375
3 0.384765625 0.7102864583333334 0.01171875 0.020833333333333332
3 0.421875 0.4010416666666667 0.42578125 0.4088541666666667 0.42578125 0.421875 0.421875 0.4270833333333333 0.41796875 0.4270833333333333 0.4153645833333333 0.4244791666666667 0.4127604166666667 0.4140625 0.4140625 0.4036458333333333 0.4166666666666667 0.4010416666666667 0.4205729166666667 0.4010416666666667
3 0.4765625 0.4700520833333333 0.48046875 0.4765625 0.4791666666666667 0.4895833333333333 0.4765625 0.4921875 0.4739583333333333 0.4908854166666667 0.4752604166666667 0.4713541666666667
3 0.19140625 0.4544270833333333 0.19921875 0.4609375 0.19921875 0.4700520833333333 0.1953125 0.4739583333333333 0.18880208333333334 0.47265625 0.18489583333333334 0.4674479166666667 0.18489583333333334 0.4583333333333333 0.19010416666666666 0.4544270833333333
3 0.2786458333333333 0.3177083333333333 0.2825520833333333 0.3216145833333333 0.2864583333333333 0.3216145833333333 0.2838541666666667 0.3359375 0.28125 0.3385416666666667 0.27734375 0.3372395833333333 0.2721354166666667 0.32421875 0.2734375 0.3177083333333333 0.27734375 0.3177083333333333
3 0.34765625 0.6419270833333334 0.3489583333333333 0.6471354166666666 0.34375 0.65234375 0.3385416666666667 0.6627604166666666 0.3333333333333333 0.65625 0.3333333333333333 0.6432291666666666 0.3463541666666667 0.6419270833333334
3 0.4466145833333333 0.87109375 0.44921875 0.87109375 0.4544270833333333 0.8828125 0.4544270833333333 0.88671875 0.44921875 0.89453125 0.4453125 0.89453125 0.4427083333333333 0.8919270833333334 0.4427083333333333 0.8815104166666666 0.4466145833333333 0.8723958333333334