1 0.18515625 0.8138888893229167 0.18281250000000002 0.8125 0.18125 0.8166666666666668 0.18359375 0.8194444440104167 0.18515625 0.8138888893229167
0 0.1796875 0.6263888893229167 0.17500000000000002 0.6361111106770834 0.14921874999999998 0.65972222265625 0.057812499999999996 0.6638888893229167 0.0328125 0.6708333333333334 0.12890625 0.6680555559895834 0.15625 0.6625 0.16953125 0.6513888893229166 0.18671875000000002 0.6236111106770833 0.19296875 0.6013888893229167 0.19296875 0.5875 0.18984375 0.5916666666666667 0.18359375 0.62777777734375 0.1796875 0.6263888893229167
0 0.1703125 0.4708333333333334 0.1546875 0.4583333333333333 0.140625 0.45416666666666666 0.09765625 0.45555555598958336 0.028906249999999998 0.4583333333333333 0.02734375 0.46249999999999997 0.1546875 0.46388888932291666 0.171875 0.4805555559895833 0.18515625 0.5055555559895833 0.19140625 0.52777777734375 0.19140625 0.5458333333333333 0.19609374999999998 0.5583333333333333 0.196875 0.5416666666666666 0.19296875 0.5180555559895833 0.18437499999999998 0.49305555598958334 0.1703125 0.4708333333333334
0 1 0.42083333333333334 0.96875 0.42083333333333334 0.90078125 0.425 0.8734375 0.4513888893229167 0.8664062499999999 0.47222222265625 0.8875000000000001 0.44027777734375 0.8992187500000001 0.4319444440104167 1 0.425 1 0.42083333333333334
0 1 0.62777777734375 0.9078125 0.6305555559895833 0.88671875 0.6166666666666667 0.8703124999999999 0.5916666666666667 0.86171875 0.5638888893229167 0.8578125 0.52222222265625 0.8601562500000001 0.5111111106770834 0.8562500000000001 0.5125000000000001 0.8578125 0.52777777734375 0.8546874999999999 0.5305555559895833 0.859375 0.57222222265625 0.875 0.60972222265625 0.890625 0.62777777734375 0.9078125 0.6361111106770834 1 0.6333333333333333 1 0.62777777734375
2 0.5242187500000001 0.30416666666666664 0.521875 0.3136111106770833 0.521875 0.4569444440104167 0.525 0.7430555559895833 0.5281250000000001 0.9458333333333333 0.53125 0.9569444440104166 0.53359375 0.86527777734375 0.53125 0.85972222265625 0.52734375 0.63472222265625 0.5242187500000001 0.26527777734374997 0.52109375 0.2611111106770833 0.5234375 0.25 0.5234375 0.15277777734375 0.51953125 0.13611111067708334 0.52109375 0.29722222265625003 0.5242187500000001 0.30416666666666664
3 0.2604166666666667 0.3385416666666667 0.2643229166666667 0.33984375 0.2669270833333333 0.34375 0.265625 0.3489583333333333 0.2578125 0.3567708333333333 0.2552083333333333 0.35546875 0.2526041666666667 0.3385416666666667 0.2591145833333333 0.3385416666666667
3 0.18359375 0.55078125 0.1875 0.55078125 0.1875 0.5546875 0.18229166666666666 0.57421875 0.16927083333333334 0.57421875 0.171875 0.5572916666666666 0.18359375 0.5520833333333334
3 0.35546875 0.7877604166666666 0.3645833333333333 0.7890625 0.3619791666666667 0.8046875 0.3580729166666667 0.80859375 0.3528645833333333 0.8072916666666666 0.35546875 0.7890625
3 0.4921875 0.80078125 0.4947916666666667 0.8020833333333334 0.4973958333333333 0.8111979166666666 0.4947916666666667 0.8203125 0.4895833333333333 0.8216145833333334 0.4895833333333333 0.8098958333333334 0.4921875 0.8020833333333334
3 0.20052083333333334 0.6276041666666666 0.203125 0.6263020833333334 0.20572916666666666 0.6184895833333334 0.20963541666666666 0.6158854166666666 0.20963541666666666 0.6354166666666666 0.20572916666666666 0.6419270833333334 0.19921875 0.64453125 0.1953125 0.6432291666666666 0.19661458333333334 0.6341145833333334 0.20052083333333334 0.62890625
3 0.34375 0.6041666666666666 0.34765625 0.6041666666666666 0.3502604166666667 0.6106770833333334 0.3502604166666667 0.6184895833333334 0.3463541666666667 0.6236979166666666 0.34375 0.6236979166666666 0.3411458333333333 0.62109375 0.3411458333333333 0.609375 0.34375 0.60546875
3 0.6236979166666666 0.72265625 0.6263020833333334 0.7265625 0.6263020833333334 0.7356770833333334 0.625 0.7408854166666666 0.6223958333333334 0.7421875 0.6171875 0.7356770833333334 0.6184895833333334 0.7252604166666666 0.6223958333333334 0.72265625
3 0.11328125 0.6041666666666666 0.1171875 0.6106770833333334 0.11197916666666667 0.6223958333333334 0.1015625 0.6223958333333334 0.09244791666666667 0.6158854166666666 0.09375 0.6080729166666666 0.10807291666666667 0.6106770833333334 0.11328125 0.60546875
3 0.6731770833333334 0.2604166666666667 0.6783854166666666 0.26171875 0.6783854166666666 0.2734375 0.6744791666666666 0.2799479166666667 0.6692708333333334 0.2799479166666667 0.6692708333333334 0.2708333333333333 0.6731770833333334 0.26171875
3 0.4791666666666667 0.45703125 0.4830729166666667 0.4635416666666667 0.4830729166666667 0.4752604166666667 0.4791666666666667 0.4817708333333333 0.47265625 0.4817708333333333 0.4713541666666667 0.4765625 0.47265625 0.4583333333333333 0.4752604166666667 0.4557291666666667 0.4778645833333333 0.45703125
3 0.8645833333333334 0.4765625 0.8684895833333334 0.47265625 0.875 0.4713541666666667 0.87890625 0.4791666666666667 0.875 0.48828125 0.8658854166666666 0.4895833333333333 0.8645833333333334 0.4778645833333333
3 0.3684895833333333 0.5377604166666666 0.37890625 0.5390625 0.37890625 0.55078125 0.37109375 0.5559895833333334 0.3684895833333333 0.5559895833333334 0.3671875 0.5520833333333334 0.3684895833333333 0.5390625