1 0.5304687499999999 0.8486111106770834 0.5304687499999999 0.8430555559895834 0.5296875 0.8416666666666667 0.52734375 0.8416666666666667 0.5265624999999999 0.8430555559895834 0.5265624999999999 0.8472222226562499 0.52890625 0.85 0.5304687499999999 0.8486111106770834
0 0 0.4114583333333333 0.08463541666666667 0.4140625 0.09375 0.4166666666666667 0.09505208333333333 0.4192708333333333 0.1015625 0.421875 0.11458333333333333 0.43359375 0.12760416666666666 0.4557291666666667 0.13411458333333334 0.47265625 0.13932291666666666 0.5052083333333334 0.13932291666666666 0.54296875 0.13411458333333334 0.5716145833333334 0.13020833333333334 0.5846354166666666 0.12239583333333333 0.5989583333333334 0.11588541666666667 0.609375 0.10677083333333333 0.6184895833333334 0.09635416666666667 0.6236979166666666 0.09505208333333333 0.6263020833333334 0.08333333333333333 0.62890625 0 0.6263020833333334 0 0.6197916666666666 0.08723958333333333 0.6223958333333334 0.09765625 0.6184895833333334 0.11197916666666667 0.60546875 0.125 0.5846354166666666 0.13151041666666666 0.56640625 0.13671875 0.5390625 0.13671875 0.5065104166666666 0.13151041666666666 0.4765625 0.12369791666666667 0.4557291666666667 0.10677083333333333 0.4322916666666667 0.08854166666666667 0.421875 0 0.4192708333333333 0 0.4127604166666667
0 0.9661458333333334 0.4479166666666667 0.9661458333333334 0.4518229166666667 0.9479166666666666 0.453125 0.85546875 0.44921875 0.8385416666666666 0.4557291666666667 0.8229166666666666 0.4713541666666667 0.8111979166666666 0.4934895833333333 0.8033854166666666 0.5247395833333334 0.8033854166666666 0.5377604166666666 0.80078125 0.5455729166666666 0.80078125 0.5234375 0.80859375 0.4908854166666667 0.8203125 0.4674479166666667 0.83203125 0.4544270833333333 0.83984375 0.44921875 0.8489583333333334 0.4453125 0.96484375 0.4479166666666667
2 0.4713541666666667 0.4244791666666667 0.4739583333333333 0.4244791666666667 0.4752604166666667 0.4440104166666667 0.4713541666666667 0.52734375 0.47265625 0.6276041666666666 0.4700520833333333 0.69140625 0.4700520833333333 0.8203125 0.4674479166666667 0.8619791666666666 0.4674479166666667 0.9466145833333334 0.46484375 0.9466145833333334 0.4635416666666667 0.9244791666666666 0.4661458333333333 0.8580729166666666 0.46484375 0.8372395833333334 0.4674479166666667 0.80859375 0.4674479166666667 0.6640625 0.4713541666666667 0.42578125
3 0.6549479166666666 0.55078125 0.6575520833333334 0.5520833333333334 0.6588541666666666 0.5572916666666666 0.65625 0.5690104166666666 0.6510416666666666 0.56640625 0.6497395833333334 0.5598958333333334 0.6497395833333334 0.5533854166666666 0.6536458333333334 0.55078125
3 0.6158854166666666 0.7421875 0.6236979166666666 0.7421875 0.6276041666666666 0.7473958333333334 0.6276041666666666 0.7591145833333334 0.6236979166666666 0.76171875 0.6197916666666666 0.7591145833333334 0.6158854166666666 0.7434895833333334
3 0.54296875 0.8580729166666666 0.546875 0.8580729166666666 0.5481770833333334 0.8606770833333334 0.5481770833333334 0.87890625 0.5455729166666666 0.8893229166666666 0.54296875 0.890625 0.5416666666666666 0.8802083333333334 0.5390625 0.8776041666666666 0.5390625 0.8684895833333334 0.54296875 0.859375
3 0.4739583333333333 0.40234375 0.4791666666666667 0.4088541666666667 0.4791666666666667 0.4453125 0.4765625 0.4466145833333333 0.47265625 0.42578125 0.47265625 0.4036458333333333
3 0.4921875 0.203125 0.4986979166666667 0.203125 0.5026041666666666 0.20833333333333334 0.5013020833333334 0.22786458333333334 0.4947916666666667 0.234375 0.4908854166666667 0.22135416666666666 0.4921875 0.20442708333333334
3 0.4375 0.6796875 0.011067708333333334 0.018229166666666668
3 0.36328125 0.8424479166666666 0.3619791666666667 0.86328125 0.3528645833333333 0.859375 0.3515625 0.8567708333333334 0.3515625 0.8463541666666666 0.35546875 0.8424479166666666 0.3619791666666667 0.8424479166666666
3 0.25390625 0.3919270833333333 0.2630208333333333 0.38671875 0.2669270833333333 0.3958333333333333 0.2669270833333333 0.4088541666666667 0.265625 0.4114583333333333 0.26171875 0.4114583333333333 0.2604166666666667 0.4075520833333333 0.25390625 0.40234375 0.25390625 0.3932291666666667
3 0.21744791666666666 0.19791666666666666 0.22395833333333334 0.20442708333333334 0.22786458333333334 0.22265625 0.22395833333333334 0.22265625 0.21354166666666666 0.20963541666666666 0.21354166666666666 0.19921875 0.21614583333333334 0.19791666666666666
3 0.08723958333333333 0.51171875 0.09505208333333333 0.51953125 0.09505208333333333 0.5299479166666666 0.08854166666666667 0.5234375 0.08463541666666667 0.5234375 0.07942708333333333 0.52734375 0.07682291666666667 0.5260416666666666 0.07682291666666667 0.51171875 0.0859375 0.51171875
3 0.7994791666666666 0.5481770833333334 0.8033854166666666 0.55078125 0.8059895833333334 0.5572916666666666 0.8033854166666666 0.5677083333333334 0.7994791666666666 0.5703125 0.79296875 0.5690104166666666 0.7916666666666666 0.5625 0.7877604166666666 0.5572916666666666 0.7942708333333334 0.5546875 0.7981770833333334 0.5494791666666666
3 0.6002604166666666 0.265625 0.6067708333333334 0.26953125 0.6041666666666666 0.2890625 0.6028645833333334 0.29296875 0.5989583333333334 0.29296875 0.5950520833333334 0.28515625 0.59765625 0.2799479166666667 0.59765625 0.26953125 0.6002604166666666 0.2669270833333333