0 0.009114583333333334 0.4270833333333333 0.08333333333333333 0.4296875 0.09375 0.4322916666666667 0.1015625 0.4361979166666667 0.11458333333333333 0.44921875 0.13020833333333334 0.4765625 0.13671875 0.5026041666666666 0.13932291666666666 0.5260416666666666 0.13802083333333334 0.56640625 0.13411458333333334 0.5859375 0.12239583333333333 0.61328125 0.11328125 0.6263020833333334 0.10026041666666667 0.6380208333333334 0.08723958333333333 0.6432291666666666 0 0.640625 0 0.6354166666666666 0.08463541666666667 0.6380208333333334 0.09895833333333333 0.6328125 0.11588541666666667 0.6145833333333334 0.12760416666666666 0.5924479166666666 0.12890625 0.58203125 0.13541666666666666 0.5638020833333334 0.13541666666666666 0.51171875 0.125 0.4752604166666667 0.11197916666666667 0.453125 0.09895833333333333 0.44140625 0.08984375 0.4388020833333333 0.08854166666666667 0.4361979166666667 0.006510416666666667 0.43359375 0 0.4322916666666667 0 0.4283854166666667 0.0078125 0.4270833333333333
0 0.8385416666666666 0.4661458333333333 0.8385416666666666 0.47265625 0.8229166666666666 0.4895833333333333 0.8111979166666666 0.5130208333333334 0.8033854166666666 0.55859375 0.8072916666666666 0.6028645833333334 0.8151041666666666 0.6276041666666666 0.8229166666666666 0.640625 0.8294270833333334 0.6497395833333334 0.83984375 0.6588541666666666 0.8541666666666666 0.6653645833333334 0.9609375 0.6705729166666666 0.9661458333333334 0.671875 0.9661458333333334 0.6744791666666666 0.9544270833333334 0.67578125 0.85546875 0.671875 0.8463541666666666 0.6692708333333334 0.8411458333333334 0.6640625 0.8346354166666666 0.6614583333333334 0.8216145833333334 0.6471354166666666 0.8125 0.6302083333333334 0.8046875 0.6067708333333334 0.80078125 0.57421875 0.80078125 0.55078125 0.8033854166666666 0.54296875 0.8046875 0.5247395833333334 0.8125 0.5 0.82421875 0.4791666666666667 0.83203125 0.4700520833333333 0.8372395833333334 0.4674479166666667
2 0.4739583333333333 0.13541666666666666 0.4765625 0.13802083333333334 0.4739583333333333 0.3098958333333333 0.4739583333333333 0.640625 0.4713541666666667 0.6458333333333334 0.46875 0.9348958333333334 0.4674479166666667 0.96484375 0.46484375 0.9635416666666666 0.4635416666666667 0.9401041666666666 0.4674479166666667 0.8502604166666666 0.4739583333333333 0.13671875
1 0.6882812500000001 0.45416666666666666 0.6859375 0.45555555598958336 0.6875 0.46249999999999997 0.6906249999999999 0.4583333333333333 0.6882812500000001 0.45416666666666666
3 0.7369791666666666 0.9088541666666666 0.7408854166666666 0.9166666666666666 0.7408854166666666 0.9270833333333334 0.73828125 0.9283854166666666 0.7356770833333334 0.9283854166666666 0.73046875 0.9231770833333334 0.7265625 0.9153645833333334 0.7278645833333334 0.91015625 0.73046875 0.9114583333333334 0.7356770833333334 0.9088541666666666
3 0.7395833333333334 0.45703125 0.7421875 0.4700520833333333 0.7395833333333334 0.48046875 0.7369791666666666 0.4830729166666667 0.73046875 0.4817708333333333 0.7252604166666666 0.4674479166666667 0.7356770833333334 0.4557291666666667 0.73828125 0.45703125
3 0.83984375 0.4622395833333333 0.8528645833333334 0.4674479166666667 0.8541666666666666 0.4700520833333333 0.8541666666666666 0.4752604166666667 0.8502604166666666 0.4791666666666667 0.8489583333333334 0.4869791666666667 0.8450520833333334 0.48828125 0.8411458333333334 0.4817708333333333 0.83984375 0.4635416666666667
3 0.17708333333333334 0.4830729166666667 0.18098958333333334 0.48828125 0.18098958333333334 0.4934895833333333 0.17317708333333334 0.49609375 0.16796875 0.4947916666666667 0.16796875 0.484375 0.17057291666666666 0.4817708333333333 0.17578125 0.4830729166666667
3 0.5390625 0.43359375 0.5442708333333334 0.4361979166666667 0.5442708333333334 0.4544270833333333 0.5390625 0.4557291666666667 0.5390625 0.4348958333333333
3 0.4127604166666667 0.23828125 0.4153645833333333 0.23828125 0.4192708333333333 0.24869791666666666 0.4192708333333333 0.2565104166666667 0.4153645833333333 0.26171875 0.4114583333333333 0.2604166666666667 0.4127604166666667 0.23958333333333334
3 0.7200520833333334 0.4895833333333333 0.7174479166666666 0.5078125 0.7135416666666666 0.5078125 0.7109375 0.5052083333333334 0.7109375 0.4908854166666667 0.7135416666666666 0.48828125 0.71875 0.4895833333333333
3 0.9270833333333334 0.5325520833333334 0.9283854166666666 0.5455729166666666 0.9231770833333334 0.5520833333333334 0.91796875 0.5520833333333334 0.9127604166666666 0.546875 0.91015625 0.53515625 0.9140625 0.53515625 0.9192708333333334 0.5299479166666666 0.9231770833333334 0.5299479166666666 0.92578125 0.5325520833333334
3 0.82421875 0.7252604166666666 0.8307291666666666 0.7317708333333334 0.8372395833333334 0.7317708333333334 0.8411458333333334 0.73828125 0.8411458333333334 0.74609375 0.8372395833333334 0.7513020833333334 0.83203125 0.7513020833333334 0.828125 0.74609375 0.82421875 0.7265625
3 0.6640625 0.5026041666666666 0.67578125 0.5052083333333334 0.6731770833333334 0.5169270833333334 0.66796875 0.51953125 0.6640625 0.51171875 0.6640625 0.50390625
3 0.7513020833333334 0.625 0.7565104166666666 0.625 0.7604166666666666 0.6302083333333334 0.7591145833333334 0.640625 0.7552083333333334 0.64453125 0.75 0.6432291666666666 0.7421875 0.6302083333333334 0.7473958333333334 0.6302083333333334 0.7513020833333334 0.6263020833333334
3 0.6731770833333334 0.7486979166666666 0.011067708333333334 0.01953125