1 0.62209375 0.7422555559895834 0.62259375 0.7389236106770833 0.6204062499999999 0.7342611106770834 0.61759375 0.7393680559895833 0.61884375 0.74380972265625 0.62071875 0.7402569440104166 0.62209375 0.7422555559895834
0 0.9986979166666666 0.4192708333333333 0.9986979166666666 0.4244791666666667 0.90234375 0.4270833333333333 0.89453125 0.4296875 0.8828125 0.4361979166666667 0.8736979166666666 0.4466145833333333 0.859375 0.47265625 0.8580729166666666 0.4830729166666667 0.8541666666666666 0.4908854166666667 0.8502604166666666 0.5182291666666666 0.8515625 0.5520833333333334 0.86328125 0.5911458333333334 0.87890625 0.61328125 0.8880208333333334 0.62109375 0.8971354166666666 0.625 0.9986979166666666 0.6223958333333334 0.9986979166666666 0.6302083333333334 0.9309895833333334 0.6328125 0.8997395833333334 0.6328125 0.8880208333333334 0.62890625 0.8684895833333334 0.609375 0.8567708333333334 0.5872395833333334 0.8489583333333334 0.5572916666666666 0.84765625 0.5442708333333334 0.8489583333333334 0.4973958333333333 0.85546875 0.47265625 0.8606770833333334 0.4583333333333333 0.8684895833333334 0.4453125 0.875 0.4388020833333333 0.875 0.4361979166666667 0.8880208333333334 0.42578125 0.8997395833333334 0.421875 0.9973958333333334 0.4192708333333333
0 0.15494791666666666 0.4544270833333333 0.16666666666666666 0.46484375 0.17447916666666666 0.4752604166666667 0.18229166666666666 0.4908854166666667 0.19010416666666666 0.5169270833333334 0.19270833333333334 0.5403645833333334 0.19270833333333334 0.5690104166666666 0.19010416666666666 0.5924479166666666 0.18229166666666666 0.6184895833333334 0.1640625 0.6471354166666666 0.14713541666666666 0.6575520833333334 0.11588541666666667 0.6614583333333334 0.109375 0.66015625 0.0703125 0.6627604166666666 0.029947916666666668 0.6627604166666666 0.028645833333333332 0.6588541666666666 0.14192708333333334 0.6536458333333334 0.15104166666666666 0.6497395833333334 0.16796875 0.6341145833333334 0.18098958333333334 0.6106770833333334 0.1875 0.5885416666666666 0.19010416666666666 0.5690104166666666 0.19010416666666666 0.5390625 0.1875 0.5182291666666666 0.1796875 0.4947916666666667 0.171875 0.4791666666666667 0.15885416666666666 0.46484375 0.14973958333333334 0.4596354166666667 0.14713541666666666 0.4557291666666667 0.12630208333333334 0.453125 0.10286458333333333 0.4557291666666667 0.029947916666666668 0.45703125 0.024739583333333332 0.4557291666666667 0.024739583333333332 0.4518229166666667 0.14322916666666666 0.44921875 0.15364583333333334 0.4544270833333333
2 0.5182291666666666 0.4453125 0.515625 0.13020833333333334 0.5182291666666666 0.12890625 0.5208333333333334 0.34765625 0.51953125 0.3984375 0.5221354166666666 0.42578125 0.5221354166666666 0.43359375 0.5182291666666666 0.4466145833333333
3 0.44140625 0.5364583333333334 0.4479166666666667 0.5364583333333334 0.44921875 0.5390625 0.4453125 0.5520833333333334 0.4388020833333333 0.5533854166666666 0.4375 0.5481770833333334 0.44140625 0.5377604166666666
3 0.4817708333333333 0.2552083333333333 0.4856770833333333 0.2565104166666667 0.48828125 0.2643229166666667 0.4869791666666667 0.2721354166666667 0.4830729166666667 0.2786458333333333 0.4778645833333333 0.2760416666666667 0.4765625 0.2669270833333333 0.4817708333333333 0.2565104166666667
3 0.50390625 0.6067708333333334 0.5078125 0.6080729166666666 0.5091145833333334 0.6119791666666666 0.5078125 0.6263020833333334 0.5013020833333334 0.6263020833333334 0.5026041666666666 0.6080729166666666
3 0.3580729166666667 0.4791666666666667 0.36328125 0.4869791666666667 0.3619791666666667 0.5013020833333334 0.3541666666666667 0.5013020833333334 0.3528645833333333 0.4947916666666667 0.3580729166666667 0.48046875
3 0.5989583333333334 0.5794270833333334 0.6015625 0.5833333333333334 0.6015625 0.5924479166666666 0.59765625 0.59765625 0.59375 0.5963541666666666 0.58984375 0.5859375 0.59375 0.5807291666666666 0.59765625 0.5794270833333334
3 0.66015625 0.3854166666666667 0.6575520833333334 0.3815104166666667 0.6575520833333334 0.375 0.6614583333333334 0.3684895833333333 0.6640625 0.3671875 0.6666666666666666 0.37109375 0.6666666666666666 0.3802083333333333 0.6614583333333334 0.3841145833333333
3 0.5651041666666666 0.4498697916666667 0.008463541666666666 0.01953125
3 0.6217447916666666 0.7513020833333334 0.012369791666666666 0.030598958333333332
3 0.5416666666666666 0.234375 0.5455729166666666 0.23567708333333334 0.5455729166666666 0.2421875 0.5416666666666666 0.2526041666666667 0.5390625 0.25390625 0.53515625 0.2513020833333333 0.53515625 0.24348958333333334 0.5364583333333334 0.234375 0.5403645833333334 0.234375
3 0.58984375 0.5625 0.5859375 0.5598958333333334 0.5833333333333334 0.5455729166666666 0.59375 0.5442708333333334 0.5963541666666666 0.5481770833333334 0.5963541666666666 0.5533854166666666 0.5911458333333334 0.5611979166666666
3 0.5281250000000001 0.43333333333333335 0.52734375 0.4319444440104167 0.52578125 0.4319444440104167 0.5226562499999999 0.43472222265625 0.52109375 0.44027777734375 0.52109375 0.45 0.5226562499999999 0.45277777734375 0.525 0.45416666666666666 0.5296875 0.45416666666666666 0.53125 0.45277777734375 0.53359375 0.44861111067708337 0.53359375 0.4375 0.5328125 0.43611111067708336 0.5320312500000001 0.43611111067708336 0.5304687499999999 0.43333333333333335 0.5281250000000001 0.43333333333333335
3 0.52578125 0.67777777734375 0.525 0.6819444440104167 0.52578125 0.6833333333333332 0.52578125 0.6875 0.525 0.7055555559895833 0.5265624999999999 0.7083333333333334 0.53359375 0.68472222265625 0.53359375 0.6805555559895833 0.5320312500000001 0.6749999999999999 0.5304687499999999 0.67222222265625 0.52890625 0.67222222265625 0.52578125 0.67777777734375