1 0.59140625 0.6388888893229167 0.5929687499999999 0.6388888893229167 0.5945312500000001 0.6361111106770834 0.5945312500000001 0.6333333333333333 0.5929687499999999 0.6305555559895833 0.58984375 0.6333333333333333 0.58984375 0.6361111106770834 0.59140625 0.6388888893229167
3 0.5520833333333334 0.24479166666666666 0.5559895833333334 0.24609375 0.5559895833333334 0.265625 0.5533854166666666 0.26953125 0.5494791666666666 0.2682291666666667 0.5481770833333334 0.2604166666666667 0.5481770833333334 0.25390625 0.5520833333333334 0.24609375
3 0.60546875 0.19661458333333334 0.6041666666666666 0.21223958333333334 0.59765625 0.21875 0.5950520833333334 0.21614583333333334 0.5963541666666666 0.20442708333333334 0.59765625 0.20052083333333334 0.6041666666666666 0.19661458333333334
3 0.45703125 0.6171875 0.4557291666666667 0.640625 0.453125 0.6432291666666666 0.44921875 0.6419270833333334 0.44921875 0.6276041666666666 0.4505208333333333 0.6223958333333334 0.4557291666666667 0.6171875
3 0.77734375 0.6575520833333334 0.78125 0.6575520833333334 0.7877604166666666 0.6666666666666666 0.7864583333333334 0.6770833333333334 0.78125 0.6744791666666666 0.7747395833333334 0.67578125 0.77734375 0.6588541666666666
3 0.6497395833333334 0.5950520833333334 0.6536458333333334 0.5950520833333334 0.65625 0.59765625 0.6575520833333334 0.6041666666666666 0.65625 0.6119791666666666 0.6484375 0.6106770833333334 0.6471354166666666 0.6041666666666666 0.6497395833333334 0.5963541666666666
3 0.5520833333333334 0.74609375 0.55859375 0.75 0.5598958333333334 0.7552083333333334 0.5546875 0.7643229166666666 0.5546875 0.7760416666666666 0.5481770833333334 0.77734375 0.5455729166666666 0.7734375 0.55078125 0.7473958333333334
3 0.6510416666666666 0.5221354166666666 0.6497395833333334 0.515625 0.6536458333333334 0.5026041666666666 0.6588541666666666 0.50390625 0.66015625 0.515625 0.6549479166666666 0.5221354166666666 0.65234375 0.5221354166666666
3 0.4192708333333333 0.40625 0.4296875 0.4166666666666667 0.4296875 0.4205729166666667 0.4244791666666667 0.4270833333333333 0.41796875 0.4296875 0.4153645833333333 0.42578125 0.4153645833333333 0.4205729166666667 0.4192708333333333 0.4075520833333333
3 0.5768229166666666 0.3828125 0.578125 0.3919270833333333 0.57421875 0.4010416666666667 0.5703125 0.3997395833333333 0.5690104166666666 0.3880208333333333 0.5716145833333334 0.3828125 0.5755208333333334 0.3828125
3 0.75390625 0.46484375 0.7682291666666666 0.4674479166666667 0.76953125 0.4700520833333333 0.7682291666666666 0.4752604166666667 0.76171875 0.4791666666666667 0.7604166666666666 0.48828125 0.75390625 0.4830729166666667 0.75390625 0.4661458333333333
3 0.60546875 0.8671875 0.60546875 0.84765625 0.609375 0.83984375 0.6119791666666666 0.8372395833333334 0.6145833333333334 0.8385416666666666 0.6145833333333334 0.8528645833333334 0.6080729166666666 0.8671875 0.60546875 0.8697916666666666 0.6041666666666666 0.8684895833333334
3 0.61328125 0.5166666666666667 0.61875 0.5236111106770833 0.62265625 0.52222222265625 0.6265625 0.51527777734375 0.6257812500000001 0.5083333333333333 0.6218750000000001 0.5013888893229167 0.615625 0.5013888893229167 0.61328125 0.5166666666666667
2 0.5182291666666666 0.12239583333333333 0.5208333333333334 0.28125 0.51953125 0.30078125 0.5221354166666666 0.3776041666666667 0.5221354166666666 0.5533854166666666 0.5247395833333334 0.6197916666666666 0.5234375 0.6940104166666666 0.5260416666666666 0.7473958333333334 0.52734375 0.8697916666666666 0.5260416666666666 0.9127604166666666 0.5286458333333334 0.9231770833333334 0.52734375 0.9505208333333334 0.5247395833333334 0.9518229166666666 0.5234375 0.76953125 0.51953125 0.6315104166666666 0.5169270833333334 0.12239583333333333
0 1 0.4138888893229167 0.9656250000000001 0.4138888893229167 0.90234375 0.4180555559895833 0.884375 0.4291666666666667 0.86875 0.4513888893229167 0.8562500000000001 0.4875 0.853125 0.5305555559895833 0.859375 0.57222222265625 0.875 0.6055555559895833 0.88828125 0.6208333333333333 0.9031250000000001 0.6291666666666667 1 0.6263888893229167 1 0.6208333333333333 0.9109375000000001 0.625 0.896875 0.6208333333333333 0.8828125 0.6083333333333333 0.86875 0.5861111106770833 0.8578125 0.5416666666666666 0.8601562500000001 0.48888888932291663 0.8671875 0.46527777734375 0.884375 0.43611111067708336 0.9015624999999999 0.4236111106770833 1 0.41944444401041664 1 0.4138888893229167
0 0.15 0.45 0.024999999999999998 0.4513888893229167 0.1390625 0.4513888893229167 0.15625 0.45972222265625 0.16953125 0.47500000000000003 0.18437499999999998 0.5069444440104166 0.1890625 0.53472222265625 0.1890625 0.5708333333333333 0.18437499999999998 0.5986111106770834 0.16953125 0.6305555559895833 0.14453125 0.65277777734375 0.024999999999999998 0.6611111106770834 0.13125 0.65972222265625 0.15859375 0.65 0.17578125 0.6291666666666667 0.1859375 0.6055555559895833 0.19296875 0.5666666666666667 0.19218749999999998 0.5319444440104167 0.18046874999999998 0.4861111106770833 0.16718750000000002 0.46388888932291666 0.15 0.45