1 0.5007812500000001 0.8333333333333334 0.50234375 0.8361111106770833 0.5046875000000001 0.8347222226562501 0.5046875000000001 0.8305555559895833 0.5031249999999999 0.82777777734375 0.5015625 0.82777777734375 0.5007812500000001 0.8291666666666666 0.5007812500000001 0.8333333333333334
0 0.90625 0.4166666666666667 0.9270833333333334 0.4140625 0.9986979166666666 0.4127604166666667 0.9986979166666666 0.4192708333333333 0.91015625 0.421875 0.8984375 0.4270833333333333 0.88671875 0.4375 0.8736979166666666 0.45703125 0.8658854166666666 0.4791666666666667 0.8619791666666666 0.5026041666666666 0.8619791666666666 0.5455729166666666 0.8658854166666666 0.5651041666666666 0.8736979166666666 0.58203125 0.875 0.58984375 0.8854166666666666 0.6028645833333334 0.8854166666666666 0.60546875 0.8958333333333334 0.6158854166666666 0.9088541666666666 0.6223958333333334 0.9986979166666666 0.62109375 0.9986979166666666 0.6263020833333334 0.98828125 0.6276041666666666 0.91015625 0.62890625 0.90234375 0.6263020833333334 0.8841145833333334 0.6119791666666666 0.8684895833333334 0.5859375 0.8606770833333334 0.55859375 0.8580729166666666 0.5299479166666666 0.859375 0.4973958333333333 0.86328125 0.4765625 0.87109375 0.4544270833333333 0.8828125 0.4348958333333333 0.8971354166666666 0.421875 0.90625 0.41796875
0 0.15885416666666666 0.4505208333333333 0.16927083333333334 0.4583333333333333 0.18098958333333334 0.4739583333333333 0.19010416666666666 0.4934895833333333 0.1953125 0.5130208333333334 0.19921875 0.5690104166666666 0.19010416666666666 0.609375 0.17447916666666666 0.6380208333333334 0.1640625 0.6484375 0.15494791666666666 0.6536458333333334 0.140625 0.6575520833333334 0.07552083333333333 0.66015625 0.03515625 0.66015625 0.03515625 0.65625 0.1484375 0.6510416666666666 0.15494791666666666 0.6484375 0.17578125 0.62890625 0.1875 0.6067708333333334 0.19270833333333334 0.5859375 0.1953125 0.5533854166666666 0.19140625 0.5091145833333334 0.18489583333333334 0.4895833333333333 0.17708333333333334 0.4752604166666667 0.16015625 0.45703125 0.15104166666666666 0.4518229166666667 0.12369791666666667 0.4505208333333333 0.03125 0.453125 0.03125 0.4505208333333333 0.05078125 0.4479166666666667 0.13020833333333334 0.4453125 0.14453125 0.4453125 0.15494791666666666 0.4479166666666667 0.15755208333333334 0.4505208333333333
2 0.5234375 0.12239583333333333 0.5260416666666666 0.140625 0.5247395833333334 0.19010416666666666 0.52734375 0.2760416666666667 0.52734375 0.5299479166666666 0.5299479166666666 0.5651041666666666 0.53125 0.85546875 0.5338541666666666 0.8658854166666666 0.5338541666666666 0.9466145833333334 0.53125 0.9479166666666666 0.5286458333333334 0.8671875 0.52734375 0.6315104166666666 0.5247395833333334 0.6197916666666666 0.5247395833333334 0.2916666666666667 0.5221354166666666 0.19921875 0.5234375 0.12369791666666667
3 0.41015625 0.7109375 0.41015625 0.71875 0.40625 0.73046875 0.40234375 0.73046875 0.3984375 0.7200520833333334 0.40234375 0.7122395833333334 0.4088541666666667 0.7122395833333334
3 0.5768229166666666 0.3932291666666667 0.5807291666666666 0.4075520833333333 0.5703125 0.4140625 0.5638020833333334 0.4114583333333333 0.5638020833333334 0.4036458333333333 0.5690104166666666 0.4010416666666667 0.5755208333333334 0.3932291666666667
3 0.36328125 0.55078125 0.3619791666666667 0.5598958333333334 0.3567708333333333 0.5677083333333334 0.3515625 0.56640625 0.3515625 0.5520833333333334 0.3619791666666667 0.55078125
3 0.5078125 0.22265625 0.51171875 0.22526041666666666 0.5143229166666666 0.23307291666666666 0.5078125 0.25390625 0.50390625 0.2526041666666667 0.50390625 0.24479166666666666 0.5013020833333334 0.24088541666666666 0.5013020833333334 0.22916666666666666 0.50390625 0.22395833333333334 0.5065104166666666 0.22395833333333334
3 0.7330729166666666 0.4361979166666667 0.7278645833333334 0.43359375 0.7317708333333334 0.4153645833333333 0.7369791666666666 0.4140625 0.7408854166666666 0.4192708333333333 0.7408854166666666 0.42578125 0.7330729166666666 0.4348958333333333
3 0.5716145833333334 0.6575520833333334 0.578125 0.65625 0.5807291666666666 0.6627604166666666 0.5807291666666666 0.6692708333333334 0.5768229166666666 0.6744791666666666 0.57421875 0.6744791666666666 0.5703125 0.671875 0.5716145833333334 0.6588541666666666
3 0.765625 0.2265625 0.7669270833333334 0.21484375 0.7721354166666666 0.20703125 0.77734375 0.20833333333333334 0.77734375 0.21744791666666666 0.7721354166666666 0.22395833333333334 0.7669270833333334 0.2265625
3 0.9283854166666666 0.5234375 0.9309895833333334 0.52734375 0.9296875 0.5364583333333334 0.9270833333333334 0.5390625 0.9192708333333334 0.5377604166666666 0.9166666666666666 0.5403645833333334 0.9140625 0.5403645833333334 0.91015625 0.5338541666666666 0.91796875 0.5260416666666666 0.9270833333333334 0.5234375
3 0.21223958333333334 0.5364583333333334 0.21614583333333334 0.5416666666666666 0.22005208333333334 0.5416666666666666 0.22265625 0.5442708333333334 0.21354166666666666 0.5572916666666666 0.20963541666666666 0.5572916666666666 0.203125 0.5481770833333334 0.20442708333333334 0.5390625 0.20703125 0.5364583333333334 0.2109375 0.5364583333333334
3 0.4088541666666667 0.302734375 0.010416666666666666 0.027994791666666668
3 0.50308359375 0.8613472226562501 0.50167421875 0.8536569440104166 0.5039890625 0.8448916666666667 0.50620390625 0.8371875000000001 0.49553281250000003 0.8375583333333334 0.49039843749999995 0.8499 0.4908015625 0.8626 0.50308359375 0.8613472226562501
3 0.6608867187499999 0.8463236106770834 0.65877265625 0.8504375 0.66350390625 0.8552666666666666 0.6683359375000001 0.8568763893229167 0.6705507812499999 0.8477541666666667 0.66753125 0.8347263893229168 0.65665859375 0.8373805559895833 0.6537390625 0.84131527734375 0.6608867187499999 0.8463236106770834