1 0.30312500000000003 0.4680555559895833 0.30390625 0.4694444440104167 0.30703125000000003 0.4694444440104167 0.30703125000000003 0.46388888932291666 0.30624999999999997 0.46249999999999997 0.30390625 0.4611111106770833 0.30312500000000003 0.46249999999999997 0.30312500000000003 0.4680555559895833
3 0.29296875 0.4140625 0.2955729166666667 0.4153645833333333 0.296875 0.421875 0.3046875 0.4348958333333333 0.3046875 0.4401041666666667 0.3020833333333333 0.4427083333333333 0.2981770833333333 0.4440104166666667 0.2942708333333333 0.4401041666666667 0.29296875 0.4153645833333333
3 0.6705729166666666 0.7799479166666666 0.671875 0.7942708333333334 0.6666666666666666 0.7981770833333334 0.6627604166666666 0.7942708333333334 0.6614583333333334 0.7825520833333334 0.6692708333333334 0.7799479166666666
3 0.4309895833333333 0.2981770833333333 0.014322916666666666 0.029296875
3 0.34765625 0.6731770833333334 0.3515625 0.6731770833333334 0.3619791666666667 0.6822916666666666 0.3619791666666667 0.6901041666666666 0.34765625 0.69140625 0.34375 0.68359375 0.34375 0.6783854166666666 0.34765625 0.6744791666666666
3 0.4986979166666667 0.51171875 0.5 0.5260416666666666 0.4973958333333333 0.53125 0.4934895833333333 0.53125 0.4921875 0.5286458333333334 0.4934895833333333 0.5143229166666666 0.4973958333333333 0.51171875
3 0.4166666666666667 0.7473958333333334 0.4192708333333333 0.76171875 0.4140625 0.7669270833333334 0.4127604166666667 0.7734375 0.41015625 0.7747395833333334 0.40625 0.7721354166666666 0.4049479166666667 0.7565104166666666 0.4153645833333333 0.7486979166666666
3 0.4557291666666667 0.7044270833333334 0.4557291666666667 0.7252604166666666 0.44921875 0.7239583333333334 0.44921875 0.7109375 0.4505208333333333 0.70703125 0.4544270833333333 0.7044270833333334
3 0.5384114583333334 0.4596354166666667 0.013020833333333334 0.027994791666666668
3 0.546875 0.81640625 0.5520833333333334 0.8190104166666666 0.5533854166666666 0.828125 0.55078125 0.8346354166666666 0.5455729166666666 0.8385416666666666 0.54296875 0.82421875 0.54296875 0.8177083333333334 0.5455729166666666 0.81640625
3 0.7057291666666666 0.2838541666666667 0.7044270833333334 0.2682291666666667 0.7122395833333334 0.26171875 0.7135416666666666 0.2578125 0.7174479166666666 0.2604166666666667 0.7174479166666666 0.2734375 0.7135416666666666 0.28125 0.7109375 0.2838541666666667 0.70703125 0.2838541666666667
0 0.16953125 0.6388888893229167 0.15234375 0.65277777734375 0.03125 0.6611111106770834 0.140625 0.6611111106770834 0.15937500000000002 0.6541666666666667 0.17578125 0.6375000000000001 0.18984375 0.6083333333333333 0.196875 0.5736111106770834 0.19609374999999998 0.5499999999999999 0.19296875 0.5819444440104167 0.1859375 0.6111111106770833 0.16953125 0.6388888893229167
3 0.15104166666666666 0.5546875 0.020182291666666668 0.0234375
0 1 0.6208333333333333 0.90859375 0.6236111106770833 0.88671875 0.6111111106770833 0.87109375 0.5875 0.86328125 0.56527777734375 0.8562500000000001 0.50972222265625 0.85390625 0.5291666666666667 0.8601562500000001 0.5708333333333333 0.8742187499999999 0.60277777734375 0.88828125 0.6194444440104167 0.9078125 0.6291666666666667 1 0.6263888893229167 1 0.6208333333333333
3 0.8776041666666666 0.4674479166666667 0.8776041666666666 0.4817708333333333 0.875 0.4830729166666667 0.8684895833333334 0.4830729166666667 0.8658854166666666 0.48046875 0.8645833333333334 0.4700520833333333 0.87109375 0.4661458333333333 0.8763020833333334 0.4674479166666667
0 1 0.4138888893229167 0.9671875 0.4138888893229167 0.90390625 0.4180555559895833 0.88671875 0.42777777734375005 0.8679687500000001 0.4569444440104167 0.8703124999999999 0.4583333333333333 0.884375 0.43611111067708336 0.9070312500000001 0.42222222265625 1 0.41944444401041664 1 0.4138888893229167
0 0.15703124999999998 0.4569444440104167 0.17656249999999998 0.47777777734375 0.17578125 0.47361111067708334 0.15859375 0.45555555598958336 0.14531249999999998 0.45277777734375 0.15703124999999998 0.4569444440104167
2 0.5182291666666666 0.12760416666666666 0.5208333333333334 0.13020833333333334 0.5221354166666666 0.14973958333333334 0.5247395833333334 0.4309895833333333 0.5234375 0.4596354166666667 0.5260416666666666 0.4635416666666667 0.5247395833333334 0.5559895833333334 0.52734375 0.6171875 0.52734375 0.7903645833333334 0.5299479166666666 0.8190104166666666 0.5286458333333334 0.8671875 0.53125 0.9231770833333334 0.5286458333333334 0.9505208333333334 0.5260416666666666 0.92578125 0.52734375 0.8502604166666666 0.5247395833333334 0.8294270833333334 0.5234375 0.5598958333333334 0.5208333333333334 0.49609375 0.5234375 0.4791666666666667 0.5208333333333334 0.4622395833333333 0.51953125 0.19661458333333334 0.5169270833333334 0.15104166666666666 0.5182291666666666 0.12890625
0 0.140625 0.45 0.0375 0.45555555598958336 0.14296875 0.4513888893229167 0.140625 0.45