1 0.43984375000000003 0.6375000000000001 0.44296874999999997 0.6361111106770834 0.44375000000000003 0.63472222265625 0.44375000000000003 0.6305555559895833 0.44296874999999997 0.6291666666666667 0.43906249999999997 0.6305555559895833 0.43906249999999997 0.6361111106770834 0.43984375000000003 0.6375000000000001
0 0.8919270833333334 0.4375 0.9010416666666666 0.43359375 0.9153645833333334 0.4322916666666667 0.9986979166666666 0.4309895833333333 0.9986979166666666 0.4361979166666667 0.9856770833333334 0.4361979166666667 0.984375 0.4388020833333333 0.90625 0.4401041666666667 0.8932291666666666 0.4440104166666667 0.8841145833333334 0.4505208333333333 0.87109375 0.4661458333333333 0.859375 0.4934895833333333 0.8541666666666666 0.51953125 0.8541666666666666 0.5572916666666666 0.859375 0.5859375 0.8619791666666666 0.5885416666666666 0.8671875 0.60546875 0.8841145833333334 0.62890625 0.8932291666666666 0.6354166666666666 0.9036458333333334 0.6393229166666666 0.9986979166666666 0.63671875 0.9986979166666666 0.6419270833333334 0.90234375 0.64453125 0.8854166666666666 0.63671875 0.8684895833333334 0.6171875 0.8606770833333334 0.6015625 0.8515625 0.5677083333333334 0.8515625 0.5130208333333334 0.85546875 0.5026041666666666 0.8567708333333334 0.4895833333333333 0.8645833333333334 0.46875 0.87890625 0.4479166666666667 0.8919270833333334 0.4388020833333333
0 0.10286458333333333 0.4583333333333333 0.140625 0.4583333333333333 0.14192708333333334 0.4609375 0.14713541666666666 0.4609375 0.15494791666666666 0.46484375 0.16796875 0.4752604166666667 0.17838541666666666 0.4908854166666667 0.18619791666666666 0.5091145833333334 0.19140625 0.5299479166666666 0.19401041666666666 0.5533854166666666 0.19401041666666666 0.5794270833333334 0.19010416666666666 0.6080729166666666 0.18619791666666666 0.62109375 0.17057291666666666 0.6510416666666666 0.15755208333333334 0.6627604166666666 0.14713541666666666 0.6692708333333334 0.1328125 0.671875 0.06510416666666667 0.6744791666666666 0.03125 0.6744791666666666 0.02734375 0.671875 0.0390625 0.6692708333333334 0.06380208333333333 0.6692708333333334 0.06510416666666667 0.6666666666666666 0.14322916666666666 0.6640625 0.15625 0.6575520833333334 0.16796875 0.6471354166666666 0.18359375 0.6171875 0.19140625 0.5807291666666666 0.19140625 0.5481770833333334 0.18359375 0.5130208333333334 0.17578125 0.4947916666666667 0.16276041666666666 0.4765625 0.14322916666666666 0.46484375 0.06640625 0.4674479166666667 0.028645833333333332 0.4674479166666667 0.024739583333333332 0.46484375 0.028645833333333332 0.4622395833333333 0.10286458333333333 0.4596354166666667
2 0.5208333333333334 0.47265625 0.5247395833333334 0.4908854166666667 0.5234375 0.5703125 0.5260416666666666 0.6302083333333334 0.5247395833333334 0.703125 0.52734375 0.8020833333333334 0.52734375 0.83203125 0.5247395833333334 0.83984375 0.52734375 0.8567708333333334 0.5260416666666666 0.87890625 0.5286458333333334 0.93359375 0.5286458333333334 0.9609375 0.5247395833333334 0.9622395833333334 0.5247395833333334 0.8177083333333334 0.51953125 0.4908854166666667 0.5208333333333334 0.4739583333333333
3 0.37109375 0.2526041666666667 0.3736979166666667 0.25390625 0.3736979166666667 0.2630208333333333 0.3763020833333333 0.2682291666666667 0.37109375 0.2760416666666667 0.3671875 0.2721354166666667 0.3658854166666667 0.2643229166666667 0.3658854166666667 0.2578125 0.3697916666666667 0.2526041666666667
3 0.3580729166666667 0.5260416666666666 0.3645833333333333 0.5325520833333334 0.3645833333333333 0.5455729166666666 0.3619791666666667 0.5481770833333334 0.3567708333333333 0.54296875 0.3567708333333333 0.52734375
3 0.5052083333333334 0.3098958333333333 0.5091145833333334 0.30859375 0.51171875 0.3111979166666667 0.51171875 0.32421875 0.5091145833333334 0.3346354166666667 0.5065104166666666 0.3346354166666667 0.5052083333333334 0.3307291666666667 0.5052083333333334 0.3111979166666667
3 0.5442708333333334 0.2630208333333333 0.5442708333333334 0.24348958333333334 0.5481770833333334 0.24088541666666666 0.5520833333333334 0.24479166666666666 0.5520833333333334 0.2526041666666667 0.5494791666666666 0.2630208333333333 0.5455729166666666 0.2630208333333333
3 0.4322916666666667 0.625 0.4348958333333333 0.63671875 0.4322916666666667 0.6471354166666666 0.4270833333333333 0.6471354166666666 0.4231770833333333 0.640625 0.4244791666666667 0.625 0.4309895833333333 0.625
3 0.5618489583333334 0.54296875 0.010416666666666666 0.01953125
3 0.5989583333333334 0.3411458333333333 0.60546875 0.33984375 0.6080729166666666 0.34375 0.6067708333333334 0.3567708333333333 0.6015625 0.3671875 0.59765625 0.3697916666666667 0.5989583333333334 0.3424479166666667
3 0.5247395833333334 0.4466145833333333 0.5286458333333334 0.4479166666666667 0.5299479166666666 0.4557291666666667 0.5325520833333334 0.4583333333333333 0.5325520833333334 0.4635416666666667 0.5286458333333334 0.4674479166666667 0.5247395833333334 0.4700520833333333 0.5208333333333334 0.4674479166666667 0.5208333333333334 0.4544270833333333 0.5247395833333334 0.4479166666666667
3 0.24283854166666666 0.5559895833333334 0.014322916666666666 0.014973958333333334
3 0.5188802083333334 0.3997395833333333 0.013020833333333334 0.027994791666666668
3 0.5319010416666666 0.8470052083333334 0.012369791666666666 0.033203125
3 0.4734375 0.7236111106770834 0.47421874999999997 0.7263888893229167 0.47734375 0.7194444440104166 0.47812499999999997 0.7194444440104166 0.47812499999999997 0.7180555559895834 0.48046875 0.7152777773437501 0.48046875 0.7097222226562501 0.48281250000000003 0.7013888893229167 0.48281250000000003 0.6986111106770833 0.48125 0.6958333333333333 0.4765625 0.6958333333333333 0.47500000000000003 0.7013888893229167 0.4734375 0.7236111106770834