1 0.37343750000000003 0.29444444401041664 0.375 0.29027777734375 0.37421875 0.28611111067708334 0.37343750000000003 0.28472222265624997 0.3703125 0.28611111067708334 0.36953125000000003 0.28750000000000003 0.36953125000000003 0.2916666666666667 0.37109375 0.29444444401041664 0.37343750000000003 0.29444444401041664
0 0 0.4322916666666667 0.08723958333333333 0.4348958333333333 0.10026041666666667 0.44140625 0.11458333333333333 0.4544270833333333 0.12369791666666667 0.47265625 0.12630208333333334 0.4739583333333333 0.13411458333333334 0.49609375 0.13932291666666666 0.5416666666666666 0.13802083333333334 0.5677083333333334 0.13020833333333334 0.6002604166666666 0.11848958333333333 0.6236979166666666 0.10677083333333333 0.6380208333333334 0.08463541666666667 0.6497395833333334 0 0.6471354166666666 0 0.6393229166666666 0.06901041666666667 0.6432291666666666 0.08072916666666667 0.6432291666666666 0.09505208333333333 0.6393229166666666 0.109375 0.6276041666666666 0.109375 0.625 0.12369791666666667 0.60546875 0.13541666666666666 0.5638020833333334 0.13541666666666666 0.5208333333333334 0.1328125 0.5065104166666666 0.12369791666666667 0.4778645833333333 0.10677083333333333 0.453125 0.09635416666666667 0.4453125 0.08463541666666667 0.44140625 0 0.4388020833333333 0 0.43359375
0 0.8138020833333334 0.50390625 0.8138020833333334 0.515625 0.8072916666666666 0.53125 0.8033854166666666 0.5520833333333334 0.8033854166666666 0.5859375 0.8111979166666666 0.62109375 0.8255208333333334 0.6497395833333334 0.8385416666666666 0.6627604166666666 0.8541666666666666 0.6705729166666666 0.9635416666666666 0.6744791666666666 0.9674479166666666 0.6783854166666666 0.9375 0.6796875 0.8541666666666666 0.67578125 0.83984375 0.6705729166666666 0.8268229166666666 0.6588541666666666 0.8203125 0.6510416666666666 0.80859375 0.6263020833333334 0.80078125 0.5885416666666666 0.80078125 0.55078125 0.8033854166666666 0.5455729166666666 0.8059895833333334 0.51953125 0.8125 0.5052083333333334
2 0.4739583333333333 0.13932291666666666 0.4739583333333333 0.48828125 0.4713541666666667 0.5572916666666666 0.47265625 0.6080729166666666 0.4674479166666667 0.9700520833333334 0.46484375 0.9700520833333334 0.46484375 0.8450520833333334 0.4674479166666667 0.8151041666666666 0.47265625 0.140625
3 0.6588541666666666 0.5690104166666666 0.6614583333333334 0.5729166666666666 0.6614583333333334 0.58203125 0.6588541666666666 0.5833333333333334 0.6575520833333334 0.5885416666666666 0.6536458333333334 0.5859375 0.6510416666666666 0.5794270833333334 0.6510416666666666 0.5716145833333334 0.6536458333333334 0.5690104166666666 0.6575520833333334 0.5690104166666666
3 0.8203125 0.48828125 0.8268229166666666 0.4869791666666667 0.8307291666666666 0.4921875 0.8294270833333334 0.5026041666666666 0.8229166666666666 0.5065104166666666 0.8151041666666666 0.5013020833333334 0.8151041666666666 0.4947916666666667 0.8203125 0.4895833333333333
3 0.296875 0.3294270833333333 0.2994791666666667 0.3294270833333333 0.2994791666666667 0.359375 0.2955729166666667 0.3580729166666667 0.29296875 0.3463541666666667 0.2890625 0.3424479166666667 0.2890625 0.3372395833333333 0.29296875 0.3359375 0.296875 0.3307291666666667
3 0.6354166666666666 0.31640625 0.63671875 0.3268229166666667 0.6328125 0.3346354166666667 0.62890625 0.3346354166666667 0.6276041666666666 0.3229166666666667 0.6341145833333334 0.31640625
3 0.5716145833333334 0.8802083333333334 0.5794270833333334 0.8815104166666666 0.5833333333333334 0.8854166666666666 0.5833333333333334 0.90234375 0.5807291666666666 0.9140625 0.578125 0.9140625 0.5768229166666666 0.9010416666666666 0.5703125 0.8815104166666666
3 0.6158854166666666 0.4049479166666667 0.6197916666666666 0.4088541666666667 0.6197916666666666 0.4231770833333333 0.6158854166666666 0.4309895833333333 0.61328125 0.4309895833333333 0.6041666666666666 0.4192708333333333 0.6145833333333334 0.4049479166666667
3 0.54296875 0.4765625 0.5416666666666666 0.4713541666666667 0.546875 0.4635416666666667 0.55078125 0.4635416666666667 0.5533854166666666 0.4674479166666667 0.5533854166666666 0.48046875 0.5520833333333334 0.484375 0.5494791666666666 0.484375 0.546875 0.4830729166666667 0.5442708333333334 0.4765625
3 0.7486979166666666 0.33984375 0.7513020833333334 0.3411458333333333 0.7513020833333334 0.35546875 0.7486979166666666 0.3619791666666667 0.7421875 0.3606770833333333 0.73828125 0.3515625 0.73828125 0.3489583333333333 0.7473958333333334 0.3411458333333333
3 0.6953125 0.6380208333333334 0.6979166666666666 0.6471354166666666 0.6966145833333334 0.65234375 0.6927083333333334 0.65625 0.6875 0.6536458333333334 0.68359375 0.6471354166666666 0.68359375 0.6419270833333334 0.69140625 0.63671875 0.6940104166666666 0.6380208333333334
3 0.5187499999999999 0.2930555559895833 0.5171875 0.30555555598958334 0.521875 0.30972222265625 0.5234375 0.2930555559895833 0.5187499999999999 0.2930555559895833
3 0.43515624999999997 0.23888888932291666 0.43359375 0.24722222265625002 0.43906249999999997 0.2625 0.44140625 0.24722222265625002 0.43515624999999997 0.23888888932291666
3 0.63828125 0.7055555559895833 0.6421875 0.7166666666666667 0.6421875 0.7263888893229167 0.6437499999999999 0.73472222265625 0.64609375 0.73472222265625 0.646875 0.7333333333333334 0.6476562499999999 0.7055555559895833 0.646875 0.70277777734375 0.6375000000000001 0.7013888893229167 0.6359374999999999 0.7013888893229167 0.6359374999999999 0.70277777734375 0.6375000000000001 0.7055555559895833 0.63828125 0.7055555559895833