1 0.5007812500000001 0.5986111106770834 0.5007812500000001 0.5944444440104167 0.49921875 0.5916666666666667 0.49765624999999997 0.5916666666666667 0.49609375 0.5944444440104167 0.49609375 0.59722222265625 0.49765624999999997 0.6 0.5007812500000001 0.5986111106770834
3 0.4283854166666667 0.7864583333333334 0.4309895833333333 0.7890625 0.4296875 0.8072916666666666 0.4244791666666667 0.80859375 0.421875 0.8046875 0.421875 0.7942708333333334 0.4270833333333333 0.7877604166666666
3 0.4596354166666667 0.24088541666666666 0.4622395833333333 0.24348958333333334 0.4635416666666667 0.25390625 0.4622395833333333 0.2669270833333333 0.4596354166666667 0.26953125 0.45703125 0.2682291666666667 0.4557291666666667 0.2552083333333333 0.4518229166666667 0.24609375 0.4518229166666667 0.24348958333333334 0.4583333333333333 0.2421875
3 0.5846354166666666 0.5299479166666666 0.5885416666666666 0.5364583333333334 0.5885416666666666 0.5481770833333334 0.5872395833333334 0.55078125 0.58203125 0.55078125 0.58203125 0.5338541666666666 0.5846354166666666 0.53125
3 0.5651041666666666 0.23958333333333334 0.5677083333333334 0.23958333333333334 0.5690104166666666 0.24479166666666666 0.5690104166666666 0.2604166666666667 0.5638020833333334 0.2630208333333333 0.5611979166666666 0.2591145833333333 0.5611979166666666 0.25 0.5651041666666666 0.24088541666666666
3 0.4375 0.578125 0.4440104166666667 0.5794270833333334 0.4427083333333333 0.59765625 0.4375 0.5950520833333334 0.4375 0.5794270833333334
3 0.3997395833333333 0.3385416666666667 0.40234375 0.34765625 0.40234375 0.3567708333333333 0.3997395833333333 0.359375 0.39453125 0.3567708333333333 0.3932291666666667 0.3489583333333333 0.390625 0.3463541666666667 0.390625 0.33984375 0.3932291666666667 0.3372395833333333 0.3984375 0.3385416666666667
3 0.5143229166666666 0.6432291666666666 0.5169270833333334 0.6497395833333334 0.5169270833333334 0.6575520833333334 0.5143229166666666 0.66015625 0.51171875 0.66015625 0.5104166666666666 0.6575520833333334 0.5104166666666666 0.64453125 0.5130208333333334 0.6432291666666666
3 0.70703125 0.5911458333333334 0.7122395833333334 0.5911458333333334 0.71484375 0.5963541666666666 0.7135416666666666 0.609375 0.7083333333333334 0.6106770833333334 0.69921875 0.6028645833333334 0.70703125 0.5924479166666666
3 0.546875 0.4322916666666667 0.5494791666666666 0.4348958333333333 0.55078125 0.4427083333333333 0.546875 0.4518229166666667 0.54296875 0.4466145833333333 0.54296875 0.43359375 0.5455729166666666 0.4322916666666667
3 0.48046875 0.44166666666666665 0.47109375000000003 0.4458333333333333 0.47031249999999997 0.45555555598958336 0.4734375 0.46388888932291666 0.48359375 0.4611111106770833 0.48046875 0.44166666666666665
3 0.4484375 0.38194444401041666 0.44921875 0.3833333333333333 0.44921875 0.38194444401041666 0.45078124999999997 0.37916666666666665 0.45078124999999997 0.3694444440104167 0.44921875 0.36388888932291663 0.4484375 0.36388888932291663 0.44687499999999997 0.3611111106770833 0.44296874999999997 0.3611111106770833 0.4421875 0.3625 0.4421875 0.36805555598958334 0.44609375 0.38194444401041666 0.4484375 0.38194444401041666
0 0 0.6375000000000001 0.10234375 0.6388888893229167 0.12734375 0.6194444440104167 0.13984375000000002 0.59722222265625 0.14765625000000002 0.5694444440104166 0.15 0.5236111106770833 0.14375000000000002 0.4861111106770833 0.12968749999999998 0.45416666666666666 0.11171874999999999 0.43472222265625 0.09765625 0.4291666666666667 0.024999999999999998 0.42638888932291663 0 0.42638888932291663 0 0.43333333333333335 0.09999999999999999 0.43611111067708336 0.11796875 0.44722222265624995 0.12734375 0.45972222265625 0.1390625 0.4875 0.14531249999999998 0.5125000000000001 0.14531249999999998 0.5625 0.13125 0.6041666666666666 0.11093750000000001 0.6291666666666667 0.09765625 0.63472222265625 0 0.6319444440104166 0 0.6375000000000001
0 0.83359375 0.6513888893229166 0.859375 0.66527777734375 0.96484375 0.66527777734375 0.84609375 0.6541666666666667 0.8312499999999999 0.64027777734375 0.8156249999999999 0.6111111106770833 0.80859375 0.5791666666666667 0.8078124999999999 0.5486111106770833 0.81484375 0.50972222265625 0.821875 0.49305555598958334 0.8445312500000001 0.46527777734375 0.8578125 0.45972222265625 0.9546875 0.46249999999999997 0.9734375000000001 0.4611111106770833 0.97265625 0.4569444440104167 0.8484375000000001 0.45555555598958336 0.8265625 0.47500000000000003 0.8140625 0.49861111067708336 0.80703125 0.5236111106770833 0.8039062499999999 0.5444444440104167 0.80625 0.5916666666666667 0.8156249999999999 0.625 0.83359375 0.6513888893229166
2 0.4778645833333333 0.4700520833333333 0.48046875 0.5013020833333334 0.4739583333333333 0.9544270833333334 0.47265625 0.796875 0.4765625 0.4713541666666667
3 0.51328125 0.7305555559895834 0.5078125 0.7222222226562499 0.5046875000000001 0.73472222265625 0.5085937500000001 0.75277777734375 0.51328125 0.7416666666666667 0.51328125 0.7305555559895834