0 0.9986979166666666 0.41015625 0.9986979166666666 0.41796875 0.9895833333333334 0.4153645833333333 0.98828125 0.41796875 0.9153645833333334 0.4192708333333333 0.90625 0.421875 0.8958333333333334 0.4283854166666667 0.88671875 0.4375 0.875 0.4583333333333333 0.8736979166666666 0.4674479166666667 0.8684895833333334 0.4778645833333333 0.86328125 0.5052083333333334 0.86328125 0.5442708333333334 0.87109375 0.57421875 0.8828125 0.59765625 0.8997395833333334 0.6158854166666666 0.9114583333333334 0.62109375 0.9986979166666666 0.6184895833333334 0.9986979166666666 0.6236979166666666 0.96484375 0.6236979166666666 0.9635416666666666 0.6263020833333334 0.9231770833333334 0.6276041666666666 0.9075520833333334 0.6263020833333334 0.90625 0.6236979166666666 0.8984375 0.62109375 0.8919270833333334 0.6158854166666666 0.8828125 0.6067708333333334 0.8684895833333334 0.5794270833333334 0.8606770833333334 0.5442708333333334 0.8606770833333334 0.5026041666666666 0.8645833333333334 0.4765625 0.8684895833333334 0.46484375 0.8828125 0.4348958333333333 0.8919270833333334 0.4244791666666667 0.9088541666666666 0.4140625 0.9973958333333334 0.41015625
0 0.14453125 0.4466145833333333 0.15625 0.44921875 0.16666666666666666 0.4557291666666667 0.17838541666666666 0.46875 0.19010416666666666 0.4908854166666667 0.19791666666666666 0.51953125 0.19921875 0.5325520833333334 0.19791666666666666 0.5885416666666666 0.19140625 0.6119791666666666 0.18229166666666666 0.6315104166666666 0.16666666666666666 0.6497395833333334 0.15104166666666666 0.6575520833333334 0.09635416666666667 0.6614583333333334 0.03515625 0.6614583333333334 0.0390625 0.6575520833333334 0.14973958333333334 0.65234375 0.15494791666666666 0.6510416666666666 0.16666666666666666 0.6419270833333334 0.1796875 0.6263020833333334 0.1875 0.6119791666666666 0.19270833333333334 0.5885416666666666 0.1953125 0.5859375 0.19791666666666666 0.5533854166666666 0.1953125 0.5208333333333334 0.19270833333333334 0.5169270833333334 0.18880208333333334 0.4973958333333333 0.17317708333333334 0.4700520833333333 0.15885416666666666 0.45703125 0.14713541666666666 0.4518229166666667 0.06510416666666667 0.4557291666666667 0.03515625 0.4557291666666667 0.032552083333333336 0.4544270833333333 0.032552083333333336 0.4518229166666667 0.055989583333333336 0.44921875 0.14322916666666666 0.4466145833333333
1 0.65625 0.6361111106770834 0.65390625 0.6361111106770834 0.6546875 0.6416666666666667 0.65625 0.6361111106770834
2 0.5247395833333334 0.12109375 0.5299479166666666 0.4270833333333333 0.53125 0.703125 0.5338541666666666 0.7356770833333334 0.53515625 0.8385416666666666 0.53515625 0.9479166666666666 0.5325520833333334 0.9466145833333334 0.53125 0.9270833333333334 0.5325520833333334 0.8880208333333334 0.52734375 0.62890625 0.52734375 0.421875 0.5247395833333334 0.3828125 0.5247395833333334 0.12239583333333333
3 0.65625 0.5442708333333334 0.6588541666666666 0.5455729166666666 0.6588541666666666 0.5572916666666666 0.6536458333333334 0.5611979166666666 0.6497395833333334 0.5611979166666666 0.6497395833333334 0.5494791666666666 0.6549479166666666 0.5442708333333334
3 0.69140625 0.5755208333333334 0.69140625 0.5950520833333334 0.6875 0.59765625 0.68359375 0.5950520833333334 0.68359375 0.5859375 0.6875 0.5768229166666666 0.6901041666666666 0.5755208333333334
3 0.62890625 0.234375 0.6315104166666666 0.23958333333333334 0.6236979166666666 0.2565104166666667 0.6184895833333334 0.25390625 0.6223958333333334 0.23567708333333334 0.6276041666666666 0.234375
3 0.6822916666666666 0.6875 0.016927083333333332 0.024739583333333332
3 0.66796875 0.4921875 0.6783854166666666 0.5 0.6770833333333334 0.5052083333333334 0.6705729166666666 0.5091145833333334 0.6653645833333334 0.5091145833333334 0.6640625 0.4973958333333333 0.6666666666666666 0.4934895833333333
3 0.7239583333333334 0.8522135416666666 0.01171875 0.0234375
3 0.6328125 0.7890625 0.6393229166666666 0.7981770833333334 0.6393229166666666 0.8033854166666666 0.6341145833333334 0.8059895833333334 0.62890625 0.8059895833333334 0.62890625 0.7903645833333334 0.6315104166666666 0.7890625
3 0.7682291666666666 0.21484375 0.7708333333333334 0.22395833333333334 0.76171875 0.23567708333333334 0.7578125 0.23567708333333334 0.7578125 0.22265625 0.7669270833333334 0.21614583333333334
3 0.24739583333333334 0.5052083333333334 0.25390625 0.5091145833333334 0.24739583333333334 0.5221354166666666 0.2421875 0.5260416666666666 0.23828125 0.5260416666666666 0.23828125 0.51953125 0.24348958333333334 0.5065104166666666 0.24609375 0.5052083333333334
3 0.8802083333333334 0.453125 0.8893229166666666 0.453125 0.8919270833333334 0.45703125 0.890625 0.4674479166666667 0.8841145833333334 0.46875 0.87890625 0.4674479166666667 0.8802083333333334 0.4544270833333333
3 0.6080729166666666 0.5091145833333334 0.6119791666666666 0.515625 0.6119791666666666 0.5247395833333334 0.60546875 0.52734375 0.6028645833333334 0.5234375 0.6028645833333334 0.5182291666666666 0.6067708333333334 0.5104166666666666
3 0.6124999999999999 0.4041666666666666 0.6242187499999999 0.4069444440104167 0.625 0.39305555598958336 0.6203124999999999 0.3875 0.61484375 0.39027777734375 0.6124999999999999 0.4041666666666666