1 0.41953124999999997 0.6513888893229166 0.41875 0.6569444440104167 0.42265625 0.6583333333333333 0.42265625 0.6513888893229166 0.41953124999999997 0.6513888893229166
0 0 0.4140625 0.09244791666666667 0.4166666666666667 0.09375 0.4192708333333333 0.09895833333333333 0.4192708333333333 0.11328125 0.4270833333333333 0.11979166666666667 0.43359375 0.13411458333333334 0.4557291666666667 0.14322916666666666 0.4869791666666667 0.14713541666666666 0.5182291666666666 0.14583333333333334 0.546875 0.13541666666666666 0.5885416666666666 0.12239583333333333 0.6106770833333334 0.10286458333333333 0.6276041666666666 0.09635416666666667 0.6302083333333334 0 0.6276041666666666 0 0.62109375 0.0625 0.6236979166666666 0.09505208333333333 0.6236979166666666 0.10286458333333333 0.62109375 0.11588541666666667 0.6106770833333334 0.13151041666666666 0.5872395833333334 0.13932291666666666 0.5638020833333334 0.14322916666666666 0.5377604166666666 0.14322916666666666 0.5065104166666666 0.140625 0.5013020833333334 0.13932291666666666 0.4830729166666667 0.13671875 0.48046875 0.13671875 0.4752604166666667 0.12760416666666666 0.453125 0.11458333333333333 0.4348958333333333 0.10286458333333333 0.4270833333333333 0.09244791666666667 0.4231770833333333 0 0.4205729166666667 0 0.4153645833333333
0 0.890625 0.4466145833333333 0.9752604166666666 0.4505208333333333 0.9765625 0.453125 0.9739583333333334 0.4557291666666667 0.9505208333333334 0.4557291666666667 0.8619791666666666 0.4518229166666667 0.8515625 0.4557291666666667 0.8489583333333334 0.4596354166666667 0.83984375 0.46484375 0.828125 0.4791666666666667 0.8190104166666666 0.4973958333333333 0.8111979166666666 0.5299479166666666 0.8111979166666666 0.5755208333333334 0.8190104166666666 0.6080729166666666 0.8346354166666666 0.6354166666666666 0.84765625 0.6484375 0.85546875 0.65234375 0.87109375 0.6549479166666666 0.9596354166666666 0.6575520833333334 0.9713541666666666 0.6588541666666666 0.9739583333333334 0.66015625 0.9713541666666666 0.6627604166666666 0.89453125 0.6614583333333334 0.8541666666666666 0.6575520833333334 0.84375 0.65234375 0.828125 0.6354166666666666 0.81640625 0.6119791666666666 0.80859375 0.5794270833333334 0.8072916666666666 0.5416666666666666 0.8125 0.5078125 0.8190104166666666 0.48828125 0.8307291666666666 0.4674479166666667 0.83984375 0.45703125 0.84765625 0.4518229166666667 0.8619791666666666 0.4466145833333333 0.8893229166666666 0.4466145833333333
2 0.48046875 0.12239583333333333 0.4830729166666667 0.15234375 0.4791666666666667 0.6302083333333334 0.4739583333333333 0.8932291666666666 0.4752604166666667 0.9322916666666666 0.4739583333333333 0.9505208333333334 0.4713541666666667 0.9505208333333334 0.4700520833333333 0.9244791666666666 0.47265625 0.9127604166666666 0.4713541666666667 0.87109375 0.4752604166666667 0.6901041666666666 0.4739583333333333 0.6197916666666666 0.4765625 0.5559895833333334 0.4765625 0.3919270833333333 0.48046875 0.12369791666666667
3 0.57421875 0.4088541666666667 0.578125 0.42578125 0.5768229166666666 0.4296875 0.5716145833333334 0.4322916666666667 0.5690104166666666 0.4244791666666667 0.5690104166666666 0.4127604166666667 0.5729166666666666 0.4088541666666667
3 0.4466145833333333 0.24348958333333334 0.4518229166666667 0.25 0.4505208333333333 0.26953125 0.4466145833333333 0.2682291666666667 0.4453125 0.2565104166666667 0.4427083333333333 0.2526041666666667 0.4427083333333333 0.24479166666666666 0.4453125 0.24348958333333334
3 0.3932291666666667 0.1953125 0.4010416666666667 0.19921875 0.4036458333333333 0.2109375 0.4036458333333333 0.21484375 0.4010416666666667 0.21744791666666666 0.3971354166666667 0.21484375 0.3932291666666667 0.20572916666666666 0.3932291666666667 0.19661458333333334
3 0.5494791666666666 0.6315104166666666 0.5520833333333334 0.6354166666666666 0.5520833333333334 0.6471354166666666 0.5481770833333334 0.6497395833333334 0.54296875 0.64453125 0.54296875 0.63671875 0.5481770833333334 0.6315104166666666
3 0.4231770833333333 0.3854166666666667 0.4270833333333333 0.3893229166666667 0.4283854166666667 0.39453125 0.42578125 0.40625 0.421875 0.4049479166666667 0.41796875 0.3971354166666667 0.41796875 0.3880208333333333 0.421875 0.3854166666666667
3 0.22135416666666666 0.6614583333333334 0.22395833333333334 0.6627604166666666 0.2265625 0.6809895833333334 0.22395833333333334 0.6822916666666666 0.22005208333333334 0.6783854166666666 0.21354166666666666 0.68359375 0.21354166666666666 0.671875 0.22005208333333334 0.6627604166666666
3 0.3463541666666667 0.5989583333333334 0.3502604166666667 0.5989583333333334 0.3567708333333333 0.6067708333333334 0.3567708333333333 0.6145833333333334 0.3541666666666667 0.6171875 0.34765625 0.6158854166666666 0.3463541666666667 0.6002604166666666
3 0.2265625 0.4765625 0.23046875 0.4713541666666667 0.23697916666666666 0.4713541666666667 0.23958333333333334 0.4739583333333333 0.23828125 0.4869791666666667 0.22916666666666666 0.4817708333333333 0.22786458333333334 0.4778645833333333
3 0.3424479166666667 0.5 0.3463541666666667 0.5052083333333334 0.34765625 0.51171875 0.3463541666666667 0.5169270833333334 0.3385416666666667 0.5130208333333334 0.3385416666666667 0.5052083333333334 0.3424479166666667 0.5013020833333334
3 0.39198515625 0.8642694440104166 0.3929796875 0.8519013893229167 0.39521718749999996 0.8373236106770833 0.39198515625 0.8337888893229167 0.3838421875 0.841075 0.38502265625000004 0.8545513893229167 0.387509375 0.8642694440104166 0.39198515625 0.8642694440104166
3 0.44855078125000003 0.7546916666666666 0.45675625 0.7586666666666666 0.45352421875 0.7507152773437501 0.45327500000000004 0.7449722226562501 0.4507890625 0.7348125 0.44705937500000004 0.7361375 0.44382656249999997 0.74364722265625 0.44332968749999996 0.7445305559895834 0.44283203125000004 0.7569 0.44855078125000003 0.7546916666666666