1 0.24531250000000002 0.7888888893229167 0.24531250000000002 0.7847222226562499 0.24453125 0.7819444440104166 0.240625 0.7819444440104166 0.240625 0.7861111106770834 0.2421875 0.7888888893229167 0.24531250000000002 0.7888888893229167
0 0 0.4114583333333333 0.08723958333333333 0.4140625 0.10286458333333333 0.4231770833333333 0.11458333333333333 0.4348958333333333 0.11588541666666667 0.4401041666666667 0.12630208333333334 0.4557291666666667 0.12630208333333334 0.4609375 0.13411458333333334 0.4817708333333333 0.13802083333333334 0.5169270833333334 0.13671875 0.5455729166666666 0.13020833333333334 0.5755208333333334 0.11588541666666667 0.60546875 0.1015625 0.6197916666666666 0.08854166666666667 0.6276041666666666 0 0.6263020833333334 0 0.6197916666666666 0.08463541666666667 0.6223958333333334 0.09505208333333333 0.6184895833333334 0.109375 0.60546875 0.11979166666666667 0.58984375 0.12890625 0.5677083333333334 0.13411458333333334 0.5390625 0.13411458333333334 0.5052083333333334 0.12890625 0.4752604166666667 0.11979166666666667 0.4518229166666667 0.11067708333333333 0.4375 0.10286458333333333 0.4296875 0.08984375 0.421875 0.08072916666666667 0.4192708333333333 0 0.41796875 0 0.4127604166666667
0 0.8033854166666666 0.5520833333333334 0.8033854166666666 0.5703125 0.8111979166666666 0.60546875 0.8229166666666666 0.62890625 0.84375 0.6484375 0.859375 0.65234375 0.9479166666666666 0.6549479166666666 0.9661458333333334 0.6575520833333334 0.9635416666666666 0.66015625 0.8776041666666666 0.6588541666666666 0.8515625 0.65625 0.8385416666666666 0.6510416666666666 0.8203125 0.6328125 0.80859375 0.609375 0.80078125 0.5729166666666666 0.80078125 0.5559895833333334 0.8033854166666666 0.5533854166666666
2 0.4739583333333333 0.12109375 0.4739583333333333 0.3997395833333333 0.4713541666666667 0.4479166666666667 0.4713541666666667 0.6354166666666666 0.46875 0.6875 0.4700520833333333 0.7669270833333334 0.4661458333333333 0.94921875 0.4635416666666667 0.94921875 0.4661458333333333 0.7877604166666666 0.46484375 0.7578125 0.4674479166666667 0.7395833333333334 0.4674479166666667 0.7044270833333334 0.46484375 0.6979166666666666 0.46484375 0.6875 0.4674479166666667 0.6822916666666666 0.46875 0.5885416666666666 0.47265625 0.12239583333333333
3 0.4973958333333333 0.3294270833333333 0.4986979166666667 0.3489583333333333 0.4947916666666667 0.3489583333333333 0.4921875 0.3411458333333333 0.49609375 0.3307291666666667
3 0.4361979166666667 0.2903645833333333 0.4427083333333333 0.2981770833333333 0.4427083333333333 0.3177083333333333 0.4348958333333333 0.3190104166666667 0.4283854166666667 0.3072916666666667 0.4296875 0.296875 0.4322916666666667 0.2916666666666667 0.4348958333333333 0.2916666666666667
3 0.4739583333333333 0.6770833333333334 0.4778645833333333 0.6783854166666666 0.4830729166666667 0.6848958333333334 0.4817708333333333 0.6953125 0.4778645833333333 0.6979166666666666 0.4739583333333333 0.6966145833333334 0.4713541666666667 0.6861979166666666 0.47265625 0.6783854166666666
3 0.5338541666666666 0.5006510416666666 0.011067708333333334 0.040364583333333336
3 0.21354166666666666 0.81640625 0.22395833333333334 0.8177083333333334 0.22786458333333334 0.82421875 0.22786458333333334 0.8359375 0.22395833333333334 0.83984375 0.22005208333333334 0.83203125 0.21354166666666666 0.8255208333333334 0.21354166666666666 0.8177083333333334
3 0.4361979166666667 0.8645833333333334 0.4466145833333333 0.8671875 0.4479166666666667 0.8723958333333334 0.4466145833333333 0.8815104166666666 0.4427083333333333 0.8854166666666666 0.4401041666666667 0.8841145833333334 0.4361979166666667 0.8658854166666666
3 0.21354166666666666 0.4166666666666667 0.22265625 0.4166666666666667 0.22526041666666666 0.4244791666666667 0.22526041666666666 0.4322916666666667 0.22265625 0.4322916666666667 0.22005208333333334 0.4270833333333333 0.2109375 0.42578125 0.2109375 0.4205729166666667 0.21354166666666666 0.41796875
3 0.17838541666666666 0.5455729166666666 0.18619791666666666 0.5520833333333334 0.19270833333333334 0.5481770833333334 0.19401041666666666 0.5494791666666666 0.19010416666666666 0.5638020833333334 0.18359375 0.5638020833333334 0.18229166666666666 0.5611979166666666 0.17578125 0.5598958333333334 0.17447916666666666 0.5520833333333334 0.17708333333333334 0.546875
3 0.3880208333333333 0.7265625 0.3893229166666667 0.7200520833333334 0.39453125 0.71875 0.3984375 0.7278645833333334 0.3971354166666667 0.73828125 0.3932291666666667 0.7395833333333334 0.390625 0.7369791666666666 0.3893229166666667 0.7278645833333334
3 0.22916666666666666 0.20182291666666666 0.23307291666666666 0.20572916666666666 0.23828125 0.22005208333333334 0.23828125 0.2265625 0.23567708333333334 0.23046875 0.23046875 0.22526041666666666 0.23046875 0.22135416666666666 0.22526041666666666 0.21354166666666666 0.22526041666666666 0.203125 0.22786458333333334 0.20182291666666666
3 0.07682291666666667 0.5247395833333334 0.07942708333333333 0.5247395833333334 0.08072916666666667 0.52734375 0.08072916666666667 0.5403645833333334 0.07942708333333333 0.5455729166666666 0.07552083333333333 0.5494791666666666 0.07161458333333333 0.5481770833333334 0.06770833333333333 0.54296875 0.06380208333333333 0.54296875 0.061197916666666664 0.5364583333333334 0.0625 0.5325520833333334 0.07682291666666667 0.5260416666666666
3 0.8203125 0.5325520833333334 0.8255208333333334 0.5403645833333334 0.8255208333333334 0.5442708333333334 0.8229166666666666 0.55078125 0.8177083333333334 0.5546875 0.8046875 0.55078125 0.8033854166666666 0.5455729166666666 0.8190104166666666 0.5325520833333334