1 0.6640625 0.27638888932291666 0.6632812499999999 0.2694444440104167 0.66015625 0.27222222265625 0.6609375000000001 0.2791666666666667 0.6640625 0.27638888932291666
0 0.8997395833333334 0.4375 0.9153645833333334 0.4322916666666667 0.9986979166666666 0.4296875 0.9986979166666666 0.4361979166666667 0.91796875 0.4388020833333333 0.90234375 0.4440104166666667 0.88671875 0.4583333333333333 0.875 0.4791666666666667 0.8671875 0.50390625 0.8645833333333334 0.5208333333333334 0.8645833333333334 0.55859375 0.8697916666666666 0.5846354166666666 0.87890625 0.6080729166666666 0.88671875 0.6197916666666666 0.8932291666666666 0.625 0.8932291666666666 0.6276041666666666 0.9036458333333334 0.63671875 0.9153645833333334 0.640625 0.9986979166666666 0.6380208333333334 0.9986979166666666 0.6432291666666666 0.9869791666666666 0.64453125 0.9791666666666666 0.6432291666666666 0.9453125 0.64453125 0.9440104166666666 0.6471354166666666 0.9140625 0.6471354166666666 0.9127604166666666 0.64453125 0.8958333333333334 0.6380208333333334 0.8841145833333334 0.6263020833333334 0.8828125 0.62109375 0.8723958333333334 0.60546875 0.8619791666666666 0.5651041666666666 0.8619791666666666 0.5143229166666666 0.87109375 0.4778645833333333 0.8828125 0.4557291666666667 0.8997395833333334 0.4388020833333333
0 0.19140625 0.51171875 0.19791666666666666 0.5364583333333334 0.19921875 0.55078125 0.19791666666666666 0.5989583333333334 0.19010416666666666 0.6276041666666666 0.1796875 0.6484375 0.16666666666666666 0.6627604166666666 0.15234375 0.671875 0.13671875 0.6744791666666666 0.07942708333333333 0.6770833333333334 0.03515625 0.6770833333333334 0.03515625 0.671875 0.13802083333333334 0.6692708333333334 0.13932291666666666 0.6666666666666666 0.14713541666666666 0.6666666666666666 0.16145833333333334 0.66015625 0.17447916666666666 0.6471354166666666 0.1875 0.6236979166666666 0.19270833333333334 0.6002604166666666 0.1953125 0.5963541666666666 0.19661458333333334 0.5494791666666666 0.1953125 0.5377604166666666 0.1875 0.515625 0.1875 0.5130208333333334 0.19010416666666666 0.51171875
3 0.34765625 0.56640625 0.3502604166666667 0.5755208333333334 0.3450520833333333 0.5846354166666666 0.3424479166666667 0.5846354166666666 0.3385416666666667 0.57421875 0.33984375 0.5690104166666666 0.3424479166666667 0.56640625 0.3463541666666667 0.56640625
3 0.2643229166666667 0.3294270833333333 0.2721354166666667 0.3424479166666667 0.2682291666666667 0.3489583333333333 0.2643229166666667 0.3489583333333333 0.2591145833333333 0.33984375 0.2591145833333333 0.3307291666666667 0.2630208333333333 0.3294270833333333
3 0.3834635416666667 0.3229166666666667 0.014322916666666666 0.0234375
3 0.5625 0.22786458333333334 0.5638020833333334 0.24479166666666666 0.5611979166666666 0.2552083333333333 0.5559895833333334 0.2526041666666667 0.5559895833333334 0.23697916666666666 0.55859375 0.22916666666666666 0.5611979166666666 0.22786458333333334
3 0.4016927083333333 0.4127604166666667 0.013020833333333334 0.027994791666666668
3 0.484375 0.2747395833333333 0.4869791666666667 0.2747395833333333 0.4895833333333333 0.2825520833333333 0.4895833333333333 0.2942708333333333 0.4869791666666667 0.2981770833333333 0.484375 0.296875 0.484375 0.2760416666666667
3 0.3736979166666667 0.7005208333333334 0.375 0.703125 0.37109375 0.70703125 0.37109375 0.7122395833333334 0.3684895833333333 0.7161458333333334 0.3645833333333333 0.7135416666666666 0.36328125 0.7005208333333334 0.3723958333333333 0.7005208333333334
3 0.43359375 0.875 0.4401041666666667 0.8736979166666666 0.4361979166666667 0.8919270833333334 0.4309895833333333 0.8893229166666666 0.4296875 0.8828125 0.4296875 0.87890625 0.43359375 0.8763020833333334
3 0.4609375 0.484375 0.45703125 0.4752604166666667 0.45703125 0.46875 0.4609375 0.46484375 0.46484375 0.46484375 0.46875 0.4765625 0.4674479166666667 0.4817708333333333 0.4622395833333333 0.484375
3 0.18229166666666666 0.4674479166666667 0.18880208333333334 0.4739583333333333 0.19661458333333334 0.4739583333333333 0.19010416666666666 0.4869791666666667 0.18489583333333334 0.4921875 0.18098958333333334 0.4895833333333333 0.17578125 0.4778645833333333 0.17578125 0.47265625 0.18098958333333334 0.4674479166666667
3 0.3203125 0.6341145833333334 0.3268229166666667 0.63671875 0.328125 0.6393229166666666 0.32421875 0.6510416666666666 0.3203125 0.6536458333333334 0.31640625 0.6484375 0.31640625 0.6380208333333334 0.3190104166666667 0.6354166666666666
3 0.6875 0.2799479166666667 0.6979166666666666 0.28515625 0.6927083333333334 0.3046875 0.69140625 0.3072916666666667 0.6888020833333334 0.3072916666666667 0.6875 0.28125
2 0.5247395833333334 0.13932291666666666 0.52734375 0.14583333333333334 0.5299479166666666 0.5638020833333334 0.5325520833333334 0.6432291666666666 0.53125 0.6979166666666666 0.5338541666666666 0.7395833333333334 0.53515625 0.8671875 0.53515625 0.9661458333333334 0.5325520833333334 0.9661458333333334 0.53125 0.9440104166666666 0.5325520833333334 0.9192708333333334 0.52734375 0.6471354166666666 0.52734375 0.3489583333333333 0.5247395833333334 0.3255208333333333 0.5247395833333334 0.140625