1 0.476421875 0.53442777734375 0.477109375 0.5316513893229167 0.474984375 0.5308736106770834 0.474984375 0.5294305559895833 0.47265625 0.5303055559895834 0.473171875 0.5336500000000001 0.474671875 0.5359819440104167 0.476421875 0.53442777734375
0 0 0.4114583333333333 0.08723958333333333 0.4140625 0.09765625 0.4166666666666667 0.11067708333333333 0.42578125 0.12630208333333334 0.4466145833333333 0.13411458333333334 0.4635416666666667 0.14192708333333334 0.4973958333333333 0.14322916666666666 0.5169270833333334 0.14192708333333334 0.546875 0.13802083333333334 0.5677083333333334 0.13151041666666666 0.5872395833333334 0.11979166666666667 0.6067708333333334 0.10677083333333333 0.6197916666666666 0.09635416666666667 0.6236979166666666 0.09244791666666667 0.6276041666666666 0 0.6263020833333334 0 0.6197916666666666 0.09244791666666667 0.62109375 0.09895833333333333 0.6184895833333334 0.11328125 0.6067708333333334 0.11328125 0.6041666666666666 0.12760416666666666 0.5859375 0.13932291666666666 0.54296875 0.13932291666666666 0.4986979166666667 0.13671875 0.4947916666666667 0.13541666666666666 0.4791666666666667 0.12760416666666666 0.45703125 0.11067708333333333 0.4322916666666667 0.09895833333333333 0.4244791666666667 0.08854166666666667 0.4205729166666667 0 0.4192708333333333 0 0.4127604166666667
0 0.90234375 0.4427083333333333 0.9661458333333334 0.4453125 0.9700520833333334 0.4466145833333333 0.9700520833333334 0.4505208333333333 0.8606770833333334 0.4466145833333333 0.8489583333333334 0.44921875 0.8359375 0.45703125 0.8190104166666666 0.4791666666666667 0.8111979166666666 0.4986979166666667 0.8046875 0.5364583333333334 0.8046875 0.5598958333333334 0.8098958333333334 0.5924479166666666 0.8138020833333334 0.5989583333333334 0.8151041666666666 0.6080729166666666 0.8294270833333334 0.6315104166666666 0.83984375 0.640625 0.8528645833333334 0.6458333333333334 0.8541666666666666 0.6484375 0.9622395833333334 0.65234375 0.9674479166666666 0.6536458333333334 0.9661458333333334 0.6575520833333334 0.87109375 0.6549479166666666 0.8463541666666666 0.6510416666666666 0.8385416666666666 0.6471354166666666 0.8229166666666666 0.6302083333333334 0.81640625 0.6197916666666666 0.8072916666666666 0.5950520833333334 0.8020833333333334 0.5638020833333334 0.8033854166666666 0.5234375 0.80859375 0.4947916666666667 0.82421875 0.4635416666666667 0.8346354166666666 0.4518229166666667 0.8528645833333334 0.4427083333333333 0.9010416666666666 0.4427083333333333
2 0.4739583333333333 0.5338541666666666 0.4778645833333333 0.5390625 0.4739583333333333 0.546875 0.4739583333333333 0.7044270833333334 0.4713541666666667 0.7526041666666666 0.4700520833333333 0.9466145833333334 0.4674479166666667 0.9453125 0.4674479166666667 0.8528645833333334 0.47265625 0.53515625
3 0.26953125 0.3072916666666667 0.2591145833333333 0.2890625 0.2591145833333333 0.2838541666666667 0.2643229166666667 0.2786458333333333 0.2682291666666667 0.2786458333333333 0.2708333333333333 0.28125 0.2734375 0.296875 0.2708333333333333 0.3059895833333333
3 0.6223958333333334 0.16145833333333334 0.6263020833333334 0.16536458333333334 0.6263020833333334 0.17447916666666666 0.6197916666666666 0.18619791666666666 0.6158854166666666 0.18619791666666666 0.6145833333333334 0.1796875 0.6171875 0.1640625 0.62109375 0.16145833333333334
3 0.6809895833333334 0.5533854166666666 0.6822916666666666 0.5703125 0.6796875 0.5729166666666666 0.67578125 0.5703125 0.6744791666666666 0.56640625 0.6744791666666666 0.5572916666666666 0.6796875 0.5533854166666666
3 0.1953125 0.14583333333333334 0.20052083333333334 0.14583333333333334 0.20182291666666666 0.14973958333333334 0.21223958333333334 0.16015625 0.2109375 0.16796875 0.20703125 0.16796875 0.1953125 0.15755208333333334 0.1953125 0.14713541666666666
3 0.4778645833333333 0.5240885416666666 0.011067708333333334 0.0234375
3 0.59765625 0.87109375 0.6002604166666666 0.8802083333333334 0.60546875 0.88671875 0.6067708333333334 0.89453125 0.6028645833333334 0.9075520833333334 0.59765625 0.9075520833333334 0.59765625 0.8723958333333334
3 0.4427083333333333 0.65625 0.4375 0.6536458333333334 0.4375 0.6393229166666666 0.4427083333333333 0.6380208333333334 0.4440104166666667 0.6549479166666666
3 0.38671875 0.8828125 0.3828125 0.8763020833333334 0.3828125 0.8671875 0.38671875 0.8619791666666666 0.3932291666666667 0.8606770833333334 0.3958333333333333 0.8619791666666666 0.3932291666666667 0.87890625 0.390625 0.8828125 0.3880208333333333 0.8828125
3 0.4869791666666667 0.14192708333333334 0.4908854166666667 0.14453125 0.4921875 0.14973958333333334 0.4895833333333333 0.17447916666666666 0.4830729166666667 0.17317708333333334 0.4791666666666667 0.16276041666666666 0.4791666666666667 0.14583333333333334 0.48046875 0.14322916666666666 0.4856770833333333 0.14192708333333334
3 0.7057291666666666 0.7083333333333334 0.7083333333333334 0.7083333333333334 0.7096354166666666 0.7122395833333334 0.71484375 0.7161458333333334 0.7135416666666666 0.7317708333333334 0.7122395833333334 0.734375 0.7096354166666666 0.734375 0.703125 0.7213541666666666 0.7057291666666666 0.7096354166666666
3 0.09114583333333333 0.4850260416666667 0.018880208333333332 0.01953125
3 0.83203125 0.5104166666666666 0.8372395833333334 0.51953125 0.8372395833333334 0.5338541666666666 0.8333333333333334 0.5364583333333334 0.82421875 0.53125 0.8190104166666666 0.5182291666666666 0.8190104166666666 0.515625 0.8268229166666666 0.5169270833333334 0.8307291666666666 0.51171875