1 0.10781249999999999 0.6124999999999999 0.10781249999999999 0.6083333333333333 0.10546875 0.6069444440104167 0.10312500000000001 0.60972222265625 0.10234375 0.6124999999999999 0.10390624999999999 0.61527777734375 0.10703125000000001 0.61527777734375 0.10781249999999999 0.6124999999999999
0 0 0.41015625 0.08072916666666667 0.4127604166666667 0.09375 0.4166666666666667 0.10677083333333333 0.4270833333333333 0.12369791666666667 0.4544270833333333 0.13151041666666666 0.4778645833333333 0.13541666666666666 0.5052083333333334 0.13411458333333334 0.5520833333333334 0.12369791666666667 0.5859375 0.12239583333333333 0.5768229166666666 0.12760416666666666 0.5651041666666666 0.1328125 0.5364583333333334 0.1328125 0.5052083333333334 0.12369791666666667 0.4635416666666667 0.109375 0.4375 0.09895833333333333 0.4270833333333333 0.08203125 0.4192708333333333 0.02734375 0.41796875 0.026041666666666668 0.4153645833333333 0 0.4153645833333333 0 0.4114583333333333
0 0.8880208333333334 0.4453125 0.9544270833333334 0.4479166666666667 0.9661458333333334 0.44921875 0.9674479166666666 0.453125 0.8502604166666666 0.4505208333333333 0.8372395833333334 0.45703125 0.8190104166666666 0.4778645833333333 0.8111979166666666 0.4934895833333333 0.8033854166666666 0.5247395833333334 0.8020833333333334 0.5690104166666666 0.8033854166666666 0.58203125 0.8111979166666666 0.609375 0.8268229166666666 0.6354166666666666 0.84765625 0.6510416666666666 0.9505208333333334 0.65625 0.9635416666666666 0.6575520833333334 0.9635416666666666 0.6614583333333334 0.8697916666666666 0.6588541666666666 0.84765625 0.65625 0.8307291666666666 0.6471354166666666 0.8307291666666666 0.64453125 0.81640625 0.62890625 0.8072916666666666 0.609375 0.80078125 0.5846354166666666 0.7994791666666666 0.5325520833333334 0.8046875 0.5026041666666666 0.8125 0.4817708333333333 0.8151041666666666 0.48046875 0.81640625 0.4739583333333333 0.828125 0.4583333333333333 0.8424479166666666 0.4479166666666667 0.8515625 0.4453125 0.88671875 0.4453125
2 0.4713541666666667 0.13671875 0.4713541666666667 0.12239583333333333 0.4739583333333333 0.12109375 0.4739583333333333 0.2604166666666667 0.4713541666666667 0.296875 0.4713541666666667 0.5182291666666666 0.4700520833333333 0.6419270833333334 0.4674479166666667 0.6927083333333334 0.4661458333333333 0.93359375 0.4635416666666667 0.9505208333333334 0.4622395833333333 0.9114583333333334 0.46484375 0.671875 0.4674479166666667 0.6341145833333334 0.46875 0.2916666666666667 0.4713541666666667 0.24609375 0.47265625 0.13802083333333334
3 0.16927083333333334 0.8111979166666666 0.17057291666666666 0.8216145833333334 0.15885416666666666 0.828125 0.15625 0.8268229166666666 0.15494791666666666 0.8216145833333334 0.15885416666666666 0.8111979166666666 0.16796875 0.8111979166666666
3 0.453125 0.3333333333333333 0.44921875 0.3255208333333333 0.44921875 0.3125 0.4518229166666667 0.3072916666666667 0.4544270833333333 0.3059895833333333 0.4557291666666667 0.3138020833333333 0.4596354166666667 0.3177083333333333 0.4596354166666667 0.3255208333333333 0.4544270833333333 0.33203125
3 0.10546875 0.5833333333333334 0.11328125 0.5859375 0.11979166666666667 0.5794270833333334 0.12239583333333333 0.5807291666666666 0.11848958333333333 0.59765625 0.11588541666666667 0.6015625 0.109375 0.6041666666666666 0.10677083333333333 0.6158854166666666 0.10286458333333333 0.61328125 0.10416666666666667 0.6041666666666666 0.09895833333333333 0.59765625 0.09895833333333333 0.5924479166666666 0.10546875 0.5846354166666666
3 0.36328125 0.6848958333333334 0.3619791666666667 0.671875 0.3658854166666667 0.6692708333333334 0.3697916666666667 0.671875 0.3697916666666667 0.68359375 0.3671875 0.6861979166666666 0.3645833333333333 0.6848958333333334
3 0.19270833333333334 0.4114583333333333 0.19661458333333334 0.4114583333333333 0.20182291666666666 0.4166666666666667 0.20833333333333334 0.4283854166666667 0.20572916666666666 0.43359375 0.1953125 0.4283854166666667 0.18880208333333334 0.4192708333333333 0.19270833333333334 0.4127604166666667
3 0.4401041666666667 0.66015625 0.4466145833333333 0.6666666666666666 0.4479166666666667 0.671875 0.4479166666666667 0.6770833333333334 0.4427083333333333 0.68359375 0.4375 0.67578125 0.4361979166666667 0.6614583333333334 0.4388020833333333 0.66015625
3 0.4908854166666667 0.4908854166666667 0.4934895833333333 0.4947916666666667 0.4934895833333333 0.5065104166666666 0.4895833333333333 0.5091145833333334 0.4869791666666667 0.5078125 0.484375 0.4986979166666667 0.484375 0.4921875 0.4895833333333333 0.4908854166666667
3 0.22526041666666666 0.2109375 0.22916666666666666 0.2109375 0.23697916666666666 0.22135416666666666 0.23697916666666666 0.23046875 0.23307291666666666 0.23046875 0.22526041666666666 0.22135416666666666 0.22526041666666666 0.21223958333333334
3 0.048177083333333336 0.5455729166666666 0.052083333333333336 0.5533854166666666 0.046875 0.5611979166666666 0.04296875 0.55859375 0.03125 0.5598958333333334 0.029947916666666668 0.5572916666666666 0.03125 0.5494791666666666 0.046875 0.5455729166666666
3 0.7604166666666666 0.5325520833333334 0.7643229166666666 0.53125 0.7708333333333334 0.5234375 0.7747395833333334 0.5234375 0.7786458333333334 0.5286458333333334 0.7786458333333334 0.5364583333333334 0.7721354166666666 0.5442708333333334 0.7682291666666666 0.54296875 0.7604166666666666 0.5338541666666666
3 0.3932291666666667 0.8151041666666666 0.3958333333333333 0.8151041666666666 0.3971354166666667 0.8203125 0.4036458333333333 0.828125 0.4036458333333333 0.8359375 0.4010416666666667 0.8411458333333334 0.3984375 0.84375 0.39453125 0.8411458333333334 0.390625 0.8307291666666666 0.3932291666666667 0.81640625
3 0.40703125 0.3361111106770833 0.40546875 0.3125 0.39453125 0.31527777734375 0.39375 0.32638888932291665 0.39687500000000003 0.3319444440104167 0.40390624999999997 0.33888888932291666 0.40703125 0.3361111106770833