1 0.5234375 0.5388888893229167 0.525 0.5416666666666666 0.5265624999999999 0.5416666666666666 0.5281250000000001 0.5388888893229167 0.5281250000000001 0.53472222265625 0.5265624999999999 0.5319444440104167 0.5242187500000001 0.5333333333333333 0.5234375 0.5361111106770834 0.5234375 0.5388888893229167
0 0.8763020833333334 0.4440104166666667 0.8854166666666666 0.4348958333333333 0.8997395833333334 0.4283854166666667 0.9986979166666666 0.42578125 0.9986979166666666 0.4309895833333333 0.9036458333333334 0.43359375 0.89453125 0.4361979166666667 0.8932291666666666 0.4388020833333333 0.88671875 0.44140625 0.8736979166666666 0.4544270833333333 0.86328125 0.47265625 0.8619791666666666 0.4817708333333333 0.85546875 0.4973958333333333 0.8515625 0.52734375 0.8541666666666666 0.5611979166666666 0.8619791666666666 0.58984375 0.8736979166666666 0.6119791666666666 0.8893229166666666 0.6276041666666666 0.90234375 0.6328125 0.9986979166666666 0.6302083333333334 0.9986979166666666 0.6354166666666666 0.99609375 0.63671875 0.8984375 0.6380208333333334 0.8802083333333334 0.6276041666666666 0.8684895833333334 0.61328125 0.8567708333333334 0.5885416666666666 0.85546875 0.578125 0.8515625 0.5690104166666666 0.8489583333333334 0.51953125 0.8567708333333334 0.4791666666666667 0.8645833333333334 0.4609375 0.8671875 0.4596354166666667 0.8671875 0.4557291666666667 0.8763020833333334 0.4453125
0 0.14583333333333334 0.453125 0.15755208333333334 0.4583333333333333 0.171875 0.4713541666666667 0.18229166666666666 0.48828125 0.19010416666666666 0.5078125 0.19661458333333334 0.55078125 0.1953125 0.5846354166666666 0.19010416666666666 0.609375 0.18229166666666666 0.6302083333333334 0.17057291666666666 0.6471354166666666 0.16015625 0.65625 0.14973958333333334 0.6614583333333334 0.13671875 0.6640625 0.08203125 0.6653645833333334 0.032552083333333336 0.6653645833333334 0.032552083333333336 0.6627604166666666 0.03515625 0.6614583333333334 0.14453125 0.6575520833333334 0.15885416666666666 0.6510416666666666 0.17317708333333334 0.6354166666666666 0.18359375 0.6158854166666666 0.19140625 0.5911458333333334 0.19270833333333334 0.5390625 0.1875 0.5104166666666666 0.18359375 0.4986979166666667 0.16927083333333334 0.4752604166666667 0.16276041666666666 0.46875 0.1484375 0.4609375 0.10286458333333333 0.4596354166666667 0.03125 0.4622395833333333 0.028645833333333332 0.4609375 0.028645833333333332 0.45703125 0.0859375 0.453125 0.14453125 0.453125
2 0.5221354166666666 0.4700520833333333 0.5221354166666666 0.4739583333333333 0.5247395833333334 0.4765625 0.5234375 0.5638020833333334 0.5260416666666666 0.6276041666666666 0.5247395833333334 0.6549479166666666 0.5286458333333334 0.9518229166666666 0.5247395833333334 0.953125 0.5208333333333334 0.4713541666666667
3 0.48046875 0.7604166666666666 0.4778645833333333 0.7565104166666666 0.4778645833333333 0.74609375 0.4817708333333333 0.7330729166666666 0.484375 0.734375 0.4869791666666667 0.7408854166666666 0.4856770833333333 0.7526041666666666 0.4817708333333333 0.7604166666666666
3 0.50390625 0.6197916666666666 0.5065104166666666 0.6302083333333334 0.50390625 0.6393229166666666 0.5 0.63671875 0.5 0.6236979166666666 0.5026041666666666 0.62109375
3 0.5390625 0.2604166666666667 0.5364583333333334 0.2565104166666667 0.5364583333333334 0.25 0.5416666666666666 0.23958333333333334 0.546875 0.24088541666666666 0.5494791666666666 0.24479166666666666 0.5455729166666666 0.2578125 0.5403645833333334 0.2604166666666667
3 0.4361979166666667 0.55859375 0.4375 0.5690104166666666 0.4361979166666667 0.5755208333333334 0.43359375 0.5768229166666666 0.4309895833333333 0.5768229166666666 0.4296875 0.5625 0.4348958333333333 0.55859375
3 0.5755208333333334 0.6028645833333334 0.57421875 0.5924479166666666 0.5768229166666666 0.5872395833333334 0.5807291666666666 0.5872395833333334 0.5807291666666666 0.6002604166666666 0.5768229166666666 0.6028645833333334
3 0.4622395833333333 0.23697916666666666 0.4635416666666667 0.2578125 0.4609375 0.2604166666666667 0.45703125 0.2578125 0.45703125 0.2421875 0.4609375 0.23828125
3 0.5598958333333334 0.3984375 0.009114583333333334 0.016927083333333332
3 0.6263020833333334 0.3177083333333333 0.62890625 0.3190104166666667 0.6315104166666666 0.3255208333333333 0.6315104166666666 0.3294270833333333 0.6276041666666666 0.3346354166666667 0.6236979166666666 0.3346354166666667 0.6223958333333334 0.33203125 0.6223958333333334 0.3229166666666667 0.625 0.3190104166666667
3 0.59375 0.8268229166666666 0.5924479166666666 0.8190104166666666 0.5950520833333334 0.8046875 0.59765625 0.8033854166666666 0.6002604166666666 0.8125 0.6002604166666666 0.8203125 0.5950520833333334 0.8255208333333334
3 0.31640625 0.5859375 0.32421875 0.58984375 0.3229166666666667 0.6028645833333334 0.3203125 0.6067708333333334 0.3177083333333333 0.6067708333333334 0.3138020833333333 0.5989583333333334 0.3138020833333333 0.5911458333333334 0.31640625 0.5872395833333334
3 0.47265625 0.462890625 0.011067708333333334 0.020833333333333332
3 0.5171875 0.45972222265625 0.5265624999999999 0.46249999999999997 0.5304687499999999 0.45277777734375 0.5296875 0.4458333333333333 0.5265624999999999 0.44027777734375 0.51953125 0.44166666666666665 0.5171875 0.45972222265625