1 0.5085937500000001 0.5861111106770833 0.509375 0.58472222265625 0.509375 0.5805555559895833 0.50546875 0.5805555559895833 0.50546875 0.58472222265625 0.50625 0.5861111106770833 0.5085937500000001 0.5861111106770833
3 0.5455729166666666 0.2421875 0.5455729166666666 0.2513020833333333 0.54296875 0.25390625 0.54296875 0.2604166666666667 0.5390625 0.26953125 0.53515625 0.2669270833333333 0.53515625 0.25 0.5377604166666666 0.2421875 0.5442708333333334 0.2421875
3 0.4895833333333333 0.6588541666666666 0.4856770833333333 0.6510416666666666 0.4856770833333333 0.6458333333333334 0.4908854166666667 0.63671875 0.49609375 0.6380208333333334 0.4947916666666667 0.6549479166666666 0.4908854166666667 0.6588541666666666
3 0.5572916666666666 0.3645833333333333 0.55859375 0.3763020833333333 0.5533854166666666 0.3854166666666667 0.55078125 0.3828125 0.55078125 0.3684895833333333 0.5559895833333334 0.3645833333333333
3 0.4192708333333333 0.5364583333333334 0.4231770833333333 0.55078125 0.4205729166666667 0.5572916666666666 0.4153645833333333 0.5546875 0.4153645833333333 0.5364583333333334 0.41796875 0.5364583333333334
3 0.4388020833333333 0.23828125 0.4479166666666667 0.24609375 0.4479166666666667 0.2526041666666667 0.44140625 0.26171875 0.4375 0.26171875 0.4361979166666667 0.2578125 0.4375 0.23958333333333334
3 0.5598958333333334 0.5794270833333334 0.56640625 0.58203125 0.5677083333333334 0.5872395833333334 0.5638020833333334 0.6015625 0.55859375 0.6028645833333334 0.55859375 0.5807291666666666
3 0.5768229166666666 0.7903645833333334 0.5807291666666666 0.7955729166666666 0.5807291666666666 0.8033854166666666 0.57421875 0.8098958333333334 0.5703125 0.80859375 0.5703125 0.7942708333333334 0.5755208333333334 0.7903645833333334
3 0.6028645833333334 0.3385416666666667 0.609375 0.3372395833333333 0.6119791666666666 0.33984375 0.6119791666666666 0.3502604166666667 0.60546875 0.3580729166666667 0.59765625 0.3463541666666667 0.5989583333333334 0.3424479166666667 0.6028645833333334 0.33984375
3 0.29296875 0.5911458333333334 0.2994791666666667 0.59375 0.2994791666666667 0.609375 0.296875 0.6119791666666666 0.2916666666666667 0.6119791666666666 0.2890625 0.609375 0.2890625 0.5950520833333334 0.2916666666666667 0.5924479166666666
3 0.453125 0.43359375 0.4557291666666667 0.4361979166666667 0.4557291666666667 0.453125 0.453125 0.4557291666666667 0.4505208333333333 0.4557291666666667 0.44921875 0.4505208333333333 0.44921875 0.4348958333333333 0.4518229166666667 0.43359375
3 0.5281250000000001 0.4611111106770833 0.5296875 0.44722222265624995 0.5265624999999999 0.44166666666666665 0.51796875 0.4458333333333333 0.51796875 0.46249999999999997 0.5281250000000001 0.4611111106770833
3 0.49296875 0.7569444440104167 0.49296875 0.7444444440104167 0.496875 0.7374999999999999 0.49453125000000003 0.7291666666666666 0.49062500000000003 0.7208333333333333 0.48515625 0.7541666666666668 0.49296875 0.7569444440104167
2 0.5208333333333334 0.4700520833333333 0.5234375 0.4908854166666667 0.5234375 0.6692708333333334 0.52734375 0.8658854166666666 0.52734375 0.94921875 0.5260416666666666 0.9557291666666666 0.5234375 0.94921875 0.5234375 0.7734375 0.51953125 0.63671875 0.5208333333333334 0.4713541666666667
0 1 0.6319444440104166 0.9284346276041666 0.6339964986979166 0.9353296875 0.6388888893229167 1 0.6375000000000001 1 0.6319444440104166
0 0.9054687499999999 0.4291666666666667 0.88828125 0.43472222265625 0.8742187499999999 0.44861111067708337 0.859375 0.4763888893229167 0.8507812499999999 0.5166666666666667 0.8523437500000001 0.5680555559895833 0.8609375 0.59722222265625 0.8820312499999999 0.6291666666666667 0.90234375 0.64027777734375 0.9265625000000001 0.64027777734375 0.9274064934895834 0.6340259791666667 0.9031250000000001 0.63472222265625 0.8875000000000001 0.62777777734375 0.86484375 0.5944444440104167 0.85390625 0.54722222265625 0.85390625 0.5208333333333334 0.86171875 0.48333333333333334 0.87109375 0.46249999999999997 0.8898437499999999 0.44027777734375 0.9109375000000001 0.43472222265625 1 0.43333333333333335 0.9984375 0.42638888932291663 0.9054687499999999 0.4291666666666667
0 0.028125 0.4569444440104167 0.028125 0.4611111106770833 0.0453125 0.46249999999999997 0.14375000000000002 0.45972222265625 0.1546875 0.46388888932291666 0.171875 0.4805555559895833 0.18437499999999998 0.5041666666666667 0.19296875 0.5513888893229166 0.19140625 0.5833333333333334 0.18281250000000002 0.6166666666666667 0.16015625 0.65 0.14375000000000002 0.6583333333333333 0.03671875 0.6611111106770834 0.03359375 0.66527777734375 0.1328125 0.66527777734375 0.1625 0.6555555559895833 0.18359375 0.62777777734375 0.18984375 0.6111111106770833 0.196875 0.5666666666666667 0.196875 0.5430555559895833 0.19296875 0.5208333333333334 0.17578125 0.47777777734375 0.15156250000000002 0.45555555598958336 0.028125 0.4569444440104167