1 0.6202375 0.18328333333333333 0.62209375 0.18569305598958333 0.62373515625 0.18480555598958334 0.62501953125 0.18214166666666667 0.62459140625 0.17798194401041667 0.6209515625 0.17745 0.6200953125 0.17884583333333334 0.6202375 0.18328333333333333
0 0.98046875 0.4166666666666667 0.9986979166666666 0.4166666666666667 0.9986979166666666 0.4231770833333333 0.9088541666666666 0.4270833333333333 0.8997395833333334 0.4296875 0.8893229166666666 0.4361979166666667 0.875 0.4544270833333333 0.8671875 0.4713541666666667 0.8619791666666666 0.4947916666666667 0.859375 0.4973958333333333 0.8580729166666666 0.5364583333333334 0.85546875 0.5377604166666666 0.8541666666666666 0.53515625 0.85546875 0.5065104166666666 0.8606770833333334 0.4791666666666667 0.8684895833333334 0.45703125 0.8880208333333334 0.4309895833333333 0.89453125 0.42578125 0.90625 0.421875 0.98046875 0.41796875
0 0.01953125 0.45703125 0.09375 0.453125 0.13671875 0.453125 0.14453125 0.4557291666666667 0.1640625 0.47265625 0.17447916666666666 0.4895833333333333 0.18229166666666666 0.5104166666666666 0.1875 0.5364583333333334 0.1875 0.5846354166666666 0.18229166666666666 0.6119791666666666 0.17447916666666666 0.6315104166666666 0.1640625 0.6484375 0.15494791666666666 0.6575520833333334 0.14322916666666666 0.6640625 0.12760416666666666 0.6653645833333334 0.12630208333333334 0.66796875 0.0234375 0.671875 0.020833333333333332 0.6692708333333334 0.026041666666666668 0.6653645833333334 0.1328125 0.6614583333333334 0.15104166666666666 0.6536458333333334 0.16796875 0.6341145833333334 0.1796875 0.6067708333333334 0.18489583333333334 0.5807291666666666 0.18489583333333334 0.5390625 0.1796875 0.5143229166666666 0.171875 0.4934895833333333 0.16145833333333334 0.4765625 0.14322916666666666 0.4622395833333333 0.13541666666666666 0.4596354166666667 0.1171875 0.4596354166666667 0.020833333333333332 0.4635416666666667 0.018229166666666668 0.4622395833333333 0.01953125 0.4583333333333333
2 0.5208333333333334 0.51171875 0.52734375 0.8645833333333334 0.52734375 0.9596354166666666 0.5247395833333334 0.9609375 0.5234375 0.9427083333333334 0.5247395833333334 0.90234375 0.5234375 0.80078125 0.5208333333333334 0.7747395833333334 0.5208333333333334 0.6302083333333334 0.5182291666666666 0.5325520833333334 0.5182291666666666 0.5208333333333334 0.5208333333333334 0.5130208333333334
3 0.6080729166666666 0.5390625 0.6080729166666666 0.5442708333333334 0.6028645833333334 0.5520833333333334 0.5989583333333334 0.55078125 0.5989583333333334 0.5403645833333334 0.6015625 0.5364583333333334 0.60546875 0.5364583333333334 0.6067708333333334 0.5390625
3 0.47265625 0.19140625 0.4765625 0.19270833333333334 0.4752604166666667 0.21614583333333334 0.47265625 0.21614583333333334 0.4700520833333333 0.20572916666666666 0.4700520833333333 0.19661458333333334 0.47265625 0.19270833333333334
3 0.7395833333333334 0.7044270833333334 0.7447916666666666 0.7083333333333334 0.7486979166666666 0.7161458333333334 0.74609375 0.7239583333333334 0.7434895833333334 0.7252604166666666 0.7369791666666666 0.72265625 0.7356770833333334 0.7200520833333334 0.7395833333333334 0.7057291666666666
3 0.5104166666666666 0.7421875 0.5143229166666666 0.7447916666666666 0.515625 0.7526041666666666 0.515625 0.7591145833333334 0.5091145833333334 0.76171875 0.5078125 0.75 0.5104166666666666 0.7434895833333334
3 0.5690104166666666 0.3919270833333333 0.5690104166666666 0.4049479166666667 0.5638020833333334 0.4075520833333333 0.5625 0.39453125 0.5651041666666666 0.390625 0.5677083333333334 0.3919270833333333
3 0.5768229166666666 0.59765625 0.5807291666666666 0.6002604166666666 0.5807291666666666 0.61328125 0.5755208333333334 0.6145833333333334 0.5729166666666666 0.6119791666666666 0.5755208333333334 0.5989583333333334
3 0.3997395833333333 0.3567708333333333 0.40234375 0.3671875 0.4049479166666667 0.3697916666666667 0.4049479166666667 0.3736979166666667 0.3997395833333333 0.3802083333333333 0.3971354166666667 0.3776041666666667 0.39453125 0.3645833333333333 0.3958333333333333 0.3580729166666667 0.3984375 0.3567708333333333
3 0.5182291666666666 0.47265625 0.5221354166666666 0.4752604166666667 0.5234375 0.4791666666666667 0.5234375 0.4921875 0.51953125 0.5013020833333334 0.5169270833333334 0.5026041666666666 0.51171875 0.4947916666666667 0.51171875 0.484375 0.5169270833333334 0.4739583333333333
3 0.4069010416666667 0.6868489583333334 0.011067708333333334 0.0234375
3 0.5716145833333334 0.73828125 0.5768229166666666 0.7395833333333334 0.5807291666666666 0.7434895833333334 0.58203125 0.7486979166666666 0.58203125 0.7565104166666666 0.578125 0.7604166666666666 0.5768229166666666 0.765625 0.57421875 0.765625 0.5716145833333334 0.7591145833333334 0.5716145833333334 0.7395833333333334
3 0.62315859375 0.15008472265625 0.622984375 0.16277638932291666 0.6247265625 0.16587222265624998 0.6240296875 0.170825 0.62655625 0.17423055598958334 0.630128125 0.16355 0.630825 0.16494305598958334 0.63500625 0.15534722265625 0.63302421875 0.14871666666666666 0.63126015625 0.14559722265625 0.62655625 0.14451250000000002 0.62315859375 0.15008472265625
3 0.86499921875 0.5299958333333333 0.86040703125 0.5321611106770833 0.86078203125 0.5381555559895833 0.8593765625 0.5416513893229167 0.86153203125 0.5458138893229166 0.872778125 0.5454805559895833 0.87535546875 0.5363166666666667 0.872590625 0.5274986106770834 0.86537421875 0.5253333333333333 0.86499921875 0.5299958333333333