1 0.5226562499999999 0.7944444440104167 0.5226562499999999 0.7916666666666666 0.521875 0.7902777773437499 0.5187499999999999 0.7902777773437499 0.51796875 0.7930555559895834 0.5187499999999999 0.7958333333333334 0.521875 0.7958333333333334 0.5226562499999999 0.7944444440104167
0 0 0.4127604166666667 0.09114583333333333 0.4166666666666667 0.09244791666666667 0.4192708333333333 0.10286458333333333 0.421875 0.11067708333333333 0.4270833333333333 0.12630208333333334 0.4479166666666667 0.13411458333333334 0.46484375 0.13802083333333334 0.4869791666666667 0.14192708333333334 0.4921875 0.14322916666666666 0.51171875 0.14192708333333334 0.5494791666666666 0.13411458333333334 0.58203125 0.12239583333333333 0.60546875 0.10546875 0.6223958333333334 0.09244791666666667 0.62890625 0 0.6263020833333334 0 0.6197916666666666 0.09244791666666667 0.6223958333333334 0.1015625 0.6184895833333334 0.11588541666666667 0.60546875 0.12890625 0.5846354166666666 0.13541666666666666 0.5638020833333334 0.140625 0.5299479166666666 0.13932291666666666 0.4986979166666667 0.13541666666666666 0.48828125 0.13541666666666666 0.4765625 0.1328125 0.4739583333333333 0.1328125 0.4700520833333333 0.12760416666666666 0.46484375 0.12369791666666667 0.4518229166666667 0.10677083333333333 0.4309895833333333 0.09114583333333333 0.4231770833333333 0.009114583333333334 0.4205729166666667 0 0.4192708333333333 0 0.4140625
0 0.8776041666666666 0.44921875 0.9661458333333334 0.453125 0.96875 0.45703125 0.9674479166666666 0.4596354166666667 0.9375 0.4596354166666667 0.9361979166666666 0.45703125 0.8541666666666666 0.4544270833333333 0.8463541666666666 0.45703125 0.8359375 0.46484375 0.8229166666666666 0.4791666666666667 0.8138020833333334 0.49609375 0.8072916666666666 0.5169270833333334 0.8059895833333334 0.5325520833333334 0.8033854166666666 0.5390625 0.8033854166666666 0.5716145833333334 0.8072916666666666 0.58984375 0.8033854166666666 0.5885416666666666 0.80078125 0.5716145833333334 0.80078125 0.5390625 0.8033854166666666 0.53125 0.8046875 0.5130208333333334 0.8125 0.4895833333333333 0.8190104166666666 0.4765625 0.83984375 0.4544270833333333 0.8541666666666666 0.44921875 0.8763020833333334 0.44921875
2 0.4765625 0.125 0.4778645833333333 0.23828125 0.4752604166666667 0.3255208333333333 0.4739583333333333 0.65625 0.4713541666666667 0.7083333333333334 0.4700520833333333 0.92578125 0.4674479166666667 0.9505208333333334 0.46484375 0.92578125 0.4674479166666667 0.9127604166666666 0.4674479166666667 0.75 0.4700520833333333 0.69921875 0.46875 0.6184895833333334 0.4713541666666667 0.6106770833333334 0.47265625 0.3151041666666667 0.4765625 0.12630208333333334
3 0.5091145833333334 0.8268229166666666 0.5013020833333334 0.8046875 0.50390625 0.796875 0.5065104166666666 0.7942708333333334 0.5104166666666666 0.7942708333333334 0.5130208333333334 0.7994791666666666 0.5143229166666666 0.82421875 0.5104166666666666 0.8255208333333334
3 0.5065104166666666 0.6497395833333334 0.5091145833333334 0.65625 0.5091145833333334 0.6731770833333334 0.50390625 0.6731770833333334 0.5 0.6614583333333334 0.5 0.6510416666666666 0.5052083333333334 0.6497395833333334
3 0.5364583333333334 0.4401041666666667 0.5390625 0.4401041666666667 0.5416666666666666 0.4440104166666667 0.5403645833333334 0.4622395833333333 0.5260416666666666 0.4596354166666667 0.5260416666666666 0.44921875 0.5325520833333334 0.4479166666666667 0.5364583333333334 0.44140625
3 0.453125 0.5208333333333334 0.4583333333333333 0.5260416666666666 0.4583333333333333 0.5364583333333334 0.453125 0.5377604166666666 0.44921875 0.5338541666666666 0.44921875 0.5260416666666666 0.453125 0.5221354166666666
3 0.4244791666666667 0.4375 0.4322916666666667 0.4505208333333333 0.4322916666666667 0.45703125 0.4283854166666667 0.4622395833333333 0.4205729166666667 0.4596354166666667 0.4205729166666667 0.45703125 0.41796875 0.4557291666666667 0.41796875 0.4453125 0.4244791666666667 0.4388020833333333
3 0.44921875 0.24088541666666666 0.4518229166666667 0.24088541666666666 0.4544270833333333 0.24479166666666666 0.4557291666666667 0.25390625 0.4544270833333333 0.2682291666666667 0.44921875 0.2682291666666667 0.4453125 0.2630208333333333 0.4427083333333333 0.25390625 0.44921875 0.2421875
3 0.3092447916666667 0.8229166666666666 0.013020833333333334 0.0234375
3 0.4466145833333333 0.7239583333333334 0.4505208333333333 0.7291666666666666 0.4505208333333333 0.7408854166666666 0.4453125 0.7421875 0.44140625 0.7356770833333334 0.4401041666666667 0.7278645833333334 0.4453125 0.7252604166666666
3 0.2578125 0.25 0.26171875 0.25 0.2682291666666667 0.2630208333333333 0.2682291666666667 0.26953125 0.265625 0.2721354166666667 0.2630208333333333 0.2669270833333333 0.2578125 0.265625 0.2578125 0.2513020833333333
3 0.13020833333333334 0.46875 0.13151041666666666 0.4856770833333333 0.11979166666666667 0.4830729166666667 0.1171875 0.4778645833333333 0.11848958333333333 0.4674479166666667 0.12369791666666667 0.4661458333333333 0.12890625 0.46875
3 0.8072916666666666 0.5911458333333334 0.8111979166666666 0.5963541666666666 0.8111979166666666 0.6015625 0.8072916666666666 0.6067708333333334 0.7994791666666666 0.6067708333333334 0.7916666666666666 0.5950520833333334 0.79296875 0.5872395833333334 0.8059895833333334 0.5911458333333334
3 0.409375 0.8236111106770833 0.409375 0.8319444440104166 0.41484375 0.8333333333333334 0.41640625000000003 0.8236111106770833 0.409375 0.8236111106770833