1 0.39921875 0.43611111067708336 0.39999999999999997 0.4375 0.40234375 0.4375 0.40390624999999997 0.43472222265625 0.40390624999999997 0.4319444440104167 0.40234375 0.4291666666666667 0.39999999999999997 0.42777777734375005 0.39921875 0.43055555598958334 0.39921875 0.43611111067708336
0 0 0.43359375 0.08333333333333333 0.4348958333333333 0.09895833333333333 0.4375 0.11458333333333333 0.44921875 0.13020833333333334 0.4713541666666667 0.13802083333333334 0.4934895833333333 0.14322916666666666 0.51953125 0.14322916666666666 0.56640625 0.13932291666666666 0.5872395833333334 0.13020833333333334 0.61328125 0.11458333333333333 0.6354166666666666 0.09505208333333333 0.6484375 0 0.6471354166666666 0 0.6393229166666666 0.09244791666666667 0.6419270833333334 0.10416666666666667 0.63671875 0.11979166666666667 0.6197916666666666 0.12890625 0.60546875 0.13541666666666666 0.5859375 0.13671875 0.57421875 0.13932291666666666 0.5716145833333334 0.140625 0.5598958333333334 0.140625 0.52734375 0.13541666666666666 0.4973958333333333 0.12760416666666666 0.4765625 0.11588541666666667 0.4583333333333333 0.10807291666666667 0.4505208333333333 0.09895833333333333 0.4453125 0.08854166666666667 0.4427083333333333 0 0.4401041666666667 0 0.4348958333333333
0 0.9700520833333334 0.4674479166666667 0.9700520833333334 0.4713541666666667 0.890625 0.4700520833333333 0.8723958333333334 0.4674479166666667 0.8580729166666666 0.4674479166666667 0.8489583333333334 0.4700520833333333 0.83984375 0.4752604166666667 0.8229166666666666 0.4947916666666667 0.8111979166666666 0.5208333333333334 0.8059895833333334 0.5481770833333334 0.8059895833333334 0.5872395833333334 0.8111979166666666 0.6158854166666666 0.8151041666666666 0.6276041666666666 0.8268229166666666 0.6484375 0.83984375 0.6614583333333334 0.859375 0.6705729166666666 0.9674479166666666 0.6731770833333334 0.9674479166666666 0.6783854166666666 0.86328125 0.67578125 0.8502604166666666 0.6731770833333334 0.8385416666666666 0.66796875 0.8203125 0.6471354166666666 0.80859375 0.6197916666666666 0.8033854166666666 0.59375 0.8020833333333334 0.5572916666666666 0.80859375 0.5169270833333334 0.81640625 0.5013020833333334 0.81640625 0.4973958333333333 0.828125 0.4791666666666667 0.8424479166666666 0.4674479166666667 0.8515625 0.4635416666666667 0.9479166666666666 0.46484375 0.96875 0.4674479166666667
2 0.4765625 0.14192708333333334 0.4778645833333333 0.24348958333333334 0.4752604166666667 0.37890625 0.4752604166666667 0.6471354166666666 0.4713541666666667 0.765625 0.47265625 0.7864583333333334 0.4700520833333333 0.9674479166666666 0.4674479166666667 0.9674479166666666 0.4674479166666667 0.8984375 0.46875 0.7369791666666666 0.4713541666666667 0.6796875 0.4700520833333333 0.6341145833333334 0.47265625 0.5677083333333334 0.47265625 0.3111979166666667 0.4752604166666667 0.14322916666666666
3 0.6393229166666666 0.255859375 0.011067708333333334 0.022135416666666668
3 0.64453125 0.5598958333333334 0.6471354166666666 0.5559895833333334 0.6588541666666666 0.5559895833333334 0.6588541666666666 0.5690104166666666 0.6549479166666666 0.5729166666666666 0.6458333333333334 0.5598958333333334
3 0.515625 0.3033854166666667 0.5208333333333334 0.3125 0.5208333333333334 0.3216145833333333 0.5182291666666666 0.3255208333333333 0.51171875 0.32421875 0.5104166666666666 0.3177083333333333 0.5104166666666666 0.3111979166666667 0.5143229166666666 0.3046875
3 0.57421875 0.6328125 0.5846354166666666 0.6315104166666666 0.5872395833333334 0.6341145833333334 0.5872395833333334 0.6471354166666666 0.5846354166666666 0.6497395833333334 0.5807291666666666 0.6471354166666666 0.5755208333333334 0.6341145833333334
3 0.4348958333333333 0.5143229166666666 0.4388020833333333 0.5208333333333334 0.4388020833333333 0.5299479166666666 0.4361979166666667 0.53125 0.4322916666666667 0.53125 0.4296875 0.5286458333333334 0.4296875 0.5169270833333334 0.43359375 0.5143229166666666
3 0.390625 0.4036458333333333 0.3932291666666667 0.4036458333333333 0.3958333333333333 0.4075520833333333 0.3971354166666667 0.4192708333333333 0.4036458333333333 0.4322916666666667 0.4010416666666667 0.4453125 0.39453125 0.4401041666666667 0.3932291666666667 0.421875 0.3893229166666667 0.4153645833333333 0.390625 0.4049479166666667
3 0.54296875 0.72265625 0.54296875 0.7044270833333334 0.546875 0.7044270833333334 0.5494791666666666 0.7083333333333334 0.5481770833333334 0.7200520833333334 0.5442708333333334 0.72265625
3 0.4127604166666667 0.33984375 0.008463541666666666 0.0234375
3 0.4466145833333333 0.24088541666666666 0.44921875 0.24739583333333334 0.44921875 0.2565104166666667 0.4466145833333333 0.2591145833333333 0.44140625 0.25390625 0.44140625 0.24348958333333334 0.4453125 0.24088541666666666
3 0.7662760416666666 0.5279947916666666 0.016276041666666668 0.022135416666666668
3 0.49609375 0.3932291666666667 0.5013020833333334 0.3932291666666667 0.5052083333333334 0.3984375 0.5052083333333334 0.4114583333333333 0.5026041666666666 0.4140625 0.5026041666666666 0.41796875 0.4986979166666667 0.4192708333333333 0.4947916666666667 0.4153645833333333 0.4934895833333333 0.41015625 0.4934895833333333 0.4010416666666667 0.49609375 0.39453125
3 0.484375 0.8489583333333334 0.4895833333333333 0.8502604166666666 0.4934895833333333 0.8580729166666666 0.4921875 0.8671875 0.48828125 0.8684895833333334 0.484375 0.8658854166666666 0.484375 0.8502604166666666