1 0.70546875 0.44444444401041666 0.7062499999999999 0.4458333333333333 0.7078125000000001 0.4458333333333333 0.7101562499999999 0.4430555559895833 0.7101562499999999 0.4375 0.70859375 0.43611111067708336 0.70703125 0.43611111067708336 0.70546875 0.43888888932291664 0.70546875 0.44444444401041666
0 0.9427083333333334 0.4166666666666667 0.9986979166666666 0.4153645833333333 0.9986979166666666 0.421875 0.9140625 0.42578125 0.91015625 0.4244791666666667 0.8919270833333334 0.4296875 0.8828125 0.4375 0.8697916666666666 0.4544270833333333 0.859375 0.4791666666666667 0.85546875 0.49609375 0.8541666666666666 0.5325520833333334 0.85546875 0.5533854166666666 0.859375 0.5716145833333334 0.8671875 0.5924479166666666 0.8736979166666666 0.6002604166666666 0.875 0.60546875 0.8919270833333334 0.62109375 0.90234375 0.625 0.9986979166666666 0.6223958333333334 0.9986979166666666 0.62890625 0.91015625 0.6328125 0.890625 0.6276041666666666 0.875 0.61328125 0.8606770833333334 0.5885416666666666 0.8528645833333334 0.5598958333333334 0.8502604166666666 0.5299479166666666 0.8515625 0.5 0.8567708333333334 0.4752604166666667 0.8645833333333334 0.4544270833333333 0.87890625 0.43359375 0.8880208333333334 0.42578125 0.9010416666666666 0.4205729166666667 0.9427083333333334 0.41796875
0 0.14583333333333334 0.4505208333333333 0.15885416666666666 0.4583333333333333 0.171875 0.4739583333333333 0.18619791666666666 0.5091145833333334 0.1875 0.5247395833333334 0.19010416666666666 0.5299479166666666 0.19140625 0.5611979166666666 0.19010416666666666 0.5807291666666666 0.18229166666666666 0.61328125 0.16796875 0.6393229166666666 0.15885416666666666 0.6497395833333334 0.14583333333333334 0.6575520833333334 0.1171875 0.6614583333333334 0.07552083333333333 0.6614583333333334 0.044270833333333336 0.6640625 0.024739583333333332 0.6627604166666666 0.024739583333333332 0.66015625 0.03125 0.6588541666666666 0.13541666666666666 0.6549479166666666 0.15234375 0.6484375 0.16927083333333334 0.62890625 0.1796875 0.609375 0.1875 0.5755208333333334 0.1875 0.5325520833333334 0.1796875 0.4986979166666667 0.16927083333333334 0.4778645833333333 0.15755208333333334 0.46484375 0.13932291666666666 0.453125 0.07682291666666667 0.4557291666666667 0.0234375 0.4557291666666667 0.022135416666666668 0.453125 0.032552083333333336 0.4505208333333333 0.109375 0.4479166666666667 0.13671875 0.4479166666666667 0.14453125 0.4505208333333333
2 0.5169270833333334 0.125 0.51953125 0.19921875 0.5182291666666666 0.23307291666666666 0.5208333333333334 0.2760416666666667 0.51953125 0.3619791666666667 0.5221354166666666 0.3828125 0.5221354166666666 0.3893229166666667 0.5182291666666666 0.3932291666666667 0.5182291666666666 0.3984375 0.5221354166666666 0.4075520833333333 0.51953125 0.4114583333333333 0.5221354166666666 0.4140625 0.5221354166666666 0.6484375 0.52734375 0.921875 0.5260416666666666 0.9518229166666666 0.5234375 0.94921875 0.5208333333333334 0.7734375 0.5208333333333334 0.5872395833333334 0.5182291666666666 0.5546875 0.5182291666666666 0.3736979166666667 0.515625 0.24348958333333334 0.5169270833333334 0.12630208333333334
3 0.4244791666666667 0.5143229166666666 0.4283854166666667 0.5182291666666666 0.4283854166666667 0.5338541666666666 0.4231770833333333 0.5325520833333334 0.41796875 0.5247395833333334 0.4192708333333333 0.5143229166666666 0.4231770833333333 0.5143229166666666
3 0.5598958333333334 0.7317708333333334 0.5625 0.7317708333333334 0.56640625 0.7408854166666666 0.56640625 0.7447916666666666 0.5611979166666666 0.7513020833333334 0.55859375 0.7513020833333334 0.5559895833333334 0.7473958333333334 0.5559895833333334 0.7421875 0.5598958333333334 0.7330729166666666
3 0.51171875 0.578125 0.5143229166666666 0.5807291666666666 0.5143229166666666 0.5911458333333334 0.5104166666666666 0.59765625 0.5052083333333334 0.5950520833333334 0.5052083333333334 0.5794270833333334 0.5104166666666666 0.578125
3 0.5768229166666666 0.21419270833333334 0.011067708333333334 0.024739583333333332
3 0.7747395833333334 0.6223958333333334 0.7786458333333334 0.62109375 0.78125 0.6236979166666666 0.78515625 0.6236979166666666 0.7864583333333334 0.62890625 0.78515625 0.6354166666666666 0.7747395833333334 0.6432291666666666 0.7747395833333334 0.6236979166666666
3 0.6184895833333334 0.4140625 0.010416666666666666 0.01953125
3 0.5013020833333334 0.2760416666666667 0.5013020833333334 0.2604166666666667 0.50390625 0.2565104166666667 0.5065104166666666 0.2578125 0.5078125 0.2643229166666667 0.5065104166666666 0.2760416666666667 0.5026041666666666 0.2760416666666667
3 0.6393229166666666 0.55859375 0.640625 0.5690104166666666 0.6393229166666666 0.5729166666666666 0.6354166666666666 0.57421875 0.6302083333333334 0.57421875 0.62890625 0.5677083333333334 0.6328125 0.5638020833333334 0.6341145833333334 0.55859375 0.6380208333333334 0.55859375
3 0.73046875 0.3645833333333333 0.7369791666666666 0.3736979166666667 0.7369791666666666 0.3841145833333333 0.73046875 0.3880208333333333 0.7278645833333334 0.38671875 0.7291666666666666 0.3658854166666667
3 0.5286458333333334 0.3776041666666667 0.5325520833333334 0.3776041666666667 0.53515625 0.3815104166666667 0.5338541666666666 0.390625 0.52734375 0.3919270833333333 0.5247395833333334 0.390625 0.5247395833333334 0.38671875 0.5286458333333334 0.37890625
3 0.6145833333333334 0.828125 0.6171875 0.8489583333333334 0.6106770833333334 0.8528645833333334 0.6067708333333334 0.8463541666666666 0.61328125 0.8294270833333334
3 0.5789062500000001 0.51527777734375 0.584375 0.51527777734375 0.5890624999999999 0.5083333333333333 0.5890624999999999 0.49583333333333335 0.5851562499999999 0.4916666666666667 0.5789062500000001 0.4944444440104167 0.5789062500000001 0.51527777734375