1 0.3390625 0.7444444440104167 0.33984375 0.7430555559895833 0.33984375 0.7388888893229167 0.3390625 0.7374999999999999 0.33749999999999997 0.7374999999999999 0.3359375 0.74027777734375 0.3359375 0.7416666666666667 0.33749999999999997 0.7444444440104167 0.3390625 0.7444444440104167
0 0 0.4114583333333333 0.08723958333333333 0.4140625 0.10677083333333333 0.42578125 0.11458333333333333 0.43359375 0.13020833333333334 0.4635416666666667 0.13671875 0.4895833333333333 0.13932291666666666 0.5182291666666666 0.13671875 0.5546875 0.13020833333333334 0.5807291666666666 0.1171875 0.60546875 0.10677083333333333 0.6171875 0.08984375 0.6276041666666666 0 0.6263020833333334 0 0.6197916666666666 0.0859375 0.6223958333333334 0.09895833333333333 0.6171875 0.11067708333333333 0.60546875 0.11979166666666667 0.5924479166666666 0.13020833333333334 0.56640625 0.13541666666666666 0.5442708333333334 0.13541666666666666 0.4986979166666667 0.13151041666666666 0.4791666666666667 0.11979166666666667 0.44921875 0.10286458333333333 0.4283854166666667 0.08723958333333333 0.4205729166666667 0 0.41796875 0 0.4127604166666667
0 0.9388020833333334 0.4466145833333333 0.9674479166666666 0.4479166666666667 0.9700520833333334 0.44921875 0.96875 0.453125 0.8515625 0.4505208333333333 0.8411458333333334 0.4557291666666667 0.8268229166666666 0.46875 0.8151041666666666 0.4895833333333333 0.8072916666666666 0.5130208333333334 0.8059895833333334 0.5364583333333334 0.8033854166666666 0.5403645833333334 0.8033854166666666 0.5169270833333334 0.80859375 0.49609375 0.81640625 0.48046875 0.81640625 0.4765625 0.83203125 0.4557291666666667 0.8515625 0.4453125 0.9375 0.4466145833333333
2 0.4739583333333333 0.12109375 0.4765625 0.125 0.4765625 0.16536458333333334 0.4739583333333333 0.28515625 0.4739583333333333 0.5091145833333334 0.4713541666666667 0.5677083333333334 0.47265625 0.62890625 0.4700520833333333 0.6861979166666666 0.4700520833333333 0.8385416666666666 0.4674479166666667 0.8828125 0.46484375 0.8736979166666666 0.4674479166666667 0.8216145833333334 0.4674479166666667 0.6276041666666666 0.4713541666666667 0.4908854166666667 0.4700520833333333 0.3125 0.47265625 0.2591145833333333 0.4739583333333333 0.12239583333333333
3 0.5260416666666666 0.32421875 0.5299479166666666 0.3255208333333333 0.5325520833333334 0.3359375 0.5299479166666666 0.3463541666666667 0.5260416666666666 0.3489583333333333 0.5234375 0.3450520833333333 0.5221354166666666 0.3411458333333333 0.5260416666666666 0.3255208333333333
3 0.5026041666666666 0.6731770833333334 0.5052083333333334 0.6770833333333334 0.5052083333333334 0.6940104166666666 0.5013020833333334 0.6940104166666666 0.4986979166666667 0.69140625 0.49609375 0.6809895833333334 0.49609375 0.67578125 0.5013020833333334 0.6731770833333334
3 0.5677083333333334 0.4921875 0.5716145833333334 0.4973958333333333 0.5716145833333334 0.50390625 0.5651041666666666 0.5104166666666666 0.5611979166666666 0.5052083333333334 0.5611979166666666 0.4934895833333333 0.56640625 0.4921875
3 0.21744791666666666 0.5130208333333334 0.21614583333333334 0.5338541666666666 0.21354166666666666 0.53515625 0.20442708333333334 0.5299479166666666 0.203125 0.5234375 0.21614583333333334 0.5130208333333334
3 0.4557291666666667 0.2734375 0.4596354166666667 0.2786458333333333 0.4596354166666667 0.2955729166666667 0.4544270833333333 0.3020833333333333 0.44921875 0.296875 0.4453125 0.2877604166666667 0.4479166666666667 0.2760416666666667 0.4505208333333333 0.2734375 0.4544270833333333 0.2734375
3 0.4713541666666667 0.8736979166666666 0.4778645833333333 0.87890625 0.4778645833333333 0.8919270833333334 0.4752604166666667 0.89453125 0.46875 0.890625 0.4674479166666667 0.875 0.4700520833333333 0.8736979166666666
3 0.23046875 0.3919270833333333 0.23567708333333334 0.39453125 0.23697916666666666 0.3984375 0.23697916666666666 0.4088541666666667 0.234375 0.41015625 0.22526041666666666 0.4010416666666667 0.22526041666666666 0.3919270833333333 0.22916666666666666 0.3919270833333333
3 0.4010416666666667 0.72265625 0.4049479166666667 0.7291666666666666 0.4036458333333333 0.7408854166666666 0.4010416666666667 0.7421875 0.3971354166666667 0.7395833333333334 0.3971354166666667 0.7265625 0.3997395833333333 0.7239583333333334
3 0.2265625 0.20182291666666666 0.23307291666666666 0.203125 0.23958333333333334 0.22005208333333334 0.23958333333333334 0.22526041666666666 0.23697916666666666 0.22786458333333334 0.23046875 0.22395833333333334 0.22916666666666666 0.21614583333333334 0.2265625 0.21354166666666666 0.2265625 0.203125
3 0.08072916666666667 0.5 0.07942708333333333 0.5143229166666666 0.06510416666666667 0.51171875 0.06510416666666667 0.5 0.06770833333333333 0.4973958333333333 0.07942708333333333 0.5
3 0.8072916666666666 0.5390625 0.8138020833333334 0.5455729166666666 0.8138020833333334 0.5559895833333334 0.8098958333333334 0.5598958333333334 0.8046875 0.5598958333333334 0.796875 0.55078125 0.796875 0.546875 0.8020833333333334 0.5455729166666666 0.8059895833333334 0.5403645833333334
3 0.25625000000000003 0.8375 0.25390625 0.8486111106770834 0.25937499999999997 0.8527777773437499 0.2625 0.8430555559895834 0.25625000000000003 0.8375