1 0.6804687500000001 0.7513888893229167 0.68125 0.7541666666666668 0.68515625 0.7541666666666668 0.6859375 0.75277777734375 0.6859375 0.7458333333333332 0.68515625 0.7444444440104167 0.68203125 0.7444444440104167 0.68125 0.7458333333333332 0.6804687500000001 0.7513888893229167
0 0.9049479166666666 0.4166666666666667 0.9114583333333334 0.4140625 0.9986979166666666 0.4114583333333333 0.9986979166666666 0.41796875 0.9192708333333334 0.4192708333333333 0.9075520833333334 0.421875 0.8984375 0.4270833333333333 0.88671875 0.4375 0.8854166666666666 0.4427083333333333 0.875 0.4583333333333333 0.8671875 0.4817708333333333 0.86328125 0.5052083333333334 0.86328125 0.5390625 0.8684895833333334 0.5651041666666666 0.87890625 0.5911458333333334 0.8958333333333334 0.61328125 0.9127604166666666 0.6223958333333334 0.9986979166666666 0.6197916666666666 0.9986979166666666 0.6263020833333334 0.91015625 0.6276041666666666 0.90625 0.6236979166666666 0.8958333333333334 0.6197916666666666 0.8828125 0.6067708333333334 0.875 0.58984375 0.87109375 0.5859375 0.8684895833333334 0.5729166666666666 0.8645833333333334 0.56640625 0.8606770833333334 0.53515625 0.8606770833333334 0.5065104166666666 0.8645833333333334 0.4778645833333333 0.8723958333333334 0.4544270833333333 0.8828125 0.4361979166666667 0.8919270833333334 0.42578125 0.9049479166666666 0.41796875
0 0.15234375 0.4466145833333333 0.16927083333333334 0.4583333333333333 0.18359375 0.4791666666666667 0.19401041666666666 0.5091145833333334 0.1953125 0.52734375 0.19791666666666666 0.5338541666666666 0.19661458333333334 0.5442708333333334 0.19140625 0.5104166666666666 0.18359375 0.48828125 0.17317708333333334 0.4700520833333333 0.15494791666666666 0.453125 0.13932291666666666 0.44921875 0.0546875 0.453125 0.029947916666666668 0.4518229166666667 0.03125 0.4479166666666667 0.05859375 0.4466145833333333 0.15104166666666666 0.4466145833333333
2 0.5247395833333334 0.12109375 0.5286458333333334 0.3229166666666667 0.52734375 0.4309895833333333 0.5299479166666666 0.4869791666666667 0.53125 0.7877604166666666 0.5338541666666666 0.8776041666666666 0.53125 0.87890625 0.5286458333333334 0.8177083333333334 0.5234375 0.12239583333333333
3 0.5442708333333334 0.2760416666666667 0.5494791666666666 0.2747395833333333 0.5546875 0.28125 0.5546875 0.29296875 0.5494791666666666 0.30078125 0.5442708333333334 0.3033854166666667 0.5416666666666666 0.2903645833333333 0.5416666666666666 0.28125 0.5442708333333334 0.27734375
3 0.5065104166666666 0.6783854166666666 0.5091145833333334 0.6822916666666666 0.5 0.6953125 0.49609375 0.69140625 0.49609375 0.6770833333333334 0.5013020833333334 0.6744791666666666 0.5052083333333334 0.6783854166666666
3 0.4348958333333333 0.48828125 0.4440104166666667 0.4895833333333333 0.44140625 0.5026041666666666 0.4361979166666667 0.5078125 0.43359375 0.5065104166666666 0.4348958333333333 0.4895833333333333
3 0.7877604166666666 0.5208333333333334 0.7955729166666666 0.5247395833333334 0.7981770833333334 0.5299479166666666 0.7955729166666666 0.5364583333333334 0.7890625 0.54296875 0.78515625 0.5377604166666666 0.78515625 0.5247395833333334 0.7877604166666666 0.5221354166666666
3 0.5299479166666666 0.875 0.5325520833333334 0.875 0.5338541666666666 0.8776041666666666 0.5338541666666666 0.890625 0.53125 0.8971354166666666 0.52734375 0.8984375 0.5234375 0.8854166666666666 0.5234375 0.8802083333333334 0.5299479166666666 0.8763020833333334
3 0.7643229166666666 0.3958333333333333 0.7760416666666666 0.3958333333333333 0.7760416666666666 0.4036458333333333 0.7682291666666666 0.41796875 0.7630208333333334 0.41015625 0.7643229166666666 0.3971354166666667
3 0.59765625 0.7252604166666666 0.6015625 0.7252604166666666 0.6041666666666666 0.7278645833333334 0.6041666666666666 0.7434895833333334 0.6002604166666666 0.74609375 0.59765625 0.7434895833333334 0.59765625 0.7265625
3 0.767578125 0.21614583333333334 0.014973958333333334 0.029296875
3 0.9322916666666666 0.4986979166666667 0.9348958333333334 0.51171875 0.9283854166666666 0.515625 0.9192708333333334 0.515625 0.91796875 0.5026041666666666 0.9192708333333334 0.5 0.9309895833333334 0.4986979166666667
3 0.19010416666666666 0.5403645833333334 0.1953125 0.546875 0.203125 0.546875 0.19401041666666666 0.5598958333333334 0.18489583333333334 0.55859375 0.18098958333333334 0.55078125 0.18489583333333334 0.5416666666666666 0.18880208333333334 0.5403645833333334
3 0.47265625 0.3255208333333333 0.4765625 0.3268229166666667 0.48046875 0.33984375 0.4765625 0.3502604166666667 0.4700520833333333 0.34375 0.46875 0.33203125 0.47265625 0.3268229166666667
3 0.74375 0.8388888893229166 0.7429687500000001 0.8402777773437501 0.7429687500000001 0.8486111106770834 0.7453124999999999 0.8513888893229167 0.74609375 0.85 0.75 0.85 0.75234375 0.8486111106770834 0.75234375 0.8444444440104166 0.7507812500000001 0.8416666666666667 0.75 0.8416666666666667 0.7484375 0.8388888893229166 0.74375 0.8388888893229166