1 0.47734375 0.7944444440104167 0.47812499999999997 0.7958333333333334 0.48125 0.7958333333333334 0.48203124999999997 0.7930555559895834 0.48125 0.7902777773437499 0.47812499999999997 0.7902777773437499 0.47734375 0.7916666666666666 0.47734375 0.7944444440104167
0 0.9986979166666666 0.4127604166666667 0.9986979166666666 0.4192708333333333 0.9895833333333334 0.4205729166666667 0.9036458333333334 0.4244791666666667 0.8919270833333334 0.4309895833333333 0.8854166666666666 0.4375 0.875 0.4518229166666667 0.87109375 0.46484375 0.8658854166666666 0.4700520833333333 0.8658854166666666 0.4739583333333333 0.86328125 0.4765625 0.86328125 0.48828125 0.859375 0.4986979166666667 0.8580729166666666 0.5299479166666666 0.86328125 0.5638020833333334 0.87109375 0.5872395833333334 0.8828125 0.60546875 0.8971354166666666 0.6184895833333334 0.90625 0.6223958333333334 0.9986979166666666 0.6197916666666666 0.9986979166666666 0.6263020833333334 0.9947916666666666 0.6276041666666666 0.9544270833333334 0.62890625 0.90625 0.62890625 0.8932291666666666 0.6223958333333334 0.8763020833333334 0.60546875 0.8645833333333334 0.58203125 0.8567708333333334 0.5494791666666666 0.8567708333333334 0.4921875 0.8606770833333334 0.4869791666666667 0.8645833333333334 0.46484375 0.8723958333333334 0.4479166666666667 0.8841145833333334 0.4309895833333333 0.8958333333333334 0.421875 0.90625 0.4192708333333333 0.9075520833333334 0.4166666666666667 0.91796875 0.4153645833333333 0.9973958333333334 0.4127604166666667
0 0.14453125 0.44921875 0.15885416666666666 0.4544270833333333 0.17057291666666666 0.46484375 0.1796875 0.4765625 0.19010416666666666 0.5 0.19791666666666666 0.5390625 0.19791666666666666 0.5716145833333334 0.19401041666666666 0.58984375 0.19140625 0.58984375 0.19140625 0.5872395833333334 0.1953125 0.5716145833333334 0.1953125 0.5390625 0.19270833333333334 0.5325520833333334 0.19140625 0.5169270833333334 0.18489583333333334 0.49609375 0.17578125 0.4791666666666667 0.16276041666666666 0.46484375 0.15234375 0.45703125 0.14453125 0.4544270833333333 0.0625 0.45703125 0.061197916666666664 0.4596354166666667 0.03125 0.4596354166666667 0.029947916666666668 0.45703125 0.032552083333333336 0.453125 0.14322916666666666 0.44921875
2 0.5208333333333334 0.125 0.5234375 0.14583333333333334 0.5260416666666666 0.3151041666666667 0.5260416666666666 0.4986979166666667 0.52734375 0.6106770833333334 0.5299479166666666 0.6184895833333334 0.5286458333333334 0.69921875 0.53125 0.75 0.53125 0.9127604166666666 0.5338541666666666 0.921875 0.53125 0.9505208333333334 0.5286458333333334 0.92578125 0.5208333333333334 0.12630208333333334
3 0.48828125 0.7942708333333334 0.4921875 0.7942708333333334 0.4973958333333333 0.8020833333333334 0.4921875 0.8229166666666666 0.4895833333333333 0.8268229166666666 0.4856770833333333 0.8255208333333334 0.4856770833333333 0.7994791666666666 0.48828125 0.7955729166666666
3 0.4921875 0.6497395833333334 0.4986979166666667 0.6510416666666666 0.4986979166666667 0.6614583333333334 0.4947916666666667 0.6731770833333334 0.4895833333333333 0.6731770833333334 0.4895833333333333 0.65625 0.4921875 0.6510416666666666
3 0.4622395833333333 0.4401041666666667 0.4661458333333333 0.4479166666666667 0.47265625 0.44921875 0.47265625 0.4596354166666667 0.46484375 0.4622395833333333 0.4583333333333333 0.4622395833333333 0.45703125 0.45703125 0.45703125 0.4440104166666667 0.4609375 0.4401041666666667
3 0.5455729166666666 0.5208333333333334 0.5494791666666666 0.5260416666666666 0.5494791666666666 0.5338541666666666 0.5455729166666666 0.5377604166666666 0.5403645833333334 0.5364583333333334 0.5403645833333334 0.5260416666666666 0.5455729166666666 0.5221354166666666
3 0.5729166666666666 0.4375 0.5807291666666666 0.4453125 0.5807291666666666 0.4557291666666667 0.5768229166666666 0.4609375 0.5703125 0.4622395833333333 0.56640625 0.45703125 0.56640625 0.4505208333333333 0.5729166666666666 0.4388020833333333
3 0.546875 0.24088541666666666 0.5494791666666666 0.24088541666666666 0.5559895833333334 0.25390625 0.5546875 0.2604166666666667 0.5494791666666666 0.2682291666666667 0.5442708333333334 0.2682291666666667 0.54296875 0.25390625 0.5442708333333334 0.24479166666666666 0.546875 0.2421875
3 0.69140625 0.81640625 0.6953125 0.8203125 0.6940104166666666 0.8346354166666666 0.6888020833333334 0.8346354166666666 0.6848958333333334 0.8294270833333334 0.68359375 0.8125 0.6861979166666666 0.8111979166666666 0.6901041666666666 0.81640625
3 0.5520833333333334 0.7239583333333334 0.55859375 0.7278645833333334 0.5546875 0.7408854166666666 0.5494791666666666 0.7421875 0.546875 0.73828125 0.55078125 0.7252604166666666
3 0.7369791666666666 0.25 0.7408854166666666 0.25 0.7421875 0.2526041666666667 0.7421875 0.2630208333333333 0.7408854166666666 0.265625 0.7356770833333334 0.2669270833333333 0.7330729166666666 0.2721354166666667 0.73046875 0.26953125 0.7317708333333334 0.2591145833333333 0.7369791666666666 0.2513020833333333
3 0.8684895833333334 0.46875 0.875 0.4661458333333333 0.8815104166666666 0.46875 0.8802083333333334 0.4817708333333333 0.8723958333333334 0.4830729166666667 0.8697916666666666 0.4856770833333333 0.8671875 0.4856770833333333 0.8684895833333334 0.4700520833333333
3 0.19856770833333334 0.5963541666666666 0.020833333333333332 0.020833333333333332
3 0.5906250000000001 0.8319444440104166 0.5906250000000001 0.8236111106770833 0.58359375 0.8236111106770833 0.5851562499999999 0.8333333333333334 0.5906250000000001 0.8319444440104166