1 0.67734375 0.4944444440104167 0.6796875 0.49722222265625 0.68203125 0.4944444440104167 0.68203125 0.48888888932291663 0.6804687500000001 0.4875 0.6789062499999999 0.4875 0.67734375 0.49027777734375005 0.67734375 0.4944444440104167
3 0.5247395833333334 0.24869791666666666 0.5338541666666666 0.2591145833333333 0.5260416666666666 0.2721354166666667 0.5234375 0.2721354166666667 0.5208333333333334 0.2643229166666667 0.5247395833333334 0.25
3 0.4166666666666667 0.4609375 0.41796875 0.4700520833333333 0.421875 0.4739583333333333 0.41796875 0.4830729166666667 0.4140625 0.4830729166666667 0.41015625 0.4765625 0.41015625 0.46875 0.4153645833333333 0.4622395833333333
3 0.78125 0.6419270833333334 0.78515625 0.6458333333333334 0.78125 0.66015625 0.7721354166666666 0.65625 0.7708333333333334 0.6354166666666666 0.7734375 0.6354166666666666 0.7799479166666666 0.6432291666666666
3 0.6458333333333334 0.5520833333333334 0.6510416666666666 0.5533854166666666 0.6536458333333334 0.5598958333333334 0.6536458333333334 0.5651041666666666 0.6458333333333334 0.5716145833333334 0.6432291666666666 0.5690104166666666 0.6458333333333334 0.5533854166666666
3 0.5625 0.7291666666666666 0.56640625 0.7395833333333334 0.56640625 0.74609375 0.5611979166666666 0.7513020833333334 0.55859375 0.7486979166666666 0.55859375 0.7369791666666666 0.5625 0.73046875
3 0.7421875 0.41015625 0.7434895833333334 0.4192708333333333 0.7369791666666666 0.43359375 0.734375 0.4322916666666667 0.7317708333333334 0.42578125 0.7317708333333334 0.4140625 0.7408854166666666 0.41015625
3 0.5911458333333334 0.1953125 0.59375 0.19791666666666666 0.59375 0.2109375 0.58984375 0.22005208333333334 0.5846354166666666 0.22005208333333334 0.5859375 0.20703125 0.5911458333333334 0.19661458333333334
3 0.64453125 0.44921875 0.6471354166666666 0.4518229166666667 0.6471354166666666 0.4557291666666667 0.6432291666666666 0.4661458333333333 0.640625 0.4674479166666667 0.6380208333333334 0.4674479166666667 0.6341145833333334 0.4609375 0.6341145833333334 0.44921875 0.6432291666666666 0.44921875
3 0.5520833333333334 0.3697916666666667 0.5572916666666666 0.375 0.5572916666666666 0.3802083333333333 0.5494791666666666 0.3893229166666667 0.546875 0.3880208333333333 0.546875 0.3776041666666667 0.5481770833333334 0.37109375 0.55078125 0.3697916666666667
3 0.6106770833333334 0.8294270833333334 0.6171875 0.84375 0.6158854166666666 0.8515625 0.6106770833333334 0.85546875 0.6106770833333334 0.8307291666666666
3 0.59765625 0.5 0.59765625 0.50972222265625 0.5984375000000001 0.5111111106770834 0.5984375000000001 0.51527777734375 0.6023437500000001 0.5180555559895833 0.60703125 0.5166666666666667 0.6101562500000001 0.5111111106770834 0.6101562500000001 0.5013888893229167 0.609375 0.49861111067708336 0.6062500000000001 0.4944444440104167 0.6 0.4944444440104167 0.59765625 0.5
3 0.48515625 0.6 0.484375 0.5930555559895833 0.47890625000000003 0.5944444440104167 0.48046875 0.6083333333333333 0.48515625 0.6
2 0.5182291666666666 0.2786458333333333 0.5208333333333334 0.2786458333333333 0.5221354166666666 0.28125 0.5221354166666666 0.4947916666666667 0.5247395833333334 0.6041666666666666 0.5234375 0.6549479166666666 0.5260416666666666 0.7174479166666666 0.5260416666666666 0.8645833333333334 0.5286458333333334 0.9205729166666666 0.52734375 0.94921875 0.5247395833333334 0.94921875 0.5234375 0.8736979166666666 0.5247395833333334 0.8424479166666666 0.51953125 0.5598958333333334 0.5182291666666666 0.2799479166666667
0 1 0.4138888893229167 0.9546875 0.4138888893229167 0.89453125 0.42083333333333334 0.8742187499999999 0.44166666666666665 0.859375 0.47361111067708334 0.853125 0.5138888893229167 0.85546875 0.5513888893229166 0.865625 0.5888888893229166 0.8828125 0.61527777734375 0.90390625 0.6291666666666667 1 0.6263888893229167 1 0.6208333333333333 0.8976562499999999 0.6208333333333333 0.8765625 0.5986111106770834 0.86171875 0.5638888893229167 0.85703125 0.53472222265625 0.8585937499999999 0.49722222265625 0.8679687500000001 0.46388888932291666 0.884375 0.43611111067708336 0.90859375 0.42222222265625 1 0.41944444401041664 1 0.4138888893229167
0 0.19296875 0.5305555559895833 0.18281250000000002 0.4875 0.16796875 0.46388888932291666 0.15156250000000002 0.45 0.10781249999999999 0.4458333333333333 0.039843750000000004 0.44861111067708337 0.02896004036458333 0.45413934505208337 0.1484375 0.45277777734375 0.16328125000000002 0.46388888932291666 0.17500000000000002 0.4805555559895833 0.18359375 0.5 0.19296875 0.5430555559895833 0.18515625 0.5986111106770834 0.16874999999999998 0.6319444440104166 0.15546875000000002 0.6458333333333334 0.1390625 0.65277777734375 0.0609375 0.6541666666666667 0.028125 0.6569444440104167 0.0265625 0.6611111106770834 0.13984375000000002 0.6583333333333333 0.16171875 0.64722222265625 0.18281250000000002 0.6166666666666667 0.18984375 0.5944444440104167 0.19375 0.56527777734375 0.19296875 0.5305555559895833