1 0.4765625 0.5333333333333333 0.47734375 0.5319444440104167 0.47734375 0.52777777734375 0.4765625 0.5263888893229166 0.4734375 0.5263888893229166 0.47265625 0.52777777734375 0.47265625 0.5333333333333333 0.4734375 0.53472222265625 0.4765625 0.5333333333333333
3 0.6236979166666666 0.16145833333333334 0.6263020833333334 0.1640625 0.6263020833333334 0.17317708333333334 0.6223958333333334 0.18489583333333334 0.6197916666666666 0.18619791666666666 0.6158854166666666 0.18359375 0.6145833333333334 0.171875 0.6171875 0.16276041666666666 0.6223958333333334 0.16145833333333334
3 0.6809895833333334 0.5546875 0.6848958333333334 0.5651041666666666 0.6848958333333334 0.5716145833333334 0.6822916666666666 0.5755208333333334 0.67578125 0.5716145833333334 0.67578125 0.5572916666666666 0.6796875 0.5546875
3 0.4752604166666667 0.5052083333333334 0.4791666666666667 0.5065104166666666 0.48046875 0.51171875 0.4791666666666667 0.5325520833333334 0.4739583333333333 0.53515625 0.47265625 0.5260416666666666 0.4752604166666667 0.5065104166666666
3 0.5924479166666666 0.8645833333333334 0.5963541666666666 0.8671875 0.5989583333333334 0.8802083333333334 0.59765625 0.8841145833333334 0.5950520833333334 0.88671875 0.5924479166666666 0.8854166666666666 0.5885416666666666 0.8697916666666666 0.5911458333333334 0.8658854166666666
3 0.3958333333333333 0.8606770833333334 0.39453125 0.890625 0.390625 0.8880208333333334 0.3828125 0.8723958333333334 0.3828125 0.8671875 0.38671875 0.8619791666666666 0.39453125 0.8606770833333334
3 0.2708333333333333 0.2552083333333333 0.2747395833333333 0.2643229166666667 0.2747395833333333 0.2799479166666667 0.2721354166666667 0.28125 0.265625 0.27734375 0.2604166666666667 0.26171875 0.26171875 0.2565104166666667 0.26953125 0.2552083333333333
3 0.20442708333333334 0.14322916666666666 0.21354166666666666 0.15755208333333334 0.21614583333333334 0.16927083333333334 0.21614583333333334 0.18619791666666666 0.21354166666666666 0.18880208333333334 0.20963541666666666 0.1796875 0.20703125 0.16145833333333334 0.19921875 0.15234375 0.19921875 0.14583333333333334 0.203125 0.14322916666666666
3 0.48046875 0.14322916666666666 0.4895833333333333 0.14322916666666666 0.4934895833333333 0.15104166666666666 0.4908854166666667 0.16015625 0.4908854166666667 0.171875 0.4869791666666667 0.17447916666666666 0.4830729166666667 0.171875 0.4791666666666667 0.1640625 0.48046875 0.14453125
3 0.70703125 0.7083333333333334 0.7174479166666666 0.7135416666666666 0.7161458333333334 0.7239583333333334 0.7135416666666666 0.73046875 0.7109375 0.73046875 0.703125 0.7200520833333334 0.70703125 0.7096354166666666
3 0.09765625 0.47265625 0.10677083333333333 0.4817708333333333 0.10546875 0.4895833333333333 0.09635416666666667 0.484375 0.09244791666666667 0.4869791666666667 0.08854166666666667 0.4856770833333333 0.08854166666666667 0.4713541666666667 0.09375 0.4700520833333333 0.09635416666666667 0.47265625
3 0.4427083333333333 0.6380208333333334 0.4453125 0.6510416666666666 0.4427083333333333 0.65625 0.4375 0.6510416666666666 0.4375 0.640625 0.44140625 0.6380208333333334
3 0.8268229166666666 0.51953125 0.018229166666666668 0.027994791666666668
2 0.4700520833333333 0.6158854166666666 0.47265625 0.5794270833333334 0.47265625 0.5338541666666666 0.4752604166666667 0.5325520833333334 0.4778645833333333 0.5390625 0.4752604166666667 0.5442708333333334 0.4739583333333333 0.5807291666666666 0.4752604166666667 0.6158854166666666 0.4739583333333333 0.7317708333333334 0.4713541666666667 0.7682291666666666 0.4713541666666667 0.9440104166666666 0.46875 0.9453125 0.4674479166666667 0.8984375 0.4713541666666667 0.6171875
0 0.84140625 0.64722222265625 0.85703125 0.65277777734375 0.9140625 0.6555555559895833 0.9601562499999999 0.6569444440104167 0.9671875 0.65277777734375 0.84375 0.6430555559895833 0.8296875 0.6305555559895833 0.8125 0.5986111106770834 0.8046875 0.5611111106770833 0.8046875 0.5263888893229166 0.8117187499999999 0.49305555598958334 0.81875 0.4791666666666667 0.83046875 0.4611111106770833 0.84609375 0.44861111067708337 0.9703125 0.44861111067708337 0.9703125 0.44444444401041666 0.8468749999999999 0.4430555559895833 0.8312499999999999 0.45416666666666666 0.8171875000000001 0.47361111067708334 0.80703125 0.5 0.80234375 0.5305555559895833 0.80234375 0.5666666666666667 0.81015625 0.60277777734375 0.82421875 0.6305555559895833 0.84140625 0.64722222265625
0 0 0.6236111106770833 0.0890625 0.6263888893229167 0.109375 0.6166666666666667 0.125 0.5986111106770834 0.13593750000000002 0.5736111106770834 0.14296875 0.5319444440104167 0.140625 0.4861111106770833 0.1265625 0.44444444401041666 0.11171874999999999 0.425 0.09218749999999999 0.4138888893229167 0.034374999999999996 0.41111111067708334 0 0.41111111067708334 0 0.4166666666666667 0.09140625000000001 0.41944444401041664 0.11484375000000001 0.43472222265625 0.13203125000000002 0.4666666666666666 0.13984375000000002 0.5111111106770834 0.13828125 0.5444444440104167 0.12890625 0.5805555559895833 0.11484375000000001 0.6041666666666666 0.09921875000000001 0.6180555559895834 0 0.6180555559895834 0 0.6236111106770833