1 0.47031249999999997 0.52777777734375 0.47031249999999997 0.5236111106770833 0.46953125 0.52222222265625 0.46640624999999997 0.52222222265625 0.465625 0.52777777734375 0.46640624999999997 0.5291666666666667 0.46953125 0.5291666666666667 0.47031249999999997 0.52777777734375
0 0 0.42578125 0.057291666666666664 0.42578125 0.10026041666666667 0.4283854166666667 0.11197916666666667 0.43359375 0.13020833333333334 0.4544270833333333 0.13802083333333334 0.4700520833333333 0.14583333333333334 0.4947916666666667 0.14973958333333334 0.5325520833333334 0.14713541666666666 0.5651041666666666 0.14192708333333334 0.5859375 0.13020833333333334 0.6119791666666666 0.11458333333333333 0.6302083333333334 0.10026041666666667 0.63671875 0.07552083333333333 0.6380208333333334 0 0.6354166666666666 0 0.6302083333333334 0.08463541666666667 0.6328125 0.10026041666666667 0.6315104166666666 0.10807291666666667 0.6276041666666666 0.12760416666666666 0.6067708333333334 0.13671875 0.5885416666666666 0.14453125 0.5559895833333334 0.14453125 0.5078125 0.13932291666666666 0.484375 0.12760416666666666 0.4583333333333333 0.11197916666666667 0.44140625 0.1015625 0.4348958333333333 0.09114583333333333 0.4322916666666667 0.078125 0.43359375 0.045572916666666664 0.4309895833333333 0 0.4309895833333333 0 0.4270833333333333
0 0.9427083333333334 0.4544270833333333 0.9700520833333334 0.4557291666666667 0.9700520833333334 0.4609375 0.8541666666666666 0.4596354166666667 0.84375 0.4635416666666667 0.83203125 0.47265625 0.8151041666666666 0.4986979166666667 0.8098958333333334 0.515625 0.8059895833333334 0.5390625 0.8059895833333334 0.578125 0.8072916666666666 0.58984375 0.8151041666666666 0.6158854166666666 0.8255208333333334 0.6354166666666666 0.84375 0.6536458333333334 0.86328125 0.6588541666666666 0.9609375 0.6614583333333334 0.9661458333333334 0.6627604166666666 0.9661458333333334 0.6653645833333334 0.8671875 0.6640625 0.8489583333333334 0.6614583333333334 0.83203125 0.6510416666666666 0.8177083333333334 0.6315104166666666 0.80859375 0.609375 0.8033854166666666 0.5846354166666666 0.8020833333333334 0.5494791666666666 0.8072916666666666 0.5130208333333334 0.81640625 0.48828125 0.8229166666666666 0.4765625 0.83203125 0.4661458333333333 0.8424479166666666 0.45703125 0.8528645833333334 0.453125 0.94140625 0.4544270833333333
2 0.4739583333333333 0.4674479166666667 0.4778645833333333 0.46875 0.4739583333333333 0.953125 0.4700520833333333 0.953125 0.4739583333333333 0.46875
3 0.5091145833333334 0.71484375 0.5130208333333334 0.71484375 0.515625 0.7239583333333334 0.515625 0.7330729166666666 0.51171875 0.7408854166666666 0.5078125 0.7330729166666666 0.5091145833333334 0.7161458333333334
3 0.53125 0.2786458333333333 0.53125 0.2565104166666667 0.53515625 0.25390625 0.5390625 0.2565104166666667 0.5403645833333334 0.2630208333333333 0.5377604166666666 0.2682291666666667 0.5377604166666666 0.27734375 0.5364583333333334 0.2799479166666667 0.5325520833333334 0.2786458333333333
3 0.4557291666666667 0.25 0.013020833333333334 0.024739583333333332
3 0.5611979166666666 0.5559895833333334 0.56640625 0.5625 0.5651041666666666 0.57421875 0.5611979166666666 0.5729166666666666 0.5572916666666666 0.5638020833333334 0.5572916666666666 0.5572916666666666 0.5598958333333334 0.5559895833333334
3 0.41796875 0.5859375 0.4205729166666667 0.5859375 0.4231770833333333 0.58984375 0.4231770833333333 0.6015625 0.4205729166666667 0.6028645833333334 0.4166666666666667 0.5989583333333334 0.41796875 0.5872395833333334
3 0.4388020833333333 0.40625 0.44140625 0.4114583333333333 0.4401041666666667 0.4205729166666667 0.4361979166666667 0.4205729166666667 0.4322916666666667 0.4114583333333333 0.4322916666666667 0.4075520833333333 0.4348958333333333 0.4049479166666667 0.4375 0.40625
3 0.3658854166666667 0.3190104166666667 0.3697916666666667 0.3229166666666667 0.3684895833333333 0.3372395833333333 0.36328125 0.3372395833333333 0.359375 0.33203125 0.359375 0.32421875 0.3645833333333333 0.3203125
3 0.4010416666666667 0.7825520833333334 0.4049479166666667 0.7942708333333334 0.4036458333333333 0.7994791666666666 0.4010416666666667 0.7994791666666666 0.3958333333333333 0.79296875 0.3958333333333333 0.7864583333333334 0.3997395833333333 0.7825520833333334
3 0.6653645833333334 0.5755208333333334 0.6666666666666666 0.58984375 0.6627604166666666 0.5963541666666666 0.6588541666666666 0.5950520833333334 0.6549479166666666 0.5768229166666666 0.6640625 0.5755208333333334
3 0.5182291666666666 0.4622395833333333 0.5221354166666666 0.4622395833333333 0.5247395833333334 0.4674479166666667 0.5234375 0.4817708333333333 0.5208333333333334 0.4830729166666667 0.5182291666666666 0.4778645833333333 0.5182291666666666 0.4635416666666667
3 0.5013020833333334 0.62109375 0.5026041666666666 0.6302083333333334 0.5 0.6393229166666666 0.4947916666666667 0.6393229166666666 0.4921875 0.6354166666666666 0.4947916666666667 0.6236979166666666 0.5 0.62109375
3 0.4796875 0.44166666666666665 0.47421874999999997 0.43888888932291664 0.47031249999999997 0.4430555559895833 0.46953125 0.45555555598958336 0.4734375 0.46249999999999997 0.48203124999999997 0.4583333333333333 0.4796875 0.44166666666666665