1 0.2721354166666667 0.38671875 0.2760416666666667 0.3919270833333333 0.2747395833333333 0.4010416666666667 0.2721354166666667 0.4010416666666667 0.2708333333333333 0.3984375 0.26953125 0.3997395833333333 0.2682291666666667 0.3958333333333333 0.2721354166666667 0.3880208333333333
0 0 0.4166666666666667 0.037760416666666664 0.4166666666666667 0.0390625 0.4192708333333333 0.09635416666666667 0.4205729166666667 0.11067708333333333 0.42578125 0.12369791666666667 0.4375 0.13671875 0.4583333333333333 0.14713541666666666 0.4908854166666667 0.14973958333333334 0.5130208333333334 0.14713541666666666 0.5611979166666666 0.13802083333333334 0.5924479166666666 0.12760416666666666 0.6106770833333334 0.11067708333333333 0.6276041666666666 0.09505208333333333 0.6328125 0 0.62890625 0 0.6223958333333334 0.05859375 0.6236979166666666 0.09505208333333333 0.6276041666666666 0.09635416666666667 0.625 0.109375 0.62109375 0.125 0.60546875 0.13541666666666666 0.5872395833333334 0.14322916666666666 0.5651041666666666 0.14713541666666666 0.53125 0.14453125 0.49609375 0.13932291666666666 0.4752604166666667 0.12760416666666666 0.4505208333333333 0.11458333333333333 0.4348958333333333 0.09635416666666667 0.42578125 0.00390625 0.4231770833333333 0 0.421875 0 0.41796875
0 0.8411458333333334 0.4583333333333333 0.8580729166666666 0.44921875 0.95703125 0.4505208333333333 0.9778645833333334 0.453125 0.9778645833333334 0.4557291666666667 0.9739583333333334 0.45703125 0.9049479166666666 0.4557291666666667 0.8776041666666666 0.453125 0.8645833333333334 0.453125 0.8528645833333334 0.45703125 0.8346354166666666 0.47265625 0.8229166666666666 0.4921875 0.8216145833333334 0.5013020833333334 0.8151041666666666 0.5143229166666666 0.8111979166666666 0.55078125 0.8138020833333334 0.5859375 0.8190104166666666 0.60546875 0.8294270833333334 0.62890625 0.8463541666666666 0.6484375 0.8567708333333334 0.6536458333333334 0.8723958333333334 0.65625 0.9635416666666666 0.6588541666666666 0.9739583333333334 0.66015625 0.9739583333333334 0.6640625 0.859375 0.66015625 0.83984375 0.6497395833333334 0.82421875 0.62890625 0.8125 0.5963541666666666 0.80859375 0.5716145833333334 0.80859375 0.5455729166666666 0.8125 0.5130208333333334 0.8151041666666666 0.5091145833333334 0.81640625 0.4986979166666667 0.828125 0.4739583333333333 0.8411458333333334 0.4596354166666667
2 0.4778645833333333 0.5950520833333334 0.4778645833333333 0.59765625 0.4817708333333333 0.6002604166666666 0.4817708333333333 0.6158854166666666 0.4791666666666667 0.6276041666666666 0.48046875 0.6419270833333334 0.4765625 0.8736979166666666 0.4778645833333333 0.9244791666666666 0.4752604166666667 0.9283854166666666 0.4765625 0.9466145833333334 0.4752604166666667 0.9518229166666666 0.47265625 0.9505208333333334 0.4778645833333333 0.5963541666666666
3 0.5755208333333334 0.5299479166666666 0.5794270833333334 0.5325520833333334 0.5794270833333334 0.54296875 0.5716145833333334 0.5494791666666666 0.5690104166666666 0.546875 0.5690104166666666 0.53125 0.57421875 0.5299479166666666
3 0.41796875 0.4817708333333333 0.4231770833333333 0.484375 0.42578125 0.4908854166666667 0.42578125 0.50390625 0.4231770833333333 0.5078125 0.41796875 0.5065104166666666 0.4140625 0.5013020833333334 0.4127604166666667 0.4947916666666667 0.4140625 0.4869791666666667 0.41796875 0.4830729166666667
3 0.484375 0.57421875 0.48828125 0.58203125 0.484375 0.5911458333333334 0.48046875 0.5911458333333334 0.4791666666666667 0.5885416666666666 0.4791666666666667 0.57421875 0.4830729166666667 0.57421875
3 0.42578125 0.20833333333333334 0.4309895833333333 0.20833333333333334 0.4309895833333333 0.21354166666666666 0.4348958333333333 0.22005208333333334 0.43359375 0.2265625 0.4283854166666667 0.2265625 0.42578125 0.22395833333333334 0.42578125 0.20963541666666666
3 0.21875 0.6184895833333334 0.23307291666666666 0.6171875 0.23177083333333334 0.6328125 0.22395833333333334 0.6328125 0.21875 0.6302083333333334 0.21875 0.6197916666666666
3 0.3658854166666667 0.55859375 0.37109375 0.5651041666666666 0.3736979166666667 0.5651041666666666 0.3736979166666667 0.5729166666666666 0.3697916666666667 0.5768229166666666 0.36328125 0.57421875 0.3619791666666667 0.5625 0.3645833333333333 0.5598958333333334
3 0.5013020833333334 0.25390625 0.50390625 0.265625 0.5013020833333334 0.2786458333333333 0.4947916666666667 0.2760416666666667 0.4973958333333333 0.2552083333333333 0.5 0.25390625
3 0.2721354166666667 0.3489583333333333 0.2747395833333333 0.3567708333333333 0.2747395833333333 0.3723958333333333 0.27734375 0.3841145833333333 0.2747395833333333 0.3971354166666667 0.2721354166666667 0.3971354166666667 0.2721354166666667 0.38671875 0.265625 0.3723958333333333 0.2643229166666667 0.3619791666666667 0.26171875 0.359375 0.26171875 0.3528645833333333 0.2708333333333333 0.3502604166666667
3 0.3841145833333333 0.40234375 0.3919270833333333 0.4140625 0.390625 0.4192708333333333 0.38671875 0.4205729166666667 0.3828125 0.41796875 0.3802083333333333 0.41015625 0.3828125 0.4036458333333333
3 0.4778645833333333 0.3815104166666667 0.4791666666666667 0.4010416666666667 0.4739583333333333 0.4036458333333333 0.46875 0.3932291666666667 0.47265625 0.3815104166666667 0.4765625 0.3815104166666667
3 0.390625 0.8319444440104166 0.38671875 0.8250000000000001 0.38437499999999997 0.8291666666666666 0.38359375 0.8333333333333334 0.37890625 0.8416666666666667 0.37890625 0.8444444440104166 0.3796875 0.8472222226562499 0.38125000000000003 0.8458333333333333 0.38437499999999997 0.8458333333333333 0.38671875 0.8486111106770834 0.38828124999999997 0.8486111106770834 0.390625 0.8458333333333333 0.390625 0.8319444440104166
3 0.44296874999999997 0.7638888893229167 0.44609375 0.7555555559895833 0.4421875 0.7388888893229167 0.43906249999999997 0.7305555559895834 0.43515624999999997 0.73472222265625 0.43359375 0.7444444440104167 0.43906249999999997 0.7638888893229167 0.44296874999999997 0.7638888893229167