1 0.5296875 0.5208333333333334 0.5328125 0.5208333333333334 0.53359375 0.5194444440104167 0.53359375 0.51527777734375 0.5328125 0.5138888893229167 0.5304687499999999 0.5138888893229167 0.5296875 0.51527777734375 0.5296875 0.5208333333333334
0 0.8697916666666666 0.6067708333333334 0.87109375 0.6106770833333334 0.8880208333333334 0.6276041666666666 0.8997395833333334 0.6315104166666666 0.9986979166666666 0.62890625 0.9986979166666666 0.6341145833333334 0.9361979166666666 0.63671875 0.8919270833333334 0.6354166666666666 0.8802083333333334 0.62890625 0.8684895833333334 0.6158854166666666 0.8567708333333334 0.5950520833333334 0.8489583333333334 0.5703125 0.8463541666666666 0.5442708333333334 0.8489583333333334 0.49609375 0.8567708333333334 0.4700520833333333 0.8671875 0.4505208333333333 0.8802083333333334 0.4348958333333333 0.8919270833333334 0.4283854166666667 0.9583333333333334 0.4244791666666667 0.9986979166666666 0.4244791666666667 0.9986979166666666 0.4322916666666667 0.9947916666666666 0.4296875 0.8997395833333334 0.4322916666666667 0.8880208333333334 0.4361979166666667 0.8763020833333334 0.4466145833333333 0.86328125 0.46484375 0.8515625 0.5 0.8502604166666666 0.5559895833333334 0.85546875 0.5794270833333334 0.8684895833333334 0.6067708333333334
0 0.14453125 0.4544270833333333 0.15364583333333334 0.4583333333333333 0.17447916666666666 0.4791666666666667 0.17447916666666666 0.4830729166666667 0.18229166666666666 0.4947916666666667 0.19010416666666666 0.5208333333333334 0.19270833333333334 0.5455729166666666 0.19270833333333334 0.5755208333333334 0.19140625 0.5911458333333334 0.18229166666666666 0.6223958333333334 0.16796875 0.6471354166666666 0.15625 0.6575520833333334 0.1484375 0.6614583333333334 0.12109375 0.6653645833333334 0.057291666666666664 0.6653645833333334 0.055989583333333336 0.66796875 0.028645833333333332 0.66796875 0.029947916666666668 0.6627604166666666 0.13541666666666666 0.6588541666666666 0.14713541666666666 0.65625 0.16015625 0.6471354166666666 0.17578125 0.6263020833333334 0.1875 0.59375 0.19140625 0.56640625 0.18880208333333334 0.53125 0.18489583333333334 0.5130208333333334 0.17317708333333334 0.4869791666666667 0.16536458333333334 0.4752604166666667 0.15104166666666666 0.4635416666666667 0.13671875 0.4596354166666667 0.02734375 0.4622395833333333 0.024739583333333332 0.4609375 0.024739583333333332 0.4583333333333333 0.033854166666666664 0.4557291666666667 0.0859375 0.4557291666666667 0.1171875 0.453125 0.14322916666666666 0.4544270833333333
2 0.5208333333333334 0.4791666666666667 0.5234375 0.81640625 0.5260416666666666 0.8658854166666666 0.5260416666666666 0.9518229166666666 0.5234375 0.9518229166666666 0.5234375 0.9283854166666666 0.5208333333333334 0.92578125 0.5208333333333334 0.7317708333333334 0.5169270833333334 0.50390625 0.5169270833333334 0.4895833333333333 0.5208333333333334 0.48046875
3 0.4375 0.5559895833333334 0.4388020833333333 0.5677083333333334 0.4361979166666667 0.5729166666666666 0.43359375 0.5729166666666666 0.4322916666666667 0.5703125 0.4322916666666667 0.55859375 0.4361979166666667 0.5559895833333334
3 0.4622395833333333 0.2643229166666667 0.46484375 0.265625 0.4635416666666667 0.2838541666666667 0.4583333333333333 0.2838541666666667 0.4557291666666667 0.2747395833333333 0.4583333333333333 0.265625 0.4609375 0.265625
3 0.49609375 0.6119791666666666 0.4986979166666667 0.6145833333333334 0.4986979166666667 0.6276041666666666 0.49609375 0.6315104166666666 0.4921875 0.6302083333333334 0.4908854166666667 0.6223958333333334 0.4908854166666667 0.6184895833333334 0.4947916666666667 0.61328125
3 0.4973958333333333 0.69921875 0.5 0.7005208333333334 0.5 0.7122395833333334 0.4973958333333333 0.71484375 0.4921875 0.7122395833333334 0.4921875 0.7044270833333334 0.49609375 0.7005208333333334
3 0.5729166666666666 0.55859375 0.5768229166666666 0.56640625 0.57421875 0.57421875 0.5703125 0.5768229166666666 0.5677083333333334 0.57421875 0.5677083333333334 0.5677083333333334 0.5716145833333334 0.5598958333333334
3 0.6315104166666666 0.3515625 0.6328125 0.3619791666666667 0.625 0.3684895833333333 0.6223958333333334 0.3671875 0.62109375 0.3606770833333333 0.6236979166666666 0.3541666666666667 0.6263020833333334 0.3515625 0.6302083333333334 0.3515625
3 0.5559895833333334 0.4088541666666667 0.5611979166666666 0.4088541666666667 0.5651041666666666 0.4127604166666667 0.5651041666666666 0.41796875 0.5611979166666666 0.4244791666666667 0.55859375 0.4244791666666667 0.5546875 0.4205729166666667 0.5559895833333334 0.41015625
3 0.5885416666666666 0.7578125 0.5924479166666666 0.7643229166666666 0.5924479166666666 0.76953125 0.5872395833333334 0.77734375 0.5833333333333334 0.7747395833333334 0.5833333333333334 0.7630208333333334 0.5872395833333334 0.7578125
3 0.5364583333333334 0.26171875 0.5338541666666666 0.25390625 0.5377604166666666 0.23958333333333334 0.5455729166666666 0.24088541666666666 0.5416666666666666 0.2591145833333333 0.5390625 0.2630208333333333 0.5377604166666666 0.26171875
3 0.3444010416666667 0.5501302083333334 0.01171875 0.027994791666666668
3 0.4947916666666667 0.4895833333333333 0.4973958333333333 0.4934895833333333 0.4947916666666667 0.5104166666666666 0.4895833333333333 0.5104166666666666 0.48828125 0.5065104166666666 0.48828125 0.4934895833333333 0.4934895833333333 0.4895833333333333
3 0.51796875 0.44027777734375 0.5148437499999999 0.44444444401041666 0.5140625 0.44722222265624995 0.51328125 0.4513888893229167 0.51328125 0.4583333333333333 0.5140625 0.4611111106770833 0.51796875 0.46388888932291666 0.5203125000000001 0.46388888932291666 0.5242187500000001 0.4611111106770833 0.52734375 0.45416666666666666 0.5265624999999999 0.44861111067708337 0.52578125 0.4458333333333333 0.5226562499999999 0.44027777734375 0.51796875 0.44027777734375