1 0.5476562500000001 0.61527777734375 0.546359375 0.6134444440104166 0.5437500000000001 0.6138888893229166 0.54296875 0.6180555559895834 0.5444218749999999 0.62088472265625 0.547671875 0.6205513893229166 0.5476562500000001 0.61527777734375
0 0 0.4309895833333333 0.07552083333333333 0.4322916666666667 0.09505208333333333 0.43359375 0.10677083333333333 0.4375 0.12630208333333334 0.4557291666666667 0.12760416666666666 0.4609375 0.13020833333333334 0.4622395833333333 0.13802083333333334 0.4765625 0.14322916666666666 0.5013020833333334 0.14583333333333334 0.5052083333333334 0.1484375 0.5338541666666666 0.14713541666666666 0.5677083333333334 0.14192708333333334 0.5911458333333334 0.13671875 0.60546875 0.12369791666666667 0.6276041666666666 0.11197916666666667 0.6380208333333334 0.09765625 0.64453125 0 0.6419270833333334 0 0.63671875 0.09635416666666667 0.6393229166666666 0.10546875 0.6354166666666666 0.1171875 0.6263020833333334 0.1171875 0.6236979166666666 0.13151041666666666 0.60546875 0.13671875 0.5885416666666666 0.13932291666666666 0.5859375 0.14453125 0.5572916666666666 0.14453125 0.51953125 0.13932291666666666 0.4934895833333333 0.12890625 0.46875 0.11458333333333333 0.4505208333333333 0.09765625 0.44140625 0.009114583333333334 0.4388020833333333 0.0078125 0.4361979166666667 0 0.4361979166666667 0 0.4322916666666667
0 0.8606770833333334 0.4583333333333333 0.875 0.4583333333333333 0.8763020833333334 0.4609375 0.8828125 0.4609375 0.8841145833333334 0.4583333333333333 0.8854166666666666 0.4609375 0.96875 0.4622395833333333 0.9739583333333334 0.46484375 0.9713541666666666 0.4674479166666667 0.8580729166666666 0.46484375 0.84765625 0.46875 0.8346354166666666 0.4791666666666667 0.8229166666666666 0.4947916666666667 0.8151041666666666 0.5130208333333334 0.8072916666666666 0.5481770833333334 0.8072916666666666 0.5807291666666666 0.8190104166666666 0.6276041666666666 0.8346354166666666 0.6510416666666666 0.83984375 0.65625 0.85546875 0.6640625 0.9322916666666666 0.6666666666666666 0.93359375 0.6692708333333334 0.9544270833333334 0.6692708333333334 0.9713541666666666 0.671875 0.9700520833333334 0.6744791666666666 0.88671875 0.6731770833333334 0.8619791666666666 0.671875 0.8515625 0.6692708333333334 0.8385416666666666 0.6614583333333334 0.828125 0.6510416666666666 0.8125 0.62109375 0.8046875 0.5807291666666666 0.8046875 0.55078125 0.8072916666666666 0.5299479166666666 0.81640625 0.4986979166666667 0.83203125 0.4739583333333333 0.84375 0.46484375 0.8606770833333334 0.4596354166666667
2 0.4765625 0.41796875 0.4752604166666667 0.4036458333333333 0.4778645833333333 0.40234375 0.4765625 0.42578125 0.4791666666666667 0.4348958333333333 0.4765625 0.61328125 0.4778645833333333 0.6471354166666666 0.4752604166666667 0.7174479166666666 0.4752604166666667 0.8255208333333334 0.4739583333333333 0.8372395833333334 0.4713541666666667 0.8307291666666666 0.4765625 0.4192708333333333
3 0.6223958333333334 0.2682291666666667 0.6276041666666666 0.25 0.6302083333333334 0.24869791666666666 0.6341145833333334 0.25390625 0.6354166666666666 0.26171875 0.6302083333333334 0.2747395833333333 0.6236979166666666 0.26953125
3 0.63671875 0.5299479166666666 0.640625 0.52734375 0.6432291666666666 0.5286458333333334 0.6419270833333334 0.5455729166666666 0.6354166666666666 0.5455729166666666 0.6341145833333334 0.5377604166666666 0.63671875 0.53125
3 0.4908854166666667 0.3059895833333333 0.4973958333333333 0.3125 0.4947916666666667 0.32421875 0.4921875 0.3255208333333333 0.48828125 0.3190104166666667 0.4895833333333333 0.3072916666666667
3 0.4505208333333333 0.24088541666666666 0.4544270833333333 0.25 0.4544270833333333 0.2604166666666667 0.4518229166666667 0.2630208333333333 0.44921875 0.2630208333333333 0.4453125 0.25390625 0.4453125 0.24348958333333334 0.44921875 0.24088541666666666
3 0.5716145833333334 0.6223958333333334 0.5755208333333334 0.625 0.5768229166666666 0.62890625 0.5755208333333334 0.6419270833333334 0.5703125 0.6419270833333334 0.5677083333333334 0.63671875 0.5677083333333334 0.62890625 0.5703125 0.6236979166666666
3 0.4375 0.5325520833333334 0.4401041666666667 0.5481770833333334 0.4388020833333333 0.5520833333333334 0.4309895833333333 0.5455729166666666 0.43359375 0.5338541666666666 0.4361979166666667 0.5325520833333334
3 0.4635416666666667 0.4466145833333333 0.4661458333333333 0.4466145833333333 0.4700520833333333 0.453125 0.4700520833333333 0.46875 0.4674479166666667 0.4700520833333333 0.4635416666666667 0.4674479166666667 0.4609375 0.46484375 0.4609375 0.4544270833333333 0.4635416666666667 0.4479166666666667
3 0.5260416666666666 0.69140625 0.5286458333333334 0.6953125 0.52734375 0.7122395833333334 0.5221354166666666 0.7135416666666666 0.51953125 0.7057291666666666 0.51953125 0.6979166666666666 0.5260416666666666 0.6927083333333334
3 0.4830729166666667 0.3854166666666667 0.4869791666666667 0.3880208333333333 0.4895833333333333 0.3984375 0.4895833333333333 0.4049479166666667 0.4869791666666667 0.4088541666666667 0.48046875 0.4088541666666667 0.4765625 0.40234375 0.4765625 0.3919270833333333 0.4817708333333333 0.3854166666666667
3 0.7526041666666666 0.5390625 0.7565104166666666 0.5416666666666666 0.7630208333333334 0.5520833333333334 0.76171875 0.5598958333333334 0.7526041666666666 0.5598958333333334 0.7526041666666666 0.5403645833333334
3 0.39453125 0.3385416666666667 0.4010416666666667 0.34375 0.3997395833333333 0.3580729166666667 0.39453125 0.3580729166666667 0.390625 0.3502604166666667 0.390625 0.3411458333333333 0.3932291666666667 0.33984375
3 0.4661458333333333 0.8333333333333334 0.46875 0.8359375 0.4739583333333333 0.8359375 0.4752604166666667 0.83984375 0.4752604166666667 0.859375 0.4739583333333333 0.8645833333333334 0.4700520833333333 0.8645833333333334 0.4674479166666667 0.8515625 0.4635416666666667 0.8450520833333334 0.4661458333333333 0.8346354166666666