1 0.5140625 0.5625 0.5125000000000001 0.5694444440104166 0.515625 0.5680555559895833 0.5140625 0.5625
0 0.9986979166666666 0.4283854166666667 0.9986979166666666 0.43359375 0.98828125 0.4348958333333333 0.98046875 0.43359375 0.90234375 0.4361979166666667 0.9010416666666666 0.4388020833333333 0.88671875 0.4440104166666667 0.8776041666666666 0.4518229166666667 0.8619791666666666 0.4778645833333333 0.85546875 0.4986979166666667 0.8515625 0.5247395833333334 0.8515625 0.5494791666666666 0.8541666666666666 0.5559895833333334 0.85546875 0.5729166666666666 0.8671875 0.60546875 0.8841145833333334 0.6276041666666666 0.8997395833333334 0.6354166666666666 0.9986979166666666 0.6328125 0.9986979166666666 0.6380208333333334 0.9440104166666666 0.640625 0.8997395833333334 0.640625 0.8880208333333334 0.63671875 0.8802083333333334 0.6315104166666666 0.8684895833333334 0.6158854166666666 0.8567708333333334 0.5924479166666666 0.8489583333333334 0.5546875 0.8489583333333334 0.5182291666666666 0.8528645833333334 0.4947916666666667 0.8606770833333334 0.4713541666666667 0.8684895833333334 0.4557291666666667 0.88671875 0.4361979166666667 0.8919270833333334 0.43359375 0.8997395833333334 0.4309895833333333 0.92578125 0.4296875 0.9973958333333334 0.4283854166666667
0 0.14713541666666666 0.4557291666666667 0.16666666666666666 0.46875 0.17447916666666666 0.4778645833333333 0.18229166666666666 0.4921875 0.19140625 0.5182291666666666 0.1953125 0.546875 0.1953125 0.5768229166666666 0.18619791666666666 0.6197916666666666 0.17838541666666666 0.63671875 0.16666666666666666 0.65234375 0.15104166666666666 0.6627604166666666 0.13932291666666666 0.6653645833333334 0.09895833333333333 0.6653645833333334 0.09765625 0.66796875 0.07291666666666667 0.6692708333333334 0.03125 0.6692708333333334 0.03125 0.6640625 0.140625 0.66015625 0.15104166666666666 0.6575520833333334 0.1640625 0.6471354166666666 0.17578125 0.6315104166666666 0.18880208333333334 0.5989583333333334 0.19270833333333334 0.5690104166666666 0.19140625 0.5338541666666666 0.1796875 0.49609375 0.16927083333333334 0.4791666666666667 0.15234375 0.46484375 0.140625 0.4609375 0.028645833333333332 0.4635416666666667 0.02734375 0.4583333333333333 0.06510416666666667 0.4557291666666667 0.14583333333333334 0.4557291666666667
2 0.5208333333333334 0.4791666666666667 0.5234375 0.4908854166666667 0.5234375 0.63671875 0.52734375 0.8190104166666666 0.52734375 0.9544270833333334 0.5247395833333334 0.9557291666666666 0.5234375 0.94140625 0.5247395833333334 0.9010416666666666 0.51953125 0.5572916666666666 0.5208333333333334 0.48046875
3 0.5768229166666666 0.7916666666666666 0.578125 0.796875 0.5846354166666666 0.8046875 0.5833333333333334 0.8177083333333334 0.5807291666666666 0.8203125 0.5768229166666666 0.8190104166666666 0.5768229166666666 0.79296875
3 0.4479166666666667 0.23697916666666666 0.4557291666666667 0.2565104166666667 0.44921875 0.26171875 0.4453125 0.2604166666666667 0.4440104166666667 0.24479166666666666 0.4466145833333333 0.23828125
3 0.5546875 0.375 0.5572916666666666 0.375 0.5598958333333334 0.3802083333333333 0.5559895833333334 0.3919270833333333 0.5533854166666666 0.3919270833333333 0.55078125 0.3841145833333333 0.5546875 0.3763020833333333
3 0.4270833333333333 0.5677083333333334 0.4231770833333333 0.5638020833333334 0.4231770833333333 0.55078125 0.4283854166666667 0.5494791666666666 0.4322916666666667 0.5546875 0.4322916666666667 0.5598958333333334 0.4283854166666667 0.56640625
3 0.5677083333333334 0.5833333333333334 0.5716145833333334 0.5833333333333334 0.57421875 0.5885416666666666 0.5729166666666666 0.6002604166666666 0.5690104166666666 0.6015625 0.5638020833333334 0.5963541666666666 0.5638020833333334 0.5885416666666666 0.5677083333333334 0.5846354166666666
3 0.6106770833333334 0.3307291666666667 0.6158854166666666 0.3333333333333333 0.6171875 0.3385416666666667 0.6158854166666666 0.3450520833333333 0.6106770833333334 0.34765625 0.6106770833333334 0.33203125
3 0.5390625 0.2421875 0.546875 0.24479166666666666 0.5416666666666666 0.265625 0.5390625 0.2669270833333333 0.53515625 0.2565104166666667 0.5377604166666666 0.24348958333333334
3 0.30078125 0.5911458333333334 0.3020833333333333 0.59375 0.3072916666666667 0.5950520833333334 0.3046875 0.609375 0.30078125 0.61328125 0.2981770833333333 0.61328125 0.2942708333333333 0.6015625 0.296875 0.5924479166666666 0.2994791666666667 0.5911458333333334
3 0.458984375 0.455078125 0.013020833333333334 0.020833333333333332
3 0.5 0.625 0.50390625 0.625 0.5026041666666666 0.6432291666666666 0.5 0.6471354166666666 0.49609375 0.6432291666666666 0.4947916666666667 0.6380208333333334 0.4947916666666667 0.6341145833333334 0.5 0.62890625 0.5 0.6263020833333334
3 0.5234375 0.44166666666666665 0.5187499999999999 0.44444444401041666 0.5171875 0.45 0.5171875 0.4569444440104167 0.5164062500000001 0.45972222265625 0.51796875 0.46249999999999997 0.5203125000000001 0.46388888932291666 0.5265624999999999 0.46388888932291666 0.5296875 0.4583333333333333 0.5296875 0.45 0.5281250000000001 0.44722222265624995 0.5281250000000001 0.4458333333333333 0.5265624999999999 0.4430555559895833 0.5242187500000001 0.4430555559895833 0.5234375 0.44166666666666665
3 0.49374999999999997 0.7486111106770833 0.49453125000000003 0.7319444440104167 0.48515625 0.74027777734375 0.48828125 0.7583333333333333 0.49374999999999997 0.7486111106770833