1 0.42343749999999997 0.69027777734375 0.42421875000000003 0.6875 0.42265625 0.6833333333333332 0.42109375 0.6833333333333332 0.42031250000000003 0.68472222265625 0.42031250000000003 0.69027777734375 0.421875 0.6916666666666668 0.42343749999999997 0.69027777734375
0 0 0.4114583333333333 0.08723958333333333 0.4140625 0.09505208333333333 0.4166666666666667 0.11067708333333333 0.4283854166666667 0.12630208333333334 0.4518229166666667 0.13411458333333334 0.47265625 0.13932291666666666 0.5026041666666666 0.13932291666666666 0.5442708333333334 0.13411458333333334 0.5716145833333334 0.13020833333333334 0.5846354166666666 0.12239583333333333 0.5989583333333334 0.11067708333333333 0.6145833333333334 0.09114583333333333 0.6276041666666666 0 0.6263020833333334 0 0.6197916666666666 0.08723958333333333 0.6223958333333334 0.09895833333333333 0.6171875 0.11197916666666667 0.60546875 0.125 0.5846354166666666 0.13541666666666666 0.55078125 0.13671875 0.5364583333333334 0.13541666666666666 0.4908854166666667 0.125 0.45703125 0.11067708333333333 0.4348958333333333 0.09505208333333333 0.4231770833333333 0.08463541666666667 0.4205729166666667 0 0.41796875 0 0.4127604166666667
0 0.8958333333333334 0.4453125 0.9661458333333334 0.4479166666666667 0.96875 0.44921875 0.96875 0.4518229166666667 0.9401041666666666 0.453125 0.8515625 0.4505208333333333 0.8411458333333334 0.4557291666666667 0.8229166666666666 0.4739583333333333 0.8216145833333334 0.48046875 0.8111979166666666 0.4986979166666667 0.8072916666666666 0.5130208333333334 0.8033854166666666 0.5390625 0.8033854166666666 0.5611979166666666 0.8072916666666666 0.58984375 0.8138020833333334 0.609375 0.8255208333333334 0.6302083333333334 0.83203125 0.6380208333333334 0.8515625 0.6510416666666666 0.9505208333333334 0.6549479166666666 0.96484375 0.65625 0.9661458333333334 0.6588541666666666 0.9635416666666666 0.66015625 0.8619791666666666 0.6575520833333334 0.84765625 0.6549479166666666 0.8359375 0.6484375 0.82421875 0.63671875 0.80859375 0.6067708333333334 0.80078125 0.5677083333333334 0.80078125 0.5442708333333334 0.8046875 0.5091145833333334 0.81640625 0.4765625 0.8307291666666666 0.4596354166666667 0.8307291666666666 0.45703125 0.84375 0.4479166666666667 0.8515625 0.4453125 0.89453125 0.4453125
2 0.4739583333333333 0.2734375 0.4739583333333333 0.6197916666666666 0.4713541666666667 0.6223958333333334 0.46875 0.86328125 0.4700520833333333 0.8880208333333334 0.4674479166666667 0.9479166666666666 0.46484375 0.9466145833333334 0.4674479166666667 0.86328125 0.46875 0.5872395833333334 0.4713541666666667 0.5559895833333334 0.4713541666666667 0.296875 0.4739583333333333 0.2747395833333333
3 0.24739583333333334 0.4674479166666667 0.24869791666666666 0.48046875 0.24479166666666666 0.4830729166666667 0.23958333333333334 0.4778645833333333 0.23307291666666666 0.4765625 0.23307291666666666 0.47265625 0.234375 0.46875 0.23828125 0.4661458333333333 0.24609375 0.4674479166666667
3 0.6080729166666666 0.5234375 0.6145833333333334 0.5247395833333334 0.6171875 0.5325520833333334 0.6171875 0.5377604166666666 0.6119791666666666 0.54296875 0.6080729166666666 0.5390625 0.60546875 0.5299479166666666 0.6080729166666666 0.5247395833333334
3 0.5572916666666666 0.3046875 0.5638020833333334 0.30859375 0.5638020833333334 0.3203125 0.5611979166666666 0.3255208333333333 0.5559895833333334 0.3255208333333333 0.5546875 0.3203125 0.5572916666666666 0.3151041666666667 0.5572916666666666 0.3059895833333333
3 0.5325520833333334 0.6575520833333334 0.5416666666666666 0.6627604166666666 0.54296875 0.67578125 0.5390625 0.6848958333333334 0.53515625 0.68359375 0.5338541666666666 0.671875 0.5286458333333334 0.66015625 0.53125 0.6575520833333334
3 0.296875 0.8294270833333334 0.3033854166666667 0.828125 0.30859375 0.8359375 0.3059895833333333 0.8463541666666666 0.296875 0.8463541666666666 0.296875 0.8307291666666666
3 0.48046875 0.8424479166666666 0.484375 0.8424479166666666 0.4895833333333333 0.8541666666666666 0.4895833333333333 0.86328125 0.4869791666666667 0.8658854166666666 0.484375 0.8645833333333334 0.48046875 0.859375 0.4817708333333333 0.84375
3 0.27734375 0.3971354166666667 0.2760416666666667 0.3893229166666667 0.2734375 0.38671875 0.2734375 0.3815104166666667 0.2760416666666667 0.37890625 0.2786458333333333 0.3802083333333333 0.2838541666666667 0.390625 0.2838541666666667 0.3971354166666667 0.2786458333333333 0.3971354166666667
3 0.4752604166666667 0.2421875 0.4791666666666667 0.24869791666666666 0.4791666666666667 0.2591145833333333 0.4739583333333333 0.2721354166666667 0.4713541666666667 0.2721354166666667 0.4674479166666667 0.2643229166666667 0.4674479166666667 0.24739583333333334 0.4739583333333333 0.2421875
3 0.4231770833333333 0.6341145833333334 0.4231770833333333 0.65625 0.41796875 0.6614583333333334 0.4140625 0.6536458333333334 0.4140625 0.6432291666666666 0.41796875 0.6354166666666666 0.421875 0.6341145833333334
3 0.22916666666666666 0.203125 0.23307291666666666 0.203125 0.23567708333333334 0.20572916666666666 0.24088541666666666 0.22005208333333334 0.24088541666666666 0.2265625 0.234375 0.23046875 0.2265625 0.21354166666666666 0.2265625 0.20833333333333334 0.22916666666666666 0.20442708333333334
3 0.06380208333333333 0.5078125 0.06640625 0.51171875 0.07291666666666667 0.51171875 0.07291666666666667 0.5260416666666666 0.061197916666666664 0.5260416666666666 0.05859375 0.5234375 0.057291666666666664 0.5143229166666666 0.05859375 0.5104166666666666 0.0625 0.5078125
3 0.7825520833333334 0.53515625 0.7877604166666666 0.5403645833333334 0.7877604166666666 0.5533854166666666 0.78125 0.5572916666666666 0.7721354166666666 0.5494791666666666 0.7721354166666666 0.546875 0.78125 0.5364583333333334