0 0.9986979166666666 0.41015625 0.9986979166666666 0.41796875 0.91796875 0.4192708333333333 0.91015625 0.421875 0.9010416666666666 0.4270833333333333 0.890625 0.4375 0.87890625 0.45703125 0.87109375 0.4778645833333333 0.8671875 0.5026041666666666 0.8671875 0.54296875 0.87109375 0.5638020833333334 0.87890625 0.5846354166666666 0.8919270833333334 0.60546875 0.9010416666666666 0.61328125 0.8997395833333334 0.6184895833333334 0.8919270833333334 0.61328125 0.8802083333333334 0.5963541666666666 0.8684895833333334 0.5690104166666666 0.8684895833333334 0.5611979166666666 0.8645833333333334 0.5494791666666666 0.8645833333333334 0.4947916666666667 0.8684895833333334 0.4752604166666667 0.8763020833333334 0.453125 0.8919270833333334 0.4283854166666667 0.90625 0.4166666666666667 0.9127604166666666 0.4140625 0.9973958333333334 0.41015625
0 0.12630208333333334 0.4453125 0.15234375 0.4466145833333333 0.16666666666666666 0.4544270833333333 0.17838541666666666 0.4674479166666667 0.19401041666666666 0.5 0.19921875 0.5299479166666666 0.19791666666666666 0.5872395833333334 0.18619791666666666 0.6223958333333334 0.18229166666666666 0.6302083333333334 0.16796875 0.6471354166666666 0.14713541666666666 0.6575520833333334 0.03515625 0.6614583333333334 0.03515625 0.6575520833333334 0.048177083333333336 0.65625 0.13151041666666666 0.6536458333333334 0.15234375 0.6510416666666666 0.1640625 0.6432291666666666 0.17578125 0.6315104166666666 0.18880208333333334 0.6067708333333334 0.19140625 0.5924479166666666 0.1953125 0.5846354166666666 0.19661458333333334 0.5716145833333334 0.1953125 0.5208333333333334 0.1875 0.4934895833333333 0.17578125 0.4713541666666667 0.16666666666666666 0.4622395833333333 0.1484375 0.4505208333333333 0.032552083333333336 0.453125 0.032552083333333336 0.44921875 0.046875 0.4479166666666667 0.125 0.4466145833333333
3 0.83203125 0.8190104166666666 0.8346354166666666 0.8190104166666666 0.84375 0.8359375 0.84375 0.8411458333333334 0.83984375 0.8411458333333334 0.8307291666666666 0.8346354166666666 0.8294270833333334 0.8255208333333334 0.83203125 0.8203125
3 0.5572916666666666 0.3346354166666667 0.008463541666666666 0.027994791666666668
3 0.6080729166666666 0.3151041666666667 0.6145833333333334 0.3216145833333333 0.6145833333333334 0.3307291666666667 0.609375 0.34765625 0.6041666666666666 0.3463541666666667 0.6015625 0.3424479166666667 0.6015625 0.3203125 0.6067708333333334 0.3151041666666667
3 0.80859375 0.41015625 0.81640625 0.4153645833333333 0.81640625 0.42578125 0.8098958333333334 0.4283854166666667 0.8059895833333334 0.4270833333333333 0.8046875 0.4205729166666667 0.8046875 0.4114583333333333 0.8072916666666666 0.41015625
3 0.9036458333333334 0.6119791666666666 0.91015625 0.62109375 0.91796875 0.6223958333333334 0.9205729166666666 0.6276041666666666 0.9205729166666666 0.63671875 0.9075520833333334 0.63671875 0.9036458333333334 0.62890625 0.9036458333333334 0.61328125
3 0.56640625 0.6575520833333334 0.5716145833333334 0.6614583333333334 0.5703125 0.6731770833333334 0.56640625 0.67578125 0.5598958333333334 0.66796875 0.5598958333333334 0.6614583333333334 0.5651041666666666 0.6588541666666666
3 0.5247395833333334 0.4921875 0.5299479166666666 0.4973958333333333 0.5299479166666666 0.5052083333333334 0.5260416666666666 0.5130208333333334 0.5208333333333334 0.5143229166666666 0.5169270833333334 0.5078125 0.5234375 0.4934895833333333
3 0.7669270833333334 0.21484375 0.7708333333333334 0.2109375 0.7747395833333334 0.2109375 0.7760416666666666 0.21354166666666666 0.7760416666666666 0.21875 0.7669270833333334 0.23046875 0.76171875 0.23046875 0.76171875 0.22265625 0.7669270833333334 0.21614583333333334
3 0.9557291666666666 0.5625 0.9596354166666666 0.5625 0.9622395833333334 0.5677083333333334 0.9674479166666666 0.5651041666666666 0.9739583333333334 0.5716145833333334 0.97265625 0.578125 0.9609375 0.578125 0.9544270833333334 0.57421875 0.9557291666666666 0.5638020833333334
3 0.6432291666666666 0.6575520833333334 0.6484375 0.6666666666666666 0.6471354166666666 0.6783854166666666 0.6432291666666666 0.6796875 0.6393229166666666 0.6731770833333334 0.6419270833333334 0.6588541666666666
3 0.23697916666666666 0.51953125 0.24088541666666666 0.5234375 0.24609375 0.5247395833333334 0.24348958333333334 0.5390625 0.23697916666666666 0.5403645833333334 0.23177083333333334 0.5325520833333334 0.23177083333333334 0.52734375 0.23567708333333334 0.5208333333333334
3 0.609375 0.8125 0.6145833333333334 0.8125 0.6184895833333334 0.8216145833333334 0.6184895833333334 0.828125 0.609375 0.8372395833333334 0.6067708333333334 0.8307291666666666 0.6067708333333334 0.81640625 0.609375 0.8138020833333334
2 0.53125 0.5169270833333334 0.5364583333333334 0.8723958333333334 0.53515625 0.890625 0.5377604166666666 0.9205729166666666 0.5364583333333334 0.94921875 0.53515625 0.9505208333333334 0.5338541666666666 0.9453125 0.5325520833333334 0.92578125 0.53125 0.6653645833333334 0.5286458333333334 0.6302083333333334 0.52734375 0.5299479166666666 0.52734375 0.51953125 0.5299479166666666 0.5182291666666666