1 0.12133203125000001 0.5974875000000001 0.122646875 0.5982263893229166 0.12437734375 0.5978569440104167 0.1252078125 0.5936763893229167 0.12472265625000001 0.58912777734375 0.12209296874999999 0.5892499999999999 0.120778125 0.5898652773437499 0.12008671875 0.5936763893229167 0.12133203125000001 0.5974875000000001
0 0 0.41015625 0.06510416666666667 0.4114583333333333 0.08333333333333333 0.4127604166666667 0.09505208333333333 0.4166666666666667 0.11197916666666667 0.4322916666666667 0.12239583333333333 0.44921875 0.12760416666666666 0.4661458333333333 0.13020833333333334 0.46875 0.13671875 0.5091145833333334 0.13541666666666666 0.546875 0.13151041666666666 0.5651041666666666 0.12890625 0.5677083333333334 0.12760416666666666 0.5625 0.1328125 0.54296875 0.13151041666666666 0.4895833333333333 0.12239583333333333 0.4583333333333333 0.109375 0.4361979166666667 0.09765625 0.42578125 0.08333333333333333 0.4192708333333333 0 0.4153645833333333 0 0.4114583333333333
0 0.9322916666666666 0.4466145833333333 0.9635416666666666 0.4479166666666667 0.9674479166666666 0.44921875 0.9661458333333334 0.453125 0.8502604166666666 0.4505208333333333 0.8372395833333334 0.45703125 0.8255208333333334 0.46875 0.8111979166666666 0.4947916666666667 0.8033854166666666 0.5247395833333334 0.8033854166666666 0.578125 0.8111979166666666 0.6080729166666666 0.8216145833333334 0.6276041666666666 0.8333333333333334 0.640625 0.84375 0.6484375 0.859375 0.65234375 0.9635416666666666 0.65625 0.9635416666666666 0.6614583333333334 0.8736979166666666 0.6588541666666666 0.8424479166666666 0.6536458333333334 0.83203125 0.6471354166666666 0.81640625 0.6276041666666666 0.80859375 0.6106770833333334 0.80078125 0.5807291666666666 0.7994791666666666 0.53515625 0.8033854166666666 0.5078125 0.81640625 0.4739583333333333 0.828125 0.4583333333333333 0.83984375 0.44921875 0.8502604166666666 0.4453125 0.9309895833333334 0.4466145833333333
2 0.4739583333333333 0.11979166666666667 0.4739583333333333 0.3177083333333333 0.4713541666666667 0.3229166666666667 0.47265625 0.3489583333333333 0.4700520833333333 0.5690104166666666 0.4713541666666667 0.6263020833333334 0.4674479166666667 0.7447916666666666 0.4661458333333333 0.9466145833333334 0.4635416666666667 0.94921875 0.4635416666666667 0.8216145833333334 0.4661458333333333 0.7239583333333334 0.46484375 0.67578125 0.4674479166666667 0.6653645833333334 0.46875 0.3190104166666667 0.4713541666666667 0.2981770833333333 0.47265625 0.12109375
3 0.17122395833333334 0.8118489583333334 0.018880208333333332 0.0234375
3 0.4596354166666667 0.3255208333333333 0.4583333333333333 0.3125 0.4609375 0.3072916666666667 0.4635416666666667 0.30859375 0.4674479166666667 0.3177083333333333 0.4661458333333333 0.3229166666666667 0.4609375 0.3255208333333333
3 0.44921875 0.6666666666666666 0.4557291666666667 0.6744791666666666 0.4557291666666667 0.6809895833333334 0.44921875 0.6888020833333334 0.4453125 0.6783854166666666 0.4453125 0.671875 0.44921875 0.66796875
3 0.5013020833333334 0.4895833333333333 0.5052083333333334 0.5078125 0.5052083333333334 0.5260416666666666 0.5013020833333334 0.5247395833333334 0.4986979166666667 0.5078125 0.4921875 0.4973958333333333 0.4921875 0.4947916666666667 0.5 0.4895833333333333
3 0.13151041666666666 0.5703125 0.14453125 0.57421875 0.14583333333333334 0.578125 0.14192708333333334 0.5872395833333334 0.13671875 0.5911458333333334 0.12760416666666666 0.5859375 0.125 0.5885416666666666 0.12369791666666667 0.59765625 0.11979166666666667 0.5963541666666666 0.11979166666666667 0.5768229166666666 0.125 0.5703125 0.13020833333333334 0.5703125
3 0.3736979166666667 0.6731770833333334 0.3776041666666667 0.6796875 0.3776041666666667 0.6901041666666666 0.3736979166666667 0.6953125 0.37109375 0.6953125 0.3684895833333333 0.6901041666666666 0.3723958333333333 0.6744791666666666
3 0.20833333333333334 0.421875 0.21223958333333334 0.42578125 0.21223958333333334 0.4309895833333333 0.20963541666666666 0.43359375 0.203125 0.43359375 0.19661458333333334 0.4270833333333333 0.20052083333333334 0.4192708333333333 0.20442708333333334 0.4192708333333333 0.20703125 0.421875
3 0.234375 0.234375 0.22526041666666666 0.21744791666666666 0.2265625 0.2109375 0.23046875 0.2109375 0.23567708333333334 0.21744791666666666 0.23958333333333334 0.22526041666666666 0.23958333333333334 0.23046875 0.234375 0.23567708333333334
3 0.7864583333333334 0.5247395833333334 0.7890625 0.5364583333333334 0.7864583333333334 0.54296875 0.7838541666666666 0.5442708333333334 0.78125 0.5442708333333334 0.7760416666666666 0.5390625 0.7721354166666666 0.5325520833333334 0.7721354166666666 0.52734375 0.7760416666666666 0.5286458333333334 0.7825520833333334 0.5234375 0.78515625 0.5247395833333334
3 0.045572916666666664 0.5390625 0.0546875 0.5416666666666666 0.055989583333333336 0.5442708333333334 0.0546875 0.5598958333333334 0.046875 0.5546875 0.040364583333333336 0.5533854166666666 0.0390625 0.546875 0.041666666666666664 0.5403645833333334 0.044270833333333336 0.5390625
3 0.40468750000000003 0.82777777734375 0.40078125000000003 0.82777777734375 0.40234375 0.8319444440104166 0.40234375 0.8402777773437501 0.403125 0.8444444440104166 0.40468750000000003 0.8472222226562499 0.40781249999999997 0.85 0.41171874999999997 0.8444444440104166 0.41171874999999997 0.8361111106770833 0.4109375 0.8333333333333334 0.40468750000000003 0.82777777734375
3 0.41640625000000003 0.3236111106770833 0.41640625000000003 0.31805555598958335 0.41484375 0.31111111067708336 0.41250000000000003 0.30694444401041665 0.40703125 0.30694444401041665 0.40390624999999997 0.30972222265625 0.40234375 0.3125 0.40234375 0.31805555598958335 0.40468750000000003 0.32777777734374997 0.40546875 0.32777777734374997 0.40703125 0.33055555598958336 0.41015625 0.33055555598958336 0.4109375 0.3319444440104167 0.41171874999999997 0.33055555598958336 0.4140625 0.33055555598958336 0.41640625000000003 0.3236111106770833