1 0.37656249999999997 0.15555555598958334 0.37734375000000003 0.15416666666666667 0.37656249999999997 0.14861111067708332 0.37421875 0.14861111067708332 0.37343750000000003 0.14722222265624998 0.37343750000000003 0.15555555598958334 0.37656249999999997 0.15555555598958334
0 0 0.4166666666666667 0.022135416666666668 0.4166666666666667 0.0234375 0.4192708333333333 0.08203125 0.4205729166666667 0.10286458333333333 0.4244791666666667 0.11848958333333333 0.4375 0.13020833333333334 0.4544270833333333 0.14192708333333334 0.4869791666666667 0.14322916666666666 0.5052083333333334 0.14583333333333334 0.5104166666666666 0.14583333333333334 0.5390625 0.14322916666666666 0.5403645833333334 0.14322916666666666 0.5143229166666666 0.13541666666666666 0.4765625 0.12369791666666667 0.4518229166666667 0.10546875 0.4322916666666667 0.09244791666666667 0.4270833333333333 0 0.4231770833333333 0 0.41796875
0 0.9466145833333334 0.453125 0.9817708333333334 0.4557291666666667 0.9830729166666666 0.4609375 0.98046875 0.4622395833333333 0.8828125 0.4596354166666667 0.8815104166666666 0.45703125 0.8645833333333334 0.45703125 0.86328125 0.4596354166666667 0.84765625 0.4674479166666667 0.8372395833333334 0.4778645833333333 0.8307291666666666 0.48828125 0.8190104166666666 0.5182291666666666 0.8177083333333334 0.53515625 0.8151041666666666 0.5390625 0.8151041666666666 0.5768229166666666 0.8177083333333334 0.5833333333333334 0.8190104166666666 0.5989583333333334 0.8216145833333334 0.6015625 0.8229166666666666 0.6119791666666666 0.8294270833333334 0.6276041666666666 0.84375 0.6471354166666666 0.8528645833333334 0.6549479166666666 0.8736979166666666 0.6614583333333334 0.9752604166666666 0.6640625 0.9791666666666666 0.6653645833333334 0.9778645833333334 0.6705729166666666 0.92578125 0.6692708333333334 0.9088541666666666 0.66796875 0.9075520833333334 0.6653645833333334 0.8671875 0.6653645833333334 0.8515625 0.66015625 0.8359375 0.6471354166666666 0.82421875 0.6276041666666666 0.81640625 0.6028645833333334 0.8151041666666666 0.5859375 0.8125 0.5807291666666666 0.8125 0.5390625 0.8151041666666666 0.5338541666666666 0.81640625 0.5143229166666666 0.83203125 0.4765625 0.84375 0.4635416666666667 0.85546875 0.4544270833333333 0.8671875 0.4518229166666667 0.9453125 0.453125
2 0.4778645833333333 0.515625 0.4817708333333333 0.5182291666666666 0.4817708333333333 0.6315104166666666 0.4791666666666667 0.6497395833333334 0.4778645833333333 0.74609375 0.4778645833333333 0.9401041666666666 0.4765625 0.9557291666666666 0.4739583333333333 0.9609375 0.47265625 0.875 0.4752604166666667 0.8424479166666666 0.4765625 0.6106770833333334 0.4791666666666667 0.5169270833333334
3 0.3977864583333333 0.5455729166666666 0.011067708333333334 0.01953125
3 0.59375 0.67578125 0.5989583333333334 0.67578125 0.6028645833333334 0.6822916666666666 0.6015625 0.6953125 0.59765625 0.6966145833333334 0.59375 0.6888020833333334 0.59375 0.6770833333333334
3 0.5260416666666666 0.1875 0.5299479166666666 0.19661458333333334 0.5286458333333334 0.21354166666666666 0.5234375 0.21354166666666666 0.5234375 0.19010416666666666 0.5260416666666666 0.18880208333333334
3 0.4283854166666667 0.7395833333333334 0.4348958333333333 0.75 0.4348958333333333 0.7578125 0.4322916666666667 0.7604166666666666 0.42578125 0.7591145833333334 0.4270833333333333 0.7408854166666666
3 0.4557291666666667 0.3919270833333333 0.4596354166666667 0.4010416666666667 0.4596354166666667 0.4088541666666667 0.45703125 0.4127604166666667 0.453125 0.4127604166666667 0.44921875 0.4075520833333333 0.4518229166666667 0.3932291666666667 0.4544270833333333 0.3919270833333333
3 0.2526041666666667 0.7044270833333334 0.2604166666666667 0.7044270833333334 0.2669270833333333 0.7109375 0.2669270833333333 0.7174479166666666 0.2630208333333333 0.72265625 0.2591145833333333 0.71875 0.2526041666666667 0.71875 0.2526041666666667 0.7057291666666666
3 0.4921875 0.74609375 0.4973958333333333 0.7552083333333334 0.4973958333333333 0.7669270833333334 0.4908854166666667 0.7669270833333334 0.48828125 0.7643229166666666 0.4908854166666667 0.7473958333333334
3 0.4283854166666667 0.6015625 0.4309895833333333 0.6041666666666666 0.4296875 0.6171875 0.421875 0.6171875 0.421875 0.6080729166666666 0.4270833333333333 0.6015625
3 0.3704427083333333 0.15690104166666666 0.014322916666666666 0.030598958333333332
3 0.6009114583333334 0.3854166666666667 0.013020833333333334 0.018229166666666668
3 0.4869791666666667 0.4830729166666667 0.4908854166666667 0.4895833333333333 0.4908854166666667 0.4973958333333333 0.4856770833333333 0.5104166666666666 0.48046875 0.5104166666666666 0.4765625 0.4973958333333333 0.4765625 0.4921875 0.48046875 0.4856770833333333 0.4856770833333333 0.4830729166666667
3 0.13411458333333334 0.5390625 0.14713541666666666 0.5481770833333334 0.14583333333333334 0.5572916666666666 0.13020833333333334 0.5533854166666666 0.1328125 0.5403645833333334