1 0.8525640624999999 0.93926527734375 0.85165625 0.93232222265625 0.846840625 0.9331902773437499 0.84670078125 0.9376541666666666 0.8484453125 0.9414986106770833 0.85116796875 0.94125 0.8525640624999999 0.93926527734375
0 0 0.42578125 0.09114583333333333 0.4283854166666667 0.10677083333333333 0.4348958333333333 0.11979166666666667 0.44921875 0.13411458333333334 0.4752604166666667 0.14192708333333334 0.5091145833333334 0.14322916666666666 0.5286458333333334 0.14192708333333334 0.5611979166666666 0.13411458333333334 0.59375 0.12369791666666667 0.6145833333333334 0.10677083333333333 0.6341145833333334 0.09114583333333333 0.640625 0 0.6380208333333334 0 0.6328125 0.09114583333333333 0.6354166666666666 0.10286458333333333 0.6302083333333334 0.12369791666666667 0.60546875 0.13151041666666666 0.5885416666666666 0.13932291666666666 0.5572916666666666 0.13932291666666666 0.51171875 0.13671875 0.5078125 0.13541666666666666 0.4934895833333333 0.12109375 0.4583333333333333 0.10677083333333333 0.4427083333333333 0.09114583333333333 0.43359375 0 0.4309895833333333 0 0.4270833333333333
0 0.85546875 0.4583333333333333 0.8984375 0.4583333333333333 0.8997395833333334 0.4609375 0.9440104166666666 0.4609375 0.9674479166666666 0.4622395833333333 0.97265625 0.46484375 0.9713541666666666 0.4674479166666667 0.8541666666666666 0.46484375 0.8411458333333334 0.4713541666666667 0.8307291666666666 0.4817708333333333 0.8190104166666666 0.5 0.8177083333333334 0.5078125 0.8111979166666666 0.5208333333333334 0.8072916666666666 0.5403645833333334 0.8072916666666666 0.5885416666666666 0.8190104166666666 0.62890625 0.8216145833333334 0.6302083333333334 0.8307291666666666 0.6471354166666666 0.83984375 0.65625 0.8541666666666666 0.6640625 0.9192708333333334 0.6666666666666666 0.9205729166666666 0.6692708333333334 0.9700520833333334 0.671875 0.9674479166666666 0.6744791666666666 0.8958333333333334 0.671875 0.8828125 0.6731770833333334 0.8502604166666666 0.6692708333333334 0.828125 0.65234375 0.8125 0.6223958333333334 0.8046875 0.5885416666666666 0.8046875 0.5403645833333334 0.80859375 0.51953125 0.81640625 0.49609375 0.8268229166666666 0.4817708333333333 0.828125 0.4765625 0.8346354166666666 0.4700520833333333 0.84375 0.4635416666666667 0.85546875 0.4596354166666667
2 0.4778645833333333 0.13541666666666666 0.4778645833333333 0.4348958333333333 0.4752604166666667 0.5078125 0.4739583333333333 0.7890625 0.4713541666666667 0.8372395833333334 0.4700520833333333 0.9635416666666666 0.4674479166666667 0.9609375 0.4674479166666667 0.9075520833333334 0.4713541666666667 0.7552083333333334 0.4700520833333333 0.69921875 0.47265625 0.6731770833333334 0.4713541666666667 0.5859375 0.4765625 0.13671875
3 0.7395833333333334 0.78125 0.7434895833333334 0.7890625 0.7395833333333334 0.7994791666666666 0.7369791666666666 0.80078125 0.73046875 0.7955729166666666 0.73046875 0.7786458333333334 0.7356770833333334 0.77734375 0.73828125 0.78125
3 0.7447916666666666 0.546875 0.7473958333333334 0.5494791666666666 0.7473958333333334 0.5572916666666666 0.7408854166666666 0.5651041666666666 0.7356770833333334 0.5638020833333334 0.734375 0.5559895833333334 0.7369791666666666 0.5533854166666666 0.7369791666666666 0.5494791666666666 0.7395833333333334 0.546875 0.7434895833333334 0.546875
3 0.6953125 0.625 0.7005208333333334 0.625 0.703125 0.6302083333333334 0.7018229166666666 0.6380208333333334 0.6953125 0.6419270833333334 0.69140625 0.6380208333333334 0.69140625 0.6315104166666666 0.6953125 0.6263020833333334
3 0.4700520833333333 0.6588541666666666 0.4700520833333333 0.6783854166666666 0.46484375 0.67578125 0.4635416666666667 0.6640625 0.46484375 0.66015625 0.46875 0.6588541666666666
3 0.8541666666666666 0.48828125 0.8723958333333334 0.4908854166666667 0.8723958333333334 0.49609375 0.8684895833333334 0.5013020833333334 0.859375 0.50390625 0.85546875 0.5013020833333334 0.8541666666666666 0.4895833333333333
3 0.8893229166666666 0.8151041666666666 0.8919270833333334 0.81640625 0.8919270833333334 0.8203125 0.8984375 0.8294270833333334 0.8971354166666666 0.8359375 0.88671875 0.8346354166666666 0.8854166666666666 0.83203125 0.8828125 0.83203125 0.8815104166666666 0.8229166666666666 0.8893229166666666 0.81640625
3 0.3893229166666667 0.2786458333333333 0.3841145833333333 0.2643229166666667 0.3841145833333333 0.2565104166666667 0.38671875 0.25390625 0.3893229166666667 0.2552083333333333 0.3893229166666667 0.2591145833333333 0.39453125 0.2682291666666667 0.39453125 0.2760416666666667 0.390625 0.2786458333333333
3 0.9427083333333334 0.6302083333333334 0.9544270833333334 0.6302083333333334 0.9583333333333334 0.6328125 0.9635416666666666 0.6380208333333334 0.9635416666666666 0.6432291666666666 0.9609375 0.6471354166666666 0.9544270833333334 0.6471354166666666 0.953125 0.64453125 0.9453125 0.6419270833333334 0.9388020833333334 0.6328125 0.94140625 0.6315104166666666
3 0.61328125 0.4921875 0.6158854166666666 0.4947916666666667 0.6158854166666666 0.5104166666666666 0.6119791666666666 0.5169270833333334 0.60546875 0.515625 0.6041666666666666 0.51171875 0.6041666666666666 0.4947916666666667 0.609375 0.4908854166666667 0.6119791666666666 0.4921875
3 0.15494791666666666 0.4765625 0.16145833333333334 0.4791666666666667 0.16145833333333334 0.4921875 0.15104166666666666 0.4908854166666667 0.14713541666666666 0.48828125 0.1484375 0.4778645833333333 0.15364583333333334 0.4765625
3 0.57899375 0.8144874999999999 0.5792367187499999 0.8224847226562501 0.58106171875 0.8311277773437501 0.5847109375 0.8322083333333333 0.58726484375 0.8324250000000001 0.58726484375 0.8259416666666667 0.585196875 0.8181625 0.5828859375000001 0.8125430559895833 0.580453125 0.8095180559895834 0.57899375 0.8144874999999999
3 0.85888125 0.9526736106770833 0.857178125 0.95115972265625 0.8547453125 0.94813472265625 0.8526773437499999 0.94770277734375 0.8526773437499999 0.9531055559895832 0.85121796875 0.95375277734375 0.8484203125 0.9523388893229167 0.8513398437499999 0.95785972265625 0.85182578125 0.9654236106770834 0.85292109375 0.9678 0.85705625 0.9710416666666667 0.8619218750000001 0.97169027734375 0.86471953125 0.9662875 0.865084375 0.9595888893229166 0.8635031249999999 0.9531055559895832 0.8610703125 0.9509444440104167 0.85888125 0.9526736106770833