1 0.6859375 0.45972222265625 0.6859375 0.45555555598958336 0.68515625 0.45416666666666666 0.68203125 0.45416666666666666 0.68125 0.4583333333333333 0.68203125 0.4611111106770833 0.68515625 0.4611111106770833 0.6859375 0.45972222265625
0 0 0.4283854166666667 0.07682291666666667 0.4296875 0.08854166666666667 0.4309895833333333 0.10286458333333333 0.4375 0.11979166666666667 0.45703125 0.13020833333333334 0.4778645833333333 0.13671875 0.50390625 0.13932291666666666 0.53125 0.13802083333333334 0.5651041666666666 0.13020833333333334 0.59765625 0.11458333333333333 0.6263020833333334 0.10286458333333333 0.63671875 0.08854166666666667 0.6432291666666666 0 0.640625 0 0.6354166666666666 0.0859375 0.6380208333333334 0.09895833333333333 0.6328125 0.11197916666666667 0.6197916666666666 0.12109375 0.6067708333333334 0.12760416666666666 0.5924479166666666 0.13541666666666666 0.5611979166666666 0.13541666666666666 0.5143229166666666 0.13151041666666666 0.4947916666666667 0.11979166666666667 0.4661458333333333 0.10677083333333333 0.4479166666666667 0.08854166666666667 0.4388020833333333 0.08723958333333333 0.4361979166666667 0 0.43359375 0 0.4296875
0 0.8346354166666666 0.4674479166666667 0.8385416666666666 0.4674479166666667 0.8372395833333334 0.4739583333333333 0.8216145833333334 0.4908854166666667 0.8111979166666666 0.51171875 0.8033854166666666 0.546875 0.8033854166666666 0.5768229166666666 0.8072916666666666 0.6028645833333334 0.8190104166666666 0.6354166666666666 0.8359375 0.65625 0.8541666666666666 0.6653645833333334 0.9088541666666666 0.6666666666666666 0.91015625 0.6692708333333334 0.9427083333333334 0.6692708333333334 0.9661458333333334 0.671875 0.96484375 0.67578125 0.85546875 0.671875 0.8463541666666666 0.6692708333333334 0.8346354166666666 0.6614583333333334 0.8216145833333334 0.6471354166666666 0.8111979166666666 0.6276041666666666 0.8046875 0.6080729166666666 0.80078125 0.5794270833333334 0.80078125 0.5494791666666666 0.8046875 0.5247395833333334 0.8125 0.4986979166666667 0.82421875 0.4791666666666667 0.8346354166666666 0.46875
2 0.4739583333333333 0.13541666666666666 0.4765625 0.14192708333333334 0.4739583333333333 0.2916666666666667 0.4739583333333333 0.5755208333333334 0.4713541666666667 0.625 0.4739583333333333 0.640625 0.4713541666666667 0.6458333333333334 0.4700520833333333 0.8880208333333334 0.4674479166666667 0.9127604166666666 0.4674479166666667 0.96484375 0.46484375 0.96484375 0.4635416666666667 0.9348958333333334 0.4674479166666667 0.8424479166666666 0.4674479166666667 0.6328125 0.4713541666666667 0.5026041666666666 0.4700520833333333 0.45703125 0.47265625 0.13671875
3 0.7356770833333334 0.4544270833333333 0.7395833333333334 0.4609375 0.7395833333333334 0.4739583333333333 0.734375 0.4817708333333333 0.7291666666666666 0.48046875 0.7239583333333334 0.46875 0.73046875 0.45703125 0.734375 0.4544270833333333
3 0.7513020833333334 0.6223958333333334 0.7552083333333334 0.625 0.7565104166666666 0.62890625 0.7552083333333334 0.6419270833333334 0.74609375 0.640625 0.7408854166666666 0.6315104166666666 0.75 0.6236979166666666
3 0.9231770833333334 0.53125 0.92578125 0.5364583333333334 0.92578125 0.5455729166666666 0.921875 0.5520833333333334 0.9049479166666666 0.55078125 0.9088541666666666 0.5364583333333334 0.9140625 0.53515625 0.91796875 0.53125 0.921875 0.53125
3 0.8385416666666666 0.4583333333333333 0.8424479166666666 0.4622395833333333 0.8528645833333334 0.4635416666666667 0.8528645833333334 0.46875 0.8463541666666666 0.4765625 0.8463541666666666 0.4830729166666667 0.84375 0.4830729166666667 0.83984375 0.48046875 0.8385416666666666 0.4765625 0.8385416666666666 0.4596354166666667
3 0.18229166666666666 0.4817708333333333 0.18229166666666666 0.5013020833333334 0.17838541666666666 0.49609375 0.171875 0.49609375 0.16796875 0.48828125 0.171875 0.4817708333333333 0.17838541666666666 0.484375 0.18098958333333334 0.4830729166666667
3 0.7135416666666666 0.4778645833333333 0.7200520833333334 0.48828125 0.7135416666666666 0.5026041666666666 0.7096354166666666 0.5013020833333334 0.7096354166666666 0.49609375 0.7057291666666666 0.4908854166666667 0.7057291666666666 0.4869791666666667 0.7109375 0.484375 0.7122395833333334 0.4791666666666667
3 0.82421875 0.7252604166666666 0.8307291666666666 0.7291666666666666 0.8359375 0.7291666666666666 0.8385416666666666 0.734375 0.8385416666666666 0.7408854166666666 0.8333333333333334 0.74609375 0.828125 0.74609375 0.82421875 0.7265625
3 0.5403645833333334 0.4322916666666667 0.5455729166666666 0.4401041666666667 0.5455729166666666 0.45703125 0.5481770833333334 0.4674479166666667 0.546875 0.47265625 0.54296875 0.4713541666666667 0.5390625 0.4596354166666667 0.5390625 0.43359375
3 0.4153645833333333 0.2604166666666667 0.4127604166666667 0.2565104166666667 0.4127604166666667 0.23828125 0.4166666666666667 0.23828125 0.4192708333333333 0.24739583333333334 0.4192708333333333 0.2578125 0.4166666666666667 0.2591145833333333
3 0.6640625 0.5169270833333334 0.6614583333333334 0.49609375 0.6627604166666666 0.4934895833333333 0.6705729166666666 0.4947916666666667 0.671875 0.4973958333333333 0.6705729166666666 0.515625 0.6653645833333334 0.5169270833333334
3 0.676596875 0.73553472265625 0.67042578125 0.7444041666666666 0.67837265625 0.7655111106770834 0.68103671875 0.74910277734375 0.676596875 0.73553472265625
3 0.7387109375 0.9095833333333333 0.72348203125 0.9085819440104167 0.7314296875 0.9282 0.7367578125 0.9294625 0.7387109375 0.9095833333333333