3 0.25156249999999997 0.24722222265625002 0.24921875000000002 0.23472222265625 0.240625 0.225 0.23984375 0.23611111067708335 0.25156249999999997 0.24722222265625002
3 0.3984375 0.23611111067708335 0.39921875 0.23472222265625 0.390625 0.2236111106770833 0.38906250000000003 0.22638888932291668 0.38828124999999997 0.22916666666666666 0.38828124999999997 0.2333333333333333 0.38906250000000003 0.23472222265625 0.38906250000000003 0.23888888932291666 0.38984375 0.24166666666666667 0.39218749999999997 0.24583333333333335 0.3953125 0.24861111067708333 0.39687500000000003 0.24861111067708333 0.3984375 0.2430555559895833 0.3984375 0.23611111067708335
3 0.38984375 0.4236111106770833 0.38828124999999997 0.4319444440104167 0.39375 0.4430555559895833 0.40078125000000003 0.43611111067708336 0.39765625 0.41944444401041664 0.38984375 0.4236111106770833
3 0.41171874999999997 0.4861111106770833 0.41328125 0.47222222265625 0.40859375000000003 0.4708333333333334 0.40703125 0.4805555559895833 0.41171874999999997 0.4861111106770833
3 0.41640625000000003 0.5236111106770833 0.41796875 0.5041666666666667 0.41015625 0.5069444440104166 0.40781249999999997 0.5194444440104167 0.41640625000000003 0.5236111106770833
3 0.39765625 0.61527777734375 0.39687500000000003 0.6055555559895833 0.38984375 0.5944444440104167 0.3859375 0.6041666666666666 0.3828125 0.6013888893229167 0.3828125 0.6069444440104167 0.38984375 0.6166666666666667 0.39765625 0.61527777734375
3 0.35859375 0.6791666666666667 0.359375 0.6694444440104167 0.35000000000000003 0.6611111106770834 0.35078125 0.6763888893229167 0.35859375 0.6791666666666667
3 0.41328125 0.7236111106770834 0.41484375 0.74722222265625 0.42265625 0.7486111106770833 0.42734374999999997 0.7374999999999999 0.425 0.725 0.41328125 0.7236111106770834
3 0.39140625 0.80277777734375 0.38671875 0.7902777773437499 0.3828125 0.7944444440104167 0.38359375 0.8083333333333332 0.39140625 0.80277777734375
3 0.28671874999999997 0.8527777773437499 0.2859375 0.8375 0.2765625 0.8402777773437501 0.27890624999999997 0.8513888893229167 0.28671874999999997 0.8527777773437499
0 0 0.6263888893229167 0.0890625 0.6291666666666667 0.11484375000000001 0.6138888893229166 0.12968749999999998 0.5930555559895833 0.1421875 0.5499999999999999 0.14375000000000002 0.5111111106770834 0.14140624999999998 0.4916666666666667 0.13671875 0.48194444401041664 0.134375 0.4861111106770833 0.13671875 0.5055555559895833 0.13515625 0.5458333333333333 0.12812500000000002 0.5638888893229167 0.12812500000000002 0.5750000000000001 0.10234375 0.6111111106770833 0.047656250000000004 0.6055555559895833 0.046093749999999996 0.6111111106770833 0.03515625 0.6180555559895834 0 0.61527777734375 0 0.6263888893229167
0 0.096875 0.4236111106770833 0.1140625 0.43888888932291664 0.12578124999999998 0.4583333333333333 0.12812500000000002 0.45555555598958336 0.11328125 0.42777777734375005 0.09609374999999999 0.4166666666666667 0.0031249999999999997 0.41111111067708334 0 0.4166666666666667 0.096875 0.4236111106770833
3 0.13125 0.48194444401041664 0.13046875 0.46527777734375 0.11875000000000001 0.46527777734375 0.1171875 0.4791666666666667 0.13125 0.48194444401041664
0 0.83046875 0.64027777734375 0.8125 0.60972222265625 0.8046875 0.57777777734375 0.803125 0.5388888893229167 0.80859375 0.5083333333333333 0.8156249999999999 0.48888888932291663 0.8273437499999999 0.4694444440104167 0.8468749999999999 0.45416666666666666 0.9609375 0.4569444440104167 0.9679687499999999 0.45277777734375 0.8664062499999999 0.44722222265624995 0.8421875 0.4513888893229167 0.828125 0.46249999999999997 0.8140625 0.48333333333333334 0.8015625000000001 0.5291666666666667 0.7999999999999999 0.5708333333333333 0.8039062499999999 0.5944444440104167 0.8132812500000001 0.62222222265625 0.8312499999999999 0.64722222265625 0.84921875 0.6583333333333333 0.8546874999999999 0.65277777734375 0.85703125 0.65972222265625 0.9625 0.6611111106770834 0.8429687499999999 0.65 0.83046875 0.64027777734375
3 0.7609374999999999 0.5499999999999999 0.76015625 0.5583333333333333 0.7640625 0.5625 0.77578125 0.5541666666666667 0.771875 0.54722222265625 0.7609374999999999 0.5499999999999999
2 0.47031249999999997 0.8638888893229167 0.4734375 0.6375000000000001 0.47031249999999997 0.6263888893229167 0.46796875 0.6305555559895833 0.46484375 0.85972222265625 0.4640625 0.9416666666666668 0.46640624999999997 0.9458333333333333 0.47031249999999997 0.8638888893229167
2 0.46640624999999997 0.9194444440104167 0.47031249999999997 0.7166666666666667 0.46640624999999997 0.7680555559895833 0.46640624999999997 0.9194444440104167
2 0.47421874999999997 0.20833333333333334 0.4734375 0.2430555559895833 0.4765625 0.23888888932291666 0.47734375 0.2236111106770833 0.4765625 0.2041666666666667 0.47421874999999997 0.20833333333333334
2 0.47421874999999997 0.5569444440104167 0.47734375 0.125 0.47421874999999997 0.12638888932291667 0.4734375 0.14305555598958333 0.47031249999999997 0.44722222265624995 0.47031249999999997 0.6180555559895834 0.4734375 0.6055555559895833 0.47421874999999997 0.5569444440104167
2 0.4765625 0.19999999999999998 0.47734375 0.14583333333333334 0.47421874999999997 0.16805555598958333 0.47421874999999997 0.19861111067708334 0.4765625 0.19999999999999998
2 0.47421874999999997 0.5875 0.4734375 0.38611111067708337 0.47031249999999997 0.4861111106770833 0.47031249999999997 0.6180555559895834 0.47421874999999997 0.5875