1 0.63125 0.3986111106770833 0.6320312499999999 0.39999999999999997 0.63515625 0.40138888932291666 0.6359374999999999 0.39999999999999997 0.63671875 0.39722222265625 0.63671875 0.39305555598958336 0.6359374999999999 0.39166666666666666 0.634375 0.39027777734375 0.6320312499999999 0.39305555598958336 0.63125 0.3986111106770833
0 0.9036458333333334 0.4375 0.91796875 0.4348958333333333 0.9986979166666666 0.43359375 0.9986979166666666 0.4401041666666667 0.9114583333333334 0.4427083333333333 0.8997395833333334 0.4466145833333333 0.8919270833333334 0.4518229166666667 0.87890625 0.46875 0.8697916666666666 0.4869791666666667 0.86328125 0.5091145833333334 0.8606770833333334 0.5325520833333334 0.8619791666666666 0.5690104166666666 0.8671875 0.58984375 0.875 0.609375 0.8919270833333334 0.6328125 0.9075520833333334 0.6419270833333334 0.92578125 0.6432291666666666 0.9544270833333334 0.640625 0.9986979166666666 0.640625 0.9986979166666666 0.6471354166666666 0.93359375 0.6497395833333334 0.90625 0.6484375 0.90234375 0.64453125 0.89453125 0.6419270833333334 0.8841145833333334 0.6328125 0.8684895833333334 0.6080729166666666 0.859375 0.57421875 0.859375 0.5598958333333334 0.8567708333333334 0.5481770833333334 0.8619791666666666 0.4986979166666667 0.8684895833333334 0.4778645833333333 0.8763020833333334 0.4635416666666667 0.87890625 0.4622395833333333 0.8802083333333334 0.45703125 0.8919270833333334 0.4453125 0.9036458333333334 0.4388020833333333
0 0.15885416666666666 0.46875 0.17057291666666666 0.4765625 0.18619791666666666 0.5026041666666666 0.19401041666666666 0.5247395833333334 0.19791666666666666 0.5481770833333334 0.19791666666666666 0.59375 0.19010416666666666 0.6276041666666666 0.18098958333333334 0.6471354166666666 0.16276041666666666 0.66796875 0.14322916666666666 0.67578125 0.0390625 0.6796875 0.032552083333333336 0.6796875 0.032552083333333336 0.67578125 0.036458333333333336 0.6744791666666666 0.140625 0.6705729166666666 0.1484375 0.6692708333333334 0.14973958333333334 0.6666666666666666 0.16276041666666666 0.66015625 0.17317708333333334 0.6497395833333334 0.1796875 0.6393229166666666 0.19140625 0.6106770833333334 0.1953125 0.5885416666666666 0.1953125 0.5481770833333334 0.19270833333333334 0.54296875 0.18880208333333334 0.5182291666666666 0.18098958333333334 0.50390625 0.1796875 0.4973958333333333 0.16536458333333334 0.4817708333333333 0.1640625 0.4778645833333333 0.15104166666666666 0.4700520833333333 0.11979166666666667 0.46875 0.03125 0.4713541666666667 0.03125 0.4674479166666667 0.14713541666666666 0.4635416666666667 0.15755208333333334 0.46875
2 0.5247395833333334 0.140625 0.52734375 0.24739583333333334 0.52734375 0.4921875 0.5299479166666666 0.5143229166666666 0.5286458333333334 0.5690104166666666 0.53125 0.703125 0.53125 0.86328125 0.5338541666666666 0.921875 0.5338541666666666 0.9661458333333334 0.53125 0.9674479166666666 0.5286458333333334 0.9036458333333334 0.5286458333333334 0.76171875 0.5260416666666666 0.6484375 0.52734375 0.5950520833333334 0.5247395833333334 0.5520833333333334 0.5247395833333334 0.14192708333333334
3 0.34375 0.2591145833333333 0.34765625 0.2591145833333333 0.3528645833333333 0.265625 0.3515625 0.27734375 0.34765625 0.28125 0.34375 0.2747395833333333 0.34375 0.2604166666666667
3 0.3333333333333333 0.5677083333333334 0.3450520833333333 0.5690104166666666 0.3424479166666667 0.578125 0.3346354166666667 0.5846354166666666 0.3294270833333333 0.578125 0.3294270833333333 0.5729166666666666 0.3333333333333333 0.5690104166666666
3 0.46875 0.3125 0.4713541666666667 0.3125 0.4739583333333333 0.3190104166666667 0.47265625 0.3346354166666667 0.4700520833333333 0.3372395833333333 0.4661458333333333 0.3359375 0.4635416666666667 0.3229166666666667 0.46875 0.3138020833333333
3 0.4947916666666667 0.3919270833333333 0.4986979166666667 0.3984375 0.4986979166666667 0.4114583333333333 0.4934895833333333 0.4205729166666667 0.4895833333333333 0.4205729166666667 0.4869791666666667 0.4114583333333333 0.4869791666666667 0.3984375 0.4895833333333333 0.3932291666666667 0.4934895833333333 0.3919270833333333
3 0.41015625 0.640625 0.4127604166666667 0.6432291666666666 0.4127604166666667 0.6549479166666666 0.41015625 0.6588541666666666 0.40625 0.6575520833333334 0.4036458333333333 0.6484375 0.4049479166666667 0.6432291666666666 0.4088541666666667 0.640625
3 0.4375 0.7109375 0.4440104166666667 0.71484375 0.4440104166666667 0.71875 0.44140625 0.7213541666666666 0.44140625 0.73046875 0.4348958333333333 0.73046875 0.43359375 0.71484375 0.4361979166666667 0.7122395833333334
3 0.2265625 0.49609375 0.23046875 0.49609375 0.23307291666666666 0.4986979166666667 0.23307291666666666 0.50390625 0.23828125 0.5104166666666666 0.23828125 0.5143229166666666 0.23177083333333334 0.5169270833333334 0.22265625 0.5130208333333334 0.22265625 0.50390625 0.2265625 0.4973958333333333
3 0.546875 0.5263888893229166 0.5546875 0.5180555559895833 0.5539062499999999 0.50972222265625 0.55078125 0.5041666666666667 0.5437500000000001 0.5083333333333333 0.546875 0.5263888893229166
3 0.49843750000000003 0.89027777734375 0.5070312499999999 0.8583333333333334 0.5 0.8555555559895834 0.49609375 0.8583333333333334 0.4953125 0.875 0.49843750000000003 0.89027777734375
3 0.55859375 0.25 0.5609375 0.23611111067708335 0.5546875 0.23611111067708335 0.5546875 0.25138888932291664 0.55859375 0.25
3 0.57578125 0.33888888932291666 0.5734374999999999 0.32916666666666666 0.56875 0.33055555598958336 0.5695312499999999 0.3430555559895833 0.57578125 0.33888888932291666
3 0.64453125 0.39999999999999997 0.64609375 0.38472222265624995 0.6390625 0.39027777734375 0.63828125 0.4041666666666666 0.64453125 0.39999999999999997