1 0.29765625 0.28472222265624997 0.29843749999999997 0.28750000000000003 0.30078125 0.2888888893229167 0.30234374999999997 0.28611111067708334 0.30234374999999997 0.2833333333333333 0.3015625 0.2805555559895833 0.29843749999999997 0.2805555559895833 0.29765625 0.2819444440104167 0.29765625 0.28472222265624997
0 0 0.4322916666666667 0.0859375 0.4348958333333333 0.09895833333333333 0.44140625 0.11588541666666667 0.4583333333333333 0.12630208333333334 0.4778645833333333 0.13411458333333334 0.50390625 0.13671875 0.5247395833333334 0.13671875 0.5638020833333334 0.13020833333333334 0.5950520833333334 0.11458333333333333 0.6276041666666666 0.10286458333333333 0.6393229166666666 0.08723958333333333 0.6484375 0 0.6471354166666666 0 0.6393229166666666 0.08333333333333333 0.6419270833333334 0.09895833333333333 0.6354166666666666 0.10807291666666667 0.6263020833333334 0.12369791666666667 0.6002604166666666 0.13151041666666666 0.57421875 0.13411458333333334 0.5455729166666666 0.13151041666666666 0.5091145833333334 0.125 0.4856770833333333 0.11588541666666667 0.4674479166666667 0.1015625 0.4505208333333333 0.09635416666666667 0.4466145833333333 0.08072916666666667 0.44140625 0 0.4401041666666667 0 0.43359375
0 0.9635416666666666 0.4661458333333333 0.9635416666666666 0.4713541666666667 0.8932291666666666 0.46875 0.8802083333333334 0.4700520833333333 0.8658854166666666 0.4674479166666667 0.8528645833333334 0.4674479166666667 0.83984375 0.4713541666666667 0.8294270833333334 0.4791666666666667 0.8151041666666666 0.4986979166666667 0.8072916666666666 0.515625 0.7994791666666666 0.55078125 0.7994791666666666 0.58203125 0.8033854166666666 0.6080729166666666 0.8151041666666666 0.6380208333333334 0.8177083333333334 0.6393229166666666 0.8216145833333334 0.6484375 0.83203125 0.6588541666666666 0.8450520833333334 0.6666666666666666 0.8489583333333334 0.6666666666666666 0.8502604166666666 0.6692708333333334 0.9609375 0.6731770833333334 0.9622395833333334 0.6770833333333334 0.9596354166666666 0.6783854166666666 0.8580729166666666 0.67578125 0.84375 0.6731770833333334 0.8359375 0.6692708333333334 0.81640625 0.6497395833333334 0.80078125 0.6119791666666666 0.80078125 0.6015625 0.796875 0.5859375 0.796875 0.55078125 0.7994791666666666 0.5455729166666666 0.8033854166666666 0.5169270833333334 0.8098958333333334 0.5 0.8229166666666666 0.4791666666666667 0.8346354166666666 0.46875 0.8463541666666666 0.4635416666666667 0.9622395833333334 0.4661458333333333
2 0.4700520833333333 0.140625 0.47265625 0.14322916666666666 0.4700520833333333 0.6380208333333334 0.4674479166666667 0.6640625 0.4661458333333333 0.9453125 0.46484375 0.96484375 0.4635416666666667 0.9674479166666666 0.4622395833333333 0.9661458333333334 0.46484375 0.63671875 0.4674479166666667 0.59375 0.4700520833333333 0.14192708333333334
3 0.6536458333333334 0.5755208333333334 0.012369791666666666 0.018229166666666668
3 0.5885416666666666 0.3072916666666667 0.5911458333333334 0.3255208333333333 0.5885416666666666 0.328125 0.5846354166666666 0.3268229166666667 0.5807291666666666 0.3216145833333333 0.5807291666666666 0.3177083333333333 0.5872395833333334 0.30859375
3 0.4322916666666667 0.22135416666666666 0.4348958333333333 0.22135416666666666 0.4388020833333333 0.2265625 0.4388020833333333 0.23958333333333334 0.4348958333333333 0.24088541666666666 0.4322916666666667 0.23697916666666666 0.4322916666666667 0.22265625
3 0.4830729166666667 0.2825520833333333 0.4869791666666667 0.2838541666666667 0.4908854166666667 0.2903645833333333 0.4895833333333333 0.2994791666666667 0.4869791666666667 0.3033854166666667 0.484375 0.3033854166666667 0.4817708333333333 0.2890625 0.4830729166666667 0.2838541666666667
3 0.3229166666666667 0.23958333333333334 0.3294270833333333 0.2421875 0.3294270833333333 0.24739583333333334 0.3216145833333333 0.2604166666666667 0.3177083333333333 0.2578125 0.3125 0.24739583333333334 0.3125 0.2421875 0.31640625 0.23828125 0.3216145833333333 0.23958333333333334
3 0.6028645833333334 0.7005208333333334 0.60546875 0.7057291666666666 0.60546875 0.7161458333333334 0.6028645833333334 0.7200520833333334 0.59765625 0.7174479166666666 0.59765625 0.70703125 0.5989583333333334 0.7018229166666666 0.6015625 0.7005208333333334
3 0.5638020833333334 0.3984375 0.5677083333333334 0.4049479166666667 0.5677083333333334 0.4153645833333333 0.5638020833333334 0.4231770833333333 0.55859375 0.4231770833333333 0.5546875 0.4153645833333333 0.5546875 0.4036458333333333 0.55859375 0.3984375 0.5625 0.3984375
3 0.5 0.4765625 0.5052083333333334 0.47265625 0.5091145833333334 0.47265625 0.51171875 0.4778645833333333 0.51171875 0.4895833333333333 0.5091145833333334 0.4921875 0.5065104166666666 0.4921875 0.5 0.484375 0.5 0.4778645833333333
3 0.79296875 0.4674479166666667 0.7890625 0.4609375 0.7877604166666666 0.44921875 0.7955729166666666 0.4466145833333333 0.7994791666666666 0.4466145833333333 0.8033854166666666 0.4505208333333333 0.8033854166666666 0.4609375 0.796875 0.4674479166666667 0.7942708333333334 0.4674479166666667
3 0.7109375 0.296875 0.7122395833333334 0.3072916666666667 0.7096354166666666 0.3111979166666667 0.7096354166666666 0.31640625 0.7057291666666666 0.3203125 0.7018229166666666 0.3190104166666667 0.6966145833333334 0.3072916666666667 0.7096354166666666 0.296875
3 0.63671875 0.6419270833333334 0.640625 0.6393229166666666 0.64453125 0.6393229166666666 0.6471354166666666 0.6419270833333334 0.6471354166666666 0.6510416666666666 0.6432291666666666 0.6575520833333334 0.63671875 0.6484375 0.63671875 0.6432291666666666
3 0.55078515625 0.8895208333333334 0.548346875 0.8814763893229167 0.54381875 0.8701875 0.54068359375 0.89014027734375 0.54277421875 0.9037541666666667 0.5479984375 0.8994222226562499 0.55078515625 0.8895208333333334