1 0.5109374999999999 0.6208333333333333 0.509375 0.6291666666666667 0.51171875 0.6319444440104166 0.51328125 0.6236111106770833 0.5109374999999999 0.6208333333333333
0 0 0.4283854166666667 0.09244791666666667 0.4296875 0.11067708333333333 0.4348958333333333 0.12630208333333334 0.4505208333333333 0.13802083333333334 0.4713541666666667 0.14322916666666666 0.4908854166666667 0.14583333333333334 0.4934895833333333 0.14973958333333334 0.5182291666666666 0.14973958333333334 0.5533854166666666 0.14192708333333334 0.5924479166666666 0.13411458333333334 0.609375 0.11848958333333333 0.6315104166666666 0.09895833333333333 0.640625 0 0.6380208333333334 0 0.6328125 0.09765625 0.6354166666666666 0.11067708333333333 0.6302083333333334 0.13151041666666666 0.60546875 0.13151041666666666 0.6015625 0.13932291666666666 0.5872395833333334 0.14713541666666666 0.5481770833333334 0.14713541666666666 0.5247395833333334 0.13932291666666666 0.484375 0.12630208333333334 0.4583333333333333 0.11458333333333333 0.4453125 0.10677083333333333 0.4401041666666667 0.09895833333333333 0.4388020833333333 0.09765625 0.4361979166666667 0.08984375 0.4348958333333333 0.00390625 0.43359375 0 0.4322916666666667 0 0.4296875
0 0.8932291666666666 0.4544270833333333 0.9609375 0.4557291666666667 0.97265625 0.45703125 0.9739583333333334 0.4622395833333333 0.9635416666666666 0.4635416666666667 0.85546875 0.4609375 0.8385416666666666 0.4713541666666667 0.8333333333333334 0.4765625 0.8203125 0.4986979166666667 0.8138020833333334 0.515625 0.8098958333333334 0.5338541666666666 0.80859375 0.5729166666666666 0.8151041666666666 0.6080729166666666 0.8229166666666666 0.6236979166666666 0.8229166666666666 0.6276041666666666 0.8307291666666666 0.6393229166666666 0.84375 0.6536458333333334 0.8541666666666666 0.6588541666666666 0.87109375 0.6614583333333334 0.9700520833333334 0.6640625 0.9713541666666666 0.66796875 0.9283854166666666 0.6692708333333334 0.91015625 0.66796875 0.9088541666666666 0.6653645833333334 0.89453125 0.66796875 0.8932291666666666 0.6653645833333334 0.8619791666666666 0.6653645833333334 0.84765625 0.6614583333333334 0.8307291666666666 0.6484375 0.8203125 0.6315104166666666 0.8125 0.6119791666666666 0.8111979166666666 0.6002604166666666 0.8072916666666666 0.58984375 0.8059895833333334 0.5520833333333334 0.8111979166666666 0.5130208333333334 0.8203125 0.48828125 0.8229166666666666 0.4869791666666667 0.828125 0.4752604166666667 0.8463541666666666 0.4583333333333333 0.8567708333333334 0.4544270833333333 0.8919270833333334 0.4557291666666667
2 0.48046875 0.4661458333333333 0.4817708333333333 0.4700520833333333 0.4778645833333333 0.4752604166666667 0.4791666666666667 0.6432291666666666 0.4752604166666667 0.9505208333333334 0.47265625 0.9557291666666666 0.4713541666666667 0.94140625 0.4752604166666667 0.7356770833333334 0.4765625 0.4752604166666667 0.48046875 0.4674479166666667
3 0.4609375 0.2421875 0.4635416666666667 0.24609375 0.4635416666666667 0.2682291666666667 0.4596354166666667 0.26953125 0.453125 0.24869791666666666 0.453125 0.24479166666666666 0.4557291666666667 0.2421875 0.4596354166666667 0.2421875
3 0.5091145833333334 0.7135416666666666 0.5130208333333334 0.72265625 0.5169270833333334 0.7473958333333334 0.5130208333333334 0.7486979166666666 0.5078125 0.7447916666666666 0.5078125 0.7317708333333334 0.50390625 0.7239583333333334 0.5078125 0.71875 0.5078125 0.71484375
3 0.5208333333333334 0.6484375 0.5247395833333334 0.6536458333333334 0.5247395833333334 0.671875 0.5221354166666666 0.6822916666666666 0.5182291666666666 0.6783854166666666 0.515625 0.6705729166666666 0.515625 0.65625 0.5130208333333334 0.6471354166666666 0.5130208333333334 0.6432291666666666 0.515625 0.6419270833333334 0.51953125 0.6484375
3 0.59765625 0.5247395833333334 0.6002604166666666 0.5299479166666666 0.5989583333333334 0.54296875 0.5950520833333334 0.54296875 0.5924479166666666 0.5390625 0.5924479166666666 0.5286458333333334 0.5963541666666666 0.5247395833333334
3 0.44921875 0.5794270833333334 0.453125 0.59375 0.4518229166666667 0.5989583333333334 0.4453125 0.59765625 0.4453125 0.5807291666666666 0.4479166666666667 0.5794270833333334
3 0.578125 0.2421875 0.5807291666666666 0.24348958333333334 0.5833333333333334 0.2630208333333333 0.5807291666666666 0.2669270833333333 0.5768229166666666 0.2669270833333333 0.5716145833333334 0.2565104166666667 0.5729166666666666 0.25 0.578125 0.24348958333333334
3 0.3984375 0.3372395833333333 0.4010416666666667 0.3385416666666667 0.4036458333333333 0.3489583333333333 0.4010416666666667 0.3658854166666667 0.3932291666666667 0.3528645833333333 0.3932291666666667 0.3385416666666667 0.3971354166666667 0.3372395833333333
3 0.4296875 0.7916666666666666 0.4322916666666667 0.7916666666666666 0.4322916666666667 0.7955729166666666 0.4388020833333333 0.8046875 0.4401041666666667 0.8111979166666666 0.4401041666666667 0.82421875 0.4375 0.8268229166666666 0.43359375 0.82421875 0.4283854166666667 0.8111979166666666 0.4296875 0.79296875
3 0.7213541666666666 0.58984375 0.7252604166666666 0.5950520833333334 0.7252604166666666 0.6067708333333334 0.7200520833333334 0.6119791666666666 0.7135416666666666 0.6080729166666666 0.7096354166666666 0.59765625 0.7096354166666666 0.59375 0.7200520833333334 0.58984375
3 0.5390625 0.4459635416666667 0.012369791666666666 0.022135416666666668
3 0.44609375 0.35277777734375 0.4453125 0.36388888932291663 0.45234375 0.37222222265625 0.45390625 0.3555555559895833 0.44609375 0.35277777734375
3 0.48046875 0.43888888932291664 0.47109375000000003 0.44166666666666665 0.47031249999999997 0.45555555598958336 0.47421874999999997 0.46249999999999997 0.48281250000000003 0.4583333333333333 0.48046875 0.43888888932291664