1 0.47109375000000003 0.52777777734375 0.47031249999999997 0.5236111106770833 0.46718750000000003 0.5236111106770833 0.46640624999999997 0.5291666666666667 0.46718750000000003 0.5305555559895833 0.47031249999999997 0.5305555559895833 0.47109375000000003 0.52777777734375
0 0 0.42578125 0.10026041666666667 0.4283854166666667 0.11197916666666667 0.43359375 0.12760416666666666 0.4505208333333333 0.13802083333333334 0.4700520833333333 0.14583333333333334 0.4934895833333333 0.14973958333333334 0.53125 0.14713541666666666 0.5677083333333334 0.14322916666666666 0.5768229166666666 0.14192708333333334 0.5872395833333334 0.13020833333333334 0.61328125 0.11458333333333333 0.6302083333333334 0.09765625 0.6380208333333334 0 0.6354166666666666 0 0.6302083333333334 0.08333333333333333 0.6328125 0.10026041666666667 0.6315104166666666 0.10677083333333333 0.62890625 0.125 0.6106770833333334 0.13541666666666666 0.5924479166666666 0.14322916666666666 0.5677083333333334 0.14583333333333334 0.5481770833333334 0.14453125 0.5078125 0.13932291666666666 0.484375 0.12760416666666666 0.4583333333333333 0.11197916666666667 0.44140625 0.09635416666666667 0.43359375 0 0.4309895833333333 0 0.4270833333333333
0 0.9466145833333334 0.4544270833333333 0.9700520833333334 0.4557291666666667 0.9700520833333334 0.4609375 0.8671875 0.4596354166666667 0.8658854166666666 0.45703125 0.8619791666666666 0.45703125 0.8606770833333334 0.4596354166666667 0.8489583333333334 0.4609375 0.8359375 0.46875 0.8268229166666666 0.4791666666666667 0.8151041666666666 0.4986979166666667 0.8111979166666666 0.5104166666666666 0.8059895833333334 0.5390625 0.8059895833333334 0.5768229166666666 0.8111979166666666 0.60546875 0.8177083333333334 0.62109375 0.8268229166666666 0.63671875 0.84375 0.6536458333333334 0.8541666666666666 0.6575520833333334 0.8658854166666666 0.6588541666666666 0.9635416666666666 0.6614583333333334 0.9674479166666666 0.6640625 0.9661458333333334 0.6653645833333334 0.87109375 0.6640625 0.8463541666666666 0.66015625 0.828125 0.6471354166666666 0.81640625 0.62890625 0.8111979166666666 0.6119791666666666 0.80859375 0.609375 0.8033854166666666 0.5846354166666666 0.8033854166666666 0.53515625 0.8072916666666666 0.5130208333333334 0.81640625 0.48828125 0.8229166666666666 0.4765625 0.83203125 0.4661458333333333 0.8424479166666666 0.45703125 0.8515625 0.453125 0.9453125 0.4544270833333333
2 0.4752604166666667 0.46875 0.4778645833333333 0.4700520833333333 0.4778645833333333 0.6276041666666666 0.4752604166666667 0.6549479166666666 0.4739583333333333 0.953125 0.4700520833333333 0.953125 0.4739583333333333 0.6484375 0.47265625 0.6145833333333334 0.4752604166666667 0.5325520833333334 0.4752604166666667 0.4947916666666667 0.47265625 0.484375 0.47265625 0.4778645833333333 0.4752604166666667 0.4739583333333333 0.4739583333333333 0.4700520833333333
3 0.5091145833333334 0.7135416666666666 0.5143229166666666 0.72265625 0.5143229166666666 0.7356770833333334 0.51171875 0.7395833333333334 0.5104166666666666 0.73828125 0.5091145833333334 0.71484375
3 0.5572916666666666 0.5572916666666666 0.5638020833333334 0.5572916666666666 0.5677083333333334 0.5611979166666666 0.5677083333333334 0.5755208333333334 0.5638020833333334 0.5755208333333334 0.5572916666666666 0.5638020833333334 0.5572916666666666 0.55859375
3 0.5338541666666666 0.25 0.5364583333333334 0.25 0.5403645833333334 0.2552083333333333 0.5377604166666666 0.2734375 0.5338541666666666 0.2747395833333333 0.53125 0.2604166666666667 0.53125 0.2552083333333333 0.5338541666666666 0.2513020833333333
3 0.41796875 0.5859375 0.4231770833333333 0.5885416666666666 0.4231770833333333 0.6015625 0.4205729166666667 0.6028645833333334 0.41796875 0.6015625 0.4166666666666667 0.5963541666666666 0.41796875 0.5872395833333334
3 0.4375 0.41015625 0.009114583333333334 0.018229166666666668
3 0.36328125 0.3346354166666667 0.3606770833333333 0.32421875 0.3619791666666667 0.3203125 0.3658854166666667 0.3177083333333333 0.3697916666666667 0.3216145833333333 0.3697916666666667 0.3307291666666667 0.3658854166666667 0.3385416666666667 0.3645833333333333 0.3346354166666667
3 0.4010416666666667 0.7825520833333334 0.4036458333333333 0.7864583333333334 0.4049479166666667 0.8033854166666666 0.4036458333333333 0.8059895833333334 0.4010416666666667 0.8059895833333334 0.3971354166666667 0.80078125 0.3958333333333333 0.7942708333333334 0.4010416666666667 0.7838541666666666
3 0.4557291666666667 0.2604166666666667 0.44921875 0.24479166666666666 0.4544270833333333 0.23958333333333334 0.4583333333333333 0.23958333333333334 0.4609375 0.25 0.4609375 0.2565104166666667 0.45703125 0.2604166666666667
3 0.6549479166666666 0.5768229166666666 0.6614583333333334 0.5794270833333334 0.6653645833333334 0.5768229166666666 0.6692708333333334 0.5794270833333334 0.6692708333333334 0.59375 0.6666666666666666 0.59765625 0.6627604166666666 0.59765625 0.6549479166666666 0.578125
3 0.5182291666666666 0.4609375 0.5221354166666666 0.4609375 0.5247395833333334 0.4635416666666667 0.5247395833333334 0.4817708333333333 0.51953125 0.4830729166666667 0.5182291666666666 0.4622395833333333
3 0.4947916666666667 0.6197916666666666 0.4986979166666667 0.62109375 0.5 0.6276041666666666 0.4986979166666667 0.6380208333333334 0.4947916666666667 0.6393229166666666 0.4921875 0.63671875 0.4947916666666667 0.62109375
3 0.4796875 0.44166666666666665 0.4734375 0.43888888932291664 0.47031249999999997 0.4430555559895833 0.46953125 0.45555555598958336 0.47265625 0.4611111106770833 0.48203124999999997 0.45972222265625 0.4796875 0.44166666666666665