1 0.8875000000000001 0.6083333333333333 0.8914062500000001 0.60972222265625 0.89296875 0.6055555559895833 0.8914062500000001 0.60277777734375 0.88671875 0.6013888893229167 0.88671875 0.6055555559895833 0.8875000000000001 0.6083333333333333
0 0.9049479166666666 0.4166666666666667 0.9192708333333334 0.4127604166666667 0.9986979166666666 0.41015625 0.9986979166666666 0.4153645833333333 0.9778645833333334 0.4153645833333333 0.9765625 0.41796875 0.9166666666666666 0.4192708333333333 0.9036458333333334 0.4244791666666667 0.890625 0.4348958333333333 0.8776041666666666 0.45703125 0.87109375 0.4739583333333333 0.8671875 0.4921875 0.8658854166666666 0.5403645833333334 0.8736979166666666 0.57421875 0.8684895833333334 0.5703125 0.86328125 0.5455729166666666 0.8619791666666666 0.5169270833333334 0.8645833333333334 0.48828125 0.8763020833333334 0.4505208333333333 0.890625 0.4283854166666667 0.9049479166666666 0.41796875
0 0.15234375 0.4466145833333333 0.16666666666666666 0.4544270833333333 0.1796875 0.4700520833333333 0.19401041666666666 0.5026041666666666 0.19921875 0.5364583333333334 0.19921875 0.56640625 0.19791666666666666 0.5846354166666666 0.19140625 0.6080729166666666 0.18359375 0.6223958333333334 0.18229166666666666 0.62890625 0.17447916666666666 0.6393229166666666 0.16276041666666666 0.6510416666666666 0.15104166666666666 0.65625 0.06640625 0.6614583333333334 0.03515625 0.6614583333333334 0.03515625 0.6575520833333334 0.14453125 0.65234375 0.15625 0.6484375 0.16927083333333334 0.6380208333333334 0.17838541666666666 0.6263020833333334 0.19140625 0.5963541666666666 0.19661458333333334 0.56640625 0.1953125 0.5260416666666666 0.18880208333333334 0.4973958333333333 0.1796875 0.4778645833333333 0.16796875 0.4635416666666667 0.15234375 0.4518229166666667 0.03125 0.4518229166666667 0.032552083333333336 0.44921875 0.045572916666666664 0.4479166666666667 0.12239583333333333 0.4453125 0.15104166666666666 0.4466145833333333
2 0.5247395833333334 0.12109375 0.52734375 0.14192708333333334 0.52734375 0.2734375 0.5299479166666666 0.3020833333333333 0.5299479166666666 0.5338541666666666 0.5325520833333334 0.6184895833333334 0.53125 0.6575520833333334 0.5338541666666666 0.6783854166666666 0.5325520833333334 0.6979166666666666 0.5364583333333334 0.9440104166666666 0.53515625 0.94921875 0.5338541666666666 0.9479166666666666 0.5325520833333334 0.9388020833333334 0.53125 0.7369791666666666 0.5286458333333334 0.6901041666666666 0.52734375 0.3229166666666667 0.5247395833333334 0.3046875 0.5234375 0.14453125 0.5247395833333334 0.12239583333333333
3 0.83203125 0.8072916666666666 0.8385416666666666 0.8098958333333334 0.83984375 0.8125 0.8385416666666666 0.8255208333333334 0.8333333333333334 0.8229166666666666 0.8307291666666666 0.8255208333333334 0.8255208333333334 0.8216145833333334 0.8255208333333334 0.80859375 0.8307291666666666 0.8072916666666666
3 0.5416666666666666 0.3046875 0.5455729166666666 0.3098958333333333 0.5455729166666666 0.31640625 0.5494791666666666 0.3216145833333333 0.5494791666666666 0.3255208333333333 0.5390625 0.33203125 0.5364583333333334 0.3190104166666667 0.5403645833333334 0.3111979166666667 0.5403645833333334 0.3059895833333333
3 0.50390625 0.4895833333333333 0.5078125 0.4895833333333333 0.5091145833333334 0.4934895833333333 0.50390625 0.52734375 0.5013020833333334 0.52734375 0.5 0.4986979166666667 0.50390625 0.4908854166666667
3 0.8776041666666666 0.57421875 0.88671875 0.5794270833333334 0.8919270833333334 0.5885416666666666 0.8919270833333334 0.5924479166666666 0.88671875 0.5963541666666666 0.890625 0.6067708333333334 0.8893229166666666 0.609375 0.8854166666666666 0.6080729166666666 0.8828125 0.5989583333333334 0.8763020833333334 0.59375 0.8723958333333334 0.5846354166666666 0.87109375 0.5755208333333334 0.8763020833333334 0.57421875
3 0.6328125 0.6705729166666666 0.6354166666666666 0.6770833333333334 0.6328125 0.6861979166666666 0.6223958333333334 0.6861979166666666 0.6223958333333334 0.6809895833333334 0.6315104166666666 0.6705729166666666
3 0.7903645833333334 0.43359375 0.7903645833333334 0.4283854166666667 0.7994791666666666 0.4140625 0.8033854166666666 0.4140625 0.8072916666666666 0.421875 0.8059895833333334 0.4270833333333333 0.8033854166666666 0.4296875 0.7994791666666666 0.4296875 0.7955729166666666 0.4348958333333333 0.7916666666666666 0.43359375
3 0.59765625 0.8203125 0.6015625 0.8307291666666666 0.6015625 0.8411458333333334 0.5950520833333334 0.85546875 0.59375 0.8567708333333334 0.5911458333333334 0.8528645833333334 0.58984375 0.83984375 0.5963541666666666 0.8216145833333334
3 0.55859375 0.6588541666666666 0.5572916666666666 0.68359375 0.5520833333333334 0.6861979166666666 0.5494791666666666 0.6783854166666666 0.5520833333333334 0.6653645833333334 0.5572916666666666 0.66015625
3 0.9453125 0.5403645833333334 0.9505208333333334 0.5416666666666666 0.9518229166666666 0.5442708333333334 0.9635416666666666 0.546875 0.9635416666666666 0.5559895833333334 0.953125 0.5572916666666666 0.9505208333333334 0.5520833333333334 0.9427083333333334 0.5455729166666666 0.9440104166666666 0.5416666666666666
3 0.7669270833333334 0.21223958333333334 0.7734375 0.2109375 0.7734375 0.21875 0.7682291666666666 0.22526041666666666 0.7643229166666666 0.23828125 0.7591145833333334 0.23177083333333334 0.76171875 0.22005208333333334 0.7669270833333334 0.21354166666666666
3 0.21875 0.5234375 0.22526041666666666 0.5234375 0.234375 0.5338541666666666 0.234375 0.5377604166666666 0.22786458333333334 0.54296875 0.21875 0.54296875 0.21875 0.5390625 0.21614583333333334 0.5364583333333334 0.21614583333333334 0.52734375 0.21875 0.5247395833333334
3 0.5921875 0.3319444440104167 0.6023437500000001 0.32638888932291665 0.603125 0.31666666666666665 0.6 0.31111111067708336 0.59140625 0.3125 0.58984375 0.325 0.5921875 0.3319444440104167