1 0.5320312500000001 0.51527777734375 0.53359375 0.5208333333333334 0.5343749999999999 0.51527777734375 0.5320312500000001 0.51527777734375
3 0.5390625 0.23828125 0.546875 0.24088541666666666 0.5455729166666666 0.25390625 0.54296875 0.2565104166666667 0.54296875 0.2604166666666667 0.5403645833333334 0.2604166666666667 0.5364583333333334 0.2565104166666667 0.5390625 0.23958333333333334
3 0.4869791666666667 0.734375 0.484375 0.7317708333333334 0.4856770833333333 0.7161458333333334 0.48828125 0.71484375 0.4908854166666667 0.7200520833333334 0.4908854166666667 0.7317708333333334 0.48828125 0.7330729166666666
3 0.4348958333333333 0.5494791666666666 0.44140625 0.5611979166666666 0.4401041666666667 0.5703125 0.4375 0.5755208333333334 0.4348958333333333 0.57421875 0.4348958333333333 0.55078125
3 0.4641927083333333 0.2766927083333333 0.010416666666666666 0.024739583333333332
3 0.49609375 0.6197916666666666 0.5013020833333334 0.625 0.5 0.6380208333333334 0.49609375 0.6393229166666666 0.4934895833333333 0.63671875 0.4934895833333333 0.625 0.49609375 0.62109375
3 0.578125 0.5859375 0.5807291666666666 0.5872395833333334 0.5807291666666666 0.6002604166666666 0.5768229166666666 0.6028645833333334 0.57421875 0.6002604166666666 0.57421875 0.58984375 0.5768229166666666 0.5872395833333334
3 0.63671875 0.32421875 0.6393229166666666 0.328125 0.6393229166666666 0.3346354166666667 0.6328125 0.33984375 0.62890625 0.3385416666666667 0.62890625 0.3268229166666667 0.6328125 0.3229166666666667 0.6354166666666666 0.32421875
3 0.5625 0.40625 0.5651041666666666 0.4075520833333333 0.5625 0.4205729166666667 0.55859375 0.421875 0.5559895833333334 0.4192708333333333 0.5559895833333334 0.4114583333333333 0.5611979166666666 0.4075520833333333
3 0.5950520833333334 0.76953125 0.5989583333333334 0.7682291666666666 0.6015625 0.7708333333333334 0.6015625 0.78125 0.59765625 0.7877604166666666 0.5950520833333334 0.7877604166666666 0.5911458333333334 0.7825520833333334 0.5911458333333334 0.7760416666666666 0.5950520833333334 0.7708333333333334
3 0.3424479166666667 0.5768229166666666 0.3424479166666667 0.5950520833333334 0.3385416666666667 0.59765625 0.3346354166666667 0.5924479166666666 0.3346354166666667 0.5807291666666666 0.3372395833333333 0.5768229166666666 0.3411458333333333 0.5768229166666666
3 0.4765625 0.4635416666666667 0.4791666666666667 0.4635416666666667 0.48046875 0.4661458333333333 0.4791666666666667 0.4817708333333333 0.4752604166666667 0.4830729166666667 0.4739583333333333 0.4674479166666667 0.4765625 0.46484375
3 0.5265624999999999 0.4611111106770833 0.5296875 0.45416666666666666 0.52890625 0.44444444401041666 0.51953125 0.44166666666666665 0.515625 0.45972222265625 0.5265624999999999 0.4611111106770833
0 0.8802083333333334 0.4375 0.8958333333333334 0.4283854166666667 0.9986979166666666 0.4244791666666667 0.9986979166666666 0.4309895833333333 0.90625 0.4322916666666667 0.8919270833333334 0.4361979166666667 0.87109375 0.4557291666666667 0.859375 0.4791666666666667 0.8515625 0.5143229166666666 0.8515625 0.5520833333333334 0.85546875 0.5729166666666666 0.859375 0.5807291666666666 0.859375 0.5859375 0.8697916666666666 0.6067708333333334 0.8802083333333334 0.6197916666666666 0.8893229166666666 0.6276041666666666 0.8984375 0.6315104166666666 0.9986979166666666 0.62890625 0.9986979166666666 0.6341145833333334 0.9908854166666666 0.6354166666666666 0.8958333333333334 0.63671875 0.8802083333333334 0.6276041666666666 0.8645833333333334 0.6080729166666666 0.8567708333333334 0.5911458333333334 0.8489583333333334 0.5572916666666666 0.8489583333333334 0.5091145833333334 0.8528645833333334 0.48828125 0.8606770833333334 0.4661458333333333 0.8684895833333334 0.4518229166666667 0.8802083333333334 0.4388020833333333
0 0.14713541666666666 0.4544270833333333 0.15625 0.4583333333333333 0.17447916666666666 0.4765625 0.18229166666666666 0.4908854166666667 0.19140625 0.5182291666666666 0.19140625 0.5286458333333334 0.19401041666666666 0.5364583333333334 0.19401041666666666 0.58203125 0.19140625 0.59765625 0.18229166666666666 0.6276041666666666 0.16796875 0.6458333333333334 0.16796875 0.6484375 0.15885416666666666 0.65625 0.1484375 0.6614583333333334 0.13541666666666666 0.6640625 0.09635416666666667 0.6653645833333334 0.03125 0.6653645833333334 0.03125 0.6627604166666666 0.13671875 0.6588541666666666 0.15104166666666666 0.6549479166666666 0.15885416666666666 0.6497395833333334 0.17578125 0.62890625 0.18880208333333334 0.5950520833333334 0.19140625 0.5794270833333334 0.19140625 0.5364583333333334 0.1875 0.5169270833333334 0.18098958333333334 0.4973958333333333 0.16927083333333334 0.4778645833333333 0.15885416666666666 0.4674479166666667 0.14713541666666666 0.4609375 0.11848958333333333 0.4596354166666667 0.02734375 0.4622395833333333 0.02734375 0.4557291666666667 0.06380208333333333 0.4557291666666667 0.09375 0.453125 0.14583333333333334 0.4544270833333333
2 0.5208333333333334 0.4713541666666667 0.5234375 0.5104166666666666 0.5234375 0.6692708333333334 0.52734375 0.87109375 0.52734375 0.953125 0.5247395833333334 0.953125 0.5234375 0.9322916666666666 0.5247395833333334 0.9036458333333334 0.51953125 0.5611979166666666 0.5208333333333334 0.47265625