1 0.37656249999999997 0.1875 0.3796875 0.1875 0.3796875 0.17916666666666667 0.37890625 0.17777777734375 0.37578125 0.17777777734375 0.375 0.1805555559895833 0.37578125 0.18611111067708333 0.37656249999999997 0.1875
0 0 0.4192708333333333 0.09244791666666667 0.4231770833333333 0.11067708333333333 0.4309895833333333 0.12369791666666667 0.4466145833333333 0.13411458333333334 0.4661458333333333 0.14192708333333334 0.4908854166666667 0.14453125 0.515625 0.14453125 0.53515625 0.14192708333333334 0.5338541666666666 0.140625 0.5026041666666666 0.13151041666666666 0.4700520833333333 0.125 0.4596354166666667 0.125 0.4557291666666667 0.10286458333333333 0.4322916666666667 0.08854166666666667 0.4283854166666667 0.005208333333333333 0.4244791666666667 0 0.42578125 0 0.4205729166666667
0 0.8450520833333334 0.65234375 0.85546875 0.66015625 0.8684895833333334 0.6640625 0.9557291666666666 0.6666666666666666 0.95703125 0.6692708333333334 0.97265625 0.6692708333333334 0.9778645833333334 0.6731770833333334 0.9661458333333334 0.6744791666666666 0.86328125 0.6692708333333334 0.8450520833333334 0.66015625 0.8346354166666666 0.6497395833333334 0.82421875 0.6328125 0.81640625 0.6119791666666666 0.8111979166666666 0.58203125 0.8111979166666666 0.5416666666666666 0.8151041666666666 0.5182291666666666 0.82421875 0.4921875 0.83203125 0.4778645833333333 0.8463541666666666 0.4635416666666667 0.859375 0.4557291666666667 0.9778645833333334 0.4583333333333333 0.98046875 0.46484375 0.8619791666666666 0.4622395833333333 0.8489583333333334 0.46875 0.8372395833333334 0.4791666666666667 0.8268229166666666 0.49609375 0.8216145833333334 0.5143229166666666 0.8190104166666666 0.5169270833333334 0.8138020833333334 0.5442708333333334 0.8138020833333334 0.5807291666666666 0.8190104166666666 0.6080729166666666 0.8255208333333334 0.6263020833333334 0.84375 0.65234375
2 0.4765625 0.5052083333333334 0.4817708333333333 0.5260416666666666 0.4791666666666667 0.5807291666666666 0.4752604166666667 0.9557291666666666 0.47265625 0.9622395833333334 0.4713541666666667 0.93359375 0.4765625 0.6484375 0.4752604166666667 0.6171875 0.4778645833333333 0.5520833333333334 0.4765625 0.5065104166666666
3 0.3971354166666667 0.5546875 0.3919270833333333 0.546875 0.39453125 0.5377604166666666 0.3997395833333333 0.5390625 0.4010416666666667 0.5533854166666666 0.3984375 0.5546875
3 0.599609375 0.3704427083333333 0.010416666666666666 0.0234375
3 0.5260416666666666 0.19270833333333334 0.5299479166666666 0.203125 0.5286458333333334 0.21354166666666666 0.5260416666666666 0.21614583333333334 0.5221354166666666 0.2109375 0.5221354166666666 0.19401041666666666 0.5247395833333334 0.19270833333333334
3 0.1328125 0.5299479166666666 0.14192708333333334 0.53515625 0.14322916666666666 0.5598958333333334 0.14583333333333334 0.5651041666666666 0.14453125 0.5703125 0.140625 0.5677083333333334 0.13802083333333334 0.5481770833333334 0.12760416666666666 0.5442708333333334 0.12760416666666666 0.5325520833333334 0.13151041666666666 0.5299479166666666
3 0.2578125 0.7057291666666666 0.2604166666666667 0.70703125 0.2630208333333333 0.7239583333333334 0.2552083333333333 0.7265625 0.2513020833333333 0.72265625 0.2526041666666667 0.71484375 0.2578125 0.70703125
3 0.4869791666666667 0.7434895833333334 0.4895833333333333 0.7434895833333334 0.4908854166666667 0.7473958333333334 0.4908854166666667 0.7630208333333334 0.4869791666666667 0.7643229166666666 0.484375 0.76171875 0.484375 0.75 0.4869791666666667 0.7447916666666666
3 0.4348958333333333 0.3919270833333333 0.4375 0.3997395833333333 0.4361979166666667 0.4088541666666667 0.4296875 0.4049479166666667 0.4296875 0.3958333333333333 0.43359375 0.3919270833333333
3 0.48046875 0.4752604166666667 0.4856770833333333 0.4791666666666667 0.4869791666666667 0.484375 0.4856770833333333 0.5013020833333334 0.48046875 0.50390625 0.4765625 0.4973958333333333 0.4765625 0.4817708333333333 0.4791666666666667 0.4765625
3 0.421875 0.6171875 0.41796875 0.6145833333333334 0.41796875 0.6028645833333334 0.4205729166666667 0.6002604166666666 0.4244791666666667 0.6002604166666666 0.42578125 0.6028645833333334 0.42578125 0.6145833333333334 0.4231770833333333 0.6158854166666666
3 0.5924479166666666 0.6770833333333334 0.5989583333333334 0.68359375 0.5963541666666666 0.6979166666666666 0.5924479166666666 0.69921875 0.5885416666666666 0.69140625 0.5885416666666666 0.68359375 0.5911458333333334 0.6783854166666666
3 0.4270833333333333 0.7395833333333334 0.4283854166666667 0.7513020833333334 0.4270833333333333 0.7578125 0.4231770833333333 0.76171875 0.41796875 0.7604166666666666 0.41796875 0.7486979166666666 0.42578125 0.7395833333333334
3 0.36874999999999997 0.14305555598958333 0.3640625 0.14305555598958333 0.3625 0.14444444401041667 0.36171875000000003 0.14722222265624998 0.3625 0.15138888932291666 0.36796875 0.16111111067708334 0.36796875 0.1625 0.36953125000000003 0.16527777734375002 0.3703125 0.16527777734375002 0.371875 0.16111111067708334 0.371875 0.15 0.37109375 0.14583333333333334 0.36874999999999997 0.14305555598958333