1 0.33671875 0.4583333333333333 0.33515625 0.45 0.33125 0.45277777734375 0.33359374999999997 0.45972222265625 0.33671875 0.4583333333333333
0 0.8971354166666666 0.4375 0.9114583333333334 0.4309895833333333 0.9986979166666666 0.4283854166666667 0.9986979166666666 0.43359375 0.9140625 0.4361979166666667 0.9127604166666666 0.4388020833333333 0.8997395833333334 0.4427083333333333 0.88671875 0.4544270833333333 0.8736979166666666 0.4765625 0.8671875 0.49609375 0.86328125 0.5169270833333334 0.86328125 0.5598958333333334 0.87109375 0.5924479166666666 0.8828125 0.6145833333333334 0.8958333333333334 0.6302083333333334 0.91015625 0.6380208333333334 0.9986979166666666 0.63671875 0.9986979166666666 0.6419270833333334 0.91015625 0.6432291666666666 0.8919270833333334 0.6341145833333334 0.8841145833333334 0.6263020833333334 0.8828125 0.62109375 0.8763020833333334 0.61328125 0.8684895833333334 0.5963541666666666 0.8619791666666666 0.5729166666666666 0.859375 0.5403645833333334 0.8606770833333334 0.515625 0.8645833333333334 0.4921875 0.8723958333333334 0.4700520833333333 0.8841145833333334 0.4505208333333333 0.8971354166666666 0.4388020833333333
0 0.16666666666666666 0.4765625 0.171875 0.4765625 0.17578125 0.4791666666666667 0.18619791666666666 0.4973958333333333 0.19791666666666666 0.5403645833333334 0.19791666666666666 0.5911458333333334 0.1953125 0.60546875 0.18619791666666666 0.6328125 0.17838541666666666 0.6471354166666666 0.16536458333333334 0.6614583333333334 0.15625 0.66796875 0.14453125 0.671875 0.04296875 0.67578125 0.033854166666666664 0.6744791666666666 0.033854166666666664 0.671875 0.05859375 0.6692708333333334 0.09375 0.6692708333333334 0.09505208333333333 0.6666666666666666 0.14713541666666666 0.6653645833333334 0.16015625 0.6588541666666666 0.171875 0.6484375 0.18489583333333334 0.6263020833333334 0.19140625 0.6067708333333334 0.19270833333333334 0.5924479166666666 0.1953125 0.5872395833333334 0.1953125 0.5403645833333334 0.18359375 0.5 0.16666666666666666 0.4778645833333333
2 0.5247395833333334 0.13671875 0.52734375 0.2421875 0.52734375 0.4309895833333333 0.5299479166666666 0.4609375 0.5286458333333334 0.546875 0.53125 0.6236979166666666 0.53125 0.7955729166666666 0.5338541666666666 0.8359375 0.53515625 0.93359375 0.5338541666666666 0.96484375 0.53125 0.9661458333333334 0.53125 0.8776041666666666 0.5286458333333334 0.8411458333333334 0.5286458333333334 0.6901041666666666 0.5260416666666666 0.640625 0.52734375 0.5442708333333334 0.5247395833333334 0.4765625 0.5247395833333334 0.13802083333333334
3 0.2669270833333333 0.4479166666666667 0.2721354166666667 0.4479166666666667 0.27734375 0.4557291666666667 0.27734375 0.47265625 0.2747395833333333 0.4765625 0.2708333333333333 0.4752604166666667 0.265625 0.4674479166666667 0.2669270833333333 0.44921875
3 0.28515625 0.8958333333333334 0.2890625 0.90234375 0.2955729166666667 0.9010416666666666 0.2890625 0.9127604166666666 0.28515625 0.9270833333333334 0.2799479166666667 0.9127604166666666 0.2799479166666667 0.9049479166666666 0.2825520833333333 0.8984375 0.28515625 0.8971354166666666
3 0.09505208333333333 0.5325520833333334 0.09895833333333333 0.5364583333333334 0.10546875 0.5364583333333334 0.10416666666666667 0.5442708333333334 0.09635416666666667 0.5520833333333334 0.09114583333333333 0.5520833333333334 0.0859375 0.5455729166666666 0.08723958333333333 0.53515625 0.08984375 0.5325520833333334 0.09375 0.5325520833333334
3 0.15755208333333334 0.4375 0.16666666666666666 0.4361979166666667 0.171875 0.4322916666666667 0.17057291666666666 0.44921875 0.1640625 0.45703125 0.15625 0.4427083333333333 0.15755208333333334 0.4388020833333333
3 0.8059895833333334 0.4791666666666667 0.8111979166666666 0.4791666666666667 0.81640625 0.4739583333333333 0.8203125 0.4739583333333333 0.8216145833333334 0.4778645833333333 0.8203125 0.4921875 0.81640625 0.4895833333333333 0.8098958333333334 0.4908854166666667 0.8059895833333334 0.48828125 0.8033854166666666 0.484375 0.8059895833333334 0.48046875
3 0.2669270833333333 0.6197916666666666 0.2682291666666667 0.6315104166666666 0.265625 0.6354166666666666 0.26171875 0.63671875 0.2552083333333333 0.6341145833333334 0.25390625 0.6223958333333334 0.2578125 0.6184895833333334 0.265625 0.6197916666666666
3 0.453125 0.4088541666666667 0.45703125 0.4088541666666667 0.4583333333333333 0.4114583333333333 0.45703125 0.4283854166666667 0.453125 0.4296875 0.4505208333333333 0.4244791666666667 0.4505208333333333 0.4153645833333333 0.453125 0.41015625
3 0.2903645833333333 0.4830729166666667 0.2864583333333333 0.4661458333333333 0.2942708333333333 0.4609375 0.296875 0.4622395833333333 0.2955729166666667 0.484375 0.2916666666666667 0.4830729166666667
3 0.5807291666666666 0.23828125 0.5807291666666666 0.2565104166666667 0.5768229166666666 0.2604166666666667 0.57421875 0.2591145833333333 0.57421875 0.24609375 0.5755208333333334 0.24088541666666666 0.5794270833333334 0.23828125
3 0.19140625 0.69921875 0.18619791666666666 0.7135416666666666 0.1796875 0.7213541666666666 0.17317708333333334 0.7174479166666666 0.17317708333333334 0.7057291666666666 0.17708333333333334 0.7005208333333334 0.18489583333333334 0.703125 0.19010416666666666 0.69921875
3 0.3333333333333333 0.4700520833333333 0.3385416666666667 0.4700520833333333 0.3424479166666667 0.47265625 0.34375 0.4765625 0.3411458333333333 0.4869791666666667 0.3359375 0.48828125 0.33203125 0.4765625 0.3333333333333333 0.4713541666666667
3 0.32421875 0.7291666666666666 0.3268229166666667 0.7291666666666666 0.3268229166666667 0.7434895833333334 0.3229166666666667 0.7473958333333334 0.31640625 0.7447916666666666 0.3177083333333333 0.734375 0.32421875 0.73046875