1 0.7726562499999999 0.79722222265625 0.77578125 0.7958333333333334 0.7765624999999999 0.7930555559895834 0.7765624999999999 0.7916666666666666 0.775 0.7888888893229167 0.7726562499999999 0.7888888893229167 0.77109375 0.7930555559895834 0.7726562499999999 0.79722222265625
0 0.90625 0.4166666666666667 0.9114583333333334 0.4140625 0.92578125 0.4127604166666667 0.9986979166666666 0.4114583333333333 0.9986979166666666 0.41796875 0.9192708333333334 0.4192708333333333 0.90625 0.4231770833333333 0.8958333333333334 0.4296875 0.8763020833333334 0.4583333333333333 0.8671875 0.4895833333333333 0.8645833333333334 0.5130208333333334 0.8658854166666666 0.5442708333333334 0.87109375 0.5690104166666666 0.87890625 0.5885416666666666 0.8958333333333334 0.6119791666666666 0.9140625 0.6223958333333334 0.9986979166666666 0.6197916666666666 0.9986979166666666 0.6263020833333334 0.9114583333333334 0.6276041666666666 0.8958333333333334 0.6184895833333334 0.8880208333333334 0.6106770833333334 0.8723958333333334 0.5846354166666666 0.8645833333333334 0.5572916666666666 0.8619791666666666 0.5325520833333334 0.8619791666666666 0.5065104166666666 0.8645833333333334 0.4856770833333333 0.8723958333333334 0.4583333333333333 0.8841145833333334 0.4361979166666667 0.8919270833333334 0.4270833333333333 0.90625 0.41796875
0 0.1953125 0.5598958333333334 0.19791666666666666 0.5598958333333334 0.19791666666666666 0.578125 0.19140625 0.6067708333333334 0.1796875 0.6315104166666666 0.16666666666666666 0.6471354166666666 0.15885416666666666 0.65234375 0.14713541666666666 0.65625 0.12109375 0.6588541666666666 0.040364583333333336 0.6614583333333334 0.036458333333333336 0.6614583333333334 0.033854166666666664 0.6588541666666666 0.03515625 0.65625 0.13802083333333334 0.65234375 0.15494791666666666 0.6484375 0.16536458333333334 0.640625 0.17708333333333334 0.6276041666666666 0.1875 0.6067708333333334 0.19401041666666666 0.5807291666666666 0.1953125 0.5611979166666666
2 0.5247395833333334 0.11979166666666667 0.52734375 0.14322916666666666 0.52734375 0.33984375 0.5299479166666666 0.3841145833333333 0.5286458333333334 0.4075520833333333 0.53125 0.5611979166666666 0.53125 0.6822916666666666 0.53125 0.6783854166666666 0.5286458333333334 0.67578125 0.52734375 0.6276041666666666 0.52734375 0.43359375 0.5247395833333334 0.3528645833333333 0.5234375 0.1484375 0.5247395833333334 0.12109375
3 0.5078125 0.3255208333333333 0.5104166666666666 0.3255208333333333 0.5143229166666666 0.3333333333333333 0.5143229166666666 0.33984375 0.5104166666666666 0.3489583333333333 0.5052083333333334 0.34765625 0.5052083333333334 0.3359375 0.5078125 0.3268229166666667
3 0.56640625 0.2942708333333333 0.5703125 0.2955729166666667 0.57421875 0.3020833333333333 0.57421875 0.3151041666666667 0.5703125 0.3229166666666667 0.56640625 0.32421875 0.5611979166666666 0.3138020833333333 0.5611979166666666 0.30078125 0.5651041666666666 0.2955729166666667
3 0.5247395833333334 0.6770833333333334 0.5286458333333334 0.67578125 0.53125 0.6796875 0.53125 0.6901041666666666 0.52734375 0.6953125 0.5247395833333334 0.6953125 0.5247395833333334 0.6783854166666666
3 0.47265625 0.4817708333333333 0.48046875 0.4869791666666667 0.48046875 0.49609375 0.4765625 0.5026041666666666 0.4700520833333333 0.5013020833333334 0.46875 0.4973958333333333 0.46875 0.4869791666666667 0.4713541666666667 0.4830729166666667
3 0.7864583333333334 0.796875 0.7890625 0.8046875 0.79296875 0.8072916666666666 0.7942708333333334 0.8111979166666666 0.79296875 0.81640625 0.78125 0.8255208333333334 0.77734375 0.8203125 0.7708333333333334 0.8203125 0.76953125 0.8151041666666666 0.78515625 0.796875
3 0.5625 0.859375 0.56640625 0.8606770833333334 0.56640625 0.8658854166666666 0.5690104166666666 0.8697916666666666 0.56640625 0.8841145833333334 0.5625 0.8841145833333334 0.5598958333333334 0.8815104166666666 0.55859375 0.8697916666666666 0.5625 0.8606770833333334
3 0.8190104166666666 0.55078125 0.828125 0.5520833333333334 0.8307291666666666 0.5546875 0.8307291666666666 0.5638020833333334 0.8203125 0.5690104166666666 0.81640625 0.5677083333333334 0.81640625 0.5598958333333334 0.8138020833333334 0.5546875 0.8177083333333334 0.55078125
3 0.6106770833333334 0.7083333333333334 0.6158854166666666 0.7161458333333334 0.6145833333333334 0.7252604166666666 0.60546875 0.7252604166666666 0.60546875 0.7174479166666666 0.6106770833333334 0.7096354166666666
3 0.7734375 0.20442708333333334 0.7760416666666666 0.2109375 0.7747395833333334 0.21484375 0.7721354166666666 0.22005208333333334 0.7643229166666666 0.2265625 0.76171875 0.22526041666666666 0.7630208333333334 0.21354166666666666 0.7721354166666666 0.20442708333333334
3 0.77734375 0.421875 0.78125 0.421875 0.7864583333333334 0.42578125 0.78515625 0.4309895833333333 0.77734375 0.4348958333333333 0.77734375 0.4440104166666667 0.7734375 0.4479166666666667 0.7708333333333334 0.44140625 0.77734375 0.4231770833333333
3 0.9401041666666666 0.5416666666666666 0.94140625 0.5481770833333334 0.9375 0.5533854166666666 0.9244791666666666 0.5533854166666666 0.9231770833333334 0.5442708333333334 0.92578125 0.5403645833333334 0.9388020833333334 0.5416666666666666
3 0.18098958333333334 0.53515625 0.18619791666666666 0.5325520833333334 0.19791666666666666 0.5442708333333334 0.19270833333333334 0.55078125 0.1875 0.5533854166666666 0.18359375 0.5520833333333334 0.18098958333333334 0.55078125 0.17838541666666666 0.5442708333333334 0.18098958333333334 0.5364583333333334