1 0.15859375 0.6361111106770834 0.15937500000000002 0.6305555559895833 0.1578125 0.62777777734375 0.15625 0.62777777734375 0.1546875 0.6291666666666667 0.1546875 0.6333333333333333 0.15625 0.6361111106770834 0.15859375 0.6361111106770834
0 0.020833333333333332 0.41015625 0.08203125 0.4127604166666667 0.09505208333333333 0.4166666666666667 0.11458333333333333 0.4348958333333333 0.13020833333333334 0.4661458333333333 0.13541666666666666 0.4895833333333333 0.13802083333333334 0.5182291666666666 0.13671875 0.5455729166666666 0.13020833333333334 0.5755208333333334 0.11458333333333333 0.6067708333333334 0.10286458333333333 0.6184895833333334 0.0859375 0.6276041666666666 0.0234375 0.6263020833333334 0.022135416666666668 0.6236979166666666 0.018229166666666668 0.6236979166666666 0.016927083333333332 0.6263020833333334 0.0078125 0.6263020833333334 0.006510416666666667 0.6236979166666666 0.00390625 0.6263020833333334 0 0.6263020833333334 0 0.6197916666666666 0.08072916666666667 0.6223958333333334 0.09895833333333333 0.6158854166666666 0.10807291666666667 0.6067708333333334 0.12109375 0.5859375 0.12890625 0.56640625 0.12890625 0.5598958333333334 0.1328125 0.5494791666666666 0.13411458333333334 0.50390625 0.12890625 0.4739583333333333 0.11588541666666667 0.4453125 0.09895833333333333 0.42578125 0.08203125 0.4192708333333333 0 0.4153645833333333 0 0.4114583333333333 0.0026041666666666665 0.41015625 0.01953125 0.41015625
0 0.8033854166666666 0.5520833333333334 0.8059895833333334 0.5859375 0.8151041666666666 0.6145833333333334 0.8177083333333334 0.6158854166666666 0.8255208333333334 0.6315104166666666 0.8450520833333334 0.6484375 0.859375 0.65234375 0.9244791666666666 0.6536458333333334 0.9661458333333334 0.6575520833333334 0.9609375 0.6614583333333334 0.8776041666666666 0.6588541666666666 0.8515625 0.65625 0.8385416666666666 0.6510416666666666 0.8203125 0.6328125 0.80859375 0.6080729166666666 0.80078125 0.57421875 0.80078125 0.5559895833333334 0.8033854166666666 0.5533854166666666
2 0.4713541666666667 0.3463541666666667 0.4739583333333333 0.3515625 0.4739583333333333 0.4557291666666667 0.4713541666666667 0.4635416666666667 0.4713541666666667 0.6341145833333334 0.4700520833333333 0.6796875 0.4674479166666667 0.6822916666666666 0.4661458333333333 0.6796875 0.4713541666666667 0.34765625
3 0.51171875 0.4856770833333333 0.5143229166666666 0.4908854166666667 0.5130208333333334 0.5026041666666666 0.5078125 0.5026041666666666 0.5078125 0.4869791666666667 0.5104166666666666 0.4856770833333333
3 0.4231770833333333 0.3033854166666667 0.4283854166666667 0.3111979166666667 0.4283854166666667 0.3216145833333333 0.4270833333333333 0.3255208333333333 0.421875 0.3294270833333333 0.4140625 0.32421875 0.4127604166666667 0.3151041666666667 0.4140625 0.3072916666666667 0.4192708333333333 0.3020833333333333 0.421875 0.3033854166666667
3 0.4596354166666667 0.6744791666666666 0.4674479166666667 0.6809895833333334 0.4661458333333333 0.69140625 0.4635416666666667 0.6940104166666666 0.4609375 0.6940104166666666 0.45703125 0.6888020833333334 0.4544270833333333 0.6744791666666666 0.4583333333333333 0.6744791666666666
3 0.16276041666666666 0.55859375 0.16536458333333334 0.5598958333333334 0.16536458333333334 0.5716145833333334 0.16145833333333334 0.578125 0.14713541666666666 0.5755208333333334 0.14713541666666666 0.5625 0.15104166666666666 0.5598958333333334 0.16145833333333334 0.55859375
3 0.20963541666666666 0.421875 0.22395833333333334 0.4296875 0.22395833333333334 0.4401041666666667 0.22005208333333334 0.4427083333333333 0.21223958333333334 0.43359375 0.20703125 0.4309895833333333 0.20703125 0.42578125 0.20963541666666666 0.4231770833333333
3 0.19010416666666666 0.7916666666666666 0.19270833333333334 0.7916666666666666 0.19401041666666666 0.7955729166666666 0.19270833333333334 0.8033854166666666 0.18619791666666666 0.80859375 0.18359375 0.8151041666666666 0.1796875 0.8138020833333334 0.1796875 0.8046875 0.18229166666666666 0.7994791666666666 0.19010416666666666 0.79296875
3 0.2265625 0.20833333333333334 0.23567708333333334 0.21744791666666666 0.23828125 0.22395833333333334 0.23697916666666666 0.23046875 0.234375 0.23046875 0.23307291666666666 0.2265625 0.22526041666666666 0.22005208333333334 0.22395833333333334 0.21223958333333334 0.2265625 0.20963541666666666
3 0.37890625 0.69140625 0.3854166666666667 0.6901041666666666 0.3880208333333333 0.6979166666666666 0.3880208333333333 0.7018229166666666 0.3828125 0.70703125 0.37890625 0.7044270833333334 0.37890625 0.6927083333333334
3 0.7994791666666666 0.5260416666666666 0.8033854166666666 0.5338541666666666 0.80078125 0.5481770833333334 0.7864583333333334 0.54296875 0.7838541666666666 0.5390625 0.78515625 0.53515625 0.7916666666666666 0.5325520833333334 0.7981770833333334 0.5260416666666666
3 0.4713541666666667 0.3125 0.4739583333333333 0.3125 0.4752604166666667 0.3151041666666667 0.4752604166666667 0.3255208333333333 0.4778645833333333 0.3294270833333333 0.4778645833333333 0.3346354166666667 0.4752604166666667 0.3372395833333333 0.4713541666666667 0.3346354166666667 0.4713541666666667 0.3294270833333333 0.4674479166666667 0.32421875 0.4674479166666667 0.3177083333333333 0.4713541666666667 0.3138020833333333
3 0.06770833333333333 0.5494791666666666 0.06770833333333333 0.5651041666666666 0.06380208333333333 0.5611979166666666 0.05078125 0.5598958333333334 0.05078125 0.55078125 0.053385416666666664 0.5481770833333334 0.061197916666666664 0.546875 0.06640625 0.5494791666666666
3 0.41796875 0.84375 0.421875 0.8450520833333334 0.4244791666666667 0.8489583333333334 0.4244791666666667 0.8763020833333334 0.421875 0.8763020833333334 0.4140625 0.8567708333333334 0.4166666666666667 0.8450520833333334