1 0.57578125 0.44166666666666665 0.5750000000000001 0.43888888932291664 0.57421875 0.4375 0.5710937500000001 0.4375 0.5703125 0.44027777734375 0.5710937500000001 0.4458333333333333 0.57421875 0.4458333333333333 0.57578125 0.44166666666666665
0 0 0.4166666666666667 0.026041666666666668 0.4166666666666667 0.02734375 0.4192708333333333 0.09244791666666667 0.4205729166666667 0.09895833333333333 0.421875 0.11458333333333333 0.4309895833333333 0.12630208333333334 0.4466145833333333 0.13802083333333334 0.4700520833333333 0.14583333333333334 0.5026041666666666 0.14713541666666666 0.51953125 0.14583333333333334 0.5533854166666666 0.13802083333333334 0.5859375 0.12630208333333334 0.609375 0.109375 0.6276041666666666 0.09505208333333333 0.6341145833333334 0 0.6315104166666666 0 0.6236979166666666 0.022135416666666668 0.625 0.0234375 0.6276041666666666 0.041666666666666664 0.6276041666666666 0.04296875 0.625 0.045572916666666664 0.6276041666666666 0.05078125 0.6276041666666666 0.052083333333333336 0.625 0.0546875 0.625 0.055989583333333336 0.6276041666666666 0.08854166666666667 0.62890625 0.09635416666666667 0.6276041666666666 0.09765625 0.625 0.10807291666666667 0.62109375 0.11979166666666667 0.609375 0.1328125 0.5872395833333334 0.13932291666666666 0.5677083333333334 0.14322916666666666 0.546875 0.14322916666666666 0.5065104166666666 0.140625 0.5013020833333334 0.13932291666666666 0.4856770833333333 0.13671875 0.4830729166666667 0.13671875 0.4778645833333333 0.12890625 0.4622395833333333 0.12890625 0.4583333333333333 0.11067708333333333 0.4348958333333333 0.09244791666666667 0.42578125 0 0.4231770833333333 0 0.41796875
0 0.84375 0.4583333333333333 0.859375 0.4505208333333333 0.9778645833333334 0.453125 0.9791666666666666 0.4557291666666667 0.9778645833333334 0.4596354166666667 0.8619791666666666 0.4557291666666667 0.8515625 0.4609375 0.8372395833333334 0.47265625 0.8229166666666666 0.49609375 0.8151041666666666 0.5208333333333334 0.8111979166666666 0.5572916666666666 0.8151041666666666 0.59375 0.8229166666666666 0.6171875 0.8307291666666666 0.6328125 0.84765625 0.6510416666666666 0.8619791666666666 0.6575520833333334 0.8736979166666666 0.6588541666666666 0.9127604166666666 0.6588541666666666 0.9752604166666666 0.6627604166666666 0.9752604166666666 0.6653645833333334 0.96875 0.6653645833333334 0.9674479166666666 0.66796875 0.96484375 0.66796875 0.9635416666666666 0.6653645833333334 0.8763020833333334 0.6640625 0.8567708333333334 0.6614583333333334 0.84375 0.6549479166666666 0.82421875 0.6302083333333334 0.8125 0.59765625 0.80859375 0.5677083333333334 0.80859375 0.546875 0.8125 0.5169270833333334 0.8203125 0.4921875 0.828125 0.4765625 0.84375 0.4596354166666667
2 0.48046875 0.125 0.4830729166666667 0.125 0.484375 0.1484375 0.4817708333333333 0.24609375 0.4817708333333333 0.46484375 0.4791666666666667 0.5208333333333334 0.48046875 0.55859375 0.4752604166666667 0.5377604166666666 0.4791666666666667 0.3776041666666667 0.48046875 0.12630208333333334
3 0.3971354166666667 0.5494791666666666 0.40234375 0.5546875 0.4010416666666667 0.5651041666666666 0.3971354166666667 0.56640625 0.39453125 0.5638020833333334 0.3932291666666667 0.5520833333333334 0.3958333333333333 0.55078125
3 0.4674479166666667 0.5234375 0.4713541666666667 0.5299479166666666 0.4713541666666667 0.5455729166666666 0.4674479166666667 0.5494791666666666 0.4635416666666667 0.5481770833333334 0.4609375 0.5403645833333334 0.4609375 0.5286458333333334 0.4661458333333333 0.5234375
3 0.5260416666666666 0.20833333333333334 0.53125 0.21614583333333334 0.5299479166666666 0.23307291666666666 0.5260416666666666 0.23697916666666666 0.5234375 0.2265625 0.5234375 0.21223958333333334 0.5260416666666666 0.20963541666666666
3 0.5026041666666666 0.4010416666666667 0.5065104166666666 0.40625 0.5052083333333334 0.4205729166666667 0.5 0.421875 0.49609375 0.4140625 0.49609375 0.4075520833333333 0.5013020833333334 0.40234375
3 0.2825520833333333 0.7291666666666666 0.2877604166666667 0.7291666666666666 0.2864583333333333 0.7434895833333334 0.2838541666666667 0.7486979166666666 0.2734375 0.7421875 0.2734375 0.73828125 0.2825520833333333 0.73046875
3 0.5013020833333334 0.73828125 0.5026041666666666 0.7552083333333334 0.5 0.7578125 0.4973958333333333 0.7578125 0.4934895833333333 0.7513020833333334 0.4947916666666667 0.7408854166666666 0.5 0.73828125
3 0.36328125 0.24609375 0.3658854166666667 0.24739583333333334 0.3658854166666667 0.2526041666666667 0.3697916666666667 0.2591145833333333 0.3684895833333333 0.2669270833333333 0.3658854166666667 0.26953125 0.3619791666666667 0.26953125 0.359375 0.2643229166666667 0.359375 0.2565104166666667 0.36328125 0.24739583333333334
3 0.4283854166666667 0.5833333333333334 0.4322916666666667 0.5950520833333334 0.4322916666666667 0.6028645833333334 0.42578125 0.6015625 0.42578125 0.5859375 0.4283854166666667 0.5846354166666666
3 0.5885416666666666 0.44140625 0.58984375 0.4505208333333333 0.5872395833333334 0.4622395833333333 0.58203125 0.4609375 0.58203125 0.4427083333333333 0.5872395833333334 0.44140625
3 0.5989583333333334 0.7005208333333334 0.5989583333333334 0.7213541666666666 0.59375 0.7200520833333334 0.5924479166666666 0.7122395833333334 0.58984375 0.7096354166666666 0.58984375 0.703125 0.59765625 0.7005208333333334
3 0.18098958333333334 0.5651041666666666 0.18619791666666666 0.5703125 0.18229166666666666 0.5768229166666666 0.17057291666666666 0.5755208333333334 0.16796875 0.5716145833333334 0.16796875 0.5625 0.17057291666666666 0.5598958333333334 0.17708333333333334 0.5598958333333334 0.1796875 0.5651041666666666
3 0.453125 0.8216145833333334 0.45703125 0.828125 0.4557291666666667 0.83984375 0.453125 0.8411458333333334 0.44921875 0.8385416666666666 0.4479166666666667 0.8346354166666666 0.44921875 0.82421875 0.4518229166666667 0.8229166666666666