1 0.515625 0.6458333333333334 0.5171875 0.6458333333333334 0.5187499999999999 0.6444444440104167 0.5187499999999999 0.6388888893229167 0.515625 0.6361111106770834 0.5148437499999999 0.6375000000000001 0.5148437499999999 0.6444444440104167 0.515625 0.6458333333333334
0 0 0.4283854166666667 0.09895833333333333 0.4309895833333333 0.11197916666666667 0.4361979166666667 0.13020833333333334 0.4557291666666667 0.13802083333333334 0.4713541666666667 0.14583333333333334 0.4947916666666667 0.14973958333333334 0.5169270833333334 0.14973958333333334 0.5559895833333334 0.14583333333333334 0.5794270833333334 0.14322916666666666 0.58203125 0.14192708333333334 0.59375 0.13411458333333334 0.6106770833333334 0.11848958333333333 0.6315104166666666 0.1015625 0.640625 0.08984375 0.6419270833333334 0 0.6393229166666666 0 0.6341145833333334 0.09635416666666667 0.63671875 0.11197916666666667 0.6302083333333334 0.125 0.6158854166666666 0.13541666666666666 0.59765625 0.14322916666666666 0.5729166666666666 0.14453125 0.5559895833333334 0.14713541666666666 0.5494791666666666 0.14713541666666666 0.5234375 0.13932291666666666 0.484375 0.13151041666666666 0.4674479166666667 0.11588541666666667 0.4466145833333333 0.10416666666666667 0.4401041666666667 0.09635416666666667 0.4388020833333333 0.09505208333333333 0.4361979166666667 0 0.43359375 0 0.4296875
0 0.8802083333333334 0.4544270833333333 0.9713541666666666 0.45703125 0.9752604166666666 0.4609375 0.9739583333333334 0.4635416666666667 0.859375 0.4609375 0.8463541666666666 0.4661458333333333 0.83203125 0.4791666666666667 0.8229166666666666 0.4934895833333333 0.8216145833333334 0.5013020833333334 0.8151041666666666 0.5130208333333334 0.8098958333333334 0.5377604166666666 0.8098958333333334 0.5859375 0.8190104166666666 0.6184895833333334 0.8268229166666666 0.6341145833333334 0.8372395833333334 0.6458333333333334 0.8372395833333334 0.6484375 0.85546875 0.66015625 0.9700520833333334 0.6640625 0.9713541666666666 0.6692708333333334 0.96875 0.6705729166666666 0.87890625 0.66796875 0.8776041666666666 0.6653645833333334 0.8528645833333334 0.6640625 0.83984375 0.6575520833333334 0.8307291666666666 0.6484375 0.81640625 0.6223958333333334 0.80859375 0.5963541666666666 0.8059895833333334 0.5651041666666666 0.8072916666666666 0.53515625 0.81640625 0.4986979166666667 0.828125 0.4765625 0.84765625 0.4583333333333333 0.859375 0.4544270833333333 0.87890625 0.4544270833333333
2 0.4778645833333333 0.4817708333333333 0.4778645833333333 0.4869791666666667 0.48046875 0.4895833333333333 0.4791666666666667 0.65234375 0.4739583333333333 0.9596354166666666 0.4713541666666667 0.9401041666666666 0.4765625 0.6380208333333334 0.4765625 0.4830729166666667
3 0.4622395833333333 0.24348958333333334 0.4661458333333333 0.2565104166666667 0.4661458333333333 0.2643229166666667 0.4635416666666667 0.26953125 0.4596354166666667 0.2682291666666667 0.4557291666666667 0.2552083333333333 0.4557291666666667 0.24479166666666666 0.4583333333333333 0.2421875 0.4609375 0.24348958333333334
3 0.5091145833333334 0.7135416666666666 0.51171875 0.71484375 0.5143229166666666 0.734375 0.5169270833333334 0.7395833333333334 0.515625 0.7486979166666666 0.5078125 0.7434895833333334 0.5078125 0.7291666666666666 0.5052083333333334 0.72265625 0.5091145833333334 0.71484375
3 0.515625 0.63671875 0.5182291666666666 0.63671875 0.5182291666666666 0.6419270833333334 0.5260416666666666 0.6549479166666666 0.5260416666666666 0.66796875 0.5234375 0.6705729166666666 0.51953125 0.66796875 0.5143229166666666 0.6575520833333334 0.515625 0.6380208333333334
3 0.59765625 0.5234375 0.6041666666666666 0.5260416666666666 0.6028645833333334 0.5377604166666666 0.5989583333333334 0.5403645833333334 0.5924479166666666 0.5364583333333334 0.59765625 0.5247395833333334
3 0.5807291666666666 0.24479166666666666 0.5846354166666666 0.24609375 0.5846354166666666 0.265625 0.5807291666666666 0.2669270833333333 0.57421875 0.2552083333333333 0.57421875 0.2526041666666667 0.5807291666666666 0.24609375
3 0.3971354166666667 0.3372395833333333 0.4010416666666667 0.33984375 0.4036458333333333 0.3489583333333333 0.4010416666666667 0.3671875 0.3971354166666667 0.36328125 0.3932291666666667 0.3528645833333333 0.3932291666666667 0.33984375 0.3958333333333333 0.3385416666666667
3 0.43359375 0.7955729166666666 0.4361979166666667 0.7955729166666666 0.4427083333333333 0.81640625 0.4427083333333333 0.8268229166666666 0.4388020833333333 0.8307291666666666 0.4361979166666667 0.828125 0.4309895833333333 0.8151041666666666 0.43359375 0.796875
3 0.44921875 0.3489583333333333 0.4518229166666667 0.3489583333333333 0.4557291666666667 0.3541666666666667 0.4557291666666667 0.3645833333333333 0.4583333333333333 0.3723958333333333 0.4583333333333333 0.390625 0.4557291666666667 0.390625 0.4479166666666667 0.3580729166666667 0.44921875 0.3502604166666667
3 0.4544270833333333 0.5807291666666666 0.4544270833333333 0.5989583333333334 0.4518229166666667 0.6002604166666666 0.4466145833333333 0.59765625 0.4453125 0.5911458333333334 0.4479166666666667 0.5833333333333334 0.453125 0.5807291666666666
3 0.7239583333333334 0.58984375 0.7291666666666666 0.6002604166666666 0.7278645833333334 0.6080729166666666 0.7239583333333334 0.6106770833333334 0.71875 0.609375 0.7161458333333334 0.6028645833333334 0.7174479166666666 0.59375 0.72265625 0.58984375
3 0.5364583333333334 0.43359375 0.5442708333333334 0.4427083333333333 0.54296875 0.45703125 0.5416666666666666 0.4596354166666667 0.5390625 0.4596354166666667 0.53125 0.44921875 0.53125 0.4453125 0.53515625 0.4427083333333333 0.5364583333333334 0.4348958333333333
3 0.471875 0.44027777734375 0.47265625 0.4569444440104167 0.48281250000000003 0.4569444440104167 0.484375 0.4458333333333333 0.48046875 0.43611111067708336 0.471875 0.44027777734375