1 0.46796875 0.60277777734375 0.46953125 0.60277777734375 0.47031249999999997 0.6013888893229167 0.47031249999999997 0.59722222265625 0.46796875 0.59722222265625 0.46718750000000003 0.5986111106770834 0.46718750000000003 0.6013888893229167 0.46796875 0.60277777734375
3 0.3671875 0.26953125 0.3619791666666667 0.2591145833333333 0.36328125 0.25 0.3658854166666667 0.24739583333333334 0.3697916666666667 0.24739583333333334 0.37109375 0.2565104166666667 0.375 0.2643229166666667 0.375 0.26953125 0.3684895833333333 0.26953125
3 0.3567708333333333 0.5299479166666666 0.3619791666666667 0.5299479166666666 0.3658854166666667 0.5377604166666666 0.3645833333333333 0.5455729166666666 0.3619791666666667 0.5481770833333334 0.3567708333333333 0.546875 0.3567708333333333 0.53125
3 0.5533854166666666 0.24088541666666666 0.5546875 0.2526041666666667 0.5494791666666666 0.26171875 0.546875 0.2591145833333333 0.546875 0.24479166666666666 0.5494791666666666 0.23958333333333334 0.5520833333333334 0.24088541666666666
3 0.5169270833333334 0.3841145833333333 0.51953125 0.38671875 0.5221354166666666 0.3984375 0.515625 0.4088541666666667 0.5091145833333334 0.4075520833333333 0.5091145833333334 0.390625 0.515625 0.3841145833333333
3 0.4244791666666667 0.6223958333333334 0.4283854166666667 0.6236979166666666 0.4322916666666667 0.6302083333333334 0.4270833333333333 0.6419270833333334 0.4244791666666667 0.64453125 0.421875 0.6419270833333334 0.4231770833333333 0.6236979166666666
3 0.5390625 0.4466145833333333 0.5455729166666666 0.4518229166666667 0.5455729166666666 0.4609375 0.5416666666666666 0.46484375 0.5364583333333334 0.46484375 0.5364583333333334 0.4518229166666667 0.5390625 0.4479166666666667
3 0.5729166666666666 0.5325520833333334 0.5703125 0.5455729166666666 0.56640625 0.5494791666666666 0.5625 0.546875 0.5638020833333334 0.53125 0.5677083333333334 0.5286458333333334 0.5716145833333334 0.5325520833333334
3 0.5989583333333334 0.3411458333333333 0.6028645833333334 0.3385416666666667 0.6080729166666666 0.33984375 0.6067708333333334 0.35546875 0.6041666666666666 0.36328125 0.59765625 0.37109375 0.5989583333333334 0.3424479166666667
3 0.5078125 0.3046875 0.5078125 0.3216145833333333 0.50390625 0.328125 0.4986979166666667 0.3177083333333333 0.5 0.3111979166666667 0.5065104166666666 0.3046875
3 0.5989583333333334 0.3411458333333333 0.6028645833333334 0.3385416666666667 0.6080729166666666 0.33984375 0.6080729166666666 0.3502604166666667 0.6041666666666666 0.3580729166666667 0.5989583333333334 0.3567708333333333 0.5989583333333334 0.3424479166666667
3 0.24609375 0.5390625 0.25 0.5546875 0.25 0.55859375 0.24739583333333334 0.5598958333333334 0.23958333333333334 0.55859375 0.23697916666666666 0.5559895833333334 0.23958333333333334 0.5416666666666666 0.24479166666666666 0.5390625
3 0.4700520833333333 0.7109375 0.4700520833333333 0.6966145833333334 0.47265625 0.6927083333333334 0.4791666666666667 0.69921875 0.4791666666666667 0.7044270833333334 0.4752604166666667 0.7122395833333334 0.4713541666666667 0.7109375
2 0.5221354166666666 0.4140625 0.5221354166666666 0.421875 0.5247395833333334 0.4270833333333333 0.5234375 0.46484375 0.52734375 0.8723958333333334 0.5247395833333334 0.8736979166666666 0.5234375 0.859375 0.5247395833333334 0.7760416666666666 0.5234375 0.6484375 0.5208333333333334 0.640625 0.5208333333333334 0.4153645833333333
0 1 0.4319444440104167 0.99609375 0.43055555598958334 0.9 0.43472222265625 0.88046875 0.44861111067708337 0.859375 0.4875 0.85390625 0.51527777734375 0.8523437500000001 0.5541666666666667 0.8624999999999999 0.6 0.8765625 0.625 0.9015624999999999 0.6444444440104167 1 0.6430555559895833 1 0.6361111106770834 0.896875 0.6361111106770834 0.88125 0.62222222265625 0.86875 0.60277777734375 0.8585937499999999 0.5694444440104166 0.85703125 0.5458333333333333 0.85703125 0.5180555559895833 0.8609375 0.49722222265625 0.8718750000000001 0.4694444440104167 0.88671875 0.45 0.9 0.44027777734375 1 0.4375 1 0.4319444440104167
0 0.15 0.4611111106770833 0.028125 0.46249999999999997 0.028125 0.4666666666666666 0.03671875 0.4680555559895833 0.15312499999999998 0.4680555559895833 0.17734375 0.4944444440104167 0.18828124999999998 0.52222222265625 0.19296875 0.5499999999999999 0.19296875 0.5805555559895833 0.18515625 0.6194444440104167 0.16953125 0.64722222265625 0.15390625 0.6611111106770834 0.03671875 0.6736111106770833 0.14453125 0.6708333333333334 0.165625 0.6583333333333333 0.18359375 0.6333333333333333 0.19296875 0.6041666666666666 0.196875 0.5736111106770834 0.19375 0.5291666666666667 0.18671875000000002 0.5041666666666667 0.17578125 0.48333333333333334 0.15 0.4611111106770833