1 0.3 0.2833333333333333 0.29765625 0.2805555559895833 0.29609375 0.2805555559895833 0.29531250000000003 0.28611111067708334 0.296875 0.2888888893229167 0.3 0.28750000000000003 0.3 0.2833333333333333
0 0 0.4322916666666667 0.07682291666666667 0.43359375 0.09505208333333333 0.4375 0.11197916666666667 0.4518229166666667 0.12630208333333334 0.4752604166666667 0.13411458333333334 0.4973958333333333 0.13802083333333334 0.5299479166666666 0.13671875 0.5690104166666666 0.13020833333333334 0.59765625 0.11588541666666667 0.6263020833333334 0.10286458333333333 0.6393229166666666 0.0859375 0.6484375 0.020833333333333332 0.6471354166666666 0.01953125 0.64453125 0 0.64453125 0 0.6393229166666666 0.06640625 0.6419270833333334 0.08854166666666667 0.640625 0.10286458333333333 0.6328125 0.12109375 0.6080729166666666 0.12760416666666666 0.5924479166666666 0.13411458333333334 0.5638020833333334 0.13541666666666666 0.5442708333333334 0.1328125 0.51171875 0.12369791666666667 0.4791666666666667 0.11067708333333333 0.4583333333333333 0.10286458333333333 0.4505208333333333 0.08463541666666667 0.44140625 0 0.4388020833333333 0 0.43359375
0 0.8203125 0.4830729166666667 0.8294270833333334 0.47265625 0.8463541666666666 0.4635416666666667 0.9479166666666666 0.46484375 0.9661458333333334 0.4674479166666667 0.9661458333333334 0.4700520833333333 0.9635416666666666 0.4713541666666667 0.8515625 0.4674479166666667 0.8359375 0.4739583333333333 0.8294270833333334 0.4791666666666667 0.8151041666666666 0.4986979166666667 0.8072916666666666 0.5169270833333334 0.80078125 0.55078125 0.80078125 0.58203125 0.8059895833333334 0.61328125 0.8111979166666666 0.62890625 0.8216145833333334 0.6471354166666666 0.8359375 0.6614583333333334 0.8463541666666666 0.6666666666666666 0.8515625 0.6666666666666666 0.8528645833333334 0.6692708333333334 0.9622395833333334 0.6731770833333334 0.9622395833333334 0.6783854166666666 0.8515625 0.6744791666666666 0.8359375 0.66796875 0.81640625 0.6484375 0.80078125 0.609375 0.796875 0.5572916666666666 0.8046875 0.5143229166666666 0.81640625 0.48828125 0.8203125 0.484375
2 0.4713541666666667 0.140625 0.4739583333333333 0.140625 0.4739583333333333 0.2825520833333333 0.4713541666666667 0.2890625 0.47265625 0.29296875 0.4700520833333333 0.296875 0.47265625 0.30078125 0.47265625 0.3255208333333333 0.4700520833333333 0.6614583333333334 0.4674479166666667 0.7317708333333334 0.4674479166666667 0.8984375 0.4661458333333333 0.9635416666666666 0.4635416666666667 0.9661458333333334 0.4622395833333333 0.9401041666666666 0.46484375 0.68359375 0.4674479166666667 0.6549479166666666 0.46484375 0.6432291666666666 0.4674479166666667 0.6354166666666666 0.46875 0.2864583333333333 0.4713541666666667 0.14192708333333334
3 0.6575520833333334 0.5690104166666666 0.6614583333333334 0.578125 0.6549479166666666 0.5846354166666666 0.6484375 0.578125 0.6484375 0.5716145833333334 0.6510416666666666 0.5677083333333334 0.65625 0.5690104166666666
3 0.5833333333333334 0.3046875 0.5846354166666666 0.32421875 0.5807291666666666 0.3268229166666667 0.57421875 0.3229166666666667 0.57421875 0.3111979166666667 0.578125 0.3059895833333333 0.58203125 0.3046875
3 0.4361979166666667 0.22135416666666666 0.4401041666666667 0.22526041666666666 0.4401041666666667 0.23828125 0.4361979166666667 0.24088541666666666 0.4309895833333333 0.22786458333333334 0.4322916666666667 0.22265625 0.4348958333333333 0.22135416666666666
3 0.63671875 0.63671875 0.6419270833333334 0.6419270833333334 0.640625 0.6536458333333334 0.63671875 0.65625 0.6276041666666666 0.640625 0.62890625 0.6380208333333334 0.6354166666666666 0.6380208333333334
3 0.4791666666666667 0.2877604166666667 0.4856770833333333 0.2916666666666667 0.4869791666666667 0.2981770833333333 0.484375 0.3098958333333333 0.48046875 0.3111979166666667 0.4752604166666667 0.3059895833333333 0.4739583333333333 0.3033854166666667 0.4791666666666667 0.2890625
3 0.3151041666666667 0.24088541666666666 0.3190104166666667 0.24739583333333334 0.3177083333333333 0.2591145833333333 0.3138020833333333 0.2552083333333333 0.3072916666666667 0.2552083333333333 0.3072916666666667 0.24348958333333334 0.3098958333333333 0.24088541666666666 0.3138020833333333 0.24088541666666666
3 0.5989583333333334 0.7018229166666666 0.6028645833333334 0.70703125 0.5989583333333334 0.72265625 0.5924479166666666 0.7135416666666666 0.59375 0.7044270833333334 0.59765625 0.7018229166666666
3 0.5572916666666666 0.39453125 0.5598958333333334 0.3958333333333333 0.5611979166666666 0.4010416666666667 0.5611979166666666 0.4153645833333333 0.5572916666666666 0.4231770833333333 0.55078125 0.421875 0.5455729166666666 0.4140625 0.5494791666666666 0.4075520833333333 0.55078125 0.3984375 0.5559895833333334 0.39453125
3 0.4986979166666667 0.4817708333333333 0.5 0.4713541666666667 0.5026041666666666 0.4700520833333333 0.5052083333333334 0.4739583333333333 0.5065104166666666 0.4908854166666667 0.5052083333333334 0.4934895833333333 0.5026041666666666 0.4921875 0.5 0.48828125 0.5 0.4830729166666667
3 0.7838541666666666 0.44921875 0.79296875 0.4453125 0.796875 0.4453125 0.7994791666666666 0.4479166666666667 0.7994791666666666 0.4557291666666667 0.7942708333333334 0.4635416666666667 0.7877604166666666 0.4609375 0.7838541666666666 0.4505208333333333
3 0.703125 0.2916666666666667 0.70703125 0.296875 0.7057291666666666 0.3059895833333333 0.703125 0.3111979166666667 0.69921875 0.3111979166666667 0.6966145833333334 0.3072916666666667 0.6966145833333334 0.30078125 0.703125 0.29296875
3 0.543840625 0.9045083333333334 0.54621640625 0.8939583333333333 0.5499773437500001 0.89044027734375 0.54839375 0.8802416666666667 0.5426531250000001 0.8746138893229167 0.534734375 0.8719833333333334 0.53453671875 0.8809444440104167 0.53592265625 0.89184722265625 0.5381 0.90310277734375 0.543840625 0.9045083333333334