1 0.5031249999999999 0.4180555559895833 0.5046875000000001 0.42083333333333334 0.5070312499999999 0.41944444401041664 0.5070312499999999 0.4138888893229167 0.50625 0.41250000000000003 0.5046875000000001 0.41250000000000003 0.5031249999999999 0.4166666666666667 0.5031249999999999 0.4180555559895833
0 0.9986979166666666 0.4140625 0.9986979166666666 0.4192708333333333 0.99609375 0.4205729166666667 0.9075520833333334 0.4231770833333333 0.8919270833333334 0.4296875 0.8828125 0.4375 0.87109375 0.453125 0.8580729166666666 0.4895833333333333 0.85546875 0.5052083333333334 0.85546875 0.5442708333333334 0.86328125 0.578125 0.8776041666666666 0.60546875 0.8893229166666666 0.6171875 0.90234375 0.6236979166666666 0.9986979166666666 0.6223958333333334 0.9986979166666666 0.6276041666666666 0.9609375 0.6302083333333334 0.90234375 0.6302083333333334 0.8841145833333334 0.6197916666666666 0.8723958333333334 0.6067708333333334 0.8606770833333334 0.5846354166666666 0.8528645833333334 0.5494791666666666 0.8528645833333334 0.4986979166666667 0.85546875 0.4947916666666667 0.8567708333333334 0.4791666666666667 0.8684895833333334 0.44921875 0.87109375 0.4479166666666667 0.87890625 0.43359375 0.8919270833333334 0.4231770833333333 0.90625 0.4192708333333333 0.9075520833333334 0.4166666666666667 0.9973958333333334 0.4140625
0 0.13932291666666666 0.4479166666666667 0.15234375 0.453125 0.16666666666666666 0.4661458333333333 0.17447916666666666 0.4778645833333333 0.18619791666666666 0.5091145833333334 0.1875 0.5247395833333334 0.19010416666666666 0.5299479166666666 0.19140625 0.5611979166666666 0.19010416666666666 0.5794270833333334 0.1875 0.5833333333333334 0.1875 0.5924479166666666 0.18359375 0.6080729166666666 0.17057291666666666 0.6354166666666666 0.15885416666666666 0.6497395833333334 0.1484375 0.65625 0.13541666666666666 0.66015625 0.07291666666666667 0.6627604166666666 0.024739583333333332 0.6627604166666666 0.024739583333333332 0.66015625 0.053385416666666664 0.6575520833333334 0.08854166666666667 0.6575520833333334 0.10286458333333333 0.6549479166666666 0.13411458333333334 0.6549479166666666 0.15234375 0.6484375 0.16536458333333334 0.6341145833333334 0.1796875 0.6080729166666666 0.1875 0.5755208333333334 0.18880208333333334 0.5481770833333334 0.18489583333333334 0.5169270833333334 0.18098958333333334 0.5091145833333334 0.1796875 0.4986979166666667 0.16927083333333334 0.4778645833333333 0.15494791666666666 0.4622395833333333 0.140625 0.453125 0.0234375 0.4557291666666667 0.022135416666666668 0.4518229166666667 0.08984375 0.4479166666666667 0.13802083333333334 0.4479166666666667
2 0.5208333333333334 0.44140625 0.5234375 0.578125 0.5221354166666666 0.6276041666666666 0.5247395833333334 0.69921875 0.5234375 0.7135416666666666 0.5260416666666666 0.7473958333333334 0.5260416666666666 0.9518229166666666 0.5234375 0.9348958333333334 0.5234375 0.796875 0.5182291666666666 0.5494791666666666 0.51953125 0.49609375 0.5169270833333334 0.4596354166666667 0.5169270833333334 0.4479166666666667 0.51953125 0.4427083333333333
3 0.60546875 0.5729166666666666 0.6080729166666666 0.5729166666666666 0.61328125 0.5833333333333334 0.6119791666666666 0.59375 0.6080729166666666 0.5963541666666666 0.60546875 0.5950520833333334 0.60546875 0.57421875
3 0.43359375 0.6653645833333334 0.4401041666666667 0.6666666666666666 0.4388020833333333 0.68359375 0.43359375 0.6822916666666666 0.43359375 0.6666666666666666
3 0.56640625 0.6106770833333334 0.5703125 0.6119791666666666 0.5703125 0.62109375 0.56640625 0.62890625 0.5625 0.6276041666666666 0.5625 0.6145833333333334 0.5651041666666666 0.6119791666666666
3 0.4778645833333333 0.25 0.484375 0.25390625 0.4869791666666667 0.2604166666666667 0.4856770833333333 0.2682291666666667 0.4830729166666667 0.2721354166666667 0.48046875 0.2721354166666667 0.4765625 0.2643229166666667 0.4778645833333333 0.2513020833333333
3 0.72265625 0.7174479166666666 0.73046875 0.71875 0.7330729166666666 0.72265625 0.7330729166666666 0.73046875 0.7291666666666666 0.734375 0.72265625 0.7356770833333334 0.7200520833333334 0.7317708333333334 0.7200520833333334 0.7200520833333334 0.72265625 0.71875
3 0.53515625 0.7552083333333334 0.54296875 0.76171875 0.5442708333333334 0.765625 0.54296875 0.7721354166666666 0.5377604166666666 0.77734375 0.53515625 0.77734375 0.53515625 0.7565104166666666
3 0.8072916666666666 0.5611979166666666 0.80859375 0.5690104166666666 0.8059895833333334 0.5755208333333334 0.796875 0.5755208333333334 0.7955729166666666 0.5651041666666666 0.7955729166666666 0.5611979166666666 0.7981770833333334 0.55859375 0.8033854166666666 0.5625 0.8059895833333334 0.5611979166666666
3 0.6263020833333334 0.25390625 0.6341145833333334 0.2578125 0.6315104166666666 0.2734375 0.62890625 0.2786458333333333 0.6263020833333334 0.2786458333333333 0.6236979166666666 0.2760416666666667 0.6263020833333334 0.2552083333333333
3 0.4140625 0.4361979166666667 0.42578125 0.4453125 0.4205729166666667 0.4557291666666667 0.4153645833333333 0.45703125 0.4127604166666667 0.4518229166666667 0.4140625 0.4375
3 0.5182291666666666 0.4147135416666667 0.011067708333333334 0.031901041666666664
3 0.5476562500000001 0.5458333333333333 0.546875 0.52777777734375 0.5375 0.5291666666666667 0.53671875 0.5486111106770833 0.5476562500000001 0.5458333333333333
3 0.5593750000000001 0.8736111106770833 0.5593750000000001 0.8513888893229167 0.553125 0.8680555559895833 0.5539062499999999 0.8805555559895833 0.5593750000000001 0.8736111106770833