3 0.24609375 0.62890625 0.25 0.6328125 0.25 0.63671875 0.24739583333333334 0.6419270833333334 0.24088541666666666 0.6471354166666666 0.23567708333333334 0.640625 0.23567708333333334 0.6315104166666666 0.23958333333333334 0.6276041666666666 0.24479166666666666 0.62890625
3 0.26171875 0.9088541666666666 0.2643229166666667 0.921875 0.2578125 0.9296875 0.25390625 0.9283854166666666 0.2526041666666667 0.921875 0.25390625 0.9140625 0.2604166666666667 0.9088541666666666
3 0.07682291666666667 0.53125 0.08072916666666667 0.53515625 0.08854166666666667 0.53515625 0.08463541666666667 0.5442708333333334 0.07682291666666667 0.55078125 0.0703125 0.55078125 0.06640625 0.5455729166666666 0.06770833333333333 0.5338541666666666 0.07552083333333333 0.53125
3 0.15104166666666666 0.4713541666666667 0.15625 0.4765625 0.15625 0.4830729166666667 0.15104166666666666 0.4895833333333333 0.14192708333333334 0.4817708333333333 0.14192708333333334 0.4739583333333333 0.14973958333333334 0.4713541666666667
3 0.8294270833333334 0.4817708333333333 0.8307291666666666 0.49609375 0.82421875 0.4934895833333333 0.8177083333333334 0.4947916666666667 0.8203125 0.484375 0.828125 0.4817708333333333
3 0.28515625 0.4895833333333333 0.2877604166666667 0.4908854166666667 0.28515625 0.515625 0.28125 0.5169270833333334 0.2786458333333333 0.5143229166666666 0.2786458333333333 0.5065104166666666 0.2760416666666667 0.5013020833333334 0.27734375 0.4947916666666667 0.2838541666666667 0.4908854166666667
3 0.17057291666666666 0.7369791666666666 0.16927083333333334 0.75390625 0.1640625 0.7591145833333334 0.16015625 0.7591145833333334 0.15625 0.75390625 0.15494791666666666 0.7447916666666666 0.15755208333333334 0.7395833333333334 0.16927083333333334 0.7369791666666666
3 0.4596354166666667 0.4427083333333333 0.4609375 0.4609375 0.4596354166666667 0.4739583333333333 0.4557291666666667 0.4817708333333333 0.453125 0.4817708333333333 0.4518229166666667 0.4765625 0.453125 0.4557291666666667 0.4544270833333333 0.4479166666666667 0.4583333333333333 0.4440104166666667
3 0.5852864583333334 0.251953125 0.009114583333333334 0.026692708333333332
3 0.32421875 0.5104166666666666 0.3307291666666667 0.5143229166666666 0.3307291666666667 0.5260416666666666 0.3255208333333333 0.5247395833333334 0.3203125 0.5182291666666666 0.3203125 0.51171875 0.3229166666666667 0.5104166666666666
3 0.2604166666666667 0.4557291666666667 0.2682291666666667 0.4661458333333333 0.2682291666666667 0.4752604166666667 0.265625 0.48046875 0.2591145833333333 0.484375 0.2552083333333333 0.4765625 0.2552083333333333 0.4622395833333333 0.2591145833333333 0.45703125
3 0.325 0.7777777773437501 0.33203125 0.7583333333333333 0.32968749999999997 0.7416666666666667 0.328125 0.7388888893229167 0.32187499999999997 0.7541666666666668 0.325 0.7777777773437501
2 0.5221354166666666 0.13671875 0.5247395833333334 0.13671875 0.5260416666666666 0.15755208333333334 0.5247395833333334 0.21875 0.52734375 0.3567708333333333 0.52734375 0.57421875 0.5299479166666666 0.6184895833333334 0.5325520833333334 0.8736979166666666 0.53125 0.8984375 0.5338541666666666 0.9296875 0.53125 0.96484375 0.53125 0.9401041666666666 0.5286458333333334 0.92578125 0.52734375 0.6536458333333334 0.5247395833333334 0.64453125 0.5221354166666666 0.13802083333333334
0 0.14382560416666665 0.4613575260416667 0.11093750000000001 0.4583333333333333 0.028906249999999998 0.46249999999999997 0.029687500000000002 0.4666666666666666 0.078125 0.4666666666666666 0.14382560416666665 0.4613575260416667
0 0.19765625 0.5416666666666666 0.18671875000000002 0.49861111067708336 0.16874999999999998 0.4708333333333334 0.15625 0.46249999999999997 0.14825367708333334 0.46176470572916667 0.15859375 0.4666666666666666 0.18437499999999998 0.50277777734375 0.1953125 0.5499999999999999 0.1953125 0.5833333333333334 0.1890625 0.6111111106770833 0.17656249999999998 0.64027777734375 0.1625 0.6569444440104167 0.14609375 0.66527777734375 0.0375 0.67222222265625 0.14375000000000002 0.6708333333333334 0.1640625 0.6611111106770834 0.18359375 0.6361111106770834 0.19453125000000002 0.6055555559895833 0.19765625 0.5861111106770833 0.19765625 0.5416666666666666
1 0.30546875 0.46249999999999997 0.309375 0.46249999999999997 0.31015624999999997 0.4583333333333333 0.309375 0.45555555598958336 0.30703125000000003 0.45416666666666666 0.3046875 0.4569444440104167 0.30546875 0.46249999999999997
0 1 0.42638888932291663 0.98828125 0.42638888932291663 0.91015625 0.43055555598958334 0.9 0.43472222265625 0.88046875 0.45555555598958336 0.8734375 0.4666666666666666 0.86328125 0.49861111067708336 0.859375 0.5375 0.86328125 0.57222222265625 0.8718750000000001 0.6013888893229167 0.8898437499999999 0.6291666666666667 0.91171875 0.6430555559895833 1 0.64027777734375 1 0.63472222265625 0.9046875 0.63472222265625 0.8833335937500001 0.6120375 0.8734375 0.5930555559895833 0.86484375 0.5638888893229167 0.86484375 0.5125000000000001 0.87890625 0.4666666666666666 0.8875000000000001 0.45277777734375 0.91015625 0.43611111067708336 1 0.4319444440104167 1 0.42638888932291663