1 0.7671875 0.54027777734375 0.7664062500000001 0.5388888893229167 0.7640625 0.5388888893229167 0.76328125 0.5416666666666666 0.7640625 0.5458333333333333 0.7664062500000001 0.5458333333333333 0.7671875 0.54027777734375
0 0 0.4244791666666667 0.08072916666666667 0.42578125 0.09635416666666667 0.4296875 0.10546875 0.4348958333333333 0.11848958333333333 0.44921875 0.13020833333333334 0.4713541666666667 0.13802083333333334 0.4986979166666667 0.140625 0.5286458333333334 0.13932291666666666 0.5598958333333334 0.13411458333333334 0.5859375 0.12239583333333333 0.6119791666666666 0.11067708333333333 0.625 0.11067708333333333 0.6276041666666666 0.10416666666666667 0.6328125 0.08854166666666667 0.6393229166666666 0 0.6380208333333334 0 0.6328125 0.08854166666666667 0.6341145833333334 0.09895833333333333 0.6302083333333334 0.1171875 0.6106770833333334 0.12760416666666666 0.5911458333333334 0.13541666666666666 0.5651041666666666 0.13671875 0.5533854166666666 0.13671875 0.5130208333333334 0.13151041666666666 0.4869791666666667 0.125 0.46875 0.1171875 0.4557291666666667 0.10677083333333333 0.4440104166666667 0.09765625 0.4361979166666667 0.08854166666666667 0.4322916666666667 0 0.4296875 0 0.42578125
0 0.8450520833333334 0.4583333333333333 0.8515625 0.4557291666666667 0.8997395833333334 0.4557291666666667 0.96484375 0.4583333333333333 0.9661458333333334 0.4609375 0.9700520833333334 0.4609375 0.9700520833333334 0.46484375 0.8515625 0.4622395833333333 0.8411458333333334 0.4674479166666667 0.828125 0.4791666666666667 0.8138020833333334 0.5052083333333334 0.8072916666666666 0.52734375 0.8046875 0.5520833333333334 0.8059895833333334 0.5872395833333334 0.8098958333333334 0.6067708333333334 0.8190104166666666 0.6302083333333334 0.8359375 0.65234375 0.84765625 0.66015625 0.8567708333333334 0.6627604166666666 0.9674479166666666 0.6666666666666666 0.9674479166666666 0.671875 0.9622395833333334 0.6731770833333334 0.85546875 0.66796875 0.8541666666666666 0.6653645833333334 0.83984375 0.6614583333333334 0.828125 0.65234375 0.81640625 0.6341145833333334 0.8072916666666666 0.6106770833333334 0.8033854166666666 0.5924479166666666 0.8033854166666666 0.5338541666666666 0.80859375 0.5091145833333334 0.8203125 0.4830729166666667 0.8346354166666666 0.4661458333333333 0.8450520833333334 0.4596354166666667
2 0.4765625 0.13411458333333334 0.4778645833333333 0.16145833333333334 0.4752604166666667 0.22916666666666666 0.4739583333333333 0.6419270833333334 0.4713541666666667 0.6497395833333334 0.4700520833333333 0.9283854166666666 0.4674479166666667 0.9622395833333334 0.46484375 0.9609375 0.46484375 0.9322916666666666 0.4674479166666667 0.8997395833333334 0.4661458333333333 0.87109375 0.46875 0.6184895833333334 0.4713541666666667 0.57421875 0.47265625 0.4609375 0.47265625 0.20572916666666666 0.4752604166666667 0.13541666666666666
3 0.8567708333333334 0.546875 0.859375 0.5546875 0.8528645833333334 0.56640625 0.8463541666666666 0.5638020833333334 0.84375 0.5598958333333334 0.8411458333333334 0.5481770833333334 0.8463541666666666 0.5494791666666666 0.85546875 0.546875
3 0.9466145833333334 0.5625 0.9544270833333334 0.5690104166666666 0.9544270833333334 0.57421875 0.9440104166666666 0.5807291666666666 0.9388020833333334 0.5794270833333334 0.93359375 0.57421875 0.9375 0.5690104166666666 0.9375 0.5559895833333334 0.9401041666666666 0.5546875 0.9401041666666666 0.5572916666666666 0.9453125 0.5625
3 0.3971354166666667 0.23828125 0.3997395833333333 0.24088541666666666 0.4036458333333333 0.2643229166666667 0.4010416666666667 0.265625 0.3984375 0.2630208333333333 0.3932291666666667 0.2513020833333333 0.3932291666666667 0.24088541666666666 0.3958333333333333 0.23958333333333334
3 0.8359375 0.8098958333333334 0.8385416666666666 0.8203125 0.8463541666666666 0.828125 0.84765625 0.8333333333333334 0.8463541666666666 0.8385416666666666 0.8424479166666666 0.8424479166666666 0.8424479166666666 0.8502604166666666 0.8385416666666666 0.85546875 0.8359375 0.8528645833333334 0.8359375 0.8111979166666666
3 0.6328125 0.75 0.6354166666666666 0.75 0.640625 0.7591145833333334 0.6380208333333334 0.7669270833333334 0.6393229166666666 0.7864583333333334 0.63671875 0.7864583333333334 0.6328125 0.765625 0.6276041666666666 0.7578125 0.6276041666666666 0.7552083333333334 0.6328125 0.7513020833333334
3 0.7747395833333334 0.6536458333333334 0.7760416666666666 0.6549479166666666 0.7864583333333334 0.65234375 0.7877604166666666 0.66796875 0.7825520833333334 0.671875 0.7760416666666666 0.66796875 0.7760416666666666 0.6640625 0.7708333333333334 0.6549479166666666 0.7734375 0.6536458333333334
3 0.15755208333333334 0.4739583333333333 0.16536458333333334 0.4791666666666667 0.16536458333333334 0.4895833333333333 0.16145833333333334 0.4947916666666667 0.15104166666666666 0.4869791666666667 0.15104166666666666 0.4765625 0.15625 0.4739583333333333
3 0.7200520833333334 0.45703125 0.7278645833333334 0.45703125 0.7317708333333334 0.4622395833333333 0.7317708333333334 0.4752604166666667 0.7265625 0.4830729166666667 0.72265625 0.4830729166666667 0.7174479166666666 0.48046875 0.7135416666666666 0.4739583333333333 0.7135416666666666 0.4700520833333333 0.7200520833333334 0.4635416666666667 0.7200520833333334 0.4583333333333333
3 0.71640625 0.5458333333333333 0.7140624999999999 0.5499999999999999 0.71328125 0.5541666666666667 0.7156250000000001 0.55972222265625 0.7195312500000001 0.55972222265625 0.72109375 0.5583333333333333 0.72421875 0.55277777734375 0.725 0.5499999999999999 0.72421875 0.5458333333333333 0.72109375 0.5430555559895833 0.7195312500000001 0.5430555559895833 0.71640625 0.5458333333333333
3 0.69921875 0.5569444440104167 0.7023437499999999 0.5625 0.70703125 0.5625 0.7117187500000001 0.55972222265625 0.7125 0.5569444440104167 0.7125 0.55277777734375 0.7109375 0.5499999999999999 0.70859375 0.5499999999999999 0.7000000000000001 0.5541666666666667 0.69921875 0.5569444440104167
3 0.5203125000000001 0.5305555559895833 0.525 0.5375 0.52578125 0.5375 0.52890625 0.5319444440104167 0.5296875 0.52777777734375 0.5296875 0.5263888893229166 0.5265624999999999 0.52222222265625 0.5203125000000001 0.52222222265625 0.5203125000000001 0.5305555559895833
3 0.7960937499999999 0.9138888893229167 0.79296875 0.9180555559895834 0.7890625 0.9180555559895834 0.7898437500000001 0.92222222265625 0.79453125 0.9333333333333332 0.7960937499999999 0.93472222265625 0.79921875 0.93472222265625 0.8015625000000001 0.9305555559895833 0.8015625000000001 0.92222222265625 0.7984375 0.9152777773437499 0.7960937499999999 0.9138888893229167