1 0.8015625000000001 0.7236111106770834 0.80078125 0.7208333333333333 0.7984375 0.7208333333333333 0.7976562500000001 0.7222222226562499 0.7976562500000001 0.7263888893229167 0.80078125 0.7263888893229167 0.8015625000000001 0.7236111106770834
0 0 0.421875 0.08854166666666667 0.4244791666666667 0.09765625 0.42578125 0.109375 0.4322916666666667 0.12630208333333334 0.4518229166666667 0.13411458333333334 0.4674479166666667 0.13671875 0.484375 0.14322916666666666 0.50390625 0.14583333333333334 0.53125 0.14322916666666666 0.5416666666666666 0.14192708333333334 0.5677083333333334 0.13411458333333334 0.59375 0.12369791666666667 0.61328125 0.109375 0.62890625 0.09244791666666667 0.63671875 0 0.6341145833333334 0 0.6276041666666666 0.07942708333333333 0.6315104166666666 0.09895833333333333 0.62890625 0.11588541666666667 0.6145833333333334 0.12760416666666666 0.5963541666666666 0.1328125 0.5846354166666666 0.1328125 0.5794270833333334 0.13541666666666666 0.5768229166666666 0.140625 0.5533854166666666 0.140625 0.51171875 0.13671875 0.4778645833333333 0.12890625 0.4713541666666667 0.11979166666666667 0.4505208333333333 0.10416666666666667 0.4348958333333333 0.09114583333333333 0.4296875 0 0.4270833333333333 0 0.4231770833333333
0 0.8033854166666666 0.5598958333333334 0.8059895833333334 0.5611979166666666 0.8072916666666666 0.5911458333333334 0.8177083333333334 0.6263020833333334 0.83203125 0.6471354166666666 0.8450520833333334 0.6575520833333334 0.8567708333333334 0.6614583333333334 0.8736979166666666 0.6627604166666666 0.9674479166666666 0.6666666666666666 0.9674479166666666 0.671875 0.9322916666666666 0.671875 0.86328125 0.66796875 0.8619791666666666 0.6653645833333334 0.8515625 0.6653645833333334 0.8411458333333334 0.6614583333333334 0.8268229166666666 0.6484375 0.8268229166666666 0.6458333333333334 0.81640625 0.6328125 0.8151041666666666 0.625 0.8072916666666666 0.6080729166666666 0.8072916666666666 0.6002604166666666 0.8033854166666666 0.5885416666666666 0.8033854166666666 0.5611979166666666
2 0.4778645833333333 0.13541666666666666 0.48046875 0.13671875 0.48046875 0.16276041666666666 0.4765625 0.43359375 0.4778645833333333 0.4674479166666667 0.4752604166666667 0.51953125 0.4739583333333333 0.7877604166666666 0.4713541666666667 0.82421875 0.4713541666666667 0.9479166666666666 0.4700520833333333 0.95703125 0.4674479166666667 0.95703125 0.46875 0.796875 0.4713541666666667 0.7630208333333334 0.4713541666666667 0.609375 0.4739583333333333 0.4947916666666667 0.47265625 0.4505208333333333 0.4778645833333333 0.13671875
3 0.7721354166666666 0.5390625 0.7747395833333334 0.5481770833333334 0.7825520833333334 0.55078125 0.7864583333333334 0.55859375 0.7864583333333334 0.5638020833333334 0.7825520833333334 0.5690104166666666 0.7760416666666666 0.5638020833333334 0.7708333333333334 0.55078125 0.7721354166666666 0.5403645833333334
3 0.5013020833333334 0.80859375 0.50390625 0.8216145833333334 0.5026041666666666 0.8255208333333334 0.4986979166666667 0.8268229166666666 0.4921875 0.8177083333333334 0.4947916666666667 0.8125 0.5 0.8098958333333334
3 0.6458333333333334 0.6119791666666666 0.6458333333333334 0.6315104166666666 0.6432291666666666 0.6315104166666666 0.640625 0.6263020833333334 0.640625 0.61328125 0.64453125 0.6119791666666666
3 0.79296875 0.5377604166666666 0.7981770833333334 0.5416666666666666 0.8033854166666666 0.55078125 0.8033854166666666 0.5572916666666666 0.79296875 0.5611979166666666 0.78515625 0.5572916666666666 0.7838541666666666 0.55078125 0.7903645833333334 0.546875 0.7916666666666666 0.5390625
3 0.3684895833333333 0.7278645833333334 0.3723958333333333 0.7356770833333334 0.3723958333333333 0.7421875 0.3671875 0.7473958333333334 0.3619791666666667 0.7434895833333334 0.36328125 0.7291666666666666 0.3671875 0.7278645833333334
3 0.88671875 0.5651041666666666 0.8893229166666666 0.5651041666666666 0.8997395833333334 0.5833333333333334 0.8997395833333334 0.58984375 0.8971354166666666 0.59375 0.89453125 0.59375 0.890625 0.5885416666666666 0.8841145833333334 0.5911458333333334 0.8828125 0.58984375 0.8802083333333334 0.5859375 0.8802083333333334 0.5807291666666666 0.8854166666666666 0.5755208333333334 0.88671875 0.56640625
3 0.5130208333333334 0.453125 0.5169270833333334 0.4661458333333333 0.5143229166666666 0.48046875 0.5104166666666666 0.4817708333333333 0.5078125 0.48046875 0.50390625 0.4700520833333333 0.5065104166666666 0.4583333333333333 0.51171875 0.453125
3 0.6028645833333334 0.5338541666666666 0.6067708333333334 0.5390625 0.6067708333333334 0.55078125 0.6028645833333334 0.5533854166666666 0.5989583333333334 0.5533854166666666 0.5924479166666666 0.54296875 0.5924479166666666 0.5403645833333334 0.6015625 0.5338541666666666
3 0.3177083333333333 0.26171875 0.3255208333333333 0.2734375 0.3216145833333333 0.2864583333333333 0.31640625 0.2838541666666667 0.3125 0.2734375 0.3125 0.2643229166666667 0.31640625 0.26171875
3 0.12760416666666666 0.47265625 0.13411458333333334 0.4765625 0.13411458333333334 0.4934895833333333 0.12109375 0.4869791666666667 0.11979166666666667 0.484375 0.11979166666666667 0.4752604166666667 0.12239583333333333 0.47265625 0.12630208333333334 0.47265625
3 0.7135416666666666 0.32421875 0.7161458333333334 0.32421875 0.71875 0.3294270833333333 0.7161458333333334 0.3489583333333333 0.7109375 0.3515625 0.703125 0.3385416666666667 0.703125 0.3359375 0.7135416666666666 0.3255208333333333
3 0.63125 0.8083333333333332 0.63125 0.7861111106770834 0.62265625 0.7875 0.6257812500000001 0.80277777734375 0.63125 0.8083333333333332