1 0.834375 0.9 0.834375 0.9083333333333333 0.83984375 0.9 0.83828125 0.8958333333333334 0.834375 0.9
0 0.9601562499999999 0.6680555559895834 0.9343750000000001 0.6680555559895834 0.9406249999999999 0.67222222265625 0.9695312500000001 0.6708333333333334 0.9601562499999999 0.6680555559895834
0 0.85 0.66527777734375 0.85 0.6611111106770834 0.828125 0.6430555559895833 0.81875 0.6263888893229167 0.8078124999999999 0.5875 0.80859375 0.5305555559895833 0.8156249999999999 0.5041666666666667 0.8234374999999999 0.48888888932291663 0.84375 0.4666666666666666 0.8562500000000001 0.4611111106770833 0.97265625 0.46249999999999997 0.84765625 0.45972222265625 0.8296875 0.47361111067708334 0.8171875000000001 0.49305555598958334 0.80703125 0.52222222265625 0.8039062499999999 0.5458333333333333 0.803125 0.57777777734375 0.8132812500000001 0.625 0.8312499999999999 0.6541666666666667 0.85 0.66527777734375
0 0.8585937499999999 0.6638888893229167 0.8585937499999999 0.6680555559895834 0.88515625 0.6708333333333334 0.90625 0.6680555559895834 0.8585937499999999 0.6638888893229167
0 0.09453125 0.6333333333333333 0 0.6333333333333333 0.049999999999999996 0.6375000000000001 0.10312500000000001 0.6333333333333333 0.11562499999999999 0.6236111106770833 0.13359374999999998 0.5944444440104167 0.13984375000000002 0.5736111106770834 0.14375000000000002 0.54027777734375 0.13984375000000002 0.5638888893229167 0.12890625 0.59722222265625 0.10312500000000001 0.6291666666666667 0.09453125 0.6333333333333333
0 0 0.42777777734375005 0.09296875 0.4319444440104167 0.11328125 0.44444444401041666 0.12890625 0.4680555559895833 0.12968749999999998 0.47500000000000003 0.134375 0.47361111067708334 0.1171875 0.44166666666666665 0.0984375 0.42777777734375005 0.014843750000000001 0.42222222265625 0 0.42222222265625 0 0.42777777734375005
2 0.4734375 0.87222222265625 0.48046875 0.13749999999999998 0.47734375 0.14027777734375 0.47578125 0.15694444401041666 0.4765625 0.25833333333333336 0.471875 0.46249999999999997 0.4734375 0.5166666666666667 0.46796875 0.9569444440104166 0.47109375000000003 0.9555555559895833 0.4734375 0.87222222265625
3 0.84375 0.6171875 0.8463541666666666 0.6171875 0.8502604166666666 0.625 0.8567708333333334 0.625 0.859375 0.6302083333333334 0.8580729166666666 0.6393229166666666 0.8515625 0.640625 0.84765625 0.6380208333333334 0.84375 0.6302083333333334 0.84375 0.6184895833333334
3 0.66796875 0.6106770833333334 0.6705729166666666 0.61328125 0.6705729166666666 0.6236979166666666 0.6692708333333334 0.62890625 0.6653645833333334 0.6315104166666666 0.6627604166666666 0.62890625 0.66015625 0.6145833333333334 0.6666666666666666 0.6106770833333334
3 0.66015625 0.7903645833333334 0.6627604166666666 0.7903645833333334 0.6653645833333334 0.80078125 0.6640625 0.8138020833333334 0.6614583333333334 0.81640625 0.6588541666666666 0.8138020833333334 0.6549479166666666 0.7981770833333334 0.66015625 0.7916666666666666
3 0.9140625 0.6341145833333334 0.9322916666666666 0.6354166666666666 0.9322916666666666 0.6471354166666666 0.92578125 0.6471354166666666 0.9231770833333334 0.6497395833333334 0.9140625 0.6484375 0.9140625 0.6354166666666666
3 0.7825520833333334 0.3580729166666667 0.7864583333333334 0.3658854166666667 0.7799479166666666 0.3802083333333333 0.7721354166666666 0.37890625 0.7721354166666666 0.375 0.7682291666666666 0.37109375 0.7682291666666666 0.3658854166666667 0.7747395833333334 0.3645833333333333 0.78125 0.3580729166666667
3 0.3346354166666667 0.2591145833333333 0.3424479166666667 0.2682291666666667 0.3411458333333333 0.2799479166666667 0.3359375 0.2825520833333333 0.33203125 0.27734375 0.33203125 0.2643229166666667 0.3346354166666667 0.2604166666666667
3 0.54296875 0.48828125 0.5364583333333334 0.4869791666666667 0.53125 0.4778645833333333 0.5338541666666666 0.46484375 0.5403645833333334 0.4609375 0.5442708333333334 0.4661458333333333 0.54296875 0.4869791666666667
3 0.66015625 0.5494791666666666 0.66796875 0.5455729166666666 0.671875 0.5455729166666666 0.6744791666666666 0.5494791666666666 0.671875 0.5611979166666666 0.6614583333333334 0.55859375 0.6588541666666666 0.5533854166666666 0.66015625 0.55078125
3 0.5182291666666666 0.8059895833333334 0.52734375 0.8098958333333334 0.5247395833333334 0.8255208333333334 0.51953125 0.82421875 0.5182291666666666 0.8216145833333334 0.5143229166666666 0.8098958333333334 0.5143229166666666 0.8072916666666666 0.5169270833333334 0.8059895833333334
3 0.81640625 0.7916666666666666 0.81640625 0.7958333333333334 0.8171875000000001 0.79722222265625 0.8210937500000001 0.7986111106770833 0.82578125 0.7805555559895834 0.828125 0.7791666666666667 0.828125 0.7708333333333334 0.8265625 0.7680555559895833 0.82421875 0.7680555559895833 0.8234374999999999 0.7666666666666666 0.8171875000000001 0.7625000000000001 0.81484375 0.7583333333333333 0.8125 0.7583333333333333 0.8125 0.76527777734375 0.8156249999999999 0.7902777773437499 0.81640625 0.7916666666666666
3 0.1379109375 0.4998986106770833 0.13922265625 0.5013555559895834 0.1416 0.5022291666666666 0.14307578125 0.5022291666666666 0.14274765625 0.5009180559895833 0.14375000000000002 0.5 0.14140624999999998 0.4916666666666667 0.14140624999999998 0.4861111106770833 0.140625 0.48333333333333334 0.13359374999999998 0.47777777734375 0.12968749999999998 0.47777777734375 0.1265625 0.48194444401041664 0.12578124999999998 0.4861111106770833 0.1277453125 0.49785972265625 0.13594375 0.49130555598958336 0.1379109375 0.4998986106770833
3 0.3938802083333333 0.7272135416666666 0.013020833333333334 0.020833333333333332