1 0.5710937500000001 0.44027777734375 0.5734374999999999 0.4430555559895833 0.5750000000000001 0.4430555559895833 0.5765625 0.44027777734375 0.5765625 0.43611111067708336 0.5750000000000001 0.43333333333333335 0.57265625 0.43333333333333335 0.5710937500000001 0.43472222265625 0.5710937500000001 0.44027777734375
0 0 0.4153645833333333 0.044270833333333336 0.4166666666666667 0.045572916666666664 0.4192708333333333 0.08723958333333333 0.4192708333333333 0.10286458333333333 0.4231770833333333 0.11067708333333333 0.4283854166666667 0.11979166666666667 0.4375 0.13151041666666666 0.4557291666666667 0.14192708333333334 0.4869791666666667 0.14322916666666666 0.5078125 0.14583333333333334 0.515625 0.14192708333333334 0.5677083333333334 0.13411458333333334 0.5924479166666666 0.12239583333333333 0.6119791666666666 0.10807291666666667 0.6263020833333334 0.09375 0.6328125 0 0.6302083333333334 0 0.6236979166666666 0.07291666666666667 0.625 0.07421875 0.6276041666666666 0.07942708333333333 0.6276041666666666 0.08072916666666667 0.625 0.08203125 0.6276041666666666 0.09114583333333333 0.6276041666666666 0.09244791666666667 0.625 0.10546875 0.62109375 0.12109375 0.60546875 0.13151041666666666 0.5872395833333334 0.13932291666666666 0.5611979166666666 0.14192708333333334 0.5364583333333334 0.140625 0.4986979166666667 0.13541666666666666 0.4752604166666667 0.12369791666666667 0.4505208333333333 0.11067708333333333 0.4348958333333333 0.09375 0.42578125 0.0078125 0.4231770833333333 0 0.421875 0 0.4166666666666667
0 0.8932291666666666 0.44921875 0.9661458333333334 0.4518229166666667 0.9752604166666666 0.453125 0.9765625 0.45703125 0.96875 0.45703125 0.9661458333333334 0.4596354166666667 0.96484375 0.45703125 0.859375 0.4544270833333333 0.84375 0.4635416666666667 0.8307291666666666 0.4765625 0.8190104166666666 0.4986979166666667 0.8190104166666666 0.50390625 0.8138020833333334 0.515625 0.8098958333333334 0.5403645833333334 0.8098958333333334 0.5690104166666666 0.8190104166666666 0.6119791666666666 0.8333333333333334 0.63671875 0.84375 0.6484375 0.85546875 0.6549479166666666 0.87109375 0.6575520833333334 0.9635416666666666 0.66015625 0.9739583333333334 0.6614583333333334 0.9739583333333334 0.6640625 0.9674479166666666 0.6653645833333334 0.8776041666666666 0.6627604166666666 0.8515625 0.6588541666666666 0.8346354166666666 0.6471354166666666 0.8346354166666666 0.64453125 0.8307291666666666 0.6419270833333334 0.82421875 0.6315104166666666 0.81640625 0.6145833333333334 0.8072916666666666 0.57421875 0.8072916666666666 0.5390625 0.8111979166666666 0.5234375 0.8111979166666666 0.5143229166666666 0.8203125 0.4869791666666667 0.828125 0.47265625 0.84375 0.4557291666666667 0.859375 0.44921875 0.8919270833333334 0.44921875
3 0.4010416666666667 0.5520833333333334 0.4010416666666667 0.5638020833333334 0.3971354166666667 0.5729166666666666 0.390625 0.56640625 0.390625 0.5572916666666666 0.3997395833333333 0.5520833333333334
3 0.4635416666666667 0.5208333333333334 0.4700520833333333 0.5286458333333334 0.4700520833333333 0.5442708333333334 0.4674479166666667 0.5481770833333334 0.46484375 0.5481770833333334 0.4609375 0.5442708333333334 0.4596354166666667 0.5390625 0.4596354166666667 0.53125 0.4635416666666667 0.5221354166666666
3 0.5260416666666666 0.21614583333333334 0.5299479166666666 0.22005208333333334 0.5286458333333334 0.24088541666666666 0.5260416666666666 0.24348958333333334 0.5234375 0.24088541666666666 0.5208333333333334 0.2265625 0.5221354166666666 0.21875 0.5247395833333334 0.21744791666666666
3 0.50390625 0.3997395833333333 0.5078125 0.4127604166666667 0.5065104166666666 0.421875 0.5026041666666666 0.421875 0.5 0.4153645833333333 0.5 0.4010416666666667 0.5026041666666666 0.3997395833333333
3 0.2838541666666667 0.7174479166666666 0.28515625 0.7213541666666666 0.2825520833333333 0.7356770833333334 0.2734375 0.7330729166666666 0.2734375 0.7239583333333334 0.2825520833333333 0.7174479166666666
3 0.48828125 0.74609375 0.4947916666666667 0.7408854166666666 0.4934895833333333 0.76171875 0.4908854166666667 0.7630208333333334 0.48828125 0.7604166666666666 0.48828125 0.7473958333333334
3 0.4283854166666667 0.578125 0.43359375 0.5859375 0.4322916666666667 0.59375 0.4296875 0.5963541666666666 0.42578125 0.5950520833333334 0.4231770833333333 0.5859375 0.4244791666666667 0.5794270833333334 0.4270833333333333 0.578125
3 0.36328125 0.24479166666666666 0.3684895833333333 0.2552083333333333 0.3684895833333333 0.2669270833333333 0.36328125 0.2669270833333333 0.36328125 0.2643229166666667 0.3580729166666667 0.2591145833333333 0.3619791666666667 0.2513020833333333 0.3619791666666667 0.24609375
3 0.5833333333333334 0.4361979166666667 0.5872395833333334 0.4375 0.5911458333333334 0.4427083333333333 0.5885416666666666 0.4609375 0.5846354166666666 0.4622395833333333 0.5807291666666666 0.4596354166666667 0.5794270833333334 0.4479166666666667 0.5794270833333334 0.4375 0.58203125 0.4361979166666667
3 0.5794270833333334 0.6927083333333334 0.58203125 0.69140625 0.5924479166666666 0.6979166666666666 0.5924479166666666 0.7135416666666666 0.5885416666666666 0.7213541666666666 0.5859375 0.7200520833333334 0.5846354166666666 0.7057291666666666 0.5807291666666666 0.6940104166666666
3 0.17838541666666666 0.5598958333333334 0.18619791666666666 0.5690104166666666 0.18619791666666666 0.57421875 0.17838541666666666 0.5768229166666666 0.17578125 0.5768229166666666 0.17317708333333334 0.5729166666666666 0.17317708333333334 0.5625 0.17708333333333334 0.5598958333333334
3 0.44921875 0.82421875 0.4518229166666667 0.8268229166666666 0.4518229166666667 0.8372395833333334 0.4544270833333333 0.83984375 0.4544270833333333 0.8515625 0.44921875 0.8528645833333334 0.4466145833333333 0.8489583333333334 0.4453125 0.8450520833333334 0.44921875 0.8255208333333334
2 0.48046875 0.12369791666666667 0.4817708333333333 0.2721354166666667 0.4778645833333333 0.5299479166666666 0.4791666666666667 0.57421875 0.4752604166666667 0.7447916666666666 0.4752604166666667 0.8776041666666666 0.4739583333333333 0.953125 0.4713541666666667 0.953125 0.4700520833333333 0.9296875 0.47265625 0.8697916666666666 0.4713541666666667 0.8216145833333334 0.4752604166666667 0.6015625 0.4739583333333333 0.58203125 0.4765625 0.56640625 0.4765625 0.3177083333333333 0.48046875 0.125