1 0.53125 0.6861111106770833 0.53125 0.6805555559895833 0.52890625 0.6791666666666667 0.52734375 0.6819444440104167 0.52734375 0.6861111106770833 0.5296875 0.6875 0.53125 0.6861111106770833
0 0 0.4140625 0.09244791666666667 0.4166666666666667 0.09375 0.4192708333333333 0.09895833333333333 0.4192708333333333 0.10677083333333333 0.4231770833333333 0.11848958333333333 0.4322916666666667 0.13411458333333334 0.45703125 0.14322916666666666 0.48828125 0.14322916666666666 0.4986979166666667 0.14583333333333334 0.5052083333333334 0.14583333333333334 0.54296875 0.14322916666666666 0.5494791666666666 0.14192708333333334 0.5677083333333334 0.13411458333333334 0.5911458333333334 0.12369791666666667 0.6080729166666666 0.11328125 0.6197916666666666 0.10546875 0.6236979166666666 0.10286458333333333 0.6276041666666666 0.09505208333333333 0.6302083333333334 0.0390625 0.6302083333333334 0 0.6276041666666666 0 0.6223958333333334 0.09505208333333333 0.6236979166666666 0.10677083333333333 0.6184895833333334 0.11979166666666667 0.60546875 0.13151041666666666 0.5859375 0.140625 0.5546875 0.140625 0.5442708333333334 0.14322916666666666 0.5364583333333334 0.14322916666666666 0.5078125 0.140625 0.5026041666666666 0.140625 0.4908854166666667 0.13671875 0.4817708333333333 0.13541666666666666 0.4713541666666667 0.12760416666666666 0.4544270833333333 0.11067708333333333 0.4322916666666667 0.09244791666666667 0.4231770833333333 0.0026041666666666665 0.4205729166666667 0 0.4192708333333333 0 0.4153645833333333
0 0.8763020833333334 0.4466145833333333 0.9739583333333334 0.4505208333333333 0.9752604166666666 0.4544270833333333 0.9440104166666666 0.4557291666666667 0.9088541666666666 0.453125 0.8580729166666666 0.453125 0.83984375 0.46484375 0.8333333333333334 0.4713541666666667 0.8255208333333334 0.4869791666666667 0.8229166666666666 0.48828125 0.8216145833333334 0.4947916666666667 0.8190104166666666 0.49609375 0.8111979166666666 0.5286458333333334 0.8098958333333334 0.5690104166666666 0.8190104166666666 0.609375 0.8307291666666666 0.6315104166666666 0.8372395833333334 0.6393229166666666 0.84765625 0.6484375 0.8580729166666666 0.6536458333333334 0.9596354166666666 0.6575520833333334 0.9700520833333334 0.6588541666666666 0.9739583333333334 0.6614583333333334 0.9700520833333334 0.6627604166666666 0.890625 0.6614583333333334 0.8580729166666666 0.6588541666666666 0.83984375 0.6497395833333334 0.828125 0.63671875 0.8203125 0.6223958333333334 0.8125 0.6015625 0.8072916666666666 0.57421875 0.8072916666666666 0.5364583333333334 0.8125 0.5065104166666666 0.8151041666666666 0.50390625 0.8151041666666666 0.4986979166666667 0.82421875 0.48046875 0.82421875 0.4765625 0.83984375 0.45703125 0.8567708333333334 0.4479166666666667 0.875 0.4466145833333333
2 0.48046875 0.265625 0.4817708333333333 0.3033854166666667 0.4791666666666667 0.4075520833333333 0.48046875 0.4635416666666667 0.4778645833333333 0.56640625 0.4778645833333333 0.6901041666666666 0.4752604166666667 0.7239583333333334 0.47265625 0.71875 0.4752604166666667 0.6575520833333334 0.4739583333333333 0.6119791666666666 0.4778645833333333 0.3567708333333333 0.4765625 0.2838541666666667 0.48046875 0.2747395833333333 0.48046875 0.2669270833333333
3 0.38671875 0.21223958333333334 0.390625 0.21614583333333334 0.3958333333333333 0.21744791666666666 0.3958333333333333 0.22526041666666666 0.390625 0.23567708333333334 0.3854166666666667 0.22135416666666666 0.38671875 0.21354166666666666
3 0.4700520833333333 0.7135416666666666 0.4739583333333333 0.7161458333333334 0.4739583333333333 0.72265625 0.4700520833333333 0.7317708333333334 0.4635416666666667 0.7317708333333334 0.4609375 0.72265625 0.4635416666666667 0.71484375 0.46875 0.7135416666666666
3 0.5703125 0.68359375 0.56640625 0.6809895833333334 0.5598958333333334 0.6692708333333334 0.5598958333333334 0.6653645833333334 0.5716145833333334 0.6653645833333334 0.5716145833333334 0.6822916666666666
3 0.3880208333333333 0.6432291666666666 0.01171875 0.01953125
3 0.4388020833333333 0.4166666666666667 0.4401041666666667 0.42578125 0.4361979166666667 0.4348958333333333 0.4322916666666667 0.4309895833333333 0.4322916666666667 0.4192708333333333 0.4348958333333333 0.4153645833333333 0.4375 0.4166666666666667
3 0.359375 0.5546875 0.3580729166666667 0.546875 0.3606770833333333 0.5403645833333334 0.3645833333333333 0.5403645833333334 0.3671875 0.5481770833333334 0.3671875 0.5546875 0.3645833333333333 0.5572916666666666 0.3606770833333333 0.5546875
3 0.23046875 0.7122395833333334 0.23567708333333334 0.7057291666666666 0.23958333333333334 0.7057291666666666 0.2421875 0.71875 0.24088541666666666 0.7265625 0.23828125 0.7239583333333334 0.23307291666666666 0.7239583333333334 0.23046875 0.72265625 0.23046875 0.7135416666666666
3 0.5481770833333334 0.4322916666666667 0.5520833333333334 0.4375 0.5520833333333334 0.4479166666666667 0.5494791666666666 0.4505208333333333 0.5455729166666666 0.4505208333333333 0.5416666666666666 0.4427083333333333 0.5416666666666666 0.43359375 0.546875 0.4322916666666667
3 0.4114583333333333 0.8307291666666666 0.4166666666666667 0.8359375 0.4153645833333333 0.84765625 0.41015625 0.8502604166666666 0.40625 0.8450520833333334 0.40625 0.8359375 0.41015625 0.83203125
3 0.40703125 0.5263888893229166 0.40625 0.5430555559895833 0.41562499999999997 0.5458333333333333 0.41875 0.5333333333333333 0.41484375 0.5236111106770833 0.40703125 0.5263888893229166
3 0.21562499999999998 0.525 0.21406250000000002 0.5291666666666667 0.21796875000000002 0.5333333333333333 0.22734374999999998 0.5291666666666667 0.2265625 0.52222222265625 0.21562499999999998 0.525
3 0.4734375 0.24861111067708333 0.4734375 0.2611111106770833 0.47734375 0.2694444440104167 0.48046875 0.26805555598958336 0.47890625000000003 0.24722222265625002 0.4734375 0.24861111067708333