1 0.5525625 0.6747416666666667 0.5515625000000001 0.6694444440104167 0.5484375 0.6694444440104167 0.5479999999999999 0.67340972265625 0.5488125 0.6777402773437501 0.5509375 0.6778513893229167 0.5525625 0.6747416666666667
0 0 0.4140625 0.09375 0.4166666666666667 0.09505208333333333 0.4192708333333333 0.10677083333333333 0.4231770833333333 0.11979166666666667 0.4348958333333333 0.13411458333333334 0.4583333333333333 0.14192708333333334 0.484375 0.14322916666666666 0.50390625 0.14583333333333334 0.5091145833333334 0.14583333333333334 0.5364583333333334 0.14322916666666666 0.5442708333333334 0.14192708333333334 0.56640625 0.13411458333333334 0.5911458333333334 0.12369791666666667 0.6080729166666666 0.11328125 0.6197916666666666 0.10546875 0.6236979166666666 0.10286458333333333 0.6276041666666666 0.09505208333333333 0.6302083333333334 0 0.6276041666666666 0 0.62109375 0.09505208333333333 0.6236979166666666 0.10677083333333333 0.6184895833333334 0.11979166666666667 0.60546875 0.13151041666666666 0.5859375 0.13932291666666666 0.5598958333333334 0.140625 0.5416666666666666 0.14322916666666666 0.53515625 0.14322916666666666 0.5130208333333334 0.13671875 0.4765625 0.12760416666666666 0.4544270833333333 0.11067708333333333 0.4322916666666667 0.09244791666666667 0.4231770833333333 0 0.4205729166666667 0 0.4153645833333333
0 0.9739583333333334 0.4505208333333333 0.9739583333333334 0.4557291666666667 0.9075520833333334 0.453125 0.8580729166666666 0.453125 0.8515625 0.4557291666666667 0.8333333333333334 0.4713541666666667 0.8229166666666666 0.48828125 0.8177083333333334 0.5 0.8177083333333334 0.5052083333333334 0.8151041666666666 0.5078125 0.8098958333333334 0.5364583333333334 0.8098958333333334 0.5729166666666666 0.8177083333333334 0.6067708333333334 0.8268229166666666 0.6263020833333334 0.8463541666666666 0.6484375 0.8658854166666666 0.6549479166666666 0.9583333333333334 0.6575520833333334 0.9700520833333334 0.6588541666666666 0.97265625 0.66015625 0.9700520833333334 0.6627604166666666 0.8684895833333334 0.66015625 0.8502604166666666 0.65625 0.83984375 0.6497395833333334 0.82421875 0.6302083333333334 0.8125 0.6015625 0.8072916666666666 0.5755208333333334 0.8072916666666666 0.53515625 0.8125 0.5065104166666666 0.8203125 0.484375 0.8307291666666666 0.4674479166666667 0.8411458333333334 0.4557291666666667 0.84765625 0.4518229166666667 0.86328125 0.4466145833333333 0.97265625 0.4505208333333333
2 0.4778645833333333 0.2825520833333333 0.4817708333333333 0.2955729166666667 0.4791666666666667 0.375 0.48046875 0.45703125 0.4778645833333333 0.6575520833333334 0.4752604166666667 0.7109375 0.4765625 0.7434895833333334 0.4739583333333333 0.9505208333333334 0.4700520833333333 0.94921875 0.47265625 0.8671875 0.47265625 0.6302083333333334 0.4752604166666667 0.6067708333333334 0.4778645833333333 0.2838541666666667
3 0.3619791666666667 0.5442708333333334 0.3645833333333333 0.5442708333333334 0.3697916666666667 0.5520833333333334 0.3697916666666667 0.5611979166666666 0.3619791666666667 0.55859375 0.359375 0.5559895833333334 0.359375 0.5481770833333334 0.3619791666666667 0.5455729166666666
3 0.4765625 0.24739583333333334 0.4791666666666667 0.24739583333333334 0.4817708333333333 0.2552083333333333 0.4817708333333333 0.2669270833333333 0.4752604166666667 0.265625 0.47265625 0.2578125 0.4765625 0.24869791666666666
3 0.3841145833333333 0.21614583333333334 0.3932291666666667 0.21875 0.3932291666666667 0.23046875 0.390625 0.234375 0.38671875 0.23177083333333334 0.3841145833333333 0.21744791666666666
3 0.4153645833333333 0.5234375 0.4205729166666667 0.5286458333333334 0.4205729166666667 0.546875 0.4153645833333333 0.5494791666666666 0.41015625 0.5455729166666666 0.4088541666666667 0.5338541666666666 0.41015625 0.5286458333333334 0.4140625 0.5247395833333334
3 0.4375 0.4166666666666667 0.4401041666666667 0.4192708333333333 0.4401041666666667 0.4401041666666667 0.4322916666666667 0.4296875 0.4322916666666667 0.4244791666666667 0.4375 0.41796875
3 0.23958333333333334 0.7057291666666666 0.24088541666666666 0.7161458333333334 0.24348958333333334 0.7200520833333334 0.24348958333333334 0.7265625 0.23958333333333334 0.73046875 0.234375 0.73046875 0.23046875 0.7200520833333334 0.23567708333333334 0.70703125 0.23828125 0.7057291666666666
3 0.4674479166666667 0.7135416666666666 0.4674479166666667 0.734375 0.46484375 0.734375 0.4609375 0.7278645833333334 0.4609375 0.71875 0.4661458333333333 0.7135416666666666
3 0.22526041666666666 0.52734375 0.22786458333333334 0.5299479166666666 0.22786458333333334 0.5364583333333334 0.22265625 0.5377604166666666 0.21744791666666666 0.5377604166666666 0.21354166666666666 0.5286458333333334 0.22395833333333334 0.52734375
3 0.3919270833333333 0.6354166666666666 0.3958333333333333 0.6484375 0.3919270833333333 0.65234375 0.38671875 0.65234375 0.38671875 0.6380208333333334 0.390625 0.6354166666666666
3 0.54296875 0.4348958333333333 0.5494791666666666 0.4348958333333333 0.5533854166666666 0.44140625 0.5520833333333334 0.4505208333333333 0.5494791666666666 0.453125 0.5455729166666666 0.453125 0.5416666666666666 0.4453125 0.54296875 0.4361979166666667
3 0.5677083333333334 0.6627604166666666 0.5729166666666666 0.6666666666666666 0.57421875 0.6705729166666666 0.5729166666666666 0.68359375 0.5690104166666666 0.6822916666666666 0.5651041666666666 0.6744791666666666 0.5625 0.6614583333333334 0.5651041666666666 0.66015625 0.56640625 0.6627604166666666
3 0.41015625 0.8489583333333334 0.4088541666666667 0.83203125 0.41796875 0.8294270833333334 0.4192708333333333 0.8359375 0.4166666666666667 0.83984375 0.4166666666666667 0.84765625 0.4153645833333333 0.8502604166666666 0.4114583333333333 0.8489583333333334