1 0.32421875 0.5625 0.32187499999999997 0.5625 0.32109375 0.5638888893229167 0.3203125 0.5666666666666667 0.32109375 0.5694444440104166 0.32421875 0.5680555559895833 0.32421875 0.5625
3 0.3385416666666667 0.5286458333333334 0.3424479166666667 0.5299479166666666 0.3450520833333333 0.5364583333333334 0.3450520833333333 0.55078125 0.3359375 0.546875 0.3346354166666667 0.5377604166666666 0.3385416666666667 0.5299479166666666
3 0.296875 0.6744791666666666 0.3033854166666667 0.67578125 0.3072916666666667 0.6822916666666666 0.3072916666666667 0.6901041666666666 0.296875 0.6901041666666666 0.296875 0.67578125
3 0.3177083333333333 0.59765625 0.30859375 0.5885416666666666 0.30859375 0.5807291666666666 0.3111979166666667 0.578125 0.3177083333333333 0.578125 0.3190104166666667 0.5963541666666666
3 0.3697916666666667 0.23958333333333334 0.3736979166666667 0.23958333333333334 0.3776041666666667 0.24348958333333334 0.3802083333333333 0.2591145833333333 0.3776041666666667 0.2682291666666667 0.375 0.2669270833333333 0.3736979166666667 0.2565104166666667 0.3684895833333333 0.24609375 0.3697916666666667 0.24088541666666666
3 0.3177083333333333 0.5143229166666666 0.3098958333333333 0.5052083333333334 0.3111979166666667 0.4947916666666667 0.3151041666666667 0.4921875 0.3177083333333333 0.5026041666666666 0.3216145833333333 0.5078125 0.3177083333333333 0.5130208333333334
3 0.2760416666666667 0.83984375 0.2799479166666667 0.84765625 0.2799479166666667 0.8528645833333334 0.2760416666666667 0.8606770833333334 0.2721354166666667 0.8619791666666666 0.26953125 0.859375 0.26953125 0.84765625 0.2747395833333333 0.8411458333333334
3 0.3619791666666667 0.7916666666666666 0.3697916666666667 0.7916666666666666 0.3697916666666667 0.8177083333333334 0.3671875 0.8216145833333334 0.3619791666666667 0.8190104166666666 0.3619791666666667 0.8098958333333334 0.35546875 0.8059895833333334 0.35546875 0.8020833333333334 0.3619791666666667 0.79296875
3 0.75390625 0.5 0.7604166666666666 0.51171875 0.7591145833333334 0.5260416666666666 0.75390625 0.5260416666666666 0.74609375 0.51171875 0.74609375 0.5078125 0.7513020833333334 0.5065104166666666 0.75390625 0.5013020833333334
3 0.23307291666666666 0.21484375 0.2421875 0.2265625 0.24088541666666666 0.234375 0.23828125 0.23567708333333334 0.22916666666666666 0.22526041666666666 0.22916666666666666 0.21614583333333334 0.23177083333333334 0.21484375
3 0.38671875 0.5078125 0.3893229166666667 0.5091145833333334 0.3932291666666667 0.5182291666666666 0.3919270833333333 0.52734375 0.38671875 0.5260416666666666 0.3828125 0.5182291666666666 0.3854166666666667 0.5091145833333334
3 0.3815104166666667 0.3828125 0.3854166666666667 0.3880208333333333 0.3880208333333333 0.3984375 0.3880208333333333 0.40234375 0.3841145833333333 0.40625 0.37890625 0.40625 0.3736979166666667 0.4010416666666667 0.3736979166666667 0.38671875 0.3763020833333333 0.3828125 0.3802083333333333 0.3828125
3 0.10546875 0.4479166666666667 0.11588541666666667 0.4518229166666667 0.11848958333333333 0.4557291666666667 0.11848958333333333 0.4661458333333333 0.10807291666666667 0.4661458333333333 0.10546875 0.46484375 0.10286458333333333 0.4557291666666667 0.10546875 0.44921875
2 0.4739583333333333 0.12109375 0.4739583333333333 0.4140625 0.4713541666666667 0.4479166666666667 0.4713541666666667 0.6341145833333334 0.4661458333333333 0.9466145833333334 0.4635416666666667 0.9479166666666666 0.4635416666666667 0.8619791666666666 0.46484375 0.74609375 0.4674479166666667 0.7109375 0.47265625 0.12239583333333333
0 0 0.6236111106770833 0.08828124999999999 0.6263888893229167 0.1171875 0.60277777734375 0.13359374999999998 0.5680555559895833 0.1390625 0.5319444440104167 0.13671875 0.48888888932291663 0.12343749999999999 0.44722222265624995 0.10703125000000001 0.425 0.08984375 0.4138888893229167 0.01875 0.40972222265625 0 0.40972222265625 0 0.41527777734375 0.08984375 0.41944444401041664 0.1125 0.43611111067708336 0.121875 0.45 0.1328125 0.47777777734375 0.13515625 0.5055555559895833 0.13359374999999998 0.5458333333333333 0.12812500000000002 0.5694444440104166 0.11796875 0.5930555559895833 0.09453125 0.6180555559895834 0 0.6180555559895834 0 0.6236111106770833
0 0.96640625 0.45277777734375 0.8916485247395833 0.4492571796875 0.89296875 0.45277777734375 0.91015625 0.45416666666666666 0.96640625 0.45277777734375
0 0.8484375000000001 0.44722222265624995 0.8328125000000001 0.45555555598958336 0.81796875 0.47222222265625 0.803125 0.5083333333333333 0.803125 0.5291666666666667 0.8117187499999999 0.4916666666666667 0.8265625 0.4666666666666666 0.84375 0.45277777734375 0.88671875 0.45277777734375 0.8907281835937501 0.4492138359375 0.8484375000000001 0.44722222265624995
0 0.83046875 0.64722222265625 0.86484375 0.65972222265625 0.9640624999999999 0.65972222265625 0.96328125 0.65277777734375 0.95859375 0.6569444440104167 0.8562500000000001 0.65277777734375 0.83359375 0.6430555559895833 0.81875 0.625 0.80859375 0.60277777734375 0.80078125 0.5680555559895833 0.7999999999999999 0.5305555559895833 0.79921875 0.5736111106770834 0.803125 0.5986111106770834 0.8140625 0.6263888893229167 0.83046875 0.64722222265625