1 0.6951296875 0.3173263893229167 0.696275 0.3112805559895833 0.6939601562500001 0.30953472265625 0.6920109375 0.31334444401041667 0.6929859375 0.31663472265625 0.6951296875 0.3173263893229167
0 0.5338541666666666 0.46484375 0.5442708333333334 0.46875 0.5533854166666666 0.4752604166666667 0.5651041666666666 0.4908854166666667 0.5768229166666666 0.5208333333333334 0.5794270833333334 0.546875 0.5768229166666666 0.5872395833333334 0.5703125 0.6080729166666666 0.5572916666666666 0.6302083333333334 0.5455729166666666 0.6393229166666666 0.53515625 0.6432291666666666 0.5234375 0.6432291666666666 0.515625 0.640625 0.5013020833333334 0.6302083333333334 0.4869791666666667 0.60546875 0.4817708333333333 0.58984375 0.4778645833333333 0.5598958333333334 0.48046875 0.546875 0.48046875 0.53125 0.4856770833333333 0.5078125 0.4973958333333333 0.484375 0.50390625 0.4778645833333333 0.50390625 0.4856770833333333 0.49609375 0.4934895833333333 0.48828125 0.5104166666666666 0.4830729166666667 0.5325520833333334 0.4830729166666667 0.5794270833333334 0.4908854166666667 0.60546875 0.4986979166666667 0.6184895833333334 0.5130208333333334 0.6341145833333334 0.5247395833333334 0.6380208333333334 0.5390625 0.63671875 0.5442708333333334 0.6341145833333334 0.5533854166666666 0.6276041666666666 0.5625 0.6158854166666666 0.56640625 0.6080729166666666 0.56640625 0.6028645833333334 0.5703125 0.59765625 0.5755208333333334 0.578125 0.5768229166666666 0.5455729166666666 0.57421875 0.5234375 0.5625 0.4934895833333333 0.5455729166666666 0.4752604166666667 0.5377604166666666 0.4713541666666667 0.53125 0.4713541666666667 0.5286458333333334 0.46875 0.5260416666666666 0.4713541666666667 0.5078125 0.4739583333333333 0.515625 0.4674479166666667 0.5325520833333334 0.46484375
0 0.9986979166666666 0.4309895833333333 0.9986979166666666 0.4388020833333333 0.9192708333333334 0.4401041666666667 0.9036458333333334 0.4440104166666667 0.8919270833333334 0.4518229166666667 0.8828125 0.4635416666666667 0.8697916666666666 0.4895833333333333 0.86328125 0.5169270833333334 0.86328125 0.5651041666666666 0.87109375 0.5950520833333334 0.8893229166666666 0.6263020833333334 0.9010416666666666 0.63671875 0.91015625 0.640625 0.9986979166666666 0.6393229166666666 0.9986979166666666 0.64453125 0.9622395833333334 0.64453125 0.9609375 0.6471354166666666 0.9296875 0.6484375 0.91015625 0.6471354166666666 0.9088541666666666 0.64453125 0.8971354166666666 0.640625 0.8841145833333334 0.62890625 0.87109375 0.6067708333333334 0.8645833333333334 0.5885416666666666 0.859375 0.5520833333333334 0.8606770833333334 0.515625 0.8645833333333334 0.4934895833333333 0.8802083333333334 0.4583333333333333 0.8919270833333334 0.4453125 0.9075520833333334 0.4348958333333333 0.9973958333333334 0.4309895833333333
0 0.140625 0.4622395833333333 0.15234375 0.4635416666666667 0.16796875 0.47265625 0.18229166666666666 0.4908854166666667 0.19140625 0.5104166666666666 0.19921875 0.5520833333333334 0.19921875 0.58203125 0.1953125 0.6119791666666666 0.19140625 0.6263020833333334 0.1796875 0.6497395833333334 0.16145833333333334 0.66796875 0.14322916666666666 0.6744791666666666 0.08333333333333333 0.6770833333333334 0.03515625 0.6770833333333334 0.03515625 0.6731770833333334 0.12109375 0.6705729166666666 0.13541666666666666 0.6692708333333334 0.13671875 0.6666666666666666 0.15104166666666666 0.6666666666666666 0.16276041666666666 0.66015625 0.17578125 0.6471354166666666 0.17708333333333334 0.6419270833333334 0.1875 0.6263020833333334 0.19140625 0.6145833333333334 0.19270833333333334 0.6002604166666666 0.1953125 0.5963541666666666 0.1953125 0.5377604166666666 0.19270833333333334 0.5338541666666666 0.1875 0.5104166666666666 0.1796875 0.4947916666666667 0.16666666666666666 0.4778645833333333 0.15234375 0.46875 0.12239583333333333 0.4674479166666667 0.08854166666666667 0.4700520833333333 0.032552083333333336 0.4700520833333333 0.03125 0.4674479166666667 0.03515625 0.46484375 0.13932291666666666 0.4622395833333333
2 0.5247395833333334 0.13932291666666666 0.52734375 0.15364583333333334 0.52734375 0.3151041666666667 0.5299479166666666 0.3177083333333333 0.53125 0.7447916666666666 0.5338541666666666 0.7786458333333334 0.53515625 0.8854166666666666 0.53515625 0.9622395833333334 0.5338541666666666 0.9661458333333334 0.53125 0.96484375 0.5260416666666666 0.4713541666666667 0.52734375 0.3919270833333333 0.5247395833333334 0.3489583333333333 0.5247395833333334 0.140625
3 0.34375 0.56640625 0.34765625 0.5690104166666666 0.3502604166666667 0.5768229166666666 0.3450520833333333 0.58203125 0.3411458333333333 0.58203125 0.3372395833333333 0.578125 0.3359375 0.57421875 0.3424479166666667 0.5677083333333334
3 0.4401041666666667 0.3033854166666667 0.44140625 0.3177083333333333 0.4361979166666667 0.3203125 0.4309895833333333 0.3190104166666667 0.4309895833333333 0.3020833333333333 0.4361979166666667 0.30078125 0.4388020833333333 0.3033854166666667
3 0.5598958333333334 0.22135416666666666 0.5638020833333334 0.22005208333333334 0.56640625 0.22526041666666666 0.5651041666666666 0.23307291666666666 0.5598958333333334 0.23958333333333334 0.5598958333333334 0.22265625
3 0.375 0.6380208333333334 0.3893229166666667 0.640625 0.3828125 0.65234375 0.3763020833333333 0.65625 0.3736979166666667 0.6484375 0.375 0.6393229166666666
3 0.5325520833333334 0.2994791666666667 0.53515625 0.2994791666666667 0.5390625 0.3111979166666667 0.5390625 0.3177083333333333 0.5338541666666666 0.3229166666666667 0.5286458333333334 0.3203125 0.5286458333333334 0.3111979166666667 0.5325520833333334 0.30078125
3 0.5143229166666666 0.4739583333333333 0.5182291666666666 0.4856770833333333 0.51171875 0.4934895833333333 0.5078125 0.4934895833333333 0.50390625 0.4817708333333333 0.5104166666666666 0.47265625 0.5130208333333334 0.4739583333333333
3 0.4127604166666667 0.70703125 0.4140625 0.7213541666666666 0.41015625 0.7265625 0.40625 0.7213541666666666 0.4049479166666667 0.70703125 0.4114583333333333 0.70703125
3 0.4583333333333333 0.390625 0.4635416666666667 0.390625 0.4674479166666667 0.3958333333333333 0.4674479166666667 0.4114583333333333 0.4635416666666667 0.41796875 0.4596354166666667 0.41796875 0.4544270833333333 0.4049479166666667 0.4544270833333333 0.3997395833333333 0.4583333333333333 0.3919270833333333
3 0.20833333333333334 0.46875 0.20703125 0.4583333333333333 0.21223958333333334 0.4505208333333333 0.21744791666666666 0.4518229166666667 0.22526041666666666 0.4635416666666667 0.22526041666666666 0.4674479166666667 0.21744791666666666 0.4713541666666667 0.20963541666666666 0.46875
3 0.30859375 0.28125 0.3151041666666667 0.2825520833333333 0.3190104166666667 0.2903645833333333 0.3190104166666667 0.296875 0.31640625 0.2994791666666667 0.3125 0.2994791666666667 0.30859375 0.29296875 0.30859375 0.2825520833333333
3 0.6927083333333334 0.3098958333333333 0.69921875 0.3033854166666667 0.7005208333333334 0.2877604166666667 0.7057291666666666 0.2864583333333333 0.70703125 0.2916666666666667 0.70703125 0.2994791666666667 0.7018229166666666 0.30859375 0.6940104166666666 0.31640625 0.69140625 0.3151041666666667 0.6927083333333334 0.3111979166666667
3 0.4765625 0.8671875 0.4791666666666667 0.8697916666666666 0.4765625 0.8723958333333334 0.47265625 0.890625 0.4661458333333333 0.89453125 0.4661458333333333 0.8776041666666666 0.4674479166666667 0.8736979166666666 0.4752604166666667 0.8684895833333334