1 0.8440859375 0.9301361106770832 0.842509375 0.926775 0.8415 0.92587777734375 0.8402390624999999 0.9310319440104166 0.8400500000000001 0.9336083333333334 0.8434554687500001 0.9351777773437501 0.84383359375 0.93349722265625 0.8452210937500001 0.9312555559895833 0.8440859375 0.9301361106770832
0 0 0.4231770833333333 0.08333333333333333 0.42578125 0.1015625 0.4309895833333333 0.11848958333333333 0.4466145833333333 0.13020833333333334 0.4674479166666667 0.13802083333333334 0.4908854166666667 0.14192708333333334 0.5143229166666666 0.14192708333333334 0.5494791666666666 0.13802083333333334 0.5755208333333334 0.13411458333333334 0.58984375 0.12239583333333333 0.6145833333333334 0.11067708333333333 0.62890625 0.09895833333333333 0.63671875 0.08854166666666667 0.6393229166666666 0 0.6380208333333334 0 0.6328125 0.08984375 0.6341145833333334 0.10026041666666667 0.6302083333333334 0.11588541666666667 0.6145833333333334 0.12760416666666666 0.5950520833333334 0.13541666666666666 0.5716145833333334 0.13671875 0.5546875 0.13932291666666666 0.5494791666666666 0.13932291666666666 0.5182291666666666 0.13411458333333334 0.4895833333333333 0.11979166666666667 0.4557291666666667 0.109375 0.4440104166666667 0.09244791666666667 0.4322916666666667 0 0.4296875 0 0.4244791666666667
0 0.8697916666666666 0.4557291666666667 0.9479166666666666 0.4583333333333333 0.94921875 0.4609375 0.9700520833333334 0.4609375 0.9713541666666666 0.46484375 0.9505208333333334 0.4661458333333333 0.8580729166666666 0.4622395833333333 0.84375 0.4674479166666667 0.8307291666666666 0.4791666666666667 0.8190104166666666 0.49609375 0.8072916666666666 0.5338541666666666 0.8072916666666666 0.58984375 0.8177083333333334 0.6263020833333334 0.8307291666666666 0.6471354166666666 0.8502604166666666 0.6614583333333334 0.8619791666666666 0.6640625 0.9583333333333334 0.6666666666666666 0.9596354166666666 0.6692708333333334 0.9674479166666666 0.6692708333333334 0.9674479166666666 0.6731770833333334 0.8971354166666666 0.671875 0.8528645833333334 0.66796875 0.8515625 0.6653645833333334 0.84765625 0.6653645833333334 0.8359375 0.6588541666666666 0.828125 0.6510416666666666 0.81640625 0.6328125 0.8151041666666666 0.625 0.80859375 0.6119791666666666 0.8033854166666666 0.5807291666666666 0.8033854166666666 0.5442708333333334 0.80859375 0.515625 0.81640625 0.4934895833333333 0.828125 0.4739583333333333 0.8450520833333334 0.4622395833333333 0.84765625 0.4583333333333333 0.8567708333333334 0.4557291666666667 0.8684895833333334 0.4557291666666667
2 0.4765625 0.13541666666666666 0.4791666666666667 0.140625 0.4791666666666667 0.17057291666666666 0.4752604166666667 0.4401041666666667 0.4752604166666667 0.6432291666666666 0.4739583333333333 0.6536458333333334 0.4713541666666667 0.6549479166666666 0.4739583333333333 0.66015625 0.4752604166666667 0.6796875 0.4739583333333333 0.7486979166666666 0.4713541666666667 0.7643229166666666 0.4713541666666667 0.94140625 0.4700520833333333 0.9609375 0.4674479166666667 0.9609375 0.46875 0.7552083333333334 0.4713541666666667 0.7135416666666666 0.46875 0.6614583333333334 0.4713541666666667 0.65625 0.4700520833333333 0.6276041666666666 0.47265625 0.5559895833333334 0.47265625 0.3776041666666667 0.4765625 0.13671875
3 0.8619791666666666 0.5 0.8736979166666666 0.5091145833333334 0.8723958333333334 0.515625 0.8671875 0.5169270833333334 0.859375 0.5234375 0.8580729166666666 0.5143229166666666 0.8619791666666666 0.5013020833333334
3 0.7415364583333334 0.7819010416666666 0.014973958333333334 0.027994791666666668
3 0.7044270833333334 0.6041666666666666 0.01171875 0.027994791666666668
3 0.15364583333333334 0.47265625 0.16145833333333334 0.4791666666666667 0.16145833333333334 0.4908854166666667 0.15625 0.4908854166666667 0.1484375 0.4869791666666667 0.14713541666666666 0.4765625 0.15234375 0.47265625
3 0.8736979166666666 0.8424479166666666 0.8736979166666666 0.8333333333333334 0.87890625 0.8255208333333334 0.8815104166666666 0.8268229166666666 0.8815104166666666 0.8307291666666666 0.8880208333333334 0.83984375 0.8893229166666666 0.8463541666666666 0.8880208333333334 0.8489583333333334 0.8815104166666666 0.8489583333333334 0.875 0.8424479166666666
3 0.73046875 0.5494791666666666 0.734375 0.5481770833333334 0.73828125 0.5533854166666666 0.7330729166666666 0.5872395833333334 0.73046875 0.5846354166666666 0.7278645833333334 0.5611979166666666 0.73046875 0.55078125
3 0.4791666666666667 0.654296875 0.012369791666666666 0.022135416666666668
3 0.9388020833333334 0.625 0.9518229166666666 0.625 0.9583333333333334 0.6302083333333334 0.9596354166666666 0.6341145833333334 0.9557291666666666 0.640625 0.9479166666666666 0.640625 0.9361979166666666 0.6302083333333334 0.9361979166666666 0.6276041666666666 0.9388020833333334 0.6263020833333334
3 0.8424479166666666 0.9270833333333334 0.8450520833333334 0.9283854166666666 0.8463541666666666 0.9348958333333334 0.8580729166666666 0.9518229166666666 0.8580729166666666 0.9635416666666666 0.85546875 0.9661458333333334 0.8515625 0.9661458333333334 0.84765625 0.9609375 0.8411458333333334 0.9283854166666666
3 0.6302083333333334 0.5182291666666666 0.6236979166666666 0.515625 0.6197916666666666 0.5065104166666666 0.6197916666666666 0.4973958333333333 0.625 0.4921875 0.6315104166666666 0.4921875 0.6341145833333334 0.4947916666666667 0.6354166666666666 0.5065104166666666 0.6341145833333334 0.5143229166666666 0.6315104166666666 0.5169270833333334
3 0.5852864583333334 0.8125 0.009114583333333334 0.035807291666666664
3 0.38984375 0.25138888932291664 0.38906250000000003 0.26388888932291665 0.39375 0.2736111106770833 0.3984375 0.25833333333333336 0.38984375 0.25138888932291664