1 0.59609375 0.22638888932291668 0.5984375000000001 0.22916666666666666 0.59921875 0.22916666666666666 0.6007812499999999 0.22638888932291668 0.6007812499999999 0.22083333333333333 0.6 0.21944444401041666 0.5984375000000001 0.21944444401041666 0.5968749999999999 0.22222222265625 0.59609375 0.22638888932291668
0 0.96484375 0.4166666666666667 0.9986979166666666 0.4166666666666667 0.9986979166666666 0.4231770833333333 0.9075520833333334 0.42578125 0.8919270833333334 0.4322916666666667 0.88671875 0.4375 0.87109375 0.45703125 0.8697916666666666 0.46484375 0.8658854166666666 0.4700520833333333 0.859375 0.4895833333333333 0.8580729166666666 0.51171875 0.85546875 0.5208333333333334 0.8580729166666666 0.5520833333333334 0.8528645833333334 0.5364583333333334 0.8528645833333334 0.5130208333333334 0.85546875 0.5065104166666666 0.8567708333333334 0.4869791666666667 0.8645833333333334 0.4622395833333333 0.8802083333333334 0.4361979166666667 0.8997395833333334 0.421875 0.96484375 0.41796875
0 0.1328125 0.4505208333333333 0.14973958333333334 0.45703125 0.1640625 0.4713541666666667 0.17447916666666666 0.4895833333333333 0.18359375 0.5169270833333334 0.18359375 0.52734375 0.1875 0.5442708333333334 0.1875 0.5703125 0.18229166666666666 0.60546875 0.17447916666666666 0.6276041666666666 0.16015625 0.6497395833333334 0.14322916666666666 0.6614583333333334 0.11067708333333333 0.6653645833333334 0.059895833333333336 0.6653645833333334 0.05859375 0.66796875 0.033854166666666664 0.6692708333333334 0.020833333333333332 0.66796875 0.01953125 0.6640625 0.022135416666666668 0.6627604166666666 0.03125 0.6640625 0.053385416666666664 0.6614583333333334 0.12369791666666667 0.66015625 0.13802083333333334 0.6575520833333334 0.15104166666666666 0.6510416666666666 0.16927083333333334 0.6276041666666666 0.17708333333333334 0.6080729166666666 0.17708333333333334 0.6028645833333334 0.1796875 0.6002604166666666 0.18098958333333334 0.5872395833333334 0.18359375 0.58203125 0.18489583333333334 0.5481770833333334 0.1796875 0.5143229166666666 0.17708333333333334 0.51171875 0.17317708333333334 0.49609375 0.16015625 0.4739583333333333 0.15104166666666666 0.46484375 0.1328125 0.4557291666666667 0.0703125 0.45703125 0.06901041666666667 0.4596354166666667 0.03125 0.4609375 0.016927083333333332 0.4596354166666667 0.018229166666666668 0.4544270833333333 0.02734375 0.453125 0.13151041666666666 0.4505208333333333
2 0.5182291666666666 0.5364583333333334 0.5208333333333334 0.5455729166666666 0.5221354166666666 0.5807291666666666 0.5221354166666666 0.7161458333333334 0.5260416666666666 0.8645833333333334 0.5260416666666666 0.95703125 0.5234375 0.9557291666666666 0.5221354166666666 0.94140625 0.5208333333333334 0.7161458333333334 0.5169270833333334 0.5651041666666666 0.5182291666666666 0.5377604166666666
3 0.47265625 0.1875 0.4752604166666667 0.1875 0.4752604166666667 0.21223958333333334 0.4700520833333333 0.21223958333333334 0.46875 0.20442708333333334 0.46875 0.1953125 0.47265625 0.18880208333333334
3 0.5208333333333334 0.3919270833333333 0.5260416666666666 0.3919270833333333 0.5286458333333334 0.39453125 0.52734375 0.4049479166666667 0.5208333333333334 0.4127604166666667 0.5208333333333334 0.3932291666666667
3 0.7291666666666666 0.71484375 0.734375 0.7200520833333334 0.734375 0.7265625 0.7265625 0.7317708333333334 0.7200520833333334 0.7278645833333334 0.7200520833333334 0.7174479166666666 0.7278645833333334 0.7161458333333334
3 0.49609375 0.7565104166666666 0.4986979166666667 0.76953125 0.49609375 0.7825520833333334 0.4921875 0.78125 0.4908854166666667 0.7747395833333334 0.4908854166666667 0.7669270833333334 0.4947916666666667 0.7578125
3 0.8522135416666666 0.5540364583333334 0.01171875 0.01953125
3 0.59765625 0.55078125 0.59765625 0.5390625 0.6002604166666666 0.53515625 0.60546875 0.5364583333333334 0.60546875 0.5442708333333334 0.6015625 0.55078125 0.5989583333333334 0.55078125
3 0.5169270833333334 0.51171875 0.5221354166666666 0.5104166666666666 0.52734375 0.515625 0.5260416666666666 0.52734375 0.5234375 0.5325520833333334 0.5182291666666666 0.53515625 0.5130208333333334 0.5260416666666666 0.5130208333333334 0.5182291666666666 0.5169270833333334 0.5130208333333334
3 0.5651041666666666 0.6171875 0.5703125 0.6197916666666666 0.5703125 0.6263020833333334 0.5638020833333334 0.6328125 0.55859375 0.6302083333333334 0.55859375 0.6158854166666666 0.5611979166666666 0.6145833333333334 0.5638020833333334 0.6171875
3 0.6393229166666666 0.2109375 0.640625 0.21875 0.6341145833333334 0.23046875 0.6328125 0.21614583333333334 0.6380208333333334 0.2109375
3 0.4088541666666667 0.4192708333333333 0.4127604166666667 0.4322916666666667 0.4127604166666667 0.4388020833333333 0.41015625 0.44140625 0.40625 0.44140625 0.4036458333333333 0.4322916666666667 0.4036458333333333 0.421875 0.4075520833333333 0.4192708333333333
3 0.3971354166666667 0.6861979166666666 0.3984375 0.69140625 0.3932291666666667 0.7044270833333334 0.3893229166666667 0.70703125 0.38671875 0.7057291666666666 0.3841145833333333 0.6940104166666666 0.38671875 0.6901041666666666 0.3932291666666667 0.6901041666666666 0.3958333333333333 0.6875
3 0.5546875 0.7604166666666666 0.5572916666666666 0.76171875 0.5598958333333334 0.76953125 0.55859375 0.78125 0.5559895833333334 0.7838541666666666 0.55078125 0.78125 0.55078125 0.7708333333333334 0.5546875 0.76171875