1 0.43046875 0.6541666666666667 0.43124999999999997 0.6541666666666667 0.43124999999999997 0.65 0.4296875 0.64722222265625 0.42734374999999997 0.6458333333333334 0.425 0.65 0.4265625 0.6569444440104167 0.42890625 0.6569444440104167 0.43046875 0.6541666666666667
0 0 0.4114583333333333 0.08463541666666667 0.4140625 0.09505208333333333 0.4166666666666667 0.09635416666666667 0.4192708333333333 0.10677083333333333 0.4244791666666667 0.11848958333333333 0.4375 0.13020833333333334 0.4583333333333333 0.13802083333333334 0.4869791666666667 0.140625 0.51171875 0.13932291666666666 0.55078125 0.13020833333333334 0.5859375 0.11848958333333333 0.6067708333333334 0.10677083333333333 0.6184895833333334 0.08723958333333333 0.62890625 0 0.6263020833333334 0 0.6197916666666666 0.08854166666666667 0.6223958333333334 0.10026041666666667 0.6171875 0.11197916666666667 0.6067708333333334 0.12369791666666667 0.5885416666666666 0.13671875 0.546875 0.13541666666666666 0.48828125 0.125 0.45703125 0.11067708333333333 0.4348958333333333 0.09114583333333333 0.421875 0.01953125 0.41796875 0.0078125 0.4192708333333333 0 0.41796875 0 0.4127604166666667
0 0.9622395833333334 0.4479166666666667 0.9674479166666666 0.44921875 0.96875 0.453125 0.8515625 0.4505208333333333 0.84375 0.4544270833333333 0.8307291666666666 0.46484375 0.8216145833333334 0.4765625 0.8216145833333334 0.48046875 0.8190104166666666 0.4817708333333333 0.8111979166666666 0.4986979166666667 0.8059895833333334 0.5208333333333334 0.8033854166666666 0.5520833333333334 0.8033854166666666 0.5677083333333334 0.8059895833333334 0.5729166666666666 0.8072916666666666 0.58984375 0.8138020833333334 0.609375 0.8255208333333334 0.6302083333333334 0.8450520833333334 0.6484375 0.86328125 0.65234375 0.9635416666666666 0.65625 0.9661458333333334 0.6588541666666666 0.9609375 0.6614583333333334 0.8619791666666666 0.6575520833333334 0.84765625 0.6549479166666666 0.83984375 0.6510416666666666 0.82421875 0.63671875 0.8111979166666666 0.61328125 0.8046875 0.5924479166666666 0.80078125 0.5677083333333334 0.80078125 0.53515625 0.8072916666666666 0.5 0.81640625 0.48046875 0.81640625 0.4765625 0.83203125 0.4557291666666667 0.8528645833333334 0.4453125 0.9609375 0.4479166666666667
2 0.4739583333333333 0.2565104166666667 0.4778645833333333 0.2604166666666667 0.4778645833333333 0.265625 0.4752604166666667 0.2682291666666667 0.4765625 0.2838541666666667 0.4739583333333333 0.390625 0.4739583333333333 0.62890625 0.4713541666666667 0.6341145833333334 0.4700520833333333 0.9075520833333334 0.4674479166666667 0.9244791666666666 0.4674479166666667 0.94921875 0.46484375 0.9283854166666666 0.4674479166666667 0.8854166666666666 0.46875 0.6041666666666666 0.4713541666666667 0.5651041666666666 0.47265625 0.4296875 0.4713541666666667 0.32421875 0.4739583333333333 0.2578125
3 0.24869791666666666 0.4596354166666667 0.24609375 0.4518229166666667 0.2526041666666667 0.4453125 0.2591145833333333 0.4453125 0.26171875 0.4479166666666667 0.26171875 0.4596354166666667 0.2591145833333333 0.4635416666666667 0.2552083333333333 0.4635416666666667 0.25 0.4596354166666667
3 0.3170572916666667 0.83984375 0.014973958333333334 0.020833333333333332
3 0.4830729166666667 0.23567708333333334 0.4869791666666667 0.23958333333333334 0.4869791666666667 0.25390625 0.4830729166666667 0.265625 0.48046875 0.265625 0.4752604166666667 0.24869791666666666 0.4765625 0.23958333333333334 0.4817708333333333 0.23567708333333334
3 0.6197916666666666 0.5338541666666666 0.625 0.5364583333333334 0.6302083333333334 0.53515625 0.6315104166666666 0.5377604166666666 0.6302083333333334 0.5559895833333334 0.6276041666666666 0.5559895833333334 0.62109375 0.546875 0.6184895833333334 0.5364583333333334 0.6197916666666666 0.53515625
3 0.4231770833333333 0.6341145833333334 0.4231770833333333 0.6549479166666666 0.4192708333333333 0.6588541666666666 0.4140625 0.6575520833333334 0.4114583333333333 0.6458333333333334 0.4140625 0.6393229166666666 0.421875 0.6341145833333334
3 0.3307291666666667 0.4140625 0.32421875 0.3997395833333333 0.32421875 0.3932291666666667 0.3268229166666667 0.390625 0.3307291666666667 0.390625 0.3307291666666667 0.3971354166666667 0.3372395833333333 0.4036458333333333 0.3372395833333333 0.4075520833333333 0.33203125 0.4140625
3 0.5494791666666666 0.6731770833333334 0.5598958333333334 0.67578125 0.5638020833333334 0.68359375 0.5638020833333334 0.6940104166666666 0.5572916666666666 0.7018229166666666 0.5546875 0.6966145833333334 0.5546875 0.6861979166666666 0.5494791666666666 0.6744791666666666
3 0.484375 0.84765625 0.4817708333333333 0.83203125 0.4869791666666667 0.8229166666666666 0.4895833333333333 0.82421875 0.4908854166666667 0.8294270833333334 0.4908854166666667 0.84765625 0.48828125 0.8502604166666666 0.4856770833333333 0.84765625
3 0.23177083333333334 0.20572916666666666 0.23697916666666666 0.21223958333333334 0.24088541666666666 0.22265625 0.23958333333333334 0.23046875 0.23697916666666666 0.23307291666666666 0.23307291666666666 0.23177083333333334 0.23307291666666666 0.22786458333333334 0.2265625 0.21744791666666666 0.2265625 0.20703125 0.23046875 0.20572916666666666
3 0.07682291666666667 0.51953125 0.07682291666666667 0.5377604166666666 0.07161458333333333 0.53515625 0.061197916666666664 0.5364583333333334 0.05859375 0.5325520833333334 0.05859375 0.5234375 0.061197916666666664 0.51953125 0.07552083333333333 0.51953125
3 0.78125 0.5299479166666666 0.78515625 0.5364583333333334 0.78515625 0.5442708333333334 0.7825520833333334 0.55078125 0.7799479166666666 0.5520833333333334 0.7734375 0.55078125 0.7721354166666666 0.546875 0.7721354166666666 0.53515625 0.7799479166666666 0.5299479166666666
3 0.5729166666666666 0.2981770833333333 0.5755208333333334 0.3020833333333333 0.5755208333333334 0.31640625 0.5716145833333334 0.3216145833333333 0.5690104166666666 0.3203125 0.56640625 0.3098958333333333 0.5690104166666666 0.2994791666666667 0.5716145833333334 0.2981770833333333