1 0.6007812499999999 0.30416666666666664 0.6023437500000001 0.3013888893229167 0.6023437500000001 0.29583333333333334 0.6 0.29444444401041664 0.59765625 0.29583333333333334 0.59765625 0.30277777734375 0.6007812499999999 0.30416666666666664
0 0.90234375 0.4375 0.9166666666666666 0.43359375 0.9986979166666666 0.4322916666666667 0.9986979166666666 0.4388020833333333 0.9192708333333334 0.4401041666666667 0.9075520833333334 0.4427083333333333 0.8958333333333334 0.44921875 0.8828125 0.4635416666666667 0.8736979166666666 0.4791666666666667 0.8658854166666666 0.5052083333333334 0.8619791666666666 0.53515625 0.86328125 0.56640625 0.87109375 0.5963541666666666 0.8828125 0.6184895833333334 0.8997395833333334 0.63671875 0.9114583333333334 0.6419270833333334 0.9986979166666666 0.6393229166666666 0.9986979166666666 0.64453125 0.9856770833333334 0.64453125 0.984375 0.6471354166666666 0.9075520833333334 0.6471354166666666 0.90625 0.64453125 0.8958333333333334 0.640625 0.8828125 0.6276041666666666 0.8684895833333334 0.6002604166666666 0.8606770833333334 0.5703125 0.859375 0.5494791666666666 0.8606770833333334 0.5169270833333334 0.8645833333333334 0.4947916666666667 0.8802083333333334 0.4583333333333333 0.8919270833333334 0.4453125 0.90234375 0.4388020833333333
0 0.14713541666666666 0.4635416666666667 0.16145833333333334 0.4700520833333333 0.17057291666666666 0.4778645833333333 0.17057291666666666 0.48046875 0.18229166666666666 0.4947916666666667 0.18359375 0.5013020833333334 0.19140625 0.515625 0.1953125 0.5455729166666666 0.19791666666666666 0.55078125 0.19791666666666666 0.5872395833333334 0.1953125 0.60546875 0.1875 0.6315104166666666 0.17838541666666666 0.6497395833333334 0.16276041666666666 0.66796875 0.1484375 0.6744791666666666 0.040364583333333336 0.6796875 0.032552083333333336 0.6796875 0.032552083333333336 0.6744791666666666 0.14713541666666666 0.6692708333333334 0.1484375 0.6666666666666666 0.16276041666666666 0.66015625 0.16927083333333334 0.6536458333333334 0.18489583333333334 0.6276041666666666 0.1953125 0.5859375 0.1953125 0.55078125 0.19270833333333334 0.5455729166666666 0.19140625 0.53125 0.18359375 0.515625 0.18359375 0.5091145833333334 0.16536458333333334 0.4791666666666667 0.15494791666666666 0.4713541666666667 0.14322916666666666 0.4674479166666667 0.06901041666666667 0.4713541666666667 0.029947916666666668 0.4700520833333333 0.029947916666666668 0.4674479166666667 0.032552083333333336 0.4661458333333333 0.14583333333333334 0.4635416666666667
2 0.5247395833333334 0.13932291666666666 0.52734375 0.24609375 0.5260416666666666 0.2994791666666667 0.5338541666666666 0.9674479166666666 0.53125 0.96875 0.53125 0.9127604166666666 0.5286458333333334 0.87890625 0.5234375 0.140625
3 0.2526041666666667 0.3541666666666667 0.2526041666666667 0.3580729166666667 0.25 0.3606770833333333 0.24348958333333334 0.3619791666666667 0.23958333333333334 0.359375 0.23697916666666666 0.3515625 0.23958333333333334 0.3424479166666667 0.24348958333333334 0.3424479166666667 0.2513020833333333 0.3541666666666667
3 0.3424479166666667 0.5677083333333334 0.34765625 0.5703125 0.34765625 0.578125 0.34375 0.5846354166666666 0.3385416666666667 0.5846354166666666 0.3359375 0.5794270833333334 0.3359375 0.5716145833333334 0.3411458333333333 0.5677083333333334
3 0.7122395833333334 0.3697916666666667 0.71484375 0.3736979166666667 0.7135416666666666 0.3841145833333333 0.70703125 0.39453125 0.703125 0.3893229166666667 0.7083333333333334 0.3763020833333333 0.7083333333333334 0.37109375 0.7109375 0.3697916666666667
3 0.3541666666666667 0.7044270833333334 0.3541666666666667 0.7096354166666666 0.34765625 0.7239583333333334 0.3450520833333333 0.7239583333333334 0.34375 0.7213541666666666 0.34375 0.7044270833333334 0.3528645833333333 0.7044270833333334
3 0.4088541666666667 0.87890625 0.41796875 0.8854166666666666 0.41015625 0.9010416666666666 0.40625 0.8971354166666666 0.40625 0.8880208333333334 0.4036458333333333 0.8841145833333334 0.4075520833333333 0.87890625
3 0.47265625 0.2994791666666667 0.4752604166666667 0.3020833333333333 0.4778645833333333 0.3151041666666667 0.4752604166666667 0.3229166666666667 0.47265625 0.3229166666666667 0.4713541666666667 0.3203125 0.4700520833333333 0.3059895833333333 0.47265625 0.30078125
3 0.3736979166666667 0.4049479166666667 0.3776041666666667 0.41796875 0.3815104166666667 0.421875 0.3763020833333333 0.4322916666666667 0.3723958333333333 0.4322916666666667 0.3697916666666667 0.4296875 0.3671875 0.421875 0.3671875 0.41015625 0.3684895833333333 0.40625 0.3723958333333333 0.4049479166666667
3 0.4427083333333333 0.4557291666666667 0.4479166666666667 0.4700520833333333 0.4440104166666667 0.4765625 0.4388020833333333 0.4752604166666667 0.4361979166666667 0.46484375 0.4375 0.4583333333333333 0.44140625 0.4557291666666667
3 0.5598958333333334 0.24088541666666666 0.5625 0.2421875 0.5638020833333334 0.24739583333333334 0.5598958333333334 0.265625 0.5559895833333334 0.265625 0.5520833333333334 0.26171875 0.5520833333333334 0.2552083333333333 0.55859375 0.2421875
3 0.16666666666666666 0.4934895833333333 0.17708333333333334 0.5 0.17708333333333334 0.51171875 0.17057291666666666 0.515625 0.1640625 0.51171875 0.16015625 0.5026041666666666 0.16145833333333334 0.4973958333333333 0.16536458333333334 0.4947916666666667
3 0.3020833333333333 0.63671875 0.3046875 0.6380208333333334 0.3046875 0.6432291666666666 0.30078125 0.6484375 0.2994791666666667 0.6549479166666666 0.29296875 0.6549479166666666 0.2903645833333333 0.6497395833333334 0.2903645833333333 0.6419270833333334 0.2942708333333333 0.63671875 0.30078125 0.63671875
3 0.3580729166666667 0.3151041666666667 0.359375 0.3229166666666667 0.3619791666666667 0.3255208333333333 0.3606770833333333 0.33203125 0.35546875 0.33203125 0.3528645833333333 0.3294270833333333 0.3528645833333333 0.31640625 0.3567708333333333 0.3151041666666667