1 0.40234375 0.70703125 0.4049479166666667 0.7083333333333334 0.40625 0.71484375 0.4049479166666667 0.7174479166666666 0.40234375 0.7161458333333334 0.40234375 0.7083333333333334
0 0 0.4114583333333333 0.0859375 0.4140625 0.09375 0.4166666666666667 0.11067708333333333 0.4296875 0.12239583333333333 0.4466145833333333 0.13411458333333334 0.4765625 0.13802083333333334 0.50390625 0.13802083333333334 0.54296875 0.13411458333333334 0.5677083333333334 0.12630208333333334 0.5885416666666666 0.11067708333333333 0.61328125 0.09244791666666667 0.6263020833333334 0.08203125 0.62890625 0 0.6263020833333334 0 0.6197916666666666 0.0859375 0.6223958333333334 0.09895833333333333 0.6171875 0.11067708333333333 0.60546875 0.12369791666666667 0.5846354166666666 0.13541666666666666 0.54296875 0.13541666666666666 0.5 0.13020833333333334 0.4765625 0.12369791666666667 0.45703125 0.10677083333333333 0.4322916666666667 0.09895833333333333 0.42578125 0.0859375 0.4205729166666667 0 0.41796875 0 0.4127604166666667
0 0.9622395833333334 0.4479166666666667 0.96875 0.4505208333333333 0.96875 0.453125 0.9661458333333334 0.4544270833333333 0.88671875 0.4505208333333333 0.8515625 0.4505208333333333 0.8424479166666666 0.4544270833333333 0.8255208333333334 0.4700520833333333 0.8151041666666666 0.48828125 0.8072916666666666 0.5104166666666666 0.8033854166666666 0.5390625 0.8020833333333334 0.5299479166666666 0.8046875 0.5091145833333334 0.81640625 0.4765625 0.8294270833333334 0.4583333333333333 0.84375 0.4479166666666667 0.8528645833333334 0.4453125 0.9609375 0.4479166666666667
2 0.4739583333333333 0.12109375 0.4739583333333333 0.48046875 0.4713541666666667 0.5182291666666666 0.47265625 0.6197916666666666 0.4700520833333333 0.6927083333333334 0.4700520833333333 0.81640625 0.46875 0.859375 0.4661458333333333 0.8723958333333334 0.4674479166666667 0.9479166666666666 0.46484375 0.9479166666666666 0.4635416666666667 0.9283854166666666 0.4635416666666667 0.88671875 0.4661458333333333 0.8776041666666666 0.46484375 0.8229166666666666 0.4674479166666667 0.80078125 0.4674479166666667 0.625 0.4713541666666667 0.4440104166666667 0.4700520833333333 0.3229166666666667 0.47265625 0.30859375 0.47265625 0.12239583333333333
3 0.27734375 0.8294270833333334 0.2799479166666667 0.8294270833333334 0.2786458333333333 0.8489583333333334 0.2682291666666667 0.8502604166666666 0.265625 0.8450520833333334 0.2682291666666667 0.8333333333333334 0.2734375 0.8333333333333334 0.27734375 0.8307291666666666
3 0.5091145833333334 0.6848958333333334 0.5052083333333334 0.6822916666666666 0.50390625 0.6770833333333334 0.5065104166666666 0.6653645833333334 0.51171875 0.6640625 0.5130208333333334 0.6822916666666666 0.5104166666666666 0.68359375
3 0.5833333333333334 0.4973958333333333 0.5846354166666666 0.5169270833333334 0.5807291666666666 0.53515625 0.578125 0.53515625 0.578125 0.5208333333333334 0.57421875 0.5143229166666666 0.5729166666666666 0.5052083333333334 0.58203125 0.4973958333333333
3 0.234375 0.3841145833333333 0.23828125 0.3880208333333333 0.24479166666666666 0.3893229166666667 0.24479166666666666 0.40234375 0.23697916666666666 0.40234375 0.23046875 0.3984375 0.23046875 0.3880208333333333 0.23307291666666666 0.3854166666666667
3 0.2265625 0.5026041666666666 0.22786458333333334 0.515625 0.22395833333333334 0.51953125 0.21354166666666666 0.5143229166666666 0.21223958333333334 0.5078125 0.21354166666666666 0.5052083333333334 0.22526041666666666 0.5026041666666666
3 0.2265625 0.20182291666666666 0.23046875 0.20182291666666666 0.23307291666666666 0.20442708333333334 0.23958333333333334 0.22265625 0.23697916666666666 0.22786458333333334 0.23046875 0.22395833333333334 0.22526041666666666 0.20963541666666666 0.2265625 0.203125
3 0.06640625 0.4973958333333333 0.07682291666666667 0.4986979166666667 0.08072916666666667 0.5026041666666666 0.08072916666666667 0.5143229166666666 0.06640625 0.5130208333333334 0.06640625 0.4986979166666667
3 0.80078125 0.5416666666666666 0.8033854166666666 0.5416666666666666 0.8072916666666666 0.5494791666666666 0.8072916666666666 0.5559895833333334 0.8033854166666666 0.5638020833333334 0.796875 0.5638020833333334 0.7877604166666666 0.5572916666666666 0.80078125 0.54296875
3 0.5364583333333334 0.3333333333333333 0.0078125 0.024739583333333332
3 0.4127604166666667 0.7057291666666666 0.4153645833333333 0.7252604166666666 0.4114583333333333 0.7278645833333334 0.40625 0.7239583333333334 0.40234375 0.71484375 0.40234375 0.7083333333333334 0.4049479166666667 0.7057291666666666 0.4114583333333333 0.7057291666666666
3 0.48593749999999997 0.8763888893229167 0.48281250000000003 0.8708333333333332 0.47734375 0.87777777734375 0.47578125 0.88472222265625 0.48359375 0.9013888893229166 0.4875 0.8944444440104166 0.48593749999999997 0.8763888893229167
3 0.45625 0.2916666666666667 0.4609375 0.2888888893229167 0.46249999999999997 0.26666666666666666 0.4578125 0.2625 0.45156250000000003 0.26666666666666666 0.45 0.2805555559895833 0.45234375 0.28750000000000003 0.45625 0.2916666666666667