1 0.47031249999999997 0.5208333333333334 0.47031249999999997 0.51527777734375 0.46875 0.5138888893229167 0.46718750000000003 0.51527777734375 0.46718750000000003 0.5194444440104167 0.46796875 0.5208333333333334 0.47031249999999997 0.5208333333333334
0 0 0.4244791666666667 0.09505208333333333 0.42578125 0.11328125 0.4309895833333333 0.12239583333333333 0.4375 0.12239583333333333 0.4401041666666667 0.13411458333333334 0.453125 0.14583333333333334 0.4778645833333333 0.14713541666666666 0.4895833333333333 0.15104166666666666 0.5 0.15364583333333334 0.5299479166666666 0.15104166666666666 0.5651041666666666 0.14583333333333334 0.5859375 0.13411458333333334 0.6106770833333334 0.11848958333333333 0.62890625 0.10286458333333333 0.63671875 0 0.6341145833333334 0 0.62890625 0.09244791666666667 0.6315104166666666 0.11067708333333333 0.6276041666666666 0.13151041666666666 0.60546875 0.140625 0.5872395833333334 0.14453125 0.5690104166666666 0.14713541666666666 0.56640625 0.14973958333333334 0.546875 0.1484375 0.5052083333333334 0.13932291666666666 0.47265625 0.12760416666666666 0.4518229166666667 0.11067708333333333 0.4361979166666667 0.1015625 0.4322916666666667 0.033854166666666664 0.4296875 0.00390625 0.4309895833333333 0 0.4296875 0 0.42578125
0 0.9127604166666666 0.453125 0.9739583333333334 0.4557291666666667 0.9739583333333334 0.4609375 0.8567708333333334 0.4596354166666667 0.83984375 0.46875 0.8229166666666666 0.4921875 0.8151041666666666 0.5104166666666666 0.8111979166666666 0.5260416666666666 0.80859375 0.5638020833333334 0.8098958333333334 0.58203125 0.8151041666666666 0.60546875 0.8294270833333334 0.6354166666666666 0.8411458333333334 0.6484375 0.8567708333333334 0.6575520833333334 0.96484375 0.6614583333333334 0.9713541666666666 0.6640625 0.9700520833333334 0.66796875 0.95703125 0.66796875 0.9557291666666666 0.6653645833333334 0.90234375 0.6653645833333334 0.8528645833333334 0.6614583333333334 0.83203125 0.6471354166666666 0.8203125 0.62890625 0.8203125 0.625 0.8125 0.609375 0.8072916666666666 0.5859375 0.8072916666666666 0.5325520833333334 0.81640625 0.49609375 0.8268229166666666 0.4765625 0.84375 0.4583333333333333 0.85546875 0.453125 0.9114583333333334 0.453125
2 0.4778645833333333 0.4830729166666667 0.4817708333333333 0.4869791666666667 0.4765625 0.890625 0.4778645833333333 0.9296875 0.4752604166666667 0.9518229166666666 0.47265625 0.94921875 0.4765625 0.7317708333333334 0.4765625 0.57421875 0.4791666666666667 0.5364583333333334 0.4765625 0.51953125 0.4778645833333333 0.484375
3 0.51171875 0.7135416666666666 0.515625 0.7161458333333334 0.5169270833333334 0.7200520833333334 0.5169270833333334 0.7317708333333334 0.51171875 0.7356770833333334 0.51171875 0.71484375
3 0.5611979166666666 0.5559895833333334 0.5651041666666666 0.5559895833333334 0.5677083333333334 0.5598958333333334 0.5677083333333334 0.5677083333333334 0.5638020833333334 0.5716145833333334 0.5598958333333334 0.5651041666666666 0.5611979166666666 0.5572916666666666
3 0.5364583333333334 0.2630208333333333 0.5416666666666666 0.2669270833333333 0.5403645833333334 0.2838541666666667 0.5364583333333334 0.2864583333333333 0.5338541666666666 0.28125 0.53515625 0.2643229166666667
3 0.5052083333333334 0.6197916666666666 0.5065104166666666 0.63671875 0.5026041666666666 0.6393229166666666 0.4986979166666667 0.6276041666666666 0.5 0.6223958333333334 0.50390625 0.6197916666666666
3 0.421875 0.5833333333333334 0.4270833333333333 0.58984375 0.4270833333333333 0.6002604166666666 0.4231770833333333 0.6015625 0.4192708333333333 0.5924479166666666 0.421875 0.5846354166666666
3 0.4401041666666667 0.40625 0.4440104166666667 0.4088541666666667 0.4440104166666667 0.4192708333333333 0.44140625 0.421875 0.4375 0.4192708333333333 0.4361979166666667 0.4140625 0.4361979166666667 0.4075520833333333 0.4388020833333333 0.40625
3 0.3684895833333333 0.3229166666666667 0.3723958333333333 0.3268229166666667 0.3723958333333333 0.3385416666666667 0.3697916666666667 0.3411458333333333 0.36328125 0.3359375 0.3619791666666667 0.33203125 0.36328125 0.3255208333333333 0.3671875 0.3229166666666667
3 0.4075520833333333 0.76953125 0.4114583333333333 0.7760416666666666 0.4075520833333333 0.7864583333333334 0.4049479166666667 0.7877604166666666 0.4010416666666667 0.7838541666666666 0.3984375 0.7760416666666666 0.4010416666666667 0.76953125 0.40625 0.76953125
3 0.453125 0.24088541666666666 0.4609375 0.23828125 0.46484375 0.2526041666666667 0.4596354166666667 0.2630208333333333 0.453125 0.2421875
3 0.6640625 0.56640625 0.6666666666666666 0.578125 0.6653645833333334 0.59765625 0.66015625 0.6002604166666666 0.6575520833333334 0.5924479166666666 0.6575520833333334 0.5794270833333334 0.6627604166666666 0.57421875 0.6627604166666666 0.5677083333333334
3 0.5221354166666666 0.4635416666666667 0.5260416666666666 0.46484375 0.5247395833333334 0.4817708333333333 0.5221354166666666 0.4817708333333333 0.5208333333333334 0.4739583333333333 0.5221354166666666 0.46484375
3 0.48281250000000003 0.44027777734375 0.4765625 0.43888888932291664 0.47265625 0.4458333333333333 0.471875 0.45277777734375 0.47578125 0.4611111106770833 0.48593749999999997 0.45972222265625 0.48281250000000003 0.44027777734375