1 0.11875000000000001 0.60277777734375 0.11953124999999999 0.6013888893229167 0.11953124999999999 0.5958333333333333 0.1171875 0.5958333333333333 0.11562499999999999 0.59722222265625 0.11484375000000001 0.6 0.11562499999999999 0.60277777734375 0.11875000000000001 0.60277777734375
0 0 0.41015625 0.08333333333333333 0.4127604166666667 0.09505208333333333 0.4166666666666667 0.11197916666666667 0.4322916666666667 0.12630208333333334 0.45703125 0.13151041666666666 0.48046875 0.13411458333333334 0.484375 0.13671875 0.5065104166666666 0.13411458333333334 0.5572916666666666 0.13020833333333334 0.5703125 0.12630208333333334 0.5716145833333334 0.1328125 0.54296875 0.1328125 0.4986979166666667 0.12760416666666666 0.4713541666666667 0.11979166666666667 0.453125 0.109375 0.4361979166666667 0.09765625 0.42578125 0.08203125 0.4192708333333333 0.0234375 0.41796875 0.022135416666666668 0.4153645833333333 0 0.4153645833333333 0 0.4114583333333333
0 0.8893229166666666 0.4453125 0.9622395833333334 0.4479166666666667 0.9674479166666666 0.44921875 0.9674479166666666 0.453125 0.8502604166666666 0.4505208333333333 0.83203125 0.4622395833333333 0.8190104166666666 0.4778645833333333 0.8190104166666666 0.4817708333333333 0.8111979166666666 0.4947916666666667 0.8033854166666666 0.5260416666666666 0.8020833333333334 0.5651041666666666 0.8033854166666666 0.578125 0.8111979166666666 0.6080729166666666 0.8268229166666666 0.6341145833333334 0.8463541666666666 0.6497395833333334 0.87890625 0.6536458333333334 0.9596354166666666 0.65625 0.9635416666666666 0.6575520833333334 0.9635416666666666 0.6614583333333334 0.8736979166666666 0.6588541666666666 0.8424479166666666 0.6536458333333334 0.83203125 0.6471354166666666 0.8203125 0.6341145833333334 0.8072916666666666 0.6067708333333334 0.80078125 0.5807291666666666 0.7994791666666666 0.53515625 0.8046875 0.5052083333333334 0.81640625 0.4739583333333333 0.8307291666666666 0.4557291666666667 0.8463541666666666 0.4466145833333333 0.8880208333333334 0.4453125
2 0.4700520833333333 0.3385416666666667 0.4739583333333333 0.3450520833333333 0.4713541666666667 0.3515625 0.4713541666666667 0.6276041666666666 0.4674479166666667 0.7526041666666666 0.4674479166666667 0.9270833333333334 0.4661458333333333 0.9479166666666666 0.4635416666666667 0.94921875 0.4635416666666667 0.8216145833333334 0.4661458333333333 0.7174479166666666 0.46484375 0.6770833333333334 0.4674479166666667 0.6692708333333334 0.4700520833333333 0.33984375
3 0.16796875 0.8046875 0.17317708333333334 0.80859375 0.17317708333333334 0.8216145833333334 0.16796875 0.8216145833333334 0.16536458333333334 0.82421875 0.16276041666666666 0.82421875 0.16145833333333334 0.8216145833333334 0.16145833333333334 0.8125 0.1640625 0.8059895833333334 0.16666666666666666 0.8059895833333334
3 0.4596354166666667 0.3059895833333333 0.4622395833333333 0.3098958333333333 0.4622395833333333 0.328125 0.45703125 0.328125 0.4544270833333333 0.3203125 0.4583333333333333 0.3072916666666667
3 0.4075520833333333 0.3072916666666667 0.4127604166666667 0.3125 0.4153645833333333 0.32421875 0.4114583333333333 0.3359375 0.4075520833333333 0.3359375 0.4010416666666667 0.3255208333333333 0.4010416666666667 0.3125 0.40625 0.30859375
3 0.44921875 0.6666666666666666 0.4518229166666667 0.671875 0.4518229166666667 0.6822916666666666 0.44921875 0.6861979166666666 0.4466145833333333 0.6861979166666666 0.4440104166666667 0.6822916666666666 0.4440104166666667 0.671875 0.44921875 0.66796875
3 0.4986979166666667 0.4895833333333333 0.5026041666666666 0.49609375 0.5013020833333334 0.5260416666666666 0.4986979166666667 0.5247395833333334 0.4986979166666667 0.5208333333333334 0.49609375 0.5182291666666666 0.49609375 0.5104166666666666 0.4908854166666667 0.4986979166666667 0.4908854166666667 0.4934895833333333 0.4973958333333333 0.4895833333333333
3 0.13541666666666666 0.5716145833333334 0.13671875 0.5755208333333334 0.13020833333333334 0.58984375 0.125 0.5885416666666666 0.11979166666666667 0.59375 0.11848958333333333 0.6028645833333334 0.11588541666666667 0.6028645833333334 0.1171875 0.5911458333333334 0.11328125 0.5872395833333334 0.11328125 0.578125 0.13151041666666666 0.5703125 0.13411458333333334 0.5716145833333334
3 0.19921875 0.4166666666666667 0.20442708333333334 0.4166666666666667 0.20572916666666666 0.4244791666666667 0.20963541666666666 0.4296875 0.20963541666666666 0.43359375 0.20703125 0.4348958333333333 0.20442708333333334 0.4322916666666667 0.19661458333333334 0.4309895833333333 0.1953125 0.421875 0.19921875 0.41796875
3 0.052083333333333336 0.5403645833333334 0.055989583333333336 0.5442708333333334 0.0546875 0.55078125 0.053385416666666664 0.5546875 0.052083333333333336 0.5520833333333334 0.049479166666666664 0.5520833333333334 0.048177083333333336 0.5559895833333334 0.0390625 0.5546875 0.037760416666666664 0.546875 0.04296875 0.5390625 0.05078125 0.5403645833333334
3 0.2265625 0.2109375 0.23046875 0.2109375 0.23958333333333334 0.22395833333333334 0.23958333333333334 0.23046875 0.234375 0.23567708333333334 0.23307291666666666 0.22916666666666666 0.2265625 0.22135416666666666 0.2265625 0.21223958333333334
3 0.77734375 0.5234375 0.7825520833333334 0.5234375 0.7864583333333334 0.5299479166666666 0.7864583333333334 0.5364583333333334 0.7825520833333334 0.54296875 0.77734375 0.54296875 0.7721354166666666 0.5390625 0.7708333333333334 0.5299479166666666 0.77734375 0.5247395833333334
3 0.37578125 0.6930555559895833 0.37734375000000003 0.6819444440104167 0.36796875 0.6708333333333334 0.36640625 0.6861111106770833 0.37578125 0.6930555559895833
3 0.40078125000000003 0.8250000000000001 0.39999999999999997 0.8416666666666667 0.40703125 0.85 0.410203125 0.8482736106770834 0.4109375 0.8347222226562501 0.40078125000000003 0.8250000000000001