1 0.64609375 0.39166666666666666 0.64453125 0.38472222265624995 0.6414062500000001 0.3875 0.64296875 0.3944444440104167 0.64609375 0.39166666666666666
0 0.9986979166666666 0.4322916666666667 0.9986979166666666 0.4401041666666667 0.92578125 0.44140625 0.90234375 0.4453125 0.8854166666666666 0.4583333333333333 0.8736979166666666 0.4778645833333333 0.8658854166666666 0.4986979166666667 0.8606770833333334 0.5325520833333334 0.86328125 0.5768229166666666 0.87109375 0.6015625 0.88671875 0.6276041666666666 0.9075520833333334 0.6419270833333334 0.9856770833333334 0.6393229166666666 0.9986979166666666 0.640625 0.9986979166666666 0.6471354166666666 0.9309895833333334 0.6497395833333334 0.90625 0.6484375 0.90234375 0.64453125 0.8971354166666666 0.6432291666666666 0.8841145833333334 0.6328125 0.8684895833333334 0.6080729166666666 0.8606770833333334 0.5807291666666666 0.8567708333333334 0.5494791666666666 0.859375 0.5143229166666666 0.8645833333333334 0.4895833333333333 0.8684895833333334 0.4778645833333333 0.8763020833333334 0.4635416666666667 0.87890625 0.4622395833333333 0.8802083333333334 0.45703125 0.8880208333333334 0.4479166666666667 0.90234375 0.4401041666666667 0.9036458333333334 0.4375 0.9140625 0.4348958333333333 0.9973958333333334 0.4322916666666667
0 0.14713541666666666 0.4635416666666667 0.16536458333333334 0.47265625 0.17838541666666666 0.48828125 0.18619791666666666 0.5026041666666666 0.1953125 0.5325520833333334 0.1953125 0.5442708333333334 0.19791666666666666 0.5494791666666666 0.19791666666666666 0.58984375 0.19010416666666666 0.6263020833333334 0.1796875 0.6484375 0.16276041666666666 0.66796875 0.1484375 0.6744791666666666 0.036458333333333336 0.6796875 0.033854166666666664 0.6796875 0.032552083333333336 0.67578125 0.048177083333333336 0.6731770833333334 0.1171875 0.671875 0.14713541666666666 0.6692708333333334 0.1484375 0.6666666666666666 0.16276041666666666 0.66015625 0.1796875 0.6393229166666666 0.19140625 0.609375 0.19270833333333334 0.59375 0.1953125 0.5872395833333334 0.1953125 0.5520833333333334 0.19140625 0.5286458333333334 0.18489583333333334 0.5091145833333334 0.1796875 0.5013020833333334 0.1796875 0.4973958333333333 0.16536458333333334 0.4791666666666667 0.14713541666666666 0.46875 0.06770833333333333 0.4713541666666667 0.029947916666666668 0.4700520833333333 0.03125 0.4661458333333333 0.14583333333333334 0.4635416666666667
2 0.5247395833333334 0.23958333333333334 0.52734375 0.3151041666666667 0.52734375 0.4778645833333333 0.5338541666666666 0.9661458333333334 0.53125 0.9674479166666666 0.5286458333333334 0.9049479166666666 0.5234375 0.24088541666666666
3 0.3502604166666667 0.2708333333333333 0.3515625 0.2734375 0.34375 0.2838541666666667 0.33984375 0.2825520833333333 0.3372395833333333 0.2747395833333333 0.3372395833333333 0.2630208333333333 0.3411458333333333 0.2604166666666667 0.3489583333333333 0.2708333333333333
3 0.3333333333333333 0.5677083333333334 0.3463541666666667 0.5703125 0.3385416666666667 0.5846354166666666 0.3346354166666667 0.5846354166666666 0.3294270833333333 0.578125 0.3294270833333333 0.5729166666666666 0.3333333333333333 0.5690104166666666
3 0.4622395833333333 0.3111979166666667 0.46484375 0.3125 0.4674479166666667 0.3203125 0.4661458333333333 0.328125 0.4622395833333333 0.3294270833333333 0.4622395833333333 0.3125
3 0.4895833333333333 0.4075520833333333 0.014322916666666666 0.029296875
3 0.4075520833333333 0.6419270833333334 0.4127604166666667 0.64453125 0.4140625 0.6484375 0.4049479166666667 0.6588541666666666 0.40234375 0.6588541666666666 0.4010416666666667 0.6549479166666666 0.4010416666666667 0.64453125 0.4036458333333333 0.640625 0.40625 0.6419270833333334
3 0.54296875 0.4986979166666667 0.546875 0.5052083333333334 0.5455729166666666 0.5130208333333334 0.54296875 0.515625 0.5403645833333334 0.5143229166666666 0.5377604166666666 0.5065104166666666 0.5390625 0.5 0.5416666666666666 0.4986979166666667
3 0.4309895833333333 0.7083333333333334 0.4361979166666667 0.7135416666666666 0.4361979166666667 0.7278645833333334 0.4348958333333333 0.7317708333333334 0.4309895833333333 0.7330729166666666 0.4309895833333333 0.7096354166666666
3 0.5638020833333334 0.3255208333333333 0.56640625 0.3255208333333333 0.5677083333333334 0.3294270833333333 0.5677083333333334 0.3424479166666667 0.5625 0.3450520833333333 0.55859375 0.33984375 0.55859375 0.33203125 0.5638020833333334 0.3268229166666667
3 0.5546875 0.23177083333333334 0.55859375 0.23177083333333334 0.5598958333333334 0.234375 0.55859375 0.24609375 0.5546875 0.2513020833333333 0.5520833333333334 0.24739583333333334 0.5520833333333334 0.23697916666666666 0.5546875 0.23307291666666666
3 0.23046875 0.48828125 0.23307291666666666 0.4908854166666667 0.23307291666666666 0.51171875 0.22786458333333334 0.51171875 0.22005208333333334 0.5052083333333334 0.22005208333333334 0.49609375 0.22916666666666666 0.48828125
3 0.65234375 0.3776041666666667 0.6549479166666666 0.3776041666666667 0.65625 0.3815104166666667 0.65625 0.3893229166666667 0.6497395833333334 0.3971354166666667 0.6484375 0.38671875 0.65234375 0.37890625
3 0.49609375 0.8567708333333334 0.4986979166666667 0.8606770833333334 0.49609375 0.8776041666666666 0.4908854166666667 0.8776041666666666 0.4908854166666667 0.8671875 0.4947916666666667 0.8580729166666666