1 0.3775171875 0.1831625 0.379134375 0.18029027734375 0.3775171875 0.17454305598958333 0.37448515625 0.1757361106770833 0.3742828125 0.18064861067708335 0.37488906250000004 0.1831625 0.3775171875 0.1831625
0 0 0.4166666666666667 0.08984375 0.4205729166666667 0.10286458333333333 0.4244791666666667 0.11197916666666667 0.4309895833333333 0.12630208333333334 0.4505208333333333 0.13411458333333334 0.4661458333333333 0.14192708333333334 0.4934895833333333 0.14453125 0.5286458333333334 0.14453125 0.53515625 0.14322916666666666 0.5364583333333334 0.140625 0.5338541666666666 0.13932291666666666 0.49609375 0.13151041666666666 0.4700520833333333 0.125 0.4557291666666667 0.11067708333333333 0.4361979166666667 0.09765625 0.4283854166666667 0.08854166666666667 0.42578125 0 0.4231770833333333 0 0.41796875
0 0.84765625 0.4583333333333333 0.8658854166666666 0.4518229166666667 0.98046875 0.4557291666666667 0.98046875 0.4609375 0.8828125 0.4596354166666667 0.8815104166666666 0.45703125 0.86328125 0.45703125 0.8619791666666666 0.4596354166666667 0.84375 0.46875 0.8346354166666666 0.4791666666666667 0.8255208333333334 0.4947916666666667 0.8216145833333334 0.5104166666666666 0.8190104166666666 0.5130208333333334 0.8138020833333334 0.5377604166666666 0.8138020833333334 0.5794270833333334 0.8190104166666666 0.60546875 0.8268229166666666 0.6263020833333334 0.84375 0.6497395833333334 0.85546875 0.6575520833333334 0.8736979166666666 0.6614583333333334 0.9752604166666666 0.6640625 0.9778645833333334 0.6653645833333334 0.9778645833333334 0.6692708333333334 0.9739583333333334 0.6705729166666666 0.91796875 0.6692708333333334 0.9088541666666666 0.66796875 0.9075520833333334 0.6653645833333334 0.859375 0.6640625 0.84375 0.65625 0.8346354166666666 0.6471354166666666 0.82421875 0.6302083333333334 0.8125 0.59375 0.8111979166666666 0.5364583333333334 0.81640625 0.5091145833333334 0.82421875 0.48828125 0.8268229166666666 0.4869791666666667 0.8307291666666666 0.4765625 0.8359375 0.4700520833333333 0.84765625 0.4596354166666667
2 0.4765625 0.5104166666666666 0.48046875 0.51953125 0.4778645833333333 0.7760416666666666 0.4752604166666667 0.8033854166666666 0.4752604166666667 0.9479166666666666 0.4739583333333333 0.9596354166666666 0.4713541666666667 0.9557291666666666 0.4765625 0.51171875
3 0.3971354166666667 0.53515625 0.3997395833333333 0.5390625 0.3997395833333333 0.55078125 0.3971354166666667 0.5520833333333334 0.390625 0.54296875 0.390625 0.5390625 0.3958333333333333 0.53515625
3 0.5221354166666666 0.19010416666666666 0.5247395833333334 0.19010416666666666 0.5286458333333334 0.19661458333333334 0.52734375 0.21223958333333334 0.5260416666666666 0.21484375 0.5221354166666666 0.21484375 0.5221354166666666 0.19140625
3 0.25390625 0.7083333333333334 0.2591145833333333 0.703125 0.2630208333333333 0.7161458333333334 0.26171875 0.72265625 0.25390625 0.7239583333333334 0.25 0.71875 0.25 0.71484375 0.25390625 0.7096354166666666
3 0.4869791666666667 0.7408854166666666 0.4895833333333333 0.7421875 0.4921875 0.75390625 0.4908854166666667 0.7630208333333334 0.48828125 0.765625 0.484375 0.7604166666666666 0.4830729166666667 0.75 0.4869791666666667 0.7421875
3 0.4329427083333333 0.3984375 0.008463541666666666 0.016927083333333332
3 0.3723958333333333 0.14453125 0.3763020833333333 0.15104166666666666 0.3763020833333333 0.16276041666666666 0.3802083333333333 0.17447916666666666 0.3802083333333333 0.18098958333333334 0.3776041666666667 0.18359375 0.3736979166666667 0.18229166666666666 0.3697916666666667 0.16276041666666666 0.3671875 0.15885416666666666 0.3671875 0.1484375 0.37109375 0.14453125
3 0.421875 0.6145833333333334 0.41796875 0.6119791666666666 0.41796875 0.5989583333333334 0.4244791666666667 0.5989583333333334 0.42578125 0.6119791666666666 0.4231770833333333 0.61328125
3 0.5989583333333334 0.3541666666666667 0.6015625 0.3541666666666667 0.6028645833333334 0.3580729166666667 0.6015625 0.3763020833333333 0.5989583333333334 0.37890625 0.59375 0.3736979166666667 0.59375 0.3684895833333333 0.5963541666666666 0.3658854166666667 0.5989583333333334 0.35546875
3 0.48046875 0.47265625 0.4856770833333333 0.4791666666666667 0.4869791666666667 0.48828125 0.4830729166666667 0.5013020833333334 0.4791666666666667 0.5013020833333334 0.4752604166666667 0.4895833333333333 0.4752604166666667 0.4778645833333333 0.4791666666666667 0.4739583333333333
3 0.58984375 0.67578125 0.59375 0.67578125 0.59765625 0.6809895833333334 0.5963541666666666 0.6953125 0.5924479166666666 0.6966145833333334 0.5885416666666666 0.6888020833333334 0.58984375 0.6770833333333334
3 0.42578125 0.7369791666666666 0.4270833333333333 0.75390625 0.4244791666666667 0.7591145833333334 0.421875 0.7604166666666666 0.41796875 0.7578125 0.4166666666666667 0.7526041666666666 0.41796875 0.7447916666666666 0.4244791666666667 0.73828125
3 0.12471953125 0.5380958333333333 0.12697578125 0.5459999999999999 0.14141328125 0.54508472265625 0.14192890625000001 0.5395875 0.14089765625 0.5327166666666666 0.13986640625 0.52905277734375 0.13677265624999999 0.5363819440104166 0.13522578124999998 0.5313430559895833 0.13110078125 0.5267625 0.12542890625 0.5272208333333334 0.12471953125 0.5380958333333333