1 0.6837953125 0.28143055598958333 0.686228125 0.2774166666666667 0.6870968749999999 0.2740208333333333 0.6846203125 0.26728611067708336 0.6822312500000001 0.27000833333333335 0.6813625 0.27957777734375 0.6820578125 0.28112222265625003 0.6837953125 0.28143055598958333
0 0.90625 0.4375 0.9140625 0.4348958333333333 0.9986979166666666 0.4322916666666667 0.9986979166666666 0.4401041666666667 0.92578125 0.44140625 0.9075520833333334 0.4440104166666667 0.8984375 0.44921875 0.890625 0.4557291666666667 0.8763020833333334 0.4778645833333333 0.8658854166666666 0.5104166666666666 0.86328125 0.5325520833333334 0.8645833333333334 0.5651041666666666 0.87109375 0.5924479166666666 0.8828125 0.6171875 0.8997395833333334 0.63671875 0.91015625 0.6419270833333334 0.9192708333333334 0.6432291666666666 0.9986979166666666 0.640625 0.9986979166666666 0.6471354166666666 0.9817708333333334 0.6484375 0.9088541666666666 0.6484375 0.8958333333333334 0.640625 0.8841145833333334 0.62890625 0.8684895833333334 0.5989583333333334 0.8684895833333334 0.59375 0.8645833333333334 0.5859375 0.8606770833333334 0.5520833333333334 0.8619791666666666 0.5130208333333334 0.8645833333333334 0.4986979166666667 0.8723958333333334 0.4765625 0.8841145833333334 0.4557291666666667 0.8958333333333334 0.4440104166666667 0.90625 0.4388020833333333
0 0.15234375 0.46484375 0.16666666666666666 0.47265625 0.17838541666666666 0.4856770833333333 0.18229166666666666 0.4947916666666667 0.1875 0.5 0.1953125 0.5247395833333334 0.20052083333333334 0.5716145833333334 0.19791666666666666 0.6028645833333334 0.19010416666666666 0.6315104166666666 0.17838541666666666 0.6536458333333334 0.15625 0.6731770833333334 0.13541666666666666 0.6770833333333334 0.05859375 0.6796875 0.03515625 0.6796875 0.03515625 0.6744791666666666 0.14583333333333334 0.6705729166666666 0.16015625 0.6640625 0.171875 0.6536458333333334 0.1875 0.6276041666666666 0.19270833333333334 0.6106770833333334 0.19270833333333334 0.6028645833333334 0.1953125 0.5989583333333334 0.19791666666666666 0.5690104166666666 0.1953125 0.5377604166666666 0.1875 0.51171875 0.18098958333333334 0.5026041666666666 0.18098958333333334 0.4986979166666667 0.17578125 0.4895833333333333 0.15494791666666666 0.4713541666666667 0.14713541666666666 0.46875 0.125 0.46875 0.041666666666666664 0.47265625 0.032552083333333336 0.4713541666666667 0.032552083333333336 0.4674479166666667 0.12239583333333333 0.4635416666666667 0.15104166666666666 0.46484375
2 0.5247395833333334 0.140625 0.52734375 0.14583333333333334 0.53125 0.69140625 0.5338541666666666 0.7239583333333334 0.53515625 0.84765625 0.53515625 0.9674479166666666 0.5325520833333334 0.9661458333333334 0.53125 0.9466145833333334 0.53125 0.7903645833333334 0.5286458333333334 0.73828125 0.5286458333333334 0.5885416666666666 0.5260416666666666 0.4739583333333333 0.52734375 0.37890625 0.5247395833333334 0.3411458333333333 0.5247395833333334 0.14192708333333334
3 0.3463541666666667 0.5677083333333334 0.3502604166666667 0.578125 0.34375 0.5872395833333334 0.33984375 0.5846354166666666 0.3385416666666667 0.57421875 0.3411458333333333 0.5690104166666666 0.3450520833333333 0.5677083333333334
3 0.3893229166666667 0.3125 0.3971354166666667 0.3216145833333333 0.39453125 0.3307291666666667 0.3880208333333333 0.33203125 0.38671875 0.3216145833333333 0.3893229166666667 0.3138020833333333
3 0.5598958333333334 0.22526041666666666 0.5651041666666666 0.22526041666666666 0.5651041666666666 0.23567708333333334 0.5625 0.24348958333333334 0.5598958333333334 0.24479166666666666 0.5598958333333334 0.2265625
3 0.6783854166666666 0.25 0.6822916666666666 0.25 0.6861979166666666 0.2552083333333333 0.68359375 0.26171875 0.68359375 0.2786458333333333 0.6809895833333334 0.2799479166666667 0.6744791666666666 0.26953125 0.67578125 0.25390625 0.6783854166666666 0.2513020833333333
3 0.3815104166666667 0.69921875 0.3841145833333333 0.7018229166666666 0.3828125 0.7174479166666666 0.37890625 0.7200520833333334 0.3763020833333333 0.7161458333333334 0.3763020833333333 0.7018229166666666 0.3802083333333333 0.69921875
3 0.4485677083333333 0.8834635416666666 0.012369791666666666 0.024739583333333332
3 0.4114583333333333 0.40234375 0.41796875 0.4010416666666667 0.421875 0.40625 0.421875 0.4192708333333333 0.41796875 0.42578125 0.4140625 0.4270833333333333 0.41015625 0.4192708333333333 0.4114583333333333 0.4036458333333333
3 0.4752604166666667 0.4700520833333333 0.4791666666666667 0.4765625 0.4791666666666667 0.4817708333333333 0.4752604166666667 0.4908854166666667 0.47265625 0.4921875 0.46875 0.48828125 0.4674479166666667 0.4791666666666667 0.4700520833333333 0.47265625 0.4739583333333333 0.4700520833333333
3 0.19921875 0.4583333333333333 0.19791666666666666 0.4739583333333333 0.1953125 0.4778645833333333 0.19010416666666666 0.4778645833333333 0.18359375 0.46875 0.18489583333333334 0.4622395833333333 0.1953125 0.4622395833333333 0.19921875 0.4596354166666667
3 0.2799479166666667 0.32421875 0.28515625 0.3255208333333333 0.28515625 0.3294270833333333 0.2786458333333333 0.3411458333333333 0.2747395833333333 0.3411458333333333 0.2734375 0.3333333333333333 0.26953125 0.328125 0.2708333333333333 0.3203125 0.2747395833333333 0.3203125 0.2786458333333333 0.32421875
3 0.3346354166666667 0.640625 0.3424479166666667 0.6432291666666666 0.33984375 0.65625 0.3346354166666667 0.6640625 0.3294270833333333 0.65234375 0.3294270833333333 0.6458333333333334 0.3333333333333333 0.640625
3 0.49921875 0.29444444401041664 0.5 0.2791666666666667 0.4953125 0.27638888932291666 0.4953125 0.29861111067708335 0.49921875 0.29444444401041664