1 0.37614062499999995 0.1835125 0.378265625 0.18095833333333333 0.379078125 0.17662777734375001 0.376890625 0.17362916666666664 0.374453125 0.17475 0.373453125 0.17818194401041665 0.374265625 0.18184583333333335 0.37614062499999995 0.1835125
0 0 0.4153645833333333 0.041666666666666664 0.4166666666666667 0.04296875 0.4192708333333333 0.08072916666666667 0.4192708333333333 0.10286458333333333 0.4244791666666667 0.11458333333333333 0.43359375 0.13020833333333334 0.45703125 0.13802083333333334 0.4791666666666667 0.14322916666666666 0.5091145833333334 0.14322916666666666 0.5338541666666666 0.140625 0.53515625 0.13932291666666666 0.4986979166666667 0.13671875 0.4947916666666667 0.13151041666666666 0.4713541666666667 0.12369791666666667 0.4544270833333333 0.11197916666666667 0.4401041666666667 0.11197916666666667 0.4375 0.10286458333333333 0.4309895833333333 0.08854166666666667 0.42578125 0 0.4231770833333333 0 0.4166666666666667
0 0.9622395833333334 0.4544270833333333 0.9791666666666666 0.4557291666666667 0.9791666666666666 0.4609375 0.8828125 0.4596354166666667 0.8815104166666666 0.45703125 0.8619791666666666 0.45703125 0.8606770833333334 0.4596354166666667 0.84765625 0.46484375 0.8346354166666666 0.4778645833333333 0.8333333333333334 0.4830729166666667 0.8229166666666666 0.4986979166666667 0.8138020833333334 0.5338541666666666 0.8125 0.56640625 0.8151041666666666 0.5911458333333334 0.8268229166666666 0.6263020833333334 0.8385416666666666 0.6432291666666666 0.85546875 0.6575520833333334 0.8776041666666666 0.6614583333333334 0.9752604166666666 0.6640625 0.9752604166666666 0.6692708333333334 0.9283854166666666 0.6692708333333334 0.9049479166666666 0.66796875 0.9036458333333334 0.6653645833333334 0.8671875 0.6653645833333334 0.84765625 0.6588541666666666 0.8346354166666666 0.6471354166666666 0.82421875 0.6315104166666666 0.8125 0.5950520833333334 0.8098958333333334 0.5716145833333334 0.8098958333333334 0.5455729166666666 0.81640625 0.5065104166666666 0.828125 0.4791666666666667 0.8359375 0.46875 0.84765625 0.4583333333333333 0.86328125 0.4518229166666667 0.9609375 0.4544270833333333
2 0.4778645833333333 0.5052083333333334 0.48046875 0.5299479166666666 0.4739583333333333 0.9596354166666666 0.4713541666666667 0.95703125 0.4713541666666667 0.8645833333333334 0.4739583333333333 0.7864583333333334 0.47265625 0.7552083333333334 0.4752604166666667 0.6848958333333334 0.4765625 0.5065104166666666
3 0.5221354166666666 0.19010416666666666 0.5247395833333334 0.19010416666666666 0.5286458333333334 0.19661458333333334 0.52734375 0.21354166666666666 0.5221354166666666 0.21484375 0.5221354166666666 0.19140625
3 0.2571614583333333 0.7154947916666666 0.014322916666666666 0.024739583333333332
3 0.4869791666666667 0.7408854166666666 0.4908854166666667 0.7486979166666666 0.4908854166666667 0.7591145833333334 0.4869791666666667 0.7604166666666666 0.4830729166666667 0.7552083333333334 0.4856770833333333 0.7421875
3 0.3723958333333333 0.14453125 0.3763020833333333 0.15364583333333334 0.3763020833333333 0.18098958333333334 0.37109375 0.17447916666666666 0.3697916666666667 0.16276041666666666 0.3671875 0.15885416666666666 0.3671875 0.1484375 0.37109375 0.14453125
3 0.41796875 0.6119791666666666 0.4166666666666667 0.6028645833333334 0.4192708333333333 0.59765625 0.4231770833333333 0.59765625 0.42578125 0.6067708333333334 0.4244791666666667 0.61328125 0.421875 0.6145833333333334 0.4192708333333333 0.6119791666666666
3 0.5989583333333334 0.3541666666666667 0.6015625 0.3541666666666667 0.6028645833333334 0.3567708333333333 0.6015625 0.3736979166666667 0.5989583333333334 0.37890625 0.59375 0.3736979166666667 0.59375 0.3684895833333333 0.5989583333333334 0.35546875
3 0.4765625 0.4739583333333333 0.4817708333333333 0.4739583333333333 0.4856770833333333 0.4791666666666667 0.4856770833333333 0.4947916666666667 0.48046875 0.4986979166666667 0.4752604166666667 0.4921875 0.4739583333333333 0.4817708333333333 0.4765625 0.4752604166666667
3 0.58984375 0.67578125 0.5950520833333334 0.6770833333333334 0.59765625 0.6809895833333334 0.5963541666666666 0.6940104166666666 0.5950520833333334 0.6966145833333334 0.5911458333333334 0.6966145833333334 0.5885416666666666 0.6901041666666666 0.58984375 0.6770833333333334
3 0.42578125 0.73828125 0.4270833333333333 0.75390625 0.4244791666666667 0.7591145833333334 0.4205729166666667 0.7591145833333334 0.41796875 0.7565104166666666 0.41796875 0.7434895833333334 0.4244791666666667 0.73828125
3 0.42890625 0.3944444440104167 0.42812500000000003 0.3986111106770833 0.42890625 0.40138888932291666 0.43515624999999997 0.4069444440104167 0.43671875 0.4055555559895833 0.43671875 0.40138888932291666 0.43593750000000003 0.39999999999999997 0.43593750000000003 0.39305555598958336 0.434375 0.39027777734375 0.43203125000000003 0.39027777734375 0.42890625 0.3944444440104167
3 0.39375 0.53472222265625 0.39218749999999997 0.5361111106770834 0.39140625 0.5388888893229167 0.39140625 0.5430555559895833 0.39375 0.54722222265625 0.39687500000000003 0.5499999999999999 0.39921875 0.5499999999999999 0.39999999999999997 0.5486111106770833 0.39999999999999997 0.5458333333333333 0.39765625 0.5361111106770834 0.39687500000000003 0.53472222265625 0.39375 0.53472222265625
3 0.124215625 0.5345055559895834 0.12620937499999998 0.5445208333333333 0.14016328125 0.5441666666666667 0.1399640625 0.5303541666666667 0.12919921874999998 0.5239791666666667 0.124215625 0.5345055559895834