1 0.7734375 0.59027777734375 0.7726562499999999 0.58472222265625 0.7687499999999999 0.58472222265625 0.76796875 0.5875 0.7687499999999999 0.5916666666666667 0.7726562499999999 0.5930555559895833 0.7734375 0.59027777734375
0 0.14322916666666666 0.4973958333333333 0.14583333333333334 0.5130208333333334 0.14583333333333334 0.546875 0.14322916666666666 0.5520833333333334 0.14192708333333334 0.5703125 0.13932291666666666 0.57421875 0.13802083333333334 0.5846354166666666 0.12760416666666666 0.6067708333333334 0.109375 0.6276041666666666 0.09635416666666667 0.6341145833333334 0 0.6315104166666666 0 0.6236979166666666 0.018229166666666668 0.625 0.01953125 0.6276041666666666 0.09375 0.62890625 0.11067708333333333 0.6184895833333334 0.12760416666666666 0.5963541666666666 0.13932291666666666 0.5651041666666666 0.14322916666666666 0.5338541666666666 0.14322916666666666 0.4986979166666667
0 0.9661458333333334 0.45703125 0.9700520833333334 0.4583333333333333 0.9700520833333334 0.4635416666666667 0.8541666666666666 0.4609375 0.84375 0.46484375 0.828125 0.4791666666666667 0.8190104166666666 0.4934895833333333 0.8111979166666666 0.5130208333333334 0.8059895833333334 0.5442708333333334 0.8059895833333334 0.578125 0.8111979166666666 0.60546875 0.8229166666666666 0.6328125 0.83984375 0.65234375 0.84765625 0.6575520833333334 0.8580729166666666 0.66015625 0.9674479166666666 0.6640625 0.9674479166666666 0.6692708333333334 0.96484375 0.6705729166666666 0.8971354166666666 0.66796875 0.8958333333333334 0.6653645833333334 0.859375 0.6653645833333334 0.83984375 0.6588541666666666 0.828125 0.6484375 0.8151041666666666 0.6276041666666666 0.8072916666666666 0.60546875 0.8033854166666666 0.58203125 0.8033854166666666 0.5377604166666666 0.80859375 0.5104166666666666 0.82421875 0.4765625 0.8424479166666666 0.4583333333333333 0.8541666666666666 0.4544270833333333 0.96484375 0.45703125
2 0.48046875 0.1328125 0.4817708333333333 0.15755208333333334 0.4791666666666667 0.1953125 0.4778645833333333 0.5091145833333334 0.4752604166666667 0.5885416666666666 0.4739583333333333 0.8294270833333334 0.4713541666666667 0.8515625 0.4713541666666667 0.953125 0.46875 0.9544270833333334 0.46875 0.8411458333333334 0.47265625 0.69140625 0.4713541666666667 0.6119791666666666 0.4739583333333333 0.55078125 0.4739583333333333 0.4713541666666667 0.4713541666666667 0.4635416666666667 0.4765625 0.45703125 0.4739583333333333 0.4544270833333333 0.4739583333333333 0.4479166666666667 0.4765625 0.15234375 0.4791666666666667 0.13411458333333334
3 0.7513020833333334 0.4908854166666667 0.7552083333333334 0.4908854166666667 0.7591145833333334 0.4947916666666667 0.7669270833333334 0.4947916666666667 0.7721354166666666 0.5 0.7721354166666666 0.5078125 0.7682291666666666 0.5143229166666666 0.7578125 0.5078125 0.7513020833333334 0.4921875
3 0.6158854166666666 0.7708333333333334 0.6171875 0.7734375 0.6263020833333334 0.77734375 0.6276041666666666 0.7942708333333334 0.6236979166666666 0.80078125 0.6236979166666666 0.8072916666666666 0.6197916666666666 0.8072916666666666 0.6145833333333334 0.77734375 0.6158854166666666 0.7721354166666666
3 0.5807291666666666 0.5299479166666666 0.5846354166666666 0.53515625 0.5833333333333334 0.5677083333333334 0.5807291666666666 0.5677083333333334 0.578125 0.5520833333333334 0.5716145833333334 0.54296875 0.5716145833333334 0.5364583333333334 0.5794270833333334 0.5299479166666666
3 0.48828125 0.8125 0.4947916666666667 0.8111979166666666 0.4934895833333333 0.8307291666666666 0.4908854166666667 0.8307291666666666 0.484375 0.82421875 0.48828125 0.8138020833333334
3 0.62890625 0.62109375 0.6341145833333334 0.6236979166666666 0.6354166666666666 0.6302083333333334 0.6341145833333334 0.6575520833333334 0.6302083333333334 0.6549479166666666 0.6276041666666666 0.6432291666666666 0.62890625 0.6223958333333334
3 0.6888020833333334 0.3151041666666667 0.6901041666666666 0.3294270833333333 0.6848958333333334 0.3385416666666667 0.6822916666666666 0.3385416666666667 0.6809895833333334 0.3346354166666667 0.67578125 0.3346354166666667 0.6744791666666666 0.3268229166666667 0.6783854166666666 0.3255208333333333 0.6875 0.3151041666666667
3 0.5026041666666666 0.4518229166666667 0.5065104166666666 0.45703125 0.5052083333333334 0.4765625 0.5 0.4765625 0.49609375 0.47265625 0.4947916666666667 0.4661458333333333 0.49609375 0.45703125 0.5013020833333334 0.4518229166666667
3 0.3580729166666667 0.7330729166666666 0.3606770833333333 0.734375 0.3619791666666667 0.7421875 0.359375 0.7526041666666666 0.35546875 0.7526041666666666 0.3528645833333333 0.74609375 0.3528645833333333 0.7408854166666666 0.3567708333333333 0.734375
3 0.8828125 0.5377604166666666 0.8919270833333334 0.5377604166666666 0.89453125 0.5442708333333334 0.8932291666666666 0.55859375 0.8893229166666666 0.5611979166666666 0.8828125 0.5611979166666666 0.8828125 0.5390625
3 0.12239583333333333 0.4713541666666667 0.12760416666666666 0.4713541666666667 0.13411458333333334 0.4765625 0.1328125 0.48828125 0.12760416666666666 0.48828125 0.12109375 0.4830729166666667 0.12239583333333333 0.47265625
3 0.3072916666666667 0.2604166666666667 0.3111979166666667 0.2604166666666667 0.3177083333333333 0.2708333333333333 0.3177083333333333 0.2799479166666667 0.30859375 0.2786458333333333 0.3059895833333333 0.2721354166666667 0.3072916666666667 0.26171875
3 0.7708333333333334 0.5546875 0.7760416666666666 0.56640625 0.7760416666666666 0.5729166666666666 0.7721354166666666 0.5768229166666666 0.7721354166666666 0.5963541666666666 0.76953125 0.5950520833333334 0.765625 0.5846354166666666 0.765625 0.5690104166666666 0.76171875 0.5611979166666666 0.7630208333333334 0.5572916666666666 0.76953125 0.5546875