1 0.5703125 0.6680555559895834 0.5710937500000001 0.6694444440104167 0.5734374999999999 0.6694444440104167 0.5750000000000001 0.6666666666666666 0.5750000000000001 0.6638888893229167 0.5734374999999999 0.6611111106770834 0.5710937500000001 0.6611111106770834 0.5703125 0.6625 0.5703125 0.6680555559895834
0 0.9986979166666666 0.4140625 0.9986979166666666 0.4205729166666667 0.9309895833333334 0.421875 0.90625 0.4231770833333333 0.8984375 0.42578125 0.8893229166666666 0.4309895833333333 0.8736979166666666 0.44921875 0.859375 0.4830729166666667 0.8580729166666666 0.4986979166666667 0.85546875 0.5052083333333334 0.85546875 0.5377604166666666 0.8580729166666666 0.5572916666666666 0.8671875 0.5872395833333334 0.8841145833333334 0.6119791666666666 0.89453125 0.6197916666666666 0.90625 0.6236979166666666 0.9986979166666666 0.62109375 0.9986979166666666 0.6276041666666666 0.9479166666666666 0.6302083333333334 0.9036458333333334 0.6302083333333334 0.8958333333333334 0.6276041666666666 0.8932291666666666 0.6236979166666666 0.8854166666666666 0.6197916666666666 0.8723958333333334 0.60546875 0.86328125 0.5885416666666666 0.8528645833333334 0.546875 0.8515625 0.5182291666666666 0.85546875 0.4869791666666667 0.8645833333333334 0.4557291666666667 0.8684895833333334 0.44921875 0.87109375 0.4479166666666667 0.87890625 0.43359375 0.8958333333333334 0.4205729166666667 0.9036458333333334 0.4192708333333333 0.9049479166666666 0.4166666666666667 0.9231770833333334 0.4153645833333333 0.9973958333333334 0.4140625
0 0.13671875 0.4466145833333333 0.15104166666666666 0.4518229166666667 0.15885416666666666 0.45703125 0.16796875 0.4674479166666667 0.17447916666666666 0.4765625 0.18619791666666666 0.5078125 0.19140625 0.5403645833333334 0.19140625 0.5651041666666666 0.19010416666666666 0.5794270833333334 0.18229166666666666 0.6119791666666666 0.17057291666666666 0.6354166666666666 0.15625 0.6510416666666666 0.14713541666666666 0.65625 0.125 0.66015625 0.052083333333333336 0.6627604166666666 0.02734375 0.6627604166666666 0.024739583333333332 0.6614583333333334 0.02734375 0.6588541666666666 0.12760416666666666 0.6549479166666666 0.13932291666666666 0.6536458333333334 0.15104166666666666 0.6484375 0.16796875 0.6315104166666666 0.1796875 0.6080729166666666 0.1875 0.5755208333333334 0.18880208333333334 0.5390625 0.1796875 0.4973958333333333 0.1640625 0.4700520833333333 0.14713541666666666 0.4557291666666667 0.13541666666666666 0.4518229166666667 0.02734375 0.4557291666666667 0.022135416666666668 0.4518229166666667 0.037760416666666664 0.44921875 0.13541666666666666 0.4466145833333333
2 0.5169270833333334 0.12239583333333333 0.51953125 0.16536458333333334 0.5221354166666666 0.55859375 0.52734375 0.8697916666666666 0.52734375 0.9505208333333334 0.5247395833333334 0.9505208333333334 0.5234375 0.9322916666666666 0.5247395833333334 0.890625 0.5208333333333334 0.7161458333333334 0.5221354166666666 0.6796875 0.51953125 0.6302083333333334 0.5169270833333334 0.12369791666666667
3 0.42578125 0.4114583333333333 0.4296875 0.4114583333333333 0.4322916666666667 0.4140625 0.4322916666666667 0.4205729166666667 0.4361979166666667 0.4283854166666667 0.4361979166666667 0.4309895833333333 0.4322916666666667 0.43359375 0.4231770833333333 0.4296875 0.4231770833333333 0.4192708333333333 0.42578125 0.4127604166666667
3 0.60546875 0.1953125 0.60546875 0.20703125 0.6002604166666666 0.21744791666666666 0.5950520833333334 0.21614583333333334 0.5950520833333334 0.20833333333333334 0.59765625 0.19921875 0.6041666666666666 0.19661458333333334
3 0.4466145833333333 0.6497395833333334 0.4453125 0.640625 0.4505208333333333 0.6315104166666666 0.4544270833333333 0.6354166666666666 0.4544270833333333 0.640625 0.4518229166666667 0.6510416666666666 0.4479166666666667 0.6497395833333334
3 0.5514322916666666 0.255859375 0.013020833333333334 0.027994791666666668
3 0.5807291666666666 0.3880208333333333 0.5807291666666666 0.3984375 0.5768229166666666 0.4075520833333333 0.5716145833333334 0.40625 0.5716145833333334 0.390625 0.5755208333333334 0.3854166666666667 0.5794270833333334 0.3880208333333333
3 0.7747395833333334 0.68359375 0.7708333333333334 0.6809895833333334 0.76953125 0.6744791666666666 0.7747395833333334 0.6705729166666666 0.78125 0.6705729166666666 0.78515625 0.6770833333333334 0.78515625 0.68359375 0.78125 0.6848958333333334 0.7760416666666666 0.6822916666666666
3 0.646484375 0.611328125 0.01171875 0.01953125
3 0.546875 0.7330729166666666 0.5494791666666666 0.7330729166666666 0.5546875 0.7421875 0.5494791666666666 0.75 0.5494791666666666 0.7552083333333334 0.5455729166666666 0.7552083333333334 0.54296875 0.7526041666666666 0.54296875 0.7421875 0.546875 0.734375
3 0.6536458333333334 0.5026041666666666 0.6588541666666666 0.5052083333333334 0.6588541666666666 0.515625 0.6536458333333334 0.51953125 0.6497395833333334 0.51953125 0.6497395833333334 0.51171875 0.6536458333333334 0.50390625
3 0.7643229166666666 0.47265625 0.7721354166666666 0.4765625 0.7721354166666666 0.4817708333333333 0.76953125 0.4869791666666667 0.7643229166666666 0.48828125 0.76171875 0.4921875 0.7591145833333334 0.4908854166666667 0.7591145833333334 0.4752604166666667 0.7630208333333334 0.47265625
3 0.6080729166666666 0.8385416666666666 0.6145833333333334 0.8450520833333334 0.6106770833333334 0.8567708333333334 0.6041666666666666 0.8658854166666666 0.6028645833333334 0.8359375 0.60546875 0.8359375 0.6067708333333334 0.8385416666666666
3 0.609375 0.5236111106770833 0.6164062499999999 0.5291666666666667 0.62265625 0.5180555559895833 0.6218750000000001 0.50972222265625 0.6124999999999999 0.5041666666666667 0.6085937499999999 0.5138888893229167 0.609375 0.5236111106770833