0 0 0.4231770833333333 0.0859375 0.42578125 0.10026041666666667 0.4309895833333333 0.11848958333333333 0.44921875 0.13020833333333334 0.4713541666666667 0.13671875 0.4947916666666667 0.13932291666666666 0.5143229166666666 0.13932291666666666 0.5520833333333334 0.13411458333333334 0.58203125 0.13020833333333334 0.5950520833333334 0.12369791666666667 0.6041666666666666 0.12369791666666667 0.6080729166666666 0.11067708333333333 0.6236979166666666 0.11067708333333333 0.6263020833333334 0.10286458333333333 0.6328125 0.09114583333333333 0.6380208333333334 0 0.63671875 0 0.6315104166666666 0.0859375 0.6341145833333334 0.09895833333333333 0.62890625 0.11979166666666667 0.60546875 0.12760416666666666 0.58984375 0.13671875 0.5481770833333334 0.13541666666666666 0.50390625 0.12760416666666666 0.4752604166666667 0.11979166666666667 0.4583333333333333 0.09895833333333333 0.4361979166666667 0.08333333333333333 0.4309895833333333 0 0.4283854166666667 0 0.4244791666666667
0 0.90234375 0.4557291666666667 0.9661458333333334 0.4583333333333333 0.9674479166666666 0.4609375 0.9700520833333334 0.4609375 0.9700520833333334 0.4635416666666667 0.9440104166666666 0.46484375 0.8580729166666666 0.4609375 0.84765625 0.4635416666666667 0.83203125 0.4739583333333333 0.8151041666666666 0.5 0.8059895833333334 0.5338541666666666 0.8033854166666666 0.5598958333333334 0.8098958333333334 0.6080729166666666 0.8229166666666666 0.63671875 0.8307291666666666 0.6471354166666666 0.8424479166666666 0.6575520833333334 0.8580729166666666 0.6627604166666666 0.9661458333333334 0.6666666666666666 0.9674479166666666 0.671875 0.8671875 0.6692708333333334 0.8450520833333334 0.6640625 0.8359375 0.6588541666666666 0.82421875 0.6471354166666666 0.8125 0.6263020833333334 0.8072916666666666 0.6106770833333334 0.8072916666666666 0.6041666666666666 0.8033854166666666 0.5950520833333334 0.80078125 0.5481770833333334 0.80859375 0.5078125 0.82421875 0.4752604166666667 0.84375 0.4583333333333333 0.8502604166666666 0.4557291666666667 0.9010416666666666 0.4557291666666667
1 0.7859375000000001 0.6458333333333334 0.7859375000000001 0.65277777734375 0.7890625 0.6458333333333334 0.7859375000000001 0.6458333333333334
2 0.4739583333333333 0.1328125 0.4765625 0.13541666666666666 0.4778645833333333 0.15755208333333334 0.4752604166666667 0.1875 0.4765625 0.22395833333333334 0.4739583333333333 0.3411458333333333 0.4739583333333333 0.6328125 0.4713541666666667 0.6432291666666666 0.46875 0.8723958333333334 0.4700520833333333 0.9231770833333334 0.4674479166666667 0.94140625 0.46875 0.9518229166666666 0.4674479166666667 0.9609375 0.46484375 0.9596354166666666 0.4700520833333333 0.6184895833333334 0.46875 0.6002604166666666 0.4713541666666667 0.5455729166666666 0.4700520833333333 0.4635416666666667 0.47265625 0.4010416666666667 0.4713541666666667 0.3177083333333333 0.4739583333333333 0.13411458333333334
3 0.8463541666666666 0.55859375 0.8528645833333334 0.55859375 0.8580729166666666 0.5625 0.8580729166666666 0.5755208333333334 0.8528645833333334 0.578125 0.84765625 0.5755208333333334 0.84375 0.5703125 0.8450520833333334 0.5598958333333334
3 0.7005208333333334 0.4674479166666667 0.703125 0.48046875 0.6966145833333334 0.4908854166666667 0.6927083333333334 0.4908854166666667 0.6901041666666666 0.48828125 0.6875 0.4778645833333333 0.6927083333333334 0.46875 0.69921875 0.4674479166666667
3 0.7799479166666666 0.6692708333333334 0.7825520833333334 0.6692708333333334 0.7825520833333334 0.671875 0.7903645833333334 0.6796875 0.7903645833333334 0.6901041666666666 0.7864583333333334 0.6927083333333334 0.7799479166666666 0.6927083333333334 0.7799479166666666 0.6705729166666666
3 0.8385416666666666 0.8528645833333334 0.8424479166666666 0.8658854166666666 0.8489583333333334 0.8736979166666666 0.8489583333333334 0.8802083333333334 0.8463541666666666 0.8828125 0.8424479166666666 0.8841145833333334 0.8346354166666666 0.87890625 0.8333333333333334 0.8723958333333334 0.8372395833333334 0.8645833333333334 0.8385416666666666 0.8541666666666666
3 0.515625 0.5572916666666666 0.5182291666666666 0.56640625 0.5182291666666666 0.5924479166666666 0.5143229166666666 0.5885416666666666 0.5143229166666666 0.5833333333333334 0.5104166666666666 0.5755208333333334 0.5104166666666666 0.5572916666666666 0.5143229166666666 0.5572916666666666
3 0.61328125 0.7447916666666666 0.6184895833333334 0.74609375 0.6223958333333334 0.7552083333333334 0.6197916666666666 0.765625 0.6223958333333334 0.78125 0.6171875 0.78125 0.61328125 0.74609375
3 0.3893229166666667 0.23177083333333334 0.3932291666666667 0.2421875 0.3919270833333333 0.2526041666666667 0.38671875 0.2513020833333333 0.3841145833333333 0.2421875 0.3854166666666667 0.23307291666666666 0.3880208333333333 0.23177083333333334
3 0.9427083333333334 0.5807291666666666 0.9440104166666666 0.5859375 0.94921875 0.5911458333333334 0.953125 0.5833333333333334 0.9544270833333334 0.5859375 0.9583333333333334 0.5989583333333334 0.9583333333333334 0.6067708333333334 0.9544270833333334 0.61328125 0.94921875 0.6171875 0.9466145833333334 0.6106770833333334 0.94140625 0.6119791666666666 0.9440104166666666 0.6015625 0.94140625 0.58203125
3 0.16145833333333334 0.4765625 0.1640625 0.4791666666666667 0.1640625 0.4869791666666667 0.16145833333333334 0.4921875 0.15104166666666666 0.4869791666666667 0.15104166666666666 0.4765625 0.16015625 0.4765625
3 0.7163554687499999 0.5566611106770833 0.71742734375 0.5566611106770833 0.7184984375 0.5571375 0.719659375 0.5590402773437501 0.72265625 0.55277777734375 0.72265625 0.5486111106770833 0.72109375 0.54722222265625 0.71484375 0.54722222265625 0.7140624999999999 0.5486111106770833 0.7140343750000001 0.5485708333333333 0.7140343750000001 0.5501569440104167 0.71456953125 0.5504736106770833 0.7153734374999999 0.55237777734375 0.71573046875 0.555075 0.7163554687499999 0.5566611106770833
3 0.7171875 0.5611111106770833 0.7179687499999999 0.55972222265625 0.7179687499999999 0.5569444440104167 0.71640625 0.5541666666666667 0.71328125 0.5513888893229166 0.7101562499999999 0.5513888893229166 0.709375 0.55277777734375 0.7046875 0.55277777734375 0.7039062500000001 0.5541666666666667 0.7039062500000001 0.5583333333333333 0.70546875 0.5611111106770833 0.7171875 0.5611111106770833
3 0.8250000000000001 0.9388888893229167 0.8234374999999999 0.9263888893229167 0.8109375 0.92222222265625 0.8093750000000001 0.9249999999999999 0.8140625 0.9361111106770833 0.8203125 0.9416666666666668 0.8250000000000001 0.9388888893229167