0 1 0.6194444440104167 0.91171875 0.6236111106770833 0.8890625 0.60972222265625 0.87109375 0.5819444440104167 0.8640625000000001 0.5541666666666667 0.8601562500000001 0.49305555598958334 0.8562500000000001 0.52777777734375 0.8601562500000001 0.55972222265625 0.86875 0.5875 0.88671875 0.61527777734375 0.9093749999999999 0.6291666666666667 1 0.6263888893229167 1 0.6194444440104167
0 1 0.41250000000000003 0.984375 0.41250000000000003 0.90078125 0.41944444401041664 0.875 0.4458333333333333 0.8703124999999999 0.46249999999999997 0.884375 0.44027777734375 0.9015624999999999 0.425 1 0.41944444401041664 1 0.41250000000000003
3 0.88046875 0.48194444401041664 0.8828125 0.4763888893229167 0.88125 0.4666666666666666 0.86953125 0.4694444440104167 0.86875 0.48333333333333334 0.88046875 0.48194444401041664
3 0.5750000000000001 0.4569444440104167 0.5789062500000001 0.4611111106770833 0.5851562499999999 0.4569444440104167 0.5859375 0.44444444401041666 0.5812499999999999 0.4375 0.5750000000000001 0.44027777734375 0.5750000000000001 0.4569444440104167
3 0.5476562500000001 0.5388888893229167 0.5546875 0.5361111106770834 0.5546875 0.525 0.55078125 0.5208333333333334 0.546875 0.52777777734375 0.5476562500000001 0.5388888893229167
3 0.48125 0.45972222265625 0.48671875000000003 0.44861111067708337 0.48125 0.44166666666666665 0.47734375 0.44027777734375 0.47578125 0.45277777734375 0.48125 0.45972222265625
2 0.5296875 0.8583333333333334 0.53359375 0.8694444440104167 0.5320312500000001 0.6333333333333333 0.52734375 0.6305555559895833 0.52578125 0.65 0.5296875 0.8583333333333334
3 0.5085937500000001 0.6638888893229167 0.5164062500000001 0.6458333333333334 0.5031249999999999 0.64722222265625 0.50234375 0.6611111106770834 0.5085937500000001 0.6638888893229167
3 0.5710937500000001 0.7333333333333334 0.5710937500000001 0.7277777773437499 0.5593750000000001 0.7263888893229167 0.5593750000000001 0.7458333333333332 0.5710937500000001 0.7333333333333334
3 0.59375 0.8319444440104166 0.5929687499999999 0.8180555559895833 0.5851562499999999 0.8208333333333333 0.5851562499999999 0.8513888893229167 0.59375 0.8319444440104166
3 0.5085937500000001 0.8069444440104167 0.50546875 0.7999999999999999 0.49765624999999997 0.7986111106770833 0.5 0.8138888893229167 0.5085937500000001 0.8069444440104167
1 0.4875 0.79722222265625 0.48828125 0.7986111106770833 0.49062500000000003 0.7986111106770833 0.49140625 0.79722222265625 0.49140625 0.7930555559895834 0.49062500000000003 0.7916666666666666 0.48828125 0.7916666666666666 0.4875 0.7930555559895834 0.4875 0.79722222265625
3 0.20390624999999998 0.60277777734375 0.209375 0.5916666666666667 0.20781249999999998 0.5875 0.1953125 0.5875 0.19296875 0.5958333333333333 0.20390624999999998 0.60277777734375
0 0.10312500000000001 0.6569444440104167 0.09388046875 0.6625 0.09348984375000001 0.6583333333333333 0.0375 0.6611111106770834 0.0890625 0.6638888893229167 0.15390625 0.6583333333333333 0.1703125 0.64722222265625 0.1796875 0.63472222265625 0.18984375 0.6138888893229166 0.18984375 0.6069444440104167 0.16874999999999998 0.6416666666666667 0.15156250000000002 0.6541666666666667 0.10312500000000001 0.6569444440104167
2 0.53359375 0.9458333333333333 0.53359375 0.8736111106770833 0.5304687499999999 0.8819444440104167 0.5296875 0.9263888893229167 0.53359375 0.9458333333333333
0 0.15625 0.45277777734375 0.15234375 0.4513888893229167 0.15 0.4569444440104167 0.14531249999999998 0.45 0.032031250000000004 0.45555555598958336 0.14296875 0.45416666666666666 0.16953125 0.4680555559895833 0.18828124999999998 0.5013888893229167 0.19609374999999998 0.53472222265625 0.19609374999999998 0.57222222265625 0.19296875 0.5875 0.19765625 0.58472222265625 0.19999999999999998 0.5680555559895833 0.196875 0.5194444440104167 0.18281250000000002 0.4791666666666667 0.1703125 0.46249999999999997 0.15625 0.45277777734375
2 0.5265624999999999 0.6124999999999999 0.5296875 0.61527777734375 0.5265624999999999 0.19861111067708334 0.5226562499999999 0.12638888932291667 0.52578125 0.6 0.5265624999999999 0.6124999999999999
3 0.7335937499999999 0.27638888932291666 0.7453124999999999 0.25972222265625 0.7453124999999999 0.24861111067708333 0.73828125 0.25138888932291664 0.73203125 0.2708333333333333 0.7335937499999999 0.27638888932291666
3 0.56640625 0.25277777734375 0.56640625 0.24722222265625002 0.55859375 0.24027777734375 0.5546875 0.2430555559895833 0.55703125 0.25972222265625 0.56640625 0.25277777734375
3 0.7000000000000001 0.8333333333333334 0.69765625 0.82222222265625 0.68984375 0.8166666666666668 0.6890625 0.8430555559895834 0.7000000000000001 0.8333333333333334