1 0.43593750000000003 0.60972222265625 0.43671875 0.6041666666666666 0.43515624999999997 0.6013888893229167 0.43203125000000003 0.6013888893229167 0.43203125000000003 0.60972222265625 0.434375 0.6111111106770833 0.43593750000000003 0.60972222265625
0 0 0.421875 0.09505208333333333 0.4244791666666667 0.10416666666666667 0.42578125 0.11458333333333333 0.4309895833333333 0.12239583333333333 0.4375 0.13671875 0.4583333333333333 0.14583333333333334 0.4817708333333333 0.15104166666666666 0.5104166666666666 0.15104166666666666 0.5520833333333334 0.14713541666666666 0.5755208333333334 0.13411458333333334 0.6067708333333334 0.11848958333333333 0.6263020833333334 0.11067708333333333 0.6315104166666666 0.09895833333333333 0.6354166666666666 0 0.6328125 0 0.625 0.005208333333333333 0.625 0.006510416666666667 0.6276041666666666 0.0859375 0.6302083333333334 0.10546875 0.6276041666666666 0.12760416666666666 0.6080729166666666 0.13541666666666666 0.59375 0.14322916666666666 0.57421875 0.1484375 0.5481770833333334 0.1484375 0.515625 0.14453125 0.4908854166666667 0.140625 0.4830729166666667 0.13932291666666666 0.4739583333333333 0.12760416666666666 0.4518229166666667 0.11067708333333333 0.4348958333333333 0.09895833333333333 0.4309895833333333 0.08333333333333333 0.4296875 0.03515625 0.4296875 0.010416666666666666 0.4270833333333333 0 0.4283854166666667 0 0.4231770833333333
0 0.8932291666666666 0.4518229166666667 0.96875 0.4544270833333333 0.9739583333333334 0.4557291666666667 0.9739583333333334 0.4609375 0.8815104166666666 0.4596354166666667 0.8802083333333334 0.45703125 0.8580729166666666 0.45703125 0.8567708333333334 0.4596354166666667 0.8502604166666666 0.4609375 0.83984375 0.4674479166666667 0.8229166666666666 0.4895833333333333 0.8111979166666666 0.5208333333333334 0.8072916666666666 0.5611979166666666 0.8098958333333334 0.5859375 0.8151041666666666 0.6067708333333334 0.8307291666666666 0.63671875 0.8515625 0.6549479166666666 0.8606770833333334 0.6575520833333334 0.96875 0.6614583333333334 0.9700520833333334 0.6640625 0.9674479166666666 0.6653645833333334 0.8828125 0.6640625 0.8541666666666666 0.6614583333333334 0.83203125 0.6471354166666666 0.8151041666666666 0.6171875 0.8072916666666666 0.5885416666666666 0.8059895833333334 0.5442708333333334 0.8125 0.5052083333333334 0.82421875 0.4817708333333333 0.82421875 0.4778645833333333 0.8424479166666666 0.4583333333333333 0.8528645833333334 0.453125 0.8919270833333334 0.4518229166666667
2 0.48046875 0.4661458333333333 0.48046875 0.6380208333333334 0.4765625 0.8424479166666666 0.4778645833333333 0.87109375 0.4752604166666667 0.9505208333333334 0.47265625 0.9518229166666666 0.47265625 0.8606770833333334 0.4765625 0.7096354166666666 0.4765625 0.4765625 0.48046875 0.4674479166666667
3 0.5638020833333334 0.5631510416666666 0.008463541666666666 0.018229166666666668
3 0.53515625 0.26171875 0.5403645833333334 0.2630208333333333 0.54296875 0.2682291666666667 0.5403645833333334 0.2825520833333333 0.53515625 0.2838541666666667 0.5325520833333334 0.2734375 0.53515625 0.2630208333333333
3 0.4856770833333333 0.6790364583333334 0.010416666666666666 0.022135416666666668
3 0.4609375 0.5208333333333334 0.4661458333333333 0.5208333333333334 0.4674479166666667 0.5234375 0.4661458333333333 0.5364583333333334 0.4622395833333333 0.5390625 0.45703125 0.5286458333333334 0.4609375 0.5221354166666666
3 0.5052083333333334 0.5989583333333334 0.5091145833333334 0.6015625 0.5091145833333334 0.6158854166666666 0.5052083333333334 0.6184895833333334 0.5026041666666666 0.6158854166666666 0.50390625 0.6002604166666666
3 0.4322916666666667 0.5598958333333334 0.42578125 0.5520833333333334 0.42578125 0.5390625 0.4296875 0.53515625 0.4322916666666667 0.5377604166666666 0.43359375 0.5481770833333334 0.4322916666666667 0.55859375
3 0.6497395833333334 0.5 0.6549479166666666 0.5052083333333334 0.6549479166666666 0.51171875 0.6497395833333334 0.51953125 0.64453125 0.5182291666666666 0.6432291666666666 0.5130208333333334 0.64453125 0.5052083333333334 0.6497395833333334 0.5013020833333334
3 0.4466145833333333 0.4388020833333333 0.011067708333333334 0.022135416666666668
3 0.3515625 0.3723958333333333 0.3567708333333333 0.3723958333333333 0.3606770833333333 0.375 0.3619791666666667 0.3802083333333333 0.3606770833333333 0.3893229166666667 0.3580729166666667 0.3893229166666667 0.3515625 0.37890625 0.3515625 0.3736979166666667
3 0.408203125 0.7623697916666666 0.01171875 0.01953125
3 0.453125 0.23958333333333334 0.4596354166666667 0.23697916666666666 0.4622395833333333 0.23828125 0.46484375 0.2526041666666667 0.4635416666666667 0.2565104166666667 0.4596354166666667 0.2578125 0.453125 0.24609375 0.453125 0.24088541666666666
3 0.484375 0.4430555559895833 0.48046875 0.4375 0.47578125 0.43888888932291664 0.47265625 0.45416666666666666 0.4765625 0.45972222265625 0.484375 0.45972222265625 0.484375 0.4430555559895833