1 0.48203124999999997 0.55277777734375 0.48203124999999997 0.5486111106770833 0.48125 0.54722222265625 0.4796875 0.54722222265625 0.47890625000000003 0.5486111106770833 0.47890625000000003 0.55277777734375 0.48046875 0.5555555559895834 0.48203124999999997 0.55277777734375
0 0 0.4270833333333333 0.09505208333333333 0.4296875 0.11328125 0.4361979166666667 0.13020833333333334 0.4544270833333333 0.13802083333333334 0.4700520833333333 0.14192708333333334 0.4791666666666667 0.14322916666666666 0.4895833333333333 0.14583333333333334 0.4921875 0.14713541666666666 0.5104166666666666 0.14973958333333334 0.5182291666666666 0.14973958333333334 0.5546875 0.14583333333333334 0.578125 0.14322916666666666 0.5807291666666666 0.14322916666666666 0.5872395833333334 0.13411458333333334 0.609375 0.11848958333333333 0.6302083333333334 0.10026041666666667 0.6393229166666666 0 0.6380208333333334 0 0.6328125 0.09895833333333333 0.6341145833333334 0.11067708333333333 0.62890625 0.12760416666666666 0.6106770833333334 0.13541666666666666 0.5963541666666666 0.14322916666666666 0.5729166666666666 0.14453125 0.5559895833333334 0.14713541666666666 0.5494791666666666 0.14713541666666666 0.5234375 0.14322916666666666 0.49609375 0.140625 0.4934895833333333 0.13671875 0.4765625 0.12760416666666666 0.4583333333333333 0.11848958333333333 0.4479166666666667 0.11197916666666667 0.4427083333333333 0.09244791666666667 0.4348958333333333 0.006510416666666667 0.43359375 0 0.4322916666666667 0 0.4283854166666667
0 0.9010416666666666 0.4544270833333333 0.94921875 0.45703125 0.9596354166666666 0.4557291666666667 0.9700520833333334 0.45703125 0.9713541666666666 0.4609375 0.9674479166666666 0.4635416666666667 0.8541666666666666 0.4609375 0.8359375 0.4713541666666667 0.8294270833333334 0.4778645833333333 0.8190104166666666 0.4947916666666667 0.8098958333333334 0.5182291666666666 0.8059895833333334 0.5481770833333334 0.8059895833333334 0.5716145833333334 0.8098958333333334 0.5989583333333334 0.8177083333333334 0.62109375 0.8255208333333334 0.6354166666666666 0.8346354166666666 0.64453125 0.8359375 0.6484375 0.8502604166666666 0.6575520833333334 0.8684895833333334 0.66015625 0.9674479166666666 0.6627604166666666 0.9661458333333334 0.6692708333333334 0.9375 0.66796875 0.9361979166666666 0.6653645833333334 0.9322916666666666 0.6653645833333334 0.9309895833333334 0.66796875 0.9283854166666666 0.6653645833333334 0.8723958333333334 0.6653645833333334 0.8463541666666666 0.6614583333333334 0.828125 0.6471354166666666 0.8177083333333334 0.6315104166666666 0.80859375 0.6080729166666666 0.8033854166666666 0.578125 0.8033854166666666 0.5403645833333334 0.8072916666666666 0.5247395833333334 0.8072916666666666 0.515625 0.8125 0.50390625 0.8125 0.4986979166666667 0.82421875 0.4765625 0.83203125 0.4674479166666667 0.8489583333333334 0.4557291666666667 0.8997395833333334 0.4544270833333333
2 0.4752604166666667 0.4700520833333333 0.4778645833333333 0.4700520833333333 0.4791666666666667 0.4895833333333333 0.4752604166666667 0.8854166666666666 0.4739583333333333 0.9544270833333334 0.4713541666666667 0.953125 0.4752604166666667 0.4713541666666667
3 0.51171875 0.7356770833333334 0.5169270833333334 0.7447916666666666 0.5169270833333334 0.7565104166666666 0.51171875 0.7578125 0.5091145833333334 0.7526041666666666 0.5104166666666666 0.7369791666666666
3 0.4986979166666667 0.62109375 0.5013020833333334 0.6276041666666666 0.5013020833333334 0.6380208333333334 0.4986979166666667 0.640625 0.49609375 0.640625 0.4921875 0.6341145833333334 0.4947916666666667 0.6223958333333334 0.4973958333333333 0.62109375
3 0.4557291666666667 0.2630208333333333 0.4505208333333333 0.24609375 0.453125 0.2421875 0.4596354166666667 0.2421875 0.4622395833333333 0.2526041666666667 0.4622395833333333 0.2565104166666667 0.45703125 0.2630208333333333
3 0.4427083333333333 0.3828125 0.4440104166666667 0.3984375 0.4401041666666667 0.3984375 0.4375 0.3932291666666667 0.4375 0.3841145833333333 0.44140625 0.3828125
3 0.5677083333333334 0.5533854166666666 0.5716145833333334 0.55859375 0.5716145833333334 0.5703125 0.5690104166666666 0.5755208333333334 0.56640625 0.5755208333333334 0.5651041666666666 0.5729166666666666 0.56640625 0.5546875
3 0.4244791666666667 0.5872395833333334 0.4270833333333333 0.58984375 0.42578125 0.6028645833333334 0.421875 0.6015625 0.4205729166666667 0.59765625 0.4205729166666667 0.5885416666666666 0.4231770833333333 0.5872395833333334
3 0.54296875 0.23828125 0.5455729166666666 0.23958333333333334 0.5455729166666666 0.2604166666666667 0.54296875 0.2604166666666667 0.5364583333333334 0.2526041666666667 0.5364583333333334 0.24869791666666666 0.54296875 0.23958333333333334
3 0.4114583333333333 0.8268229166666666 0.40625 0.8216145833333334 0.40625 0.8098958333333334 0.4166666666666667 0.8046875 0.4192708333333333 0.8072916666666666 0.4166666666666667 0.8111979166666666 0.4153645833333333 0.82421875 0.4127604166666667 0.8255208333333334
3 0.37890625 0.3229166666666667 0.3815104166666667 0.3229166666666667 0.3841145833333333 0.328125 0.3841145833333333 0.3424479166666667 0.3802083333333333 0.3424479166666667 0.3776041666666667 0.3385416666666667 0.37890625 0.32421875
3 0.6927083333333334 0.58984375 0.6966145833333334 0.5950520833333334 0.6966145833333334 0.6080729166666666 0.69140625 0.6119791666666666 0.68359375 0.6015625 0.69140625 0.5911458333333334
3 0.5358072916666666 0.45703125 0.0078125 0.022135416666666668
3 0.47421874999999997 0.46388888932291666 0.47890625000000003 0.46388888932291666 0.4796875 0.46249999999999997 0.48203124999999997 0.46249999999999997 0.48359375 0.45972222265625 0.48359375 0.4513888893229167 0.48203124999999997 0.4458333333333333 0.4796875 0.44166666666666665 0.4765625 0.44027777734375 0.471875 0.44444444401041666 0.47031249999999997 0.45 0.47031249999999997 0.45555555598958336 0.47109375000000003 0.4583333333333333 0.47421874999999997 0.46388888932291666