1 0.5499999999999999 0.3 0.5515625000000001 0.29861111067708335 0.5515625000000001 0.29027777734375 0.55078125 0.2888888893229167 0.5476562500000001 0.2930555559895833 0.5484375 0.29861111067708335 0.5499999999999999 0.3
0 0.9622395833333334 0.4166666666666667 0.9986979166666666 0.4166666666666667 0.9986979166666666 0.4231770833333333 0.9075520833333334 0.42578125 0.8919270833333334 0.4322916666666667 0.875 0.4518229166666667 0.86328125 0.4778645833333333 0.8619791666666666 0.48828125 0.859375 0.4921875 0.8567708333333334 0.5182291666666666 0.859375 0.5651041666666666 0.8658854166666666 0.5794270833333334 0.8671875 0.5885416666666666 0.8776041666666666 0.6067708333333334 0.8919270833333334 0.62109375 0.9010416666666666 0.625 0.90234375 0.6276041666666666 0.9375 0.62890625 0.9830729166666666 0.6276041666666666 0.984375 0.625 0.9986979166666666 0.625 0.9986979166666666 0.6315104166666666 0.9036458333333334 0.6341145833333334 0.8880208333333334 0.6263020833333334 0.8763020833333334 0.61328125 0.8645833333333334 0.59375 0.85546875 0.5638020833333334 0.8528645833333334 0.5338541666666666 0.85546875 0.4973958333333333 0.8606770833333334 0.4739583333333333 0.8684895833333334 0.4544270833333333 0.8841145833333334 0.4322916666666667 0.8932291666666666 0.42578125 0.90625 0.4205729166666667 0.9622395833333334 0.41796875
0 0.13671875 0.4505208333333333 0.14973958333333334 0.4557291666666667 0.16666666666666666 0.47265625 0.17838541666666666 0.4947916666666667 0.18359375 0.5104166666666666 0.1875 0.5338541666666666 0.18880208333333334 0.5651041666666666 0.18619791666666666 0.5924479166666666 0.17838541666666666 0.6197916666666666 0.16276041666666666 0.6471354166666666 0.15494791666666666 0.6549479166666666 0.14322916666666666 0.6614583333333334 0.1328125 0.6640625 0.055989583333333336 0.6653645833333334 0.0546875 0.66796875 0.022135416666666668 0.66796875 0.022135416666666668 0.6627604166666666 0.12890625 0.6588541666666666 0.14713541666666666 0.6536458333333334 0.15494791666666666 0.6471354166666666 0.16927083333333334 0.62890625 0.18098958333333334 0.5989583333333334 0.18489583333333334 0.578125 0.18619791666666666 0.5546875 0.18359375 0.5260416666666666 0.18098958333333334 0.5221354166666666 0.18098958333333334 0.5143229166666666 0.17708333333333334 0.5078125 0.17578125 0.4986979166666667 0.16536458333333334 0.4791666666666667 0.15494791666666666 0.4674479166666667 0.140625 0.45703125 0.08854166666666667 0.45703125 0.08723958333333333 0.4596354166666667 0.0625 0.45703125 0.061197916666666664 0.4596354166666667 0.020833333333333332 0.4609375 0.01953125 0.4557291666666667 0.02734375 0.453125 0.13541666666666666 0.4505208333333333
2 0.5208333333333334 0.56640625 0.5234375 0.6119791666666666 0.5234375 0.7434895833333334 0.52734375 0.9348958333333334 0.5260416666666666 0.95703125 0.5234375 0.953125 0.51953125 0.6627604166666666 0.5208333333333334 0.5677083333333334
3 0.3899739583333333 0.7063802083333334 0.01171875 0.0234375
3 0.5247395833333334 0.5260416666666666 0.53125 0.5247395833333334 0.53515625 0.5299479166666666 0.5338541666666666 0.54296875 0.5286458333333334 0.5494791666666666 0.5247395833333334 0.5494791666666666 0.5221354166666666 0.5403645833333334 0.5247395833333334 0.52734375
3 0.4205729166666667 0.421875 0.4296875 0.4322916666666667 0.4296875 0.4388020833333333 0.42578125 0.4453125 0.4192708333333333 0.4453125 0.4192708333333333 0.4231770833333333
3 0.47265625 0.19010416666666666 0.4765625 0.19010416666666666 0.4752604166666667 0.21354166666666666 0.4700520833333333 0.2109375 0.4700520833333333 0.1953125 0.47265625 0.19140625
3 0.5169270833333334 0.400390625 0.013020833333333334 0.020833333333333332
3 0.71875 0.71875 0.7252604166666666 0.7265625 0.7278645833333334 0.734375 0.7278645833333334 0.7369791666666666 0.71875 0.7434895833333334 0.7161458333333334 0.7408854166666666 0.71875 0.7200520833333334
3 0.6015625 0.5338541666666666 0.60546875 0.5338541666666666 0.6080729166666666 0.5377604166666666 0.6080729166666666 0.54296875 0.60546875 0.546875 0.6002604166666666 0.5481770833333334 0.5989583333333334 0.5377604166666666 0.6015625 0.53515625
3 0.5631510416666666 0.619140625 0.010416666666666666 0.016927083333333332
3 0.84765625 0.5677083333333334 0.8346354166666666 0.5651041666666666 0.83203125 0.5572916666666666 0.84375 0.55078125 0.84765625 0.55078125 0.8502604166666666 0.5559895833333334 0.8489583333333334 0.56640625
3 0.6398437499999999 0.25416666666666665 0.6414062500000001 0.26527777734374997 0.6437499999999999 0.27222222265625 0.64609375 0.2708333333333333 0.6476562499999999 0.26666666666666666 0.6476562499999999 0.25972222265625 0.646875 0.25555555598958335 0.64453125 0.25138888932291664 0.640625 0.25138888932291664 0.6398437499999999 0.25416666666666665
3 0.5000640625 0.7752958333333333 0.5021703125 0.75485277734375 0.49664531250000005 0.75078472265625 0.4891984375 0.7648833333333332 0.5000640625 0.7752958333333333
3 0.55573828125 0.7954694440104166 0.55183125 0.7783319440104166 0.544871875 0.7887444440104167 0.5495117187499999 0.7969875000000001 0.55573828125 0.7954694440104166