1 0.525 0.5416666666666666 0.52578125 0.54027777734375 0.52578125 0.5375 0.525 0.5361111106770834 0.5226562499999999 0.5361111106770834 0.5226562499999999 0.5416666666666666 0.525 0.5416666666666666
0 0.8723958333333334 0.4479166666666667 0.8841145833333334 0.4348958333333333 0.8984375 0.4283854166666667 0.9986979166666666 0.42578125 0.9986979166666666 0.4309895833333333 0.90234375 0.43359375 0.8932291666666666 0.4361979166666667 0.875 0.4518229166666667 0.86328125 0.4713541666666667 0.8619791666666666 0.48046875 0.85546875 0.49609375 0.8541666666666666 0.5143229166666666 0.8515625 0.5208333333333334 0.8515625 0.546875 0.859375 0.5846354166666666 0.8697916666666666 0.6067708333333334 0.890625 0.62890625 0.9010416666666666 0.6328125 0.9986979166666666 0.6302083333333334 0.9986979166666666 0.63671875 0.8997395833333334 0.6380208333333334 0.8828125 0.6302083333333334 0.8645833333333334 0.6080729166666666 0.8645833333333334 0.6041666666666666 0.8567708333333334 0.58984375 0.85546875 0.5794270833333334 0.8515625 0.5703125 0.8489583333333334 0.55078125 0.8489583333333334 0.5169270833333334 0.8567708333333334 0.4778645833333333 0.8684895833333334 0.453125 0.8723958333333334 0.44921875
0 0.028645833333333332 0.4557291666666667 0.08333333333333333 0.453125 0.15104166666666666 0.4544270833333333 0.171875 0.4713541666666667 0.18229166666666666 0.48828125 0.19140625 0.5130208333333334 0.1953125 0.5364583333333334 0.1953125 0.5807291666666666 0.19010416666666666 0.6080729166666666 0.18359375 0.62109375 0.18229166666666666 0.62890625 0.16276041666666666 0.6536458333333334 0.15494791666666666 0.6588541666666666 0.14192708333333334 0.6627604166666666 0.03515625 0.6653645833333334 0.032552083333333336 0.6640625 0.032552083333333336 0.6614583333333334 0.14322916666666666 0.6575520833333334 0.15755208333333334 0.6510416666666666 0.17578125 0.6302083333333334 0.18880208333333334 0.5989583333333334 0.19270833333333334 0.57421875 0.19270833333333334 0.5403645833333334 0.18359375 0.5 0.16796875 0.4739583333333333 0.15494791666666666 0.4635416666666667 0.14583333333333334 0.4596354166666667 0.028645833333333332 0.4609375 0.028645833333333332 0.45703125
2 0.5208333333333334 0.4700520833333333 0.5221354166666666 0.4752604166666667 0.5247395833333334 0.4765625 0.5221354166666666 0.5390625 0.5247395833333334 0.5455729166666666 0.5234375 0.5716145833333334 0.5260416666666666 0.63671875 0.5247395833333334 0.6966145833333334 0.52734375 0.8177083333333334 0.5260416666666666 0.84765625 0.5286458333333334 0.9231770833333334 0.52734375 0.953125 0.5247395833333334 0.953125 0.5234375 0.7057291666666666 0.5208333333333334 0.6471354166666666 0.5208333333333334 0.4713541666666667
3 0.4817708333333333 0.7317708333333334 0.4869791666666667 0.7395833333333334 0.4869791666666667 0.7513020833333334 0.4830729166666667 0.7578125 0.48046875 0.7552083333333334 0.4791666666666667 0.7408854166666666 0.4817708333333333 0.7330729166666666
3 0.50390625 0.6197916666666666 0.5065104166666666 0.6276041666666666 0.5065104166666666 0.6354166666666666 0.50390625 0.6393229166666666 0.5013020833333334 0.6393229166666666 0.4986979166666667 0.6341145833333334 0.5 0.62109375 0.5026041666666666 0.6197916666666666
3 0.5416666666666666 0.23958333333333334 0.5494791666666666 0.24348958333333334 0.54296875 0.26171875 0.5390625 0.26171875 0.5364583333333334 0.2578125 0.5364583333333334 0.24869791666666666 0.5403645833333334 0.24088541666666666
3 0.5598958333333334 0.38671875 0.5625 0.39453125 0.55859375 0.4010416666666667 0.5546875 0.3997395833333333 0.5546875 0.390625 0.55859375 0.38671875
3 0.4309895833333333 0.5768229166666666 0.4296875 0.5625 0.4322916666666667 0.55859375 0.4375 0.5598958333333334 0.4361979166666667 0.5729166666666666 0.4322916666666667 0.5768229166666666
3 0.5807291666666666 0.5872395833333334 0.5807291666666666 0.5989583333333334 0.5768229166666666 0.6028645833333334 0.57421875 0.6015625 0.57421875 0.58984375 0.5768229166666666 0.5859375 0.5794270833333334 0.5872395833333334
3 0.4583333333333333 0.23697916666666666 0.4622395833333333 0.23697916666666666 0.4635416666666667 0.24348958333333334 0.4635416666666667 0.2552083333333333 0.4596354166666667 0.26171875 0.4557291666666667 0.2604166666666667 0.4544270833333333 0.24479166666666666 0.4583333333333333 0.23828125
3 0.625 0.3190104166666667 0.62890625 0.3255208333333333 0.6276041666666666 0.3346354166666667 0.6236979166666666 0.3385416666666667 0.6184895833333334 0.3372395833333333 0.6171875 0.328125 0.6236979166666666 0.3203125
3 0.5963541666666666 0.818359375 0.009114583333333334 0.022135416666666668
3 0.31640625 0.5872395833333334 0.3190104166666667 0.58984375 0.32421875 0.58984375 0.31640625 0.6080729166666666 0.3125 0.6067708333333334 0.3098958333333333 0.5963541666666666 0.3125 0.5885416666666666 0.3151041666666667 0.5872395833333334
3 0.46875 0.4505208333333333 0.4713541666666667 0.453125 0.4700520833333333 0.46875 0.4661458333333333 0.4700520833333333 0.46484375 0.4674479166666667 0.46484375 0.453125 0.4674479166666667 0.4518229166666667
3 0.51953125 0.44166666666666665 0.51796875 0.4458333333333333 0.51796875 0.45 0.5171875 0.4513888893229167 0.5171875 0.45972222265625 0.5187499999999999 0.4611111106770833 0.521875 0.4611111106770833 0.5226562499999999 0.46249999999999997 0.5242187500000001 0.4611111106770833 0.5265624999999999 0.4611111106770833 0.5296875 0.45555555598958336 0.5296875 0.44722222265624995 0.52890625 0.44444444401041666 0.52578125 0.44027777734375 0.521875 0.44027777734375 0.51953125 0.44166666666666665