1 0.49453125000000003 0.5930555559895833 0.496875 0.59027777734375 0.49453125000000003 0.5861111106770833 0.49453125000000003 0.5930555559895833
0 0 0.4283854166666667 0.09375 0.4296875 0.11067708333333333 0.4348958333333333 0.12630208333333334 0.4505208333333333 0.13802083333333334 0.4700520833333333 0.14583333333333334 0.4947916666666667 0.14973958333333334 0.5182291666666666 0.14973958333333334 0.5533854166666666 0.14583333333333334 0.578125 0.14322916666666666 0.5807291666666666 0.14192708333333334 0.5911458333333334 0.13411458333333334 0.609375 0.11588541666666667 0.6328125 0.1015625 0.6393229166666666 0.08723958333333333 0.640625 0 0.6380208333333334 0 0.6328125 0.09375 0.6354166666666666 0.11197916666666667 0.62890625 0.125 0.6145833333333334 0.13541666666666666 0.5963541666666666 0.14322916666666666 0.5729166666666666 0.14713541666666666 0.5481770833333334 0.14713541666666666 0.5247395833333334 0.140625 0.4895833333333333 0.13541666666666666 0.4739583333333333 0.125 0.4557291666666667 0.11458333333333333 0.4453125 0.09244791666666667 0.4348958333333333 0.0026041666666666665 0.43359375 0 0.4322916666666667 0 0.4296875
0 0.84375 0.4583333333333333 0.859375 0.453125 0.9713541666666666 0.45703125 0.9713541666666666 0.4622395833333333 0.86328125 0.4596354166666667 0.84765625 0.4635416666666667 0.8294270833333334 0.4791666666666667 0.8190104166666666 0.49609375 0.8111979166666666 0.5182291666666666 0.8072916666666666 0.5403645833333334 0.8072916666666666 0.578125 0.8138020833333334 0.6080729166666666 0.8216145833333334 0.6236979166666666 0.8216145833333334 0.6276041666666666 0.8307291666666666 0.640625 0.84375 0.6536458333333334 0.86328125 0.66015625 0.9674479166666666 0.6627604166666666 0.9700520833333334 0.6640625 0.9700520833333334 0.66796875 0.9674479166666666 0.6692708333333334 0.9348958333333334 0.66796875 0.93359375 0.6653645833333334 0.8763020833333334 0.6653645833333334 0.8515625 0.6627604166666666 0.83203125 0.6510416666666666 0.81640625 0.6276041666666666 0.80859375 0.6028645833333334 0.8046875 0.5807291666666666 0.8046875 0.5403645833333334 0.8072916666666666 0.5234375 0.8151041666666666 0.49609375 0.82421875 0.4778645833333333 0.8346354166666666 0.4661458333333333 0.84375 0.4596354166666667
2 0.4765625 0.4778645833333333 0.4791666666666667 0.4895833333333333 0.4791666666666667 0.63671875 0.4752604166666667 0.7760416666666666 0.4752604166666667 0.9518229166666666 0.4739583333333333 0.9557291666666666 0.4713541666666667 0.953125 0.4765625 0.4791666666666667
3 0.453125 0.2421875 0.4622395833333333 0.24348958333333334 0.4635416666666667 0.25390625 0.4635416666666667 0.2643229166666667 0.4596354166666667 0.26953125 0.4557291666666667 0.2630208333333333 0.4518229166666667 0.24479166666666666 0.453125 0.24348958333333334
3 0.3971354166666667 0.3385416666666667 0.4010416666666667 0.34375 0.3997395833333333 0.37890625 0.39453125 0.37109375 0.39453125 0.3619791666666667 0.3893229166666667 0.3489583333333333 0.3893229166666667 0.33984375 0.3932291666666667 0.3372395833333333 0.3958333333333333 0.3385416666666667
3 0.5026041666666666 0.640625 0.5104166666666666 0.640625 0.5143229166666666 0.6458333333333334 0.5143229166666666 0.65625 0.5130208333333334 0.6588541666666666 0.5078125 0.6588541666666666 0.5026041666666666 0.6484375 0.5026041666666666 0.6419270833333334
3 0.5807291666666666 0.5338541666666666 0.5846354166666666 0.53515625 0.5859375 0.5403645833333334 0.5846354166666666 0.5533854166666666 0.578125 0.5546875 0.5768229166666666 0.546875 0.5807291666666666 0.53515625
3 0.4427083333333333 0.578125 0.4427083333333333 0.6015625 0.4401041666666667 0.6015625 0.4322916666666667 0.5911458333333334 0.43359375 0.5807291666666666 0.44140625 0.578125
3 0.5618489583333334 0.2506510416666667 0.009114583333333334 0.0234375
3 0.4283854166666667 0.7864583333333334 0.4309895833333333 0.7890625 0.4283854166666667 0.80859375 0.41796875 0.8033854166666666 0.421875 0.7916666666666666 0.4270833333333333 0.7877604166666666
3 0.7057291666666666 0.6015625 0.013020833333333334 0.022135416666666668
3 0.54296875 0.4322916666666667 0.546875 0.4322916666666667 0.5494791666666666 0.4361979166666667 0.5494791666666666 0.44921875 0.5481770833333334 0.453125 0.5455729166666666 0.453125 0.54296875 0.4479166666666667 0.54296875 0.43359375
3 0.5073898437500001 0.7178749999999999 0.5014664062499999 0.7404263893229167 0.51551328125 0.7389236106770833 0.51060546875 0.7184763893229166 0.5073898437500001 0.7178749999999999
3 0.47578125 0.46527777734375 0.48203124999999997 0.46249999999999997 0.48281250000000003 0.4611111106770833 0.48281250000000003 0.4513888893229167 0.48203124999999997 0.45 0.48203124999999997 0.4458333333333333 0.4796875 0.44166666666666665 0.47734375 0.44027777734375 0.4734375 0.44166666666666665 0.47031249999999997 0.44722222265624995 0.47031249999999997 0.4583333333333333 0.4734375 0.46388888932291666 0.47578125 0.46527777734375
3 0.4453125 0.37638888932291664 0.44609375 0.37638888932291664 0.44765625000000003 0.37361111067708336 0.4484375 0.3694444440104167 0.44765625000000003 0.3666666666666667 0.4453125 0.3625 0.44140625 0.3625 0.43984375000000003 0.36527777734375005 0.440625 0.3694444440104167 0.4421875 0.37083333333333335 0.4453125 0.37638888932291664