1 0.49140625 0.4583333333333333 0.4921875 0.45972222265625 0.49453125000000003 0.45972222265625 0.4953125 0.4583333333333333 0.4953125 0.45277777734375 0.49453125000000003 0.4513888893229167 0.4921875 0.4513888893229167 0.49140625 0.45277777734375 0.49140625 0.4583333333333333
0 0.9986979166666666 0.4140625 0.9986979166666666 0.4205729166666667 0.98828125 0.421875 0.9075520833333334 0.4231770833333333 0.8997395833333334 0.42578125 0.8828125 0.4361979166666667 0.8828125 0.4388020833333333 0.87109375 0.453125 0.86328125 0.4700520833333333 0.85546875 0.5 0.85546875 0.5481770833333334 0.8658854166666666 0.5859375 0.8828125 0.6119791666666666 0.8919270833333334 0.6197916666666666 0.90234375 0.6236979166666666 0.9986979166666666 0.6223958333333334 0.9986979166666666 0.6276041666666666 0.9947916666666666 0.62890625 0.91796875 0.6315104166666666 0.8997395833333334 0.6302083333333334 0.88671875 0.6223958333333334 0.87109375 0.60546875 0.8606770833333334 0.5859375 0.859375 0.5755208333333334 0.85546875 0.56640625 0.85546875 0.5572916666666666 0.8528645833333334 0.5533854166666666 0.8515625 0.5091145833333334 0.8528645833333334 0.4947916666666667 0.85546875 0.4908854166666667 0.8567708333333334 0.4778645833333333 0.86328125 0.4583333333333333 0.875 0.44140625 0.8763020833333334 0.4361979166666667 0.8841145833333334 0.4283854166666667 0.9010416666666666 0.4192708333333333 0.9088541666666666 0.4192708333333333 0.91015625 0.4166666666666667 0.9973958333333334 0.4140625
0 0.14322916666666666 0.44921875 0.15885416666666666 0.4583333333333333 0.171875 0.4739583333333333 0.18229166666666666 0.4973958333333333 0.1875 0.5169270833333334 0.19140625 0.5481770833333334 0.19010416666666666 0.5768229166666666 0.18359375 0.6067708333333334 0.17578125 0.6263020833333334 0.15885416666666666 0.6497395833333334 0.14192708333333334 0.6588541666666666 0.12109375 0.6614583333333334 0.07291666666666667 0.6614583333333334 0.04296875 0.6640625 0.024739583333333332 0.6627604166666666 0.024739583333333332 0.66015625 0.03125 0.6588541666666666 0.13151041666666666 0.6549479166666666 0.140625 0.6536458333333334 0.15234375 0.6484375 0.15364583333333334 0.64453125 0.16927083333333334 0.62890625 0.1796875 0.6080729166666666 0.1875 0.5729166666666666 0.1875 0.5338541666666666 0.1796875 0.5 0.16796875 0.4765625 0.15625 0.4635416666666667 0.13932291666666666 0.453125 0.10546875 0.453125 0.07942708333333333 0.4557291666666667 0.0234375 0.4557291666666667 0.020833333333333332 0.453125 0.029947916666666668 0.4505208333333333 0.09765625 0.4479166666666667 0.14192708333333334 0.44921875
2 0.5182291666666666 0.4505208333333333 0.5182291666666666 0.453125 0.5234375 0.4557291666666667 0.5221354166666666 0.6276041666666666 0.52734375 0.921875 0.5260416666666666 0.9518229166666666 0.5234375 0.9466145833333334 0.51953125 0.4986979166666667 0.5169270833333334 0.4674479166666667 0.5182291666666666 0.4518229166666667
3 0.60546875 0.5729166666666666 0.609375 0.5729166666666666 0.61328125 0.5807291666666666 0.61328125 0.5911458333333334 0.6119791666666666 0.59375 0.6067708333333334 0.5950520833333334 0.60546875 0.57421875
3 0.4856770833333333 0.2630208333333333 0.008463541666666666 0.0234375
3 0.7330729166666666 0.71875 0.734375 0.7330729166666666 0.73046875 0.7356770833333334 0.72265625 0.7330729166666666 0.7200520833333334 0.7213541666666666 0.7317708333333334 0.71875
3 0.54296875 0.7578125 0.546875 0.7630208333333334 0.5455729166666666 0.7760416666666666 0.5390625 0.7799479166666666 0.5390625 0.7643229166666666 0.5416666666666666 0.7591145833333334
3 0.8046875 0.5559895833333334 0.8059895833333334 0.56640625 0.7994791666666666 0.5729166666666666 0.7955729166666666 0.5716145833333334 0.79296875 0.5677083333333334 0.79296875 0.5572916666666666 0.8033854166666666 0.5559895833333334
3 0.5625 0.6145833333333334 0.5703125 0.6158854166666666 0.57421875 0.6197916666666666 0.5703125 0.6302083333333334 0.5651041666666666 0.6328125 0.5625 0.6302083333333334 0.5625 0.6158854166666666
3 0.625 0.2526041666666667 0.6328125 0.25390625 0.6328125 0.2604166666666667 0.6263020833333334 0.2669270833333333 0.625 0.25390625
3 0.41796875 0.4375 0.4244791666666667 0.4427083333333333 0.42578125 0.4466145833333333 0.4231770833333333 0.4596354166666667 0.41796875 0.4609375 0.4153645833333333 0.4557291666666667 0.4153645833333333 0.44140625 0.41796875 0.4388020833333333
3 0.5403645833333334 0.5299479166666666 0.546875 0.5286458333333334 0.55078125 0.5338541666666666 0.5494791666666666 0.5494791666666666 0.5455729166666666 0.5546875 0.5403645833333334 0.5546875 0.5364583333333334 0.5442708333333334 0.5403645833333334 0.53125
3 0.44140625 0.6536458333333334 0.4427083333333333 0.6614583333333334 0.4401041666666667 0.6783854166666666 0.4375 0.6809895833333334 0.4348958333333333 0.6796875 0.4348958333333333 0.6627604166666666 0.4401041666666667 0.6549479166666666
3 0.5182291666666666 0.4231770833333333 0.5299479166666666 0.421875 0.53125 0.43359375 0.5338541666666666 0.4361979166666667 0.5338541666666666 0.4401041666666667 0.52734375 0.4427083333333333 0.5247395833333334 0.4479166666666667 0.5221354166666666 0.4466145833333333 0.5208333333333334 0.4361979166666667 0.5169270833333334 0.4283854166666667 0.5182291666666666 0.4244791666666667
3 0.5559895833333334 0.8515625 0.55859375 0.8515625 0.5625 0.8645833333333334 0.5611979166666666 0.8684895833333334 0.5559895833333334 0.87109375 0.5559895833333334 0.8528645833333334