1 0.6687500000000001 0.6055555559895833 0.6687500000000001 0.5986111106770834 0.665625 0.5986111106770834 0.6640625 0.6013888893229167 0.6648437500000001 0.6055555559895833 0.6687500000000001 0.6055555559895833
0 0.9986979166666666 0.4114583333333333 0.9986979166666666 0.41796875 0.9895833333333334 0.4153645833333333 0.98828125 0.41796875 0.9088541666666666 0.4205729166666667 0.8958333333333334 0.4283854166666667 0.88671875 0.4375 0.87109375 0.4674479166666667 0.86328125 0.5026041666666666 0.86328125 0.5455729166666666 0.875 0.5846354166666666 0.890625 0.6080729166666666 0.8997395833333334 0.6158854166666666 0.9114583333333334 0.62109375 0.9986979166666666 0.6184895833333334 0.9986979166666666 0.6236979166666666 0.9609375 0.6236979166666666 0.9596354166666666 0.6263020833333334 0.9283854166666666 0.6276041666666666 0.9075520833333334 0.6263020833333334 0.90625 0.6236979166666666 0.8971354166666666 0.6197916666666666 0.8828125 0.6067708333333334 0.87109375 0.5859375 0.8619791666666666 0.5559895833333334 0.859375 0.52734375 0.8606770833333334 0.49609375 0.8645833333333334 0.4752604166666667 0.8723958333333334 0.453125 0.8828125 0.4348958333333333 0.90234375 0.4166666666666667 0.9166666666666666 0.4127604166666667 0.9817708333333334 0.41015625 0.9973958333333334 0.4114583333333333
0 0.15104166666666666 0.4479166666666667 0.16796875 0.45703125 0.18229166666666666 0.4752604166666667 0.19140625 0.4947916666666667 0.19791666666666666 0.5208333333333334 0.19791666666666666 0.5872395833333334 0.19010416666666666 0.6145833333333334 0.18359375 0.625 0.18229166666666666 0.6315104166666666 0.16796875 0.6458333333333334 0.16796875 0.6484375 0.15104166666666666 0.6575520833333334 0.12890625 0.66015625 0.040364583333333336 0.6627604166666666 0.03515625 0.6614583333333334 0.03515625 0.6588541666666666 0.0390625 0.6575520833333334 0.14973958333333334 0.65234375 0.15885416666666666 0.6484375 0.16666666666666666 0.6419270833333334 0.1796875 0.6263020833333334 0.1875 0.6106770833333334 0.1953125 0.5846354166666666 0.19661458333333334 0.5338541666666666 0.1875 0.4947916666666667 0.17317708333333334 0.4700520833333333 0.15885416666666666 0.45703125 0.14713541666666666 0.4518229166666667 0.05859375 0.4557291666666667 0.032552083333333336 0.4544270833333333 0.033854166666666664 0.4505208333333333 0.12890625 0.4466145833333333 0.14973958333333334 0.4479166666666667
2 0.5247395833333334 0.12109375 0.52734375 0.21223958333333334 0.52734375 0.3932291666666667 0.5299479166666666 0.44140625 0.5286458333333334 0.4752604166666667 0.53125 0.703125 0.5338541666666666 0.7421875 0.53515625 0.8567708333333334 0.53515625 0.9479166666666666 0.5325520833333334 0.9466145833333334 0.53125 0.9283854166666666 0.53125 0.77734375 0.5286458333333334 0.7395833333333334 0.52734375 0.6341145833333334 0.52734375 0.4479166666666667 0.5247395833333334 0.41796875 0.5247395833333334 0.12239583333333333
3 0.6588541666666666 0.53125 0.6614583333333334 0.5481770833333334 0.66015625 0.5520833333333334 0.6536458333333334 0.5559895833333334 0.6497395833333334 0.5533854166666666 0.6497395833333334 0.5494791666666666 0.6536458333333334 0.54296875 0.6536458333333334 0.53515625 0.6575520833333334 0.53125
3 0.6809895833333334 0.5989583333333334 0.6796875 0.58984375 0.6848958333333334 0.5768229166666666 0.6901041666666666 0.578125 0.69140625 0.5911458333333334 0.6822916666666666 0.5989583333333334
3 0.6263020833333334 0.23567708333333334 0.6302083333333334 0.23828125 0.6315104166666666 0.2421875 0.625 0.2526041666666667 0.6236979166666666 0.2604166666666667 0.62109375 0.2604166666666667 0.62109375 0.24088541666666666 0.625 0.23697916666666666
3 0.6848958333333334 0.67578125 0.6940104166666666 0.6783854166666666 0.6966145833333334 0.6822916666666666 0.6953125 0.6901041666666666 0.6875 0.6953125 0.68359375 0.69140625 0.6848958333333334 0.6770833333333334
3 0.6783854166666666 0.5013020833333334 0.015625 0.022135416666666668
3 0.72265625 0.83984375 0.7291666666666666 0.8515625 0.7265625 0.86328125 0.7200520833333334 0.8606770833333334 0.71875 0.85546875 0.7213541666666666 0.8411458333333334
3 0.6354166666666666 0.7916666666666666 0.6393229166666666 0.7955729166666666 0.640625 0.8046875 0.6380208333333334 0.8046875 0.6328125 0.8098958333333334 0.62890625 0.8072916666666666 0.62890625 0.7916666666666666 0.6341145833333334 0.7916666666666666
3 0.24348958333333334 0.5026041666666666 0.24609375 0.5026041666666666 0.24739583333333334 0.5065104166666666 0.2526041666666667 0.5078125 0.24869791666666666 0.51953125 0.24479166666666666 0.5247395833333334 0.23958333333333334 0.5260416666666666 0.23828125 0.51171875 0.24348958333333334 0.50390625
3 0.7682291666666666 0.21484375 0.76953125 0.22526041666666666 0.7604166666666666 0.23567708333333334 0.7578125 0.234375 0.7565104166666666 0.2265625 0.7578125 0.22265625 0.7669270833333334 0.21484375
3 0.6119791666666666 0.5091145833333334 0.61328125 0.5234375 0.609375 0.52734375 0.6041666666666666 0.5247395833333334 0.6041666666666666 0.5182291666666666 0.6067708333333334 0.51171875 0.6106770833333334 0.5091145833333334
3 0.6236979166666666 0.38671875 0.625 0.40234375 0.6197916666666666 0.4075520833333333 0.6145833333333334 0.4075520833333333 0.6119791666666666 0.4036458333333333 0.6119791666666666 0.390625 0.6171875 0.3854166666666667 0.6223958333333334 0.38671875
3 0.8932291666666666 0.4518229166666667 0.89453125 0.4596354166666667 0.8932291666666666 0.46484375 0.8893229166666666 0.46875 0.8802083333333334 0.4661458333333333 0.8802083333333334 0.4544270833333333 0.88671875 0.4505208333333333 0.8919270833333334 0.4518229166666667