1 0.15625 0.92777777734375 0.15625 0.9333333333333332 0.15703124999999998 0.93472222265625 0.15859375 0.93472222265625 0.16093749999999998 0.9305555559895833 0.16015625 0.9249999999999999 0.1578125 0.9236111106770833 0.15703124999999998 0.9249999999999999 0.15625 0.92777777734375
0 0.9830729166666666 0.4231770833333333 0.9986979166666666 0.4231770833333333 0.9986979166666666 0.4296875 0.9153645833333334 0.4309895833333333 0.8997395833333334 0.4348958333333333 0.87890625 0.4557291666666667 0.87109375 0.4700520833333333 0.86328125 0.4921875 0.8619791666666666 0.5091145833333334 0.859375 0.515625 0.859375 0.55078125 0.8619791666666666 0.5559895833333334 0.8619791666666666 0.56640625 0.8697916666666666 0.5911458333333334 0.8776041666666666 0.6067708333333334 0.88671875 0.6184895833333334 0.8971354166666666 0.62890625 0.91015625 0.6341145833333334 0.9986979166666666 0.6315104166666666 0.9986979166666666 0.63671875 0.9270833333333334 0.6393229166666666 0.9036458333333334 0.6380208333333334 0.8958333333333334 0.6341145833333334 0.8841145833333334 0.6236979166666666 0.8684895833333334 0.6002604166666666 0.859375 0.5703125 0.8567708333333334 0.5520833333333334 0.8567708333333334 0.51171875 0.8606770833333334 0.4895833333333333 0.8723958333333334 0.4583333333333333 0.87890625 0.4479166666666667 0.8958333333333334 0.4309895833333333 0.9114583333333334 0.42578125 0.9817708333333334 0.4231770833333333
0 0.14453125 0.4557291666666667 0.16276041666666666 0.4661458333333333 0.171875 0.4752604166666667 0.18229166666666666 0.4934895833333333 0.19140625 0.51953125 0.1953125 0.5442708333333334 0.1953125 0.5794270833333334 0.19140625 0.60546875 0.18229166666666666 0.6315104166666666 0.171875 0.6484375 0.16276041666666666 0.6575520833333334 0.15234375 0.6640625 0.14453125 0.6653645833333334 0.14322916666666666 0.66796875 0.048177083333333336 0.6731770833333334 0.028645833333333332 0.671875 0.028645833333333332 0.6692708333333334 0.03515625 0.6692708333333334 0.036458333333333336 0.6666666666666666 0.05078125 0.6666666666666666 0.052083333333333336 0.6692708333333334 0.055989583333333336 0.6653645833333334 0.140625 0.6627604166666666 0.15885416666666666 0.6549479166666666 0.171875 0.640625 0.1796875 0.6276041666666666 0.1875 0.6067708333333334 0.19140625 0.5911458333333334 0.19270833333333334 0.5716145833333334 0.19140625 0.5338541666666666 0.1875 0.5169270833333334 0.17578125 0.4895833333333333 0.16276041666666666 0.47265625 0.1484375 0.4635416666666667 0.12239583333333333 0.4622395833333333 0.08203125 0.46484375 0.028645833333333332 0.46484375 0.02734375 0.4609375 0.032552083333333336 0.4609375 0.033854166666666664 0.4583333333333333 0.14322916666666666 0.4557291666666667
2 0.5208333333333334 0.13541666666666666 0.5234375 0.17317708333333334 0.5260416666666666 0.5703125 0.5286458333333334 0.6302083333333334 0.52734375 0.72265625 0.53125 0.8671875 0.53125 0.9596354166666666 0.5286458333333334 0.9596354166666666 0.52734375 0.9453125 0.52734375 0.7955729166666666 0.5247395833333334 0.74609375 0.5234375 0.44921875 0.5208333333333334 0.3385416666666667 0.5208333333333334 0.13671875
3 0.13671875 0.5208333333333334 0.13932291666666666 0.5208333333333334 0.140625 0.5234375 0.13932291666666666 0.5377604166666666 0.13020833333333334 0.5377604166666666 0.125 0.5299479166666666 0.12630208333333334 0.5260416666666666 0.13671875 0.5221354166666666
3 0.8372395833333334 0.4778645833333333 0.8502604166666666 0.4791666666666667 0.8489583333333334 0.4908854166666667 0.8372395833333334 0.4908854166666667 0.8372395833333334 0.4791666666666667
3 0.1328125 0.8411458333333334 0.13541666666666666 0.84375 0.1328125 0.8671875 0.12239583333333333 0.8684895833333334 0.11979166666666667 0.86328125 0.12239583333333333 0.8528645833333334 0.12890625 0.84765625 0.13151041666666666 0.8424479166666666
3 0.2890625 0.5716145833333334 0.2955729166666667 0.5807291666666666 0.2955729166666667 0.5885416666666666 0.2890625 0.5911458333333334 0.2825520833333333 0.5846354166666666 0.2825520833333333 0.578125 0.2877604166666667 0.5729166666666666
3 0.15625 0.92578125 0.15885416666666666 0.9270833333333334 0.15885416666666666 0.9322916666666666 0.15625 0.9361979166666666 0.15104166666666666 0.9609375 0.14583333333333334 0.9635416666666666 0.14192708333333334 0.9609375 0.140625 0.95703125 0.14192708333333334 0.9479166666666666 0.1484375 0.9427083333333334 0.15625 0.9270833333333334
3 0.5091145833333334 0.6302083333333334 0.5143229166666666 0.6328125 0.5143229166666666 0.6471354166666666 0.51171875 0.6497395833333334 0.5078125 0.6497395833333334 0.5065104166666666 0.6432291666666666 0.5091145833333334 0.6315104166666666
3 0.41015625 0.76953125 0.4127604166666667 0.77734375 0.4127604166666667 0.796875 0.4075520833333333 0.80859375 0.4036458333333333 0.80859375 0.4036458333333333 0.7825520833333334 0.41015625 0.7708333333333334
3 0.6015625 0.24479166666666666 0.60546875 0.24609375 0.6080729166666666 0.2526041666666667 0.6080729166666666 0.26171875 0.6015625 0.265625 0.5989583333333334 0.2630208333333333 0.5989583333333334 0.25 0.6015625 0.24609375
3 0.2669270833333333 0.5638020833333334 0.265625 0.5533854166666666 0.2708333333333333 0.5494791666666666 0.2747395833333333 0.5494791666666666 0.27734375 0.5520833333333334 0.2786458333333333 0.5611979166666666 0.2760416666666667 0.56640625 0.2682291666666667 0.5638020833333334
3 0.053385416666666664 0.625 0.061197916666666664 0.625 0.0625 0.6276041666666666 0.053385416666666664 0.6393229166666666 0.044270833333333336 0.6419270833333334 0.0390625 0.63671875 0.0390625 0.6341145833333334 0.044270833333333336 0.62890625 0.053385416666666664 0.6263020833333334
3 0.25390625 0.7565104166666666 0.2565104166666667 0.7591145833333334 0.2565104166666667 0.7682291666666666 0.2526041666666667 0.7786458333333334 0.24739583333333334 0.77734375 0.24348958333333334 0.7734375 0.24348958333333334 0.7643229166666666 0.2526041666666667 0.7565104166666666
3 0.3489583333333333 0.4908854166666667 0.3580729166666667 0.4908854166666667 0.3606770833333333 0.5 0.3580729166666667 0.5143229166666666 0.3515625 0.515625 0.34765625 0.5078125 0.3489583333333333 0.4921875