1 0.52890625 0.5194444440104167 0.5296875 0.5208333333333334 0.5328125 0.5208333333333334 0.53359375 0.5194444440104167 0.53359375 0.51527777734375 0.5328125 0.5138888893229167 0.5304687499999999 0.5125000000000001 0.52890625 0.51527777734375 0.52890625 0.5194444440104167
0 0.8776041666666666 0.6171875 0.8880208333333334 0.6276041666666666 0.8984375 0.6315104166666666 0.9986979166666666 0.62890625 0.9986979166666666 0.6341145833333334 0.9375 0.63671875 0.89453125 0.63671875 0.8880208333333334 0.6341145833333334 0.8763020833333334 0.6263020833333334 0.8645833333333334 0.6106770833333334 0.8567708333333334 0.5963541666666666 0.84765625 0.5651041666666666 0.8450520833333334 0.5325520833333334 0.8489583333333334 0.4934895833333333 0.8567708333333334 0.4700520833333333 0.8645833333333334 0.4544270833333333 0.8776041666666666 0.4375 0.8919270833333334 0.4283854166666667 0.8997395833333334 0.4270833333333333 0.9661458333333334 0.4244791666666667 0.9986979166666666 0.4244791666666667 0.9986979166666666 0.4309895833333333 0.9791666666666666 0.4296875 0.8997395833333334 0.4322916666666667 0.8880208333333334 0.4361979166666667 0.8697916666666666 0.4544270833333333 0.859375 0.47265625 0.8502604166666666 0.5078125 0.8502604166666666 0.55859375 0.8580729166666666 0.5872395833333334 0.8671875 0.60546875 0.8763020833333334 0.6171875
0 0.13932291666666666 0.453125 0.15104166666666666 0.45703125 0.171875 0.4765625 0.18229166666666666 0.49609375 0.1875 0.5130208333333334 0.19270833333333334 0.5520833333333334 0.19140625 0.5885416666666666 0.1796875 0.6276041666666666 0.16796875 0.6471354166666666 0.15755208333333334 0.65625 0.14453125 0.6627604166666666 0.11848958333333333 0.6653645833333334 0.05078125 0.6653645833333334 0.049479166666666664 0.66796875 0.029947916666666668 0.66796875 0.029947916666666668 0.6627604166666666 0.13802083333333334 0.6588541666666666 0.14453125 0.6575520833333334 0.15885416666666666 0.6484375 0.17578125 0.6263020833333334 0.1875 0.5924479166666666 0.19010416666666666 0.5677083333333334 0.18880208333333334 0.5338541666666666 0.18359375 0.5104166666666666 0.17578125 0.4921875 0.16796875 0.4791666666666667 0.15494791666666666 0.4661458333333333 0.14713541666666666 0.4622395833333333 0.13932291666666666 0.4596354166666667 0.026041666666666668 0.4622395833333333 0.024739583333333332 0.45703125 0.13802083333333334 0.453125
2 0.5208333333333334 0.4778645833333333 0.5221354166666666 0.4921875 0.51953125 0.5377604166666666 0.5221354166666666 0.5989583333333334 0.5234375 0.84375 0.5260416666666666 0.87109375 0.5260416666666666 0.9518229166666666 0.5234375 0.9518229166666666 0.5208333333333334 0.9309895833333334 0.5208333333333334 0.7643229166666666 0.5169270833333334 0.5690104166666666 0.5169270833333334 0.48828125 0.5208333333333334 0.4791666666666667
3 0.34765625 0.5546875 0.34375 0.5768229166666666 0.3372395833333333 0.5755208333333334 0.3346354166666667 0.5651041666666666 0.3372395833333333 0.55859375 0.3463541666666667 0.5559895833333334
3 0.4921875 0.7161458333333334 0.0078125 0.018229166666666668
3 0.4635416666666667 0.2643229166666667 0.46484375 0.27734375 0.4622395833333333 0.2864583333333333 0.4583333333333333 0.28515625 0.4557291666666667 0.2747395833333333 0.4583333333333333 0.265625 0.4622395833333333 0.2643229166666667
3 0.49609375 0.6184895833333334 0.4986979166666667 0.6223958333333334 0.4986979166666667 0.6302083333333334 0.49609375 0.6354166666666666 0.4908854166666667 0.6328125 0.4895833333333333 0.6276041666666666 0.4921875 0.6197916666666666 0.4947916666666667 0.6184895833333334
3 0.43359375 0.5559895833333334 0.4375 0.5572916666666666 0.4388020833333333 0.5625 0.4375 0.5716145833333334 0.43359375 0.5729166666666666 0.4309895833333333 0.56640625 0.4309895833333333 0.5611979166666666 0.43359375 0.5572916666666666
3 0.5690104166666666 0.5703125 0.578125 0.5755208333333334 0.5768229166666666 0.5885416666666666 0.5716145833333334 0.5911458333333334 0.5690104166666666 0.5859375 0.5690104166666666 0.5716145833333334
3 0.5559895833333334 0.4088541666666667 0.5625 0.41015625 0.5625 0.4192708333333333 0.55859375 0.4244791666666667 0.5546875 0.421875 0.5559895833333334 0.41015625
3 0.625 0.33984375 0.6315104166666666 0.3424479166666667 0.6315104166666666 0.3515625 0.625 0.359375 0.6223958333333334 0.3567708333333333 0.6223958333333334 0.3450520833333333 0.625 0.3411458333333333
3 0.5872395833333334 0.765625 0.5924479166666666 0.7682291666666666 0.59375 0.7734375 0.59375 0.7825520833333334 0.5885416666666666 0.78515625 0.5872395833333334 0.7669270833333334
3 0.5364583333333334 0.23958333333333334 0.5455729166666666 0.2421875 0.5390625 0.2630208333333333 0.5338541666666666 0.2565104166666667 0.5364583333333334 0.24088541666666666
3 0.4817708333333333 0.4889322916666667 0.010416666666666666 0.024739583333333332
3 0.5125000000000001 0.4569444440104167 0.5203125000000001 0.46388888932291666 0.52578125 0.4569444440104167 0.52578125 0.44861111067708337 0.52109375 0.44027777734375 0.515625 0.44166666666666665 0.5125000000000001 0.4569444440104167