1 0.13984375000000002 0.9444444440104167 0.14140624999999998 0.94722222265625 0.1421875 0.9458333333333333 0.14453125 0.9458333333333333 0.14453125 0.94027777734375 0.14375000000000002 0.9388888893229167 0.140625 0.9388888893229167 0.13984375000000002 0.9416666666666668 0.13984375000000002 0.9444444440104167
0 0.9986979166666666 0.42578125 0.9986979166666666 0.4309895833333333 0.9895833333333334 0.4322916666666667 0.9153645833333334 0.43359375 0.90234375 0.4361979166666667 0.9010416666666666 0.4388020833333333 0.8919270833333334 0.4427083333333333 0.87890625 0.4557291666666667 0.8671875 0.4778645833333333 0.8619791666666666 0.4947916666666667 0.8580729166666666 0.515625 0.859375 0.56640625 0.8619791666666666 0.5690104166666666 0.8671875 0.5924479166666666 0.875 0.6080729166666666 0.8958333333333334 0.6315104166666666 0.90625 0.6354166666666666 0.9986979166666666 0.6328125 0.9986979166666666 0.6393229166666666 0.94921875 0.640625 0.8997395833333334 0.6393229166666666 0.890625 0.6341145833333334 0.8723958333333334 0.61328125 0.8645833333333334 0.59765625 0.8567708333333334 0.5690104166666666 0.8541666666666666 0.5325520833333334 0.8580729166666666 0.4947916666666667 0.8645833333333334 0.4739583333333333 0.8763020833333334 0.4518229166666667 0.8880208333333334 0.4375 0.8997395833333334 0.4309895833333333 0.9114583333333334 0.4283854166666667 0.9973958333333334 0.42578125
0 0.16276041666666666 0.4700520833333333 0.171875 0.4791666666666667 0.18359375 0.5 0.19010416666666666 0.5182291666666666 0.19401041666666666 0.5377604166666666 0.1953125 0.5807291666666666 0.19140625 0.6067708333333334 0.18359375 0.6315104166666666 0.17057291666666666 0.6536458333333334 0.14713541666666666 0.6705729166666666 0.12890625 0.6731770833333334 0.08984375 0.6731770833333334 0.06510416666666667 0.67578125 0.03125 0.67578125 0.028645833333333332 0.671875 0.036458333333333336 0.6705729166666666 0.053385416666666664 0.6731770833333334 0.057291666666666664 0.6705729166666666 0.06770833333333333 0.6692708333333334 0.08854166666666667 0.6692708333333334 0.08984375 0.6666666666666666 0.13541666666666666 0.6666666666666666 0.14713541666666666 0.6640625 0.15885416666666666 0.6575520833333334 0.16927083333333334 0.6471354166666666 0.18098958333333334 0.6276041666666666 0.19140625 0.5911458333333334 0.19140625 0.5390625 0.1875 0.5208333333333334 0.18098958333333334 0.5078125 0.1796875 0.5 0.16536458333333334 0.4791666666666667 0.15625 0.4739583333333333 0.15885416666666666 0.46875 0.16145833333333334 0.4700520833333333
2 0.5208333333333334 0.4765625 0.5208333333333334 0.28125 0.5182291666666666 0.13932291666666666 0.5208333333333334 0.13802083333333334 0.5221354166666666 0.15104166666666666 0.5234375 0.40625 0.5260416666666666 0.4635416666666667 0.5247395833333334 0.5104166666666666 0.52734375 0.6158854166666666 0.5260416666666666 0.65234375 0.5286458333333334 0.7643229166666666 0.52734375 0.7864583333333334 0.53125 0.9348958333333334 0.5286458333333334 0.9622395833333334 0.5260416666666666 0.8723958333333334 0.52734375 0.8515625 0.5247395833333334 0.8138020833333334 0.5221354166666666 0.4778645833333333
3 0.28515625 0.7916666666666666 0.2890625 0.7955729166666666 0.2877604166666667 0.8229166666666666 0.28515625 0.8268229166666666 0.28515625 0.83203125 0.2825520833333333 0.83203125 0.28125 0.8203125 0.2786458333333333 0.81640625 0.2786458333333333 0.80078125 0.28515625 0.79296875
3 0.036458333333333336 0.64453125 0.036458333333333336 0.6393229166666666 0.0390625 0.63671875 0.053385416666666664 0.6315104166666666 0.059895833333333336 0.6315104166666666 0.061197916666666664 0.6341145833333334 0.0546875 0.6419270833333334 0.05078125 0.64453125 0.04296875 0.64453125 0.041666666666666664 0.6471354166666666 0.040364583333333336 0.64453125 0.037760416666666664 0.64453125
3 0.625 0.2591145833333333 0.62890625 0.2591145833333333 0.6302083333333334 0.2734375 0.62890625 0.2799479166666667 0.6236979166666666 0.2864583333333333 0.62109375 0.30078125 0.6184895833333334 0.3020833333333333 0.6197916666666666 0.2734375 0.62109375 0.265625 0.625 0.2604166666666667
3 0.25 0.5520833333333334 0.2552083333333333 0.5572916666666666 0.2643229166666667 0.5598958333333334 0.25390625 0.5716145833333334 0.2513020833333333 0.58984375 0.24739583333333334 0.58203125 0.24739583333333334 0.5716145833333334 0.24479166666666666 0.5651041666666666 0.24479166666666666 0.5559895833333334 0.24869791666666666 0.5520833333333334
3 0.55859375 0.6861979166666666 0.5611979166666666 0.6901041666666666 0.5611979166666666 0.7057291666666666 0.55859375 0.7083333333333334 0.5572916666666666 0.71875 0.5533854166666666 0.72265625 0.55078125 0.7200520833333334 0.5520833333333334 0.69921875 0.5494791666666666 0.6927083333333334 0.5572916666666666 0.6861979166666666
3 0.15299479166666666 0.466796875 0.018229166666666668 0.024739583333333332
3 0.4192708333333333 0.4765625 0.4244791666666667 0.484375 0.4244791666666667 0.4908854166666667 0.4192708333333333 0.5013020833333334 0.4153645833333333 0.5013020833333334 0.41015625 0.4895833333333333 0.4114583333333333 0.4791666666666667 0.4140625 0.4765625 0.41796875 0.4765625
3 0.4309895833333333 0.81640625 0.4322916666666667 0.8216145833333334 0.4283854166666667 0.8255208333333334 0.4244791666666667 0.8489583333333334 0.4205729166666667 0.8489583333333334 0.421875 0.8190104166666666 0.4244791666666667 0.8151041666666666 0.4296875 0.81640625
3 0.83828125 0.49722222265625 0.8523437500000001 0.4875 0.8515625 0.4805555559895833 0.8445312500000001 0.4763888893229167 0.83828125 0.4805555559895833 0.83828125 0.49722222265625
3 0.30390625 0.66527777734375 0.30703125000000003 0.6416666666666667 0.296875 0.6444444440104167 0.30078125 0.66527777734375 0.30390625 0.66527777734375
3 0.11328125 0.7944444440104167 0.11328125 0.7819444440104166 0.10312500000000001 0.7833333333333333 0.0984375 0.7944444440104167 0.11328125 0.7944444440104167
3 0.12265625000000001 0.9694444440104166 0.134375 0.9763888893229167 0.13593750000000002 0.9541666666666666 0.12734375 0.95277777734375 0.12343749999999999 0.9583333333333334 0.12265625000000001 0.9694444440104166