1 0.37672890625000005 0.18558750000000002 0.378075 0.18678333333333333 0.3797578125 0.18499027734374998 0.3797578125 0.18120277734375 0.37919687500000004 0.17761527734375002 0.37734609375 0.1772944440104167 0.37594375 0.1822 0.37672890625000005 0.18558750000000002
0 0 0.4192708333333333 0.08984375 0.421875 0.10546875 0.4270833333333333 0.1171875 0.4375 0.13411458333333334 0.4661458333333333 0.14192708333333334 0.4921875 0.14453125 0.5234375 0.14453125 0.53515625 0.14322916666666666 0.5364583333333334 0.140625 0.5325520833333334 0.140625 0.5026041666666666 0.13151041666666666 0.4700520833333333 0.125 0.4557291666666667 0.10546875 0.43359375 0.08723958333333333 0.4270833333333333 0 0.4244791666666667 0 0.4205729166666667
0 0.90625 0.4544270833333333 0.9778645833333334 0.45703125 0.9817708333333334 0.4622395833333333 0.93359375 0.4635416666666667 0.9075520833333334 0.4609375 0.86328125 0.4609375 0.84765625 0.46875 0.8372395833333334 0.4791666666666667 0.8268229166666666 0.49609375 0.8151041666666666 0.5325520833333334 0.8138020833333334 0.5768229166666666 0.8190104166666666 0.6067708333333334 0.8268229166666666 0.6276041666666666 0.8333333333333334 0.6380208333333334 0.84375 0.6510416666666666 0.8580729166666666 0.66015625 0.890625 0.6640625 0.9713541666666666 0.6666666666666666 0.97265625 0.6692708333333334 0.9778645833333334 0.6692708333333334 0.9778645833333334 0.6731770833333334 0.91015625 0.671875 0.8619791666666666 0.66796875 0.8606770833333334 0.6653645833333334 0.8541666666666666 0.6640625 0.83984375 0.6549479166666666 0.828125 0.6393229166666666 0.8203125 0.6223958333333334 0.8151041666666666 0.60546875 0.8151041666666666 0.59765625 0.8125 0.59375 0.8111979166666666 0.5416666666666666 0.81640625 0.51171875 0.82421875 0.4908854166666667 0.8268229166666666 0.4895833333333333 0.8359375 0.47265625 0.8567708333333334 0.4557291666666667 0.9049479166666666 0.4544270833333333
2 0.4778645833333333 0.50390625 0.4817708333333333 0.5299479166666666 0.4791666666666667 0.5677083333333334 0.4778645833333333 0.7955729166666666 0.4739583333333333 0.9609375 0.4713541666666667 0.93359375 0.4765625 0.6341145833333334 0.4765625 0.5052083333333334
3 0.3971354166666667 0.5364583333333334 0.4010416666666667 0.5455729166666666 0.3997395833333333 0.5533854166666666 0.3932291666666667 0.55078125 0.390625 0.5455729166666666 0.390625 0.5390625 0.3958333333333333 0.5364583333333334
3 0.5260416666666666 0.19270833333333334 0.5286458333333334 0.19661458333333334 0.5286458333333334 0.21354166666666666 0.5260416666666666 0.21614583333333334 0.5234375 0.21614583333333334 0.5221354166666666 0.21223958333333334 0.5221354166666666 0.19401041666666666 0.5247395833333334 0.19270833333333334
3 0.2591145833333333 0.7044270833333334 0.2630208333333333 0.72265625 0.2552083333333333 0.7252604166666666 0.2513020833333333 0.7213541666666666 0.2513020833333333 0.7161458333333334 0.2578125 0.7057291666666666
3 0.4895833333333333 0.7434895833333334 0.4908854166666667 0.7604166666666666 0.48828125 0.7630208333333334 0.484375 0.7604166666666666 0.484375 0.7486979166666666 0.48828125 0.7434895833333334
3 0.484375 0.4765625 0.4869791666666667 0.4830729166666667 0.4869791666666667 0.4973958333333333 0.4830729166666667 0.5026041666666666 0.48046875 0.5026041666666666 0.4765625 0.49609375 0.4765625 0.4817708333333333 0.48046875 0.4752604166666667 0.4830729166666667 0.4765625
3 0.41796875 0.6015625 0.4244791666666667 0.6002604166666666 0.42578125 0.6028645833333334 0.42578125 0.61328125 0.421875 0.6158854166666666 0.41796875 0.6145833333333334 0.41796875 0.6028645833333334
3 0.3658854166666667 0.14322916666666666 0.3697916666666667 0.14322916666666666 0.3723958333333333 0.14583333333333334 0.3763020833333333 0.15755208333333334 0.3776041666666667 0.17317708333333334 0.3802083333333333 0.17708333333333334 0.3802083333333333 0.18359375 0.3763020833333333 0.18880208333333334 0.37109375 0.18229166666666666 0.3697916666666667 0.16927083333333334 0.3645833333333333 0.15364583333333334 0.3658854166666667 0.14453125
3 0.5989583333333334 0.3580729166666667 0.6028645833333334 0.3580729166666667 0.6041666666666666 0.3619791666666667 0.6028645833333334 0.3763020833333333 0.6002604166666666 0.3802083333333333 0.59765625 0.3802083333333333 0.5950520833333334 0.3763020833333333 0.5950520833333334 0.37109375 0.5989583333333334 0.359375
3 0.5950520833333334 0.6783854166666666 0.5989583333333334 0.68359375 0.59765625 0.6953125 0.5950520833333334 0.69921875 0.5924479166666666 0.69921875 0.5885416666666666 0.6901041666666666 0.58984375 0.6783854166666666 0.59375 0.6783854166666666
3 0.41796875 0.7591145833333334 0.41796875 0.7473958333333334 0.4244791666666667 0.7395833333333334 0.4270833333333333 0.7408854166666666 0.4270833333333333 0.7552083333333334 0.4231770833333333 0.7604166666666666 0.4192708333333333 0.7591145833333334
3 0.43593750000000003 0.4083333333333334 0.43593750000000003 0.39305555598958336 0.4296875 0.3958333333333333 0.4296875 0.40277777734375 0.43593750000000003 0.4083333333333334
3 0.1317078125 0.5293416666666667 0.12553359375 0.5302319440104167 0.12486640625 0.5331958333333333 0.12432343750000001 0.53890277734375 0.127703125 0.5450555559895833 0.13354375 0.5456486106770834 0.13654765625 0.5456486106770834 0.1392171875 0.5483166666666667 0.14172109375 0.5444625 0.14138671875 0.53734722265625 0.13988515625 0.5346791666666667 0.13738203125 0.5296388893229167 0.13587968749999998 0.5293416666666667 0.1317078125 0.5293416666666667