1 0.6265703125000001 0.40607499999999996 0.6297609375000001 0.4050888893229167 0.62996875 0.39802916666666666 0.62629296875 0.39769583333333336 0.6254609375 0.40311805598958333 0.6265703125000001 0.40607499999999996
0 0.9986979166666666 0.43359375 0.9986979166666666 0.4401041666666667 0.9127604166666666 0.4427083333333333 0.8997395833333334 0.4466145833333333 0.88671875 0.45703125 0.88671875 0.4596354166666667 0.87890625 0.46875 0.8658854166666666 0.4986979166666667 0.8606770833333334 0.5338541666666666 0.86328125 0.5768229166666666 0.87109375 0.6015625 0.88671875 0.6276041666666666 0.9010416666666666 0.6393229166666666 0.9114583333333334 0.6432291666666666 0.9986979166666666 0.640625 0.9986979166666666 0.6471354166666666 0.9348958333333334 0.6497395833333334 0.9114583333333334 0.6497395833333334 0.90234375 0.6471354166666666 0.8841145833333334 0.6328125 0.8684895833333334 0.6080729166666666 0.859375 0.57421875 0.859375 0.5598958333333334 0.8567708333333334 0.5481770833333334 0.859375 0.5143229166666666 0.8645833333333334 0.4895833333333333 0.8723958333333334 0.4713541666666667 0.8828125 0.4544270833333333 0.9036458333333334 0.4375 0.91796875 0.4348958333333333 0.9973958333333334 0.43359375
0 0.14453125 0.4635416666666667 0.15494791666666666 0.4661458333333333 0.17057291666666666 0.4765625 0.18229166666666666 0.4934895833333333 0.1953125 0.5299479166666666 0.19791666666666666 0.546875 0.19791666666666666 0.5950520833333334 0.19401041666666666 0.6145833333333334 0.18619791666666666 0.63671875 0.17447916666666666 0.65625 0.16276041666666666 0.66796875 0.14973958333333334 0.6744791666666666 0.12890625 0.6770833333333334 0.041666666666666664 0.6796875 0.032552083333333336 0.6796875 0.032552083333333336 0.67578125 0.03515625 0.6744791666666666 0.12630208333333334 0.671875 0.1484375 0.6692708333333334 0.14973958333333334 0.6666666666666666 0.16276041666666666 0.66015625 0.17578125 0.6471354166666666 0.18359375 0.6328125 0.19140625 0.6119791666666666 0.19140625 0.6028645833333334 0.1953125 0.5924479166666666 0.1953125 0.546875 0.19140625 0.52734375 0.18359375 0.5052083333333334 0.16536458333333334 0.4791666666666667 0.14713541666666666 0.46875 0.03125 0.4713541666666667 0.03125 0.4674479166666667 0.033854166666666664 0.4661458333333333 0.14322916666666666 0.4635416666666667
2 0.5247395833333334 0.14192708333333334 0.5338541666666666 0.9674479166666666 0.53125 0.9674479166666666 0.5286458333333334 0.8763020833333334 0.5234375 0.14322916666666666
3 0.5559895833333334 0.23567708333333334 0.5598958333333334 0.24088541666666666 0.5572916666666666 0.2565104166666667 0.5520833333333334 0.2552083333333333 0.5546875 0.23697916666666666
3 0.34765625 0.2565104166666667 0.3541666666666667 0.2630208333333333 0.359375 0.2630208333333333 0.3515625 0.2799479166666667 0.34765625 0.2786458333333333 0.34765625 0.2708333333333333 0.3450520833333333 0.265625 0.3463541666666667 0.2578125
3 0.4700520833333333 0.33203125 0.46875 0.3190104166666667 0.4713541666666667 0.3111979166666667 0.4752604166666667 0.3177083333333333 0.4752604166666667 0.3307291666666667 0.47265625 0.3346354166666667 0.4713541666666667 0.33203125
3 0.4954427083333333 0.4069010416666667 0.014322916666666666 0.033203125
3 0.4134114583333333 0.6458333333333334 0.012369791666666666 0.027994791666666668
3 0.3450520833333333 0.5651041666666666 0.3463541666666667 0.5677083333333334 0.33984375 0.58203125 0.3385416666666667 0.6067708333333334 0.3333333333333333 0.6067708333333334 0.3346354166666667 0.5859375 0.3307291666666667 0.5729166666666666 0.3372395833333333 0.5651041666666666 0.34375 0.5651041666666666
3 0.6263020833333334 0.39453125 0.6380208333333334 0.38671875 0.640625 0.3880208333333333 0.640625 0.40234375 0.6354166666666666 0.4075520833333333 0.6302083333333334 0.4088541666666667 0.6263020833333334 0.4049479166666667 0.6263020833333334 0.3958333333333333
3 0.5716145833333334 0.328125 0.5755208333333334 0.3294270833333333 0.5794270833333334 0.3385416666666667 0.5729166666666666 0.3489583333333333 0.56640625 0.3463541666666667 0.5651041666666666 0.3424479166666667 0.56640625 0.3385416666666667 0.5703125 0.3372395833333333 0.5716145833333334 0.3294270833333333
3 0.5514322916666666 0.5188802083333334 0.011067708333333334 0.0234375
3 0.22916666666666666 0.5 0.23177083333333334 0.5 0.24088541666666666 0.515625 0.24088541666666666 0.5182291666666666 0.23697916666666666 0.51953125 0.2265625 0.5182291666666666 0.22395833333333334 0.5143229166666666 0.22395833333333334 0.5091145833333334 0.22916666666666666 0.5013020833333334
3 0.506965625 0.8765361106770834 0.50992421875 0.8575375 0.4955203125 0.8582694440104167 0.5028921875 0.8761916666666667 0.506965625 0.8765361106770834
3 0.44449999999999995 0.7317791666666666 0.44779765624999995 0.7266083333333334 0.44639140625 0.7105333333333334 0.44003828125000005 0.7086861106770833 0.4386796875 0.7241958333333334 0.44449999999999995 0.7317791666666666