1 0.546875 0.31944444401041666 0.5499999999999999 0.31805555598958335 0.5499999999999999 0.31111111067708336 0.546875 0.31111111067708336 0.5460937499999999 0.3125 0.5460937499999999 0.31666666666666665 0.546875 0.31944444401041666
0 0.8997395833333334 0.4375 0.9153645833333334 0.4322916666666667 0.9986979166666666 0.4296875 0.9986979166666666 0.4361979166666667 0.94921875 0.4361979166666667 0.9479166666666666 0.4388020833333333 0.9192708333333334 0.4388020833333333 0.90625 0.44140625 0.8958333333333334 0.4479166666666667 0.88671875 0.45703125 0.875 0.4765625 0.8671875 0.5 0.86328125 0.5260416666666666 0.86328125 0.5533854166666666 0.87109375 0.5911458333333334 0.87890625 0.609375 0.8958333333333334 0.6315104166666666 0.9140625 0.640625 0.9986979166666666 0.6380208333333334 0.9986979166666666 0.64453125 0.9479166666666666 0.64453125 0.9466145833333334 0.6471354166666666 0.9127604166666666 0.6471354166666666 0.9114583333333334 0.64453125 0.9036458333333334 0.6432291666666666 0.8958333333333334 0.6380208333333334 0.8841145833333334 0.6263020833333334 0.8723958333333334 0.60546875 0.86328125 0.5768229166666666 0.8606770833333334 0.5572916666666666 0.8606770833333334 0.5247395833333334 0.8645833333333334 0.49609375 0.87109375 0.4765625 0.8802083333333334 0.4583333333333333 0.8880208333333334 0.4479166666666667 0.8997395833333334 0.4388020833333333
0 0.1484375 0.4622395833333333 0.15625 0.46484375 0.17447916666666666 0.4791666666666667 0.18619791666666666 0.4986979166666667 0.19401041666666666 0.5208333333333334 0.19791666666666666 0.5416666666666666 0.19791666666666666 0.5950520833333334 0.19140625 0.62109375 0.17838541666666666 0.6497395833333334 0.16015625 0.66796875 0.15234375 0.671875 0.07421875 0.6770833333333334 0.033854166666666664 0.6770833333333334 0.032552083333333336 0.67578125 0.03515625 0.6731770833333334 0.13932291666666666 0.6692708333333334 0.140625 0.6666666666666666 0.15494791666666666 0.6640625 0.17317708333333334 0.6484375 0.18359375 0.6315104166666666 0.19140625 0.609375 0.19140625 0.6015625 0.1953125 0.5885416666666666 0.1953125 0.5403645833333334 0.1875 0.51171875 0.18359375 0.5026041666666666 0.18098958333333334 0.5013020833333334 0.1796875 0.4947916666666667 0.16666666666666666 0.4778645833333333 0.14973958333333334 0.4674479166666667 0.1328125 0.4661458333333333 0.032552083333333336 0.4700520833333333 0.03125 0.4661458333333333 0.055989583333333336 0.4635416666666667 0.14713541666666666 0.4622395833333333
2 0.5247395833333334 0.13932291666666666 0.52734375 0.19661458333333334 0.5325520833333334 0.7473958333333334 0.53125 0.765625 0.53515625 0.9309895833333334 0.53515625 0.9557291666666666 0.5338541666666666 0.9661458333333334 0.53125 0.9661458333333334 0.53125 0.8541666666666666 0.5286458333333334 0.7890625 0.5260416666666666 0.54296875 0.52734375 0.4791666666666667 0.5247395833333334 0.47265625 0.5247395833333334 0.140625
3 0.35546875 0.40625 0.3619791666666667 0.421875 0.3580729166666667 0.4322916666666667 0.35546875 0.43359375 0.3528645833333333 0.43359375 0.3489583333333333 0.4231770833333333 0.3489583333333333 0.4127604166666667 0.3541666666666667 0.40625
3 0.3352864583333333 0.580078125 0.015625 0.018229166666666668
3 0.4270833333333333 0.4479166666666667 0.4309895833333333 0.4479166666666667 0.4375 0.4557291666666667 0.4322916666666667 0.4674479166666667 0.4270833333333333 0.46875 0.4270833333333333 0.44921875
3 0.72265625 0.4036458333333333 0.7265625 0.4075520833333333 0.7252604166666666 0.41796875 0.72265625 0.421875 0.7174479166666666 0.42578125 0.7122395833333334 0.4205729166666667 0.7122395833333334 0.41015625 0.7174479166666666 0.4088541666666667 0.7213541666666666 0.4049479166666667
3 0.33984375 0.33984375 0.3372395833333333 0.3359375 0.3372395833333333 0.3203125 0.33984375 0.3177083333333333 0.3463541666666667 0.3177083333333333 0.3463541666666667 0.3268229166666667 0.3489583333333333 0.3307291666666667 0.34765625 0.3359375 0.3411458333333333 0.33984375
3 0.3333333333333333 0.7135416666666666 0.3424479166666667 0.71484375 0.3372395833333333 0.7408854166666666 0.3333333333333333 0.7317708333333334 0.3333333333333333 0.71484375
3 0.38671875 0.8736979166666666 0.3971354166666667 0.8802083333333334 0.3971354166666667 0.8880208333333334 0.3932291666666667 0.8971354166666666 0.390625 0.8971354166666666 0.3880208333333333 0.8919270833333334 0.3880208333333333 0.8854166666666666 0.3841145833333333 0.87890625 0.3854166666666667 0.875
3 0.2265625 0.34375 0.23046875 0.3424479166666667 0.23567708333333334 0.3463541666666667 0.2421875 0.34765625 0.23697916666666666 0.3619791666666667 0.23177083333333334 0.3619791666666667 0.2265625 0.3567708333333333 0.2265625 0.3450520833333333
3 0.4661458333333333 0.3125 0.46875 0.3125 0.46875 0.31640625 0.47265625 0.3203125 0.4700520833333333 0.3346354166666667 0.46875 0.3372395833333333 0.4661458333333333 0.3372395833333333 0.4635416666666667 0.33203125 0.4661458333333333 0.3138020833333333
3 0.5520833333333334 0.26171875 0.5533854166666666 0.2421875 0.5572916666666666 0.2421875 0.5572916666666666 0.2578125 0.5533854166666666 0.26171875
3 0.16015625 0.5065104166666666 0.1640625 0.5130208333333334 0.17057291666666666 0.51171875 0.16666666666666666 0.5247395833333334 0.16276041666666666 0.5299479166666666 0.15755208333333334 0.5299479166666666 0.15234375 0.5234375 0.15234375 0.51171875 0.15364583333333334 0.5091145833333334 0.15885416666666666 0.5078125
3 0.2838541666666667 0.6341145833333334 0.28515625 0.6497395833333334 0.28125 0.65234375 0.2747395833333333 0.65234375 0.2734375 0.63671875 0.2760416666666667 0.6341145833333334 0.2825520833333333 0.6341145833333334