1 0.19921875 0.7263888893229167 0.20234375000000002 0.7263888893229167 0.20234375000000002 0.7222222226562499 0.2015625 0.7208333333333333 0.19921875 0.7208333333333333 0.19843750000000002 0.7236111106770834 0.19921875 0.7263888893229167
0 0.9986979166666666 0.421875 0.9986979166666666 0.4270833333333333 0.9075520833333334 0.4296875 0.8997395833333334 0.4322916666666667 0.89453125 0.4348958333333333 0.87890625 0.4505208333333333 0.8697916666666666 0.4713541666666667 0.8619791666666666 0.4778645833333333 0.8580729166666666 0.51171875 0.8580729166666666 0.5533854166666666 0.8671875 0.5885416666666666 0.8828125 0.6145833333333334 0.8997395833333334 0.62890625 0.91015625 0.6315104166666666 0.9986979166666666 0.6276041666666666 0.9986979166666666 0.6341145833333334 0.9609375 0.6341145833333334 0.93359375 0.63671875 0.90625 0.63671875 0.8893229166666666 0.62890625 0.875 0.61328125 0.8645833333333334 0.59375 0.8567708333333334 0.5677083333333334 0.85546875 0.5416666666666666 0.8528645833333334 0.5338541666666666 0.85546875 0.50390625 0.8619791666666666 0.484375 0.8645833333333334 0.4674479166666667 0.8723958333333334 0.4518229166666667 0.8841145833333334 0.4388020833333333 0.8841145833333334 0.4361979166666667 0.9010416666666666 0.42578125 0.9973958333333334 0.421875
0 0.17708333333333334 0.6302083333333334 0.18098958333333334 0.6263020833333334 0.18880208333333334 0.6028645833333334 0.19401041666666666 0.5598958333333334 0.19661458333333334 0.5651041666666666 0.1953125 0.5885416666666666 0.19010416666666666 0.6119791666666666 0.18359375 0.625 0.18229166666666666 0.6328125 0.171875 0.6458333333333334 0.171875 0.6484375 0.15755208333333334 0.6614583333333334 0.14713541666666666 0.6653645833333334 0.13671875 0.6653645833333334 0.13541666666666666 0.66796875 0.03125 0.671875 0.032552083333333336 0.6653645833333334 0.125 0.6627604166666666 0.14713541666666666 0.66015625 0.16276041666666666 0.6510416666666666 0.17708333333333334 0.6315104166666666
2 0.5208333333333334 0.13541666666666666 0.5260416666666666 0.4505208333333333 0.5247395833333334 0.4947916666666667 0.52734375 0.609375 0.52734375 0.7630208333333334 0.5299479166666666 0.796875 0.53125 0.95703125 0.5286458333333334 0.95703125 0.52734375 0.9479166666666666 0.52734375 0.82421875 0.5247395833333334 0.7877604166666666 0.5234375 0.51953125 0.5208333333333334 0.4674479166666667 0.5221354166666666 0.43359375 0.5182291666666666 0.16276041666666666 0.51953125 0.13671875
3 0.22526041666666666 0.5390625 0.22786458333333334 0.5442708333333334 0.22526041666666666 0.5598958333333334 0.21614583333333334 0.5690104166666666 0.21223958333333334 0.5638020833333334 0.21484375 0.5520833333333334 0.22395833333333334 0.5481770833333334 0.22526041666666666 0.5403645833333334
3 0.4973958333333333 0.80859375 0.50390625 0.8125 0.5065104166666666 0.8177083333333334 0.5026041666666666 0.82421875 0.5 0.8268229166666666 0.49609375 0.8255208333333334 0.49609375 0.8098958333333334
3 0.35546875 0.6119791666666666 0.3580729166666667 0.61328125 0.3580729166666667 0.6263020833333334 0.35546875 0.6315104166666666 0.3515625 0.6302083333333334 0.3515625 0.61328125 0.3541666666666667 0.6119791666666666
3 0.20572916666666666 0.5377604166666666 0.20833333333333334 0.546875 0.21484375 0.55078125 0.21354166666666666 0.5572916666666666 0.20572916666666666 0.5611979166666666 0.1953125 0.5572916666666666 0.1953125 0.55078125 0.20052083333333334 0.5416666666666666 0.20442708333333334 0.5390625
3 0.6328125 0.7278645833333334 0.6354166666666666 0.7291666666666666 0.63671875 0.734375 0.63671875 0.7434895833333334 0.6328125 0.7473958333333334 0.6263020833333334 0.7421875 0.6263020833333334 0.7356770833333334 0.62890625 0.7291666666666666 0.6315104166666666 0.7278645833333334
3 0.109375 0.5651041666666666 0.11197916666666667 0.5651041666666666 0.11328125 0.5755208333333334 0.1171875 0.578125 0.11848958333333333 0.5859375 0.11458333333333333 0.5911458333333334 0.10807291666666667 0.5885416666666666 0.10416666666666667 0.59375 0.1015625 0.59375 0.09895833333333333 0.58984375 0.10026041666666667 0.5794270833333334 0.109375 0.56640625
3 0.48828125 0.453125 0.4921875 0.4583333333333333 0.4947916666666667 0.4700520833333333 0.4895833333333333 0.4817708333333333 0.484375 0.48046875 0.4817708333333333 0.4661458333333333 0.4830729166666667 0.45703125 0.4869791666666667 0.453125
3 0.3984375 0.5338541666666666 0.40625 0.5403645833333334 0.4049479166666667 0.546875 0.3997395833333333 0.5533854166666666 0.3919270833333333 0.55078125 0.3919270833333333 0.5390625 0.3971354166666667 0.5338541666666666
3 0.6809895833333334 0.26171875 0.6861979166666666 0.2643229166666667 0.6861979166666666 0.2734375 0.6822916666666666 0.2838541666666667 0.6770833333333334 0.2864583333333333 0.6731770833333334 0.2760416666666667 0.6744791666666666 0.26953125 0.6809895833333334 0.2630208333333333
3 0.8763020833333334 0.47265625 0.87890625 0.4752604166666667 0.87890625 0.484375 0.8658854166666666 0.4934895833333333 0.86328125 0.4895833333333333 0.8645833333333334 0.4765625 0.875 0.47265625
3 0.28515625 0.32421875 0.2877604166666667 0.3294270833333333 0.2955729166666667 0.3359375 0.2877604166666667 0.3515625 0.2825520833333333 0.3489583333333333 0.2799479166666667 0.3359375 0.2799479166666667 0.3294270833333333 0.2838541666666667 0.32421875
3 0.37421875 0.80277777734375 0.37734375000000003 0.7875 0.36874999999999997 0.7861111106770834 0.36874999999999997 0.8083333333333332 0.37421875 0.80277777734375