1 0.325 0.4611111106770833 0.32656250000000003 0.45972222265625 0.32656250000000003 0.45555555598958336 0.325 0.45277777734375 0.32187499999999997 0.45555555598958336 0.32187499999999997 0.45972222265625 0.325 0.4611111106770833
0 0.9986979166666666 0.4283854166666667 0.9986979166666666 0.43359375 0.9140625 0.4361979166666667 0.9127604166666666 0.4388020833333333 0.9075520833333334 0.4388020833333333 0.8997395833333334 0.4427083333333333 0.8828125 0.4583333333333333 0.875 0.47265625 0.8658854166666666 0.5 0.86328125 0.5143229166666666 0.86328125 0.5638020833333334 0.8697916666666666 0.58203125 0.87109375 0.5924479166666666 0.8815104166666666 0.61328125 0.8958333333333334 0.6302083333333334 0.91015625 0.6380208333333334 0.9986979166666666 0.63671875 0.9986979166666666 0.6419270833333334 0.9557291666666666 0.6432291666666666 0.91015625 0.6432291666666666 0.8919270833333334 0.6341145833333334 0.87890625 0.6184895833333334 0.8684895833333334 0.59765625 0.8606770833333334 0.56640625 0.859375 0.5286458333333334 0.86328125 0.49609375 0.8684895833333334 0.4830729166666667 0.8684895833333334 0.4778645833333333 0.87890625 0.45703125 0.8997395833333334 0.4348958333333333 0.9114583333333334 0.4309895833333333 0.9973958333333334 0.4283854166666667
0 0.1640625 0.4700520833333333 0.17447916666666666 0.4778645833333333 0.18619791666666666 0.5 0.19140625 0.5130208333333334 0.19791666666666666 0.546875 0.19791666666666666 0.5846354166666666 0.19401041666666666 0.609375 0.17838541666666666 0.6471354166666666 0.16666666666666666 0.66015625 0.15625 0.66796875 0.14453125 0.671875 0.044270833333333336 0.67578125 0.036458333333333336 0.67578125 0.032552083333333336 0.6731770833333334 0.036458333333333336 0.6705729166666666 0.055989583333333336 0.6692708333333334 0.09244791666666667 0.6692708333333334 0.09375 0.6666666666666666 0.14713541666666666 0.6653645833333334 0.16145833333333334 0.6575520833333334 0.17578125 0.6419270833333334 0.18098958333333334 0.6302083333333334 0.18359375 0.62890625 0.19140625 0.60546875 0.19270833333333334 0.5885416666666666 0.1953125 0.58203125 0.1953125 0.546875 0.18489583333333334 0.5052083333333334 0.18098958333333334 0.5013020833333334 0.18098958333333334 0.4973958333333333 0.17578125 0.48828125 0.16536458333333334 0.4778645833333333 0.1640625 0.4713541666666667
2 0.5234375 0.13671875 0.5260416666666666 0.13802083333333334 0.5260416666666666 0.3359375 0.5286458333333334 0.4166666666666667 0.5286458333333334 0.5768229166666666 0.53125 0.6315104166666666 0.53125 0.8359375 0.53515625 0.9348958333333334 0.5338541666666666 0.96484375 0.53125 0.96484375 0.5286458333333334 0.88671875 0.52734375 0.62890625 0.5247395833333334 0.5768229166666666 0.5260416666666666 0.5 0.5234375 0.13802083333333334
3 0.24869791666666666 0.625 0.2591145833333333 0.62109375 0.26171875 0.6223958333333334 0.2578125 0.640625 0.25390625 0.6471354166666666 0.2513020833333333 0.6471354166666666 0.24609375 0.6354166666666666 0.24609375 0.6302083333333334 0.24869791666666666 0.6263020833333334
3 0.2838541666666667 0.90234375 0.2760416666666667 0.9244791666666666 0.2760416666666667 0.9361979166666666 0.2721354166666667 0.9361979166666666 0.2708333333333333 0.93359375 0.2682291666666667 0.9114583333333334 0.2721354166666667 0.90625 0.2825520833333333 0.90234375
3 0.45703125 0.4231770833333333 0.4596354166666667 0.42578125 0.4596354166666667 0.43359375 0.4557291666666667 0.44140625 0.4505208333333333 0.4348958333333333 0.4505208333333333 0.4270833333333333 0.4557291666666667 0.4231770833333333
3 0.07942708333333333 0.55078125 0.078125 0.5377604166666666 0.08203125 0.5325520833333334 0.08854166666666667 0.5325520833333334 0.09635416666666667 0.5416666666666666 0.09765625 0.546875 0.08854166666666667 0.5520833333333334 0.08072916666666667 0.55078125
3 0.2682291666666667 0.4505208333333333 0.2721354166666667 0.4544270833333333 0.2747395833333333 0.4635416666666667 0.2734375 0.4739583333333333 0.26953125 0.4778645833333333 0.265625 0.4778645833333333 0.26171875 0.4674479166666667 0.2630208333333333 0.453125 0.2669270833333333 0.4505208333333333
3 0.15950520833333334 0.4602864583333333 0.01953125 0.0234375
3 0.8203125 0.4778645833333333 0.82421875 0.4778645833333333 0.8268229166666666 0.4934895833333333 0.81640625 0.4934895833333333 0.8125 0.4856770833333333 0.8125 0.4817708333333333 0.8190104166666666 0.4817708333333333 0.8203125 0.4791666666666667
3 0.17838541666666666 0.7083333333333334 0.1796875 0.7161458333333334 0.17447916666666666 0.7369791666666666 0.17057291666666666 0.73828125 0.1640625 0.7265625 0.16536458333333334 0.72265625 0.17057291666666666 0.7200520833333334 0.17838541666666666 0.7096354166666666
3 0.5833333333333334 0.23828125 0.5846354166666666 0.2526041666666667 0.5807291666666666 0.2578125 0.5768229166666666 0.2578125 0.5755208333333334 0.2526041666666667 0.5794270833333334 0.23958333333333334 0.58203125 0.23828125
3 0.3307291666666667 0.4817708333333333 0.3385416666666667 0.4817708333333333 0.3385416666666667 0.49609375 0.3359375 0.5013020833333334 0.3333333333333333 0.5013020833333334 0.3333333333333333 0.4973958333333333 0.3294270833333333 0.4921875 0.3307291666666667 0.4830729166666667
3 0.2916666666666667 0.4765625 0.2942708333333333 0.4817708333333333 0.2916666666666667 0.4908854166666667 0.28515625 0.4895833333333333 0.2825520833333333 0.484375 0.2825520833333333 0.4778645833333333 0.28515625 0.4752604166666667 0.2903645833333333 0.4765625
3 0.3203125 0.74027777734375 0.31953125 0.7430555559895833 0.31953125 0.7486111106770833 0.3203125 0.7666666666666666 0.32109375 0.7694444440104166 0.32421875 0.7680555559895833 0.32578124999999997 0.76527777734375 0.33046875000000003 0.7444444440104167 0.32968749999999997 0.7416666666666667 0.32656250000000003 0.7361111106770833 0.325 0.7305555559895834 0.3203125 0.74027777734375