1 0.55703125 0.6749999999999999 0.5554687500000001 0.67777777734375 0.55703125 0.6875 0.56015625 0.6875 0.56015625 0.6763888893229167 0.55703125 0.6749999999999999
0 0 0.4114583333333333 0.0859375 0.4140625 0.10416666666666667 0.421875 0.11848958333333333 0.4348958333333333 0.11979166666666667 0.4401041666666667 0.13020833333333334 0.4544270833333333 0.13802083333333334 0.4791666666666667 0.14192708333333334 0.5052083333333334 0.14192708333333334 0.5403645833333334 0.13802083333333334 0.56640625 0.13020833333333334 0.58984375 0.11979166666666667 0.6067708333333334 0.10677083333333333 0.6197916666666666 0.09635416666666667 0.6236979166666666 0.09244791666666667 0.6276041666666666 0 0.6263020833333334 0 0.6197916666666666 0.08723958333333333 0.6223958333333334 0.09895833333333333 0.6184895833333334 0.11328125 0.6067708333333334 0.11328125 0.6041666666666666 0.12760416666666666 0.5846354166666666 0.13932291666666666 0.5390625 0.13932291666666666 0.5052083333333334 0.13411458333333334 0.4778645833333333 0.12760416666666666 0.4583333333333333 0.11067708333333333 0.43359375 0.10286458333333333 0.4270833333333333 0.08463541666666667 0.4205729166666667 0 0.4192708333333333 0 0.4127604166666667
0 0.9010416666666666 0.4440104166666667 0.9674479166666666 0.4466145833333333 0.96875 0.4505208333333333 0.9518229166666666 0.4518229166666667 0.8567708333333334 0.4479166666666667 0.8502604166666666 0.44921875 0.8359375 0.45703125 0.8229166666666666 0.47265625 0.8138020833333334 0.4908854166666667 0.8033854166666666 0.5338541666666666 0.8033854166666666 0.5559895833333334 0.8098958333333334 0.5963541666666666 0.8138020833333334 0.6028645833333334 0.8151041666666666 0.6106770833333334 0.8268229166666666 0.6302083333333334 0.8359375 0.6393229166666666 0.8489583333333334 0.6458333333333334 0.8502604166666666 0.6484375 0.8723958333333334 0.6510416666666666 0.9661458333333334 0.6536458333333334 0.9661458333333334 0.6575520833333334 0.9635416666666666 0.6588541666666666 0.8802083333333334 0.6549479166666666 0.875 0.65625 0.8463541666666666 0.65234375 0.828125 0.6393229166666666 0.8203125 0.62890625 0.8072916666666666 0.5989583333333334 0.8020833333333334 0.5716145833333334 0.80078125 0.5338541666666666 0.8072916666666666 0.4986979166666667 0.81640625 0.4752604166666667 0.828125 0.4583333333333333 0.8463541666666666 0.4453125 0.8997395833333334 0.4440104166666667
2 0.4739583333333333 0.12239583333333333 0.4765625 0.12239583333333333 0.4778645833333333 0.12760416666666666 0.4739583333333333 0.4309895833333333 0.4739583333333333 0.4856770833333333 0.4765625 0.5013020833333334 0.4739583333333333 0.53515625 0.4739583333333333 0.6484375 0.4713541666666667 0.6848958333333334 0.4700520833333333 0.9453125 0.4674479166666667 0.9466145833333334 0.4661458333333333 0.9283854166666666 0.4700520833333333 0.69921875 0.46875 0.6575520833333334 0.47265625 0.5299479166666666 0.4700520833333333 0.4908854166666667 0.47265625 0.48828125 0.4713541666666667 0.4348958333333333 0.4739583333333333 0.2604166666666667 0.47265625 0.14453125 0.4752604166666667 0.13932291666666666 0.4739583333333333 0.12369791666666667
3 0.6223958333333334 0.1640625 0.6263020833333334 0.17317708333333334 0.6197916666666666 0.19010416666666666 0.6158854166666666 0.18880208333333334 0.61328125 0.18098958333333334 0.6158854166666666 0.17708333333333334 0.6171875 0.16536458333333334 0.62109375 0.1640625
3 0.6783854166666666 0.5533854166666666 0.6822916666666666 0.5598958333333334 0.6822916666666666 0.5729166666666666 0.6783854166666666 0.57421875 0.6744791666666666 0.5703125 0.6731770833333334 0.5598958333333334 0.6770833333333334 0.5546875
3 0.6015625 0.9127604166666666 0.6002604166666666 0.8932291666666666 0.59765625 0.8880208333333334 0.59765625 0.8854166666666666 0.6015625 0.8828125 0.60546875 0.8828125 0.6106770833333334 0.9036458333333334 0.6106770833333334 0.9088541666666666 0.6067708333333334 0.9127604166666666 0.6028645833333334 0.9127604166666666
3 0.4778645833333333 0.47265625 0.4817708333333333 0.4765625 0.4856770833333333 0.5052083333333334 0.484375 0.5143229166666666 0.48046875 0.51171875 0.4765625 0.4947916666666667 0.4765625 0.4739583333333333
3 0.8424479166666666 0.5234375 0.8502604166666666 0.53125 0.8489583333333334 0.5390625 0.8372395833333334 0.5390625 0.8307291666666666 0.5299479166666666 0.8307291666666666 0.5247395833333334 0.8411458333333334 0.5234375
3 0.20442708333333334 0.15234375 0.21223958333333334 0.15625 0.21223958333333334 0.171875 0.20442708333333334 0.16927083333333334 0.19921875 0.16015625 0.19921875 0.15494791666666666 0.203125 0.15234375
3 0.2578125 0.3216145833333333 0.012369791666666666 0.014973958333333334
3 0.38671875 0.8828125 0.3828125 0.8776041666666666 0.3828125 0.8658854166666666 0.390625 0.8606770833333334 0.3958333333333333 0.8619791666666666 0.3932291666666667 0.8671875 0.3932291666666667 0.8776041666666666 0.3880208333333333 0.8815104166666666
3 0.4791666666666667 0.15755208333333334 0.4817708333333333 0.14583333333333334 0.4895833333333333 0.14453125 0.4934895833333333 0.15234375 0.4934895833333333 0.16276041666666666 0.4895833333333333 0.17708333333333334 0.4869791666666667 0.17838541666666666 0.48046875 0.1640625 0.48046875 0.15885416666666666
3 0.69921875 0.7213541666666666 0.7044270833333334 0.7252604166666666 0.7044270833333334 0.7317708333333334 0.69921875 0.7421875 0.6953125 0.7421875 0.6901041666666666 0.7330729166666666 0.6901041666666666 0.7265625 0.6979166666666666 0.7213541666666666
3 0.4479166666666667 0.65234375 0.010416666666666666 0.020833333333333332
3 0.08333333333333333 0.4791666666666667 0.08854166666666667 0.4791666666666667 0.08984375 0.4817708333333333 0.09244791666666667 0.4817708333333333 0.09505208333333333 0.4778645833333333 0.09895833333333333 0.4778645833333333 0.09895833333333333 0.4895833333333333 0.08723958333333333 0.4947916666666667 0.08072916666666667 0.4934895833333333 0.08072916666666667 0.4830729166666667 0.08333333333333333 0.48046875