1 0.23359375000000002 0.5458333333333333 0.2359375 0.5458333333333333 0.23671875 0.5416666666666666 0.2359375 0.5388888893229167 0.23359375000000002 0.5388888893229167 0.2328125 0.54027777734375 0.23359375000000002 0.5458333333333333
0 0.8841145833333334 0.6223958333333334 0.8684895833333334 0.5963541666666666 0.859375 0.5598958333333334 0.859375 0.5078125 0.8684895833333334 0.4713541666666667 0.8802083333333334 0.44921875 0.8932291666666666 0.4348958333333333 0.90234375 0.4296875 0.91796875 0.42578125 0.9635416666666666 0.4244791666666667 0.9986979166666666 0.4244791666666667 0.9986979166666666 0.4296875 0.91015625 0.4322916666666667 0.9010416666666666 0.4361979166666667 0.8815104166666666 0.4557291666666667 0.87109375 0.4752604166666667 0.86328125 0.5026041666666666 0.86328125 0.5651041666666666 0.87109375 0.5911458333333334 0.87890625 0.6067708333333334 0.8997395833333334 0.6302083333333334 0.91015625 0.6341145833333334 0.9986979166666666 0.6328125 0.9986979166666666 0.6380208333333334 0.91015625 0.6393229166666666 0.89453125 0.6328125 0.8880208333333334 0.6276041666666666 0.8854166666666666 0.6223958333333334
0 0.033854166666666664 0.4583333333333333 0.09895833333333333 0.4557291666666667 0.14713541666666666 0.4557291666666667 0.15364583333333334 0.4583333333333333 0.17447916666666666 0.4765625 0.18619791666666666 0.4986979166666667 0.19140625 0.5143229166666666 0.19661458333333334 0.5455729166666666 0.19661458333333334 0.578125 0.19140625 0.6106770833333334 0.18229166666666666 0.6341145833333334 0.17057291666666666 0.65234375 0.16276041666666666 0.6588541666666666 0.15364583333333334 0.6640625 0.13541666666666666 0.6692708333333334 0.032552083333333336 0.6731770833333334 0.03125 0.6666666666666666 0.14192708333333334 0.6627604166666666 0.15755208333333334 0.65625 0.16796875 0.6471354166666666 0.18098958333333334 0.6276041666666666 0.19140625 0.59765625 0.19401041666666666 0.5729166666666666 0.19270833333333334 0.5377604166666666 0.1875 0.51171875 0.1796875 0.4934895833333333 0.17057291666666666 0.4791666666666667 0.15755208333333334 0.4674479166666667 0.14713541666666666 0.4622395833333333 0.028645833333333332 0.46484375 0.028645833333333332 0.4609375 0.033854166666666664 0.4596354166666667
2 0.5221354166666666 0.13411458333333334 0.5247395833333334 0.13671875 0.5234375 0.1484375 0.5260416666666666 0.20572916666666666 0.5260416666666666 0.4609375 0.52734375 0.57421875 0.5299479166666666 0.6184895833333334 0.5325520833333334 0.87109375 0.53125 0.8997395833333334 0.5338541666666666 0.9322916666666666 0.5338541666666666 0.9609375 0.53125 0.9622395833333334 0.5286458333333334 0.9283854166666666 0.52734375 0.6497395833333334 0.5247395833333334 0.6419270833333334 0.5234375 0.22916666666666666 0.5208333333333334 0.16145833333333334 0.5221354166666666 0.13541666666666666
3 0.14453125 0.546875 0.15234375 0.5494791666666666 0.15755208333333334 0.5481770833333334 0.15494791666666666 0.5598958333333334 0.14713541666666666 0.56640625 0.14192708333333334 0.5611979166666666 0.13932291666666666 0.5546875 0.13932291666666666 0.55078125 0.14322916666666666 0.546875
3 0.05859375 0.5546875 0.061197916666666664 0.5559895833333334 0.061197916666666664 0.5690104166666666 0.06510416666666667 0.57421875 0.055989583333333336 0.5807291666666666 0.048177083333333336 0.578125 0.044270833333333336 0.57421875 0.044270833333333336 0.5690104166666666 0.049479166666666664 0.56640625 0.05859375 0.5559895833333334
3 0.6015625 0.23828125 0.60546875 0.24088541666666666 0.60546875 0.2513020833333333 0.6002604166666666 0.2630208333333333 0.59765625 0.265625 0.5950520833333334 0.2643229166666667 0.6002604166666666 0.23958333333333334
3 0.16276041666666666 0.8098958333333334 0.16276041666666666 0.8528645833333334 0.16015625 0.85546875 0.15625 0.8502604166666666 0.15625 0.8424479166666666 0.15104166666666666 0.8359375 0.15234375 0.828125 0.16015625 0.8203125 0.16145833333333334 0.8111979166666666
3 0.36328125 0.75 0.3658854166666667 0.75 0.37109375 0.7552083333333334 0.3658854166666667 0.765625 0.36328125 0.78515625 0.359375 0.7864583333333334 0.3606770833333333 0.7669270833333334 0.3580729166666667 0.7591145833333334 0.36328125 0.7513020833333334
3 0.21223958333333334 0.65234375 0.22786458333333334 0.6549479166666666 0.22265625 0.6640625 0.22265625 0.66796875 0.21614583333333334 0.671875 0.2109375 0.66796875 0.21223958333333334 0.6536458333333334
3 0.84375 0.4739583333333333 0.84765625 0.4765625 0.84765625 0.4869791666666667 0.8372395833333334 0.4947916666666667 0.8333333333333334 0.4895833333333333 0.8333333333333334 0.4791666666666667 0.8424479166666666 0.4739583333333333
3 0.2734375 0.45703125 0.2786458333333333 0.45703125 0.2786458333333333 0.4635416666666667 0.28515625 0.4700520833333333 0.28125 0.48046875 0.2760416666666667 0.4830729166666667 0.2721354166666667 0.4830729166666667 0.2669270833333333 0.4752604166666667 0.2669270833333333 0.4622395833333333 0.2721354166666667 0.45703125
3 0.27890624999999997 0.5430555559895833 0.27578125000000003 0.5458333333333333 0.27499999999999997 0.5499999999999999 0.27578125000000003 0.55277777734375 0.27890624999999997 0.5583333333333333 0.28046875 0.55972222265625 0.284375 0.55972222265625 0.28671874999999997 0.5541666666666667 0.2859375 0.5499999999999999 0.28359375000000003 0.5458333333333333 0.28046875 0.5430555559895833 0.27890624999999997 0.5430555559895833
3 0.28750000000000003 0.55277777734375 0.28750000000000003 0.5569444440104167 0.28828125 0.55972222265625 0.29296875 0.5625 0.29765625 0.5625 0.30078125 0.5569444440104167 0.3 0.5541666666666667 0.29140625000000003 0.5499999999999999 0.2890625 0.5499999999999999 0.28750000000000003 0.55277777734375
3 0.47109375000000003 0.5319444440104167 0.47421874999999997 0.5375 0.47500000000000003 0.5375 0.4796875 0.5305555559895833 0.4796875 0.52222222265625 0.4734375 0.52222222265625 0.47031249999999997 0.5263888893229166 0.47031249999999997 0.52777777734375 0.47109375000000003 0.5319444440104167
3 0.19843750000000002 0.9305555559895833 0.20078125 0.93472222265625 0.20390624999999998 0.93472222265625 0.20546875 0.9333333333333332 0.21015625000000002 0.92222222265625 0.2109375 0.9180555559895834 0.20703125 0.9180555559895834 0.20390624999999998 0.9138888893229167 0.2015625 0.9152777773437499 0.19843750000000002 0.92222222265625 0.19843750000000002 0.9305555559895833