1 0.36484374999999997 0.40138888932291666 0.36796875 0.39999999999999997 0.36874999999999997 0.3986111106770833 0.36796875 0.39305555598958336 0.36562500000000003 0.39027777734375 0.3640625 0.39166666666666666 0.36328125 0.39305555598958336 0.36328125 0.39722222265625 0.3640625 0.39999999999999997 0.36484374999999997 0.40138888932291666
0 0 0.43359375 0.08072916666666667 0.4348958333333333 0.09505208333333333 0.4375 0.09635416666666667 0.4401041666666667 0.10677083333333333 0.4453125 0.11848958333333333 0.45703125 0.11979166666666667 0.4622395833333333 0.12239583333333333 0.4635416666666667 0.13020833333333334 0.4778645833333333 0.13802083333333334 0.5052083333333334 0.14192708333333334 0.5416666666666666 0.13932291666666666 0.57421875 0.13020833333333334 0.6080729166666666 0.11979166666666667 0.6263020833333334 0.10416666666666667 0.6419270833333334 0.09635416666666667 0.64453125 0.09244791666666667 0.6484375 0.08333333333333333 0.6497395833333334 0 0.6471354166666666 0 0.640625 0.044270833333333336 0.640625 0.078125 0.6432291666666666 0.09114583333333333 0.6419270833333334 0.1015625 0.63671875 0.11197916666666667 0.6276041666666666 0.12760416666666666 0.6015625 0.13541666666666666 0.5768229166666666 0.13802083333333334 0.5546875 0.13671875 0.515625 0.1328125 0.4986979166666667 0.12369791666666667 0.4752604166666667 0.10677083333333333 0.4518229166666667 0.09895833333333333 0.4466145833333333 0.08723958333333333 0.4427083333333333 0 0.4401041666666667 0 0.4348958333333333
0 0.9283854166666666 0.46484375 0.9661458333333334 0.4661458333333333 0.9674479166666666 0.4713541666666667 0.8515625 0.46875 0.8346354166666666 0.4778645833333333 0.8333333333333334 0.4817708333333333 0.8190104166666666 0.4973958333333333 0.8072916666666666 0.52734375 0.8059895833333334 0.54296875 0.8033854166666666 0.5481770833333334 0.8033854166666666 0.5885416666666666 0.8072916666666666 0.6106770833333334 0.8190104166666666 0.6393229166666666 0.8255208333333334 0.6497395833333334 0.8359375 0.66015625 0.8489583333333334 0.6666666666666666 0.8502604166666666 0.6692708333333334 0.9622395833333334 0.6744791666666666 0.9661458333333334 0.67578125 0.9661458333333334 0.6796875 0.8776041666666666 0.6770833333333334 0.85546875 0.67578125 0.8463541666666666 0.6731770833333334 0.8359375 0.66796875 0.8177083333333334 0.6471354166666666 0.80859375 0.6276041666666666 0.8033854166666666 0.6080729166666666 0.80078125 0.59375 0.80078125 0.5481770833333334 0.8033854166666666 0.53125 0.8125 0.5026041666666666 0.828125 0.4765625 0.84375 0.4661458333333333 0.8515625 0.4635416666666667 0.9270833333333334 0.46484375
2 0.4739583333333333 0.140625 0.4739583333333333 0.5520833333333334 0.4713541666666667 0.5950520833333334 0.47265625 0.6484375 0.4700520833333333 0.76171875 0.4700520833333333 0.9036458333333334 0.4674479166666667 0.9674479166666666 0.46484375 0.9661458333333334 0.4674479166666667 0.86328125 0.4674479166666667 0.703125 0.4700520833333333 0.5690104166666666 0.46875 0.5143229166666666 0.4713541666666667 0.4921875 0.4713541666666667 0.24739583333333334 0.4739583333333333 0.14192708333333334
3 0.6484375 0.2799479166666667 0.6458333333333334 0.265625 0.6510416666666666 0.2591145833333333 0.6549479166666666 0.2591145833333333 0.65625 0.265625 0.6536458333333334 0.2786458333333333 0.6510416666666666 0.28125 0.6497395833333334 0.2799479166666667
3 0.6549479166666666 0.5677083333333334 0.6653645833333334 0.5677083333333334 0.6692708333333334 0.5729166666666666 0.6692708333333334 0.578125 0.6640625 0.5846354166666666 0.65625 0.578125 0.6536458333333334 0.5690104166666666
3 0.52734375 0.3125 0.5299479166666666 0.3125 0.53515625 0.3229166666666667 0.5325520833333334 0.3359375 0.5286458333333334 0.3372395833333333 0.5260416666666666 0.3346354166666667 0.5247395833333334 0.3190104166666667 0.52734375 0.3138020833333333
3 0.5065104166666666 0.3919270833333333 0.51171875 0.3984375 0.51171875 0.4114583333333333 0.5091145833333334 0.4205729166666667 0.5052083333333334 0.4205729166666667 0.5 0.4114583333333333 0.5 0.3984375 0.5052083333333334 0.3919270833333333
3 0.5911458333333334 0.640625 0.5950520833333334 0.6484375 0.5911458333333334 0.6588541666666666 0.5885416666666666 0.6588541666666666 0.5859375 0.6549479166666666 0.5859375 0.6432291666666666 0.58984375 0.640625
3 0.5611979166666666 0.7109375 0.5651041666666666 0.71484375 0.5638020833333334 0.73046875 0.5572916666666666 0.73046875 0.5572916666666666 0.7213541666666666 0.5546875 0.71875 0.5546875 0.71484375 0.5598958333333334 0.7122395833333334
3 0.7682291666666666 0.5065104166666666 0.018229166666666668 0.0234375
3 0.44921875 0.5041666666666667 0.44609375 0.50972222265625 0.4453125 0.5180555559895833 0.453125 0.5263888893229166 0.45625 0.5083333333333333 0.44921875 0.5041666666666667
3 0.50390625 0.8583333333333334 0.5 0.8555555559895834 0.49296875 0.8583333333333334 0.5015625 0.89027777734375 0.5046875000000001 0.875 0.50390625 0.8583333333333334
3 0.43906249999999997 0.23611111067708335 0.44140625 0.25 0.4453125 0.25138888932291664 0.4453125 0.23611111067708335 0.43906249999999997 0.23611111067708335
3 0.4265625 0.32916666666666666 0.42421875000000003 0.33888888932291666 0.43046875 0.3430555559895833 0.43124999999999997 0.33055555598958336 0.4265625 0.32916666666666666
3 0.35390625000000003 0.38472222265624995 0.35546875 0.39999999999999997 0.36171875000000003 0.4041666666666666 0.36093749999999997 0.39027777734375 0.35390625000000003 0.38472222265624995