1 0.47031249999999997 0.51527777734375 0.46953125 0.5138888893229167 0.46718750000000003 0.51527777734375 0.46718750000000003 0.5194444440104167 0.47031249999999997 0.5208333333333334 0.47031249999999997 0.51527777734375
0 0 0.4244791666666667 0.10026041666666667 0.4270833333333333 0.11458333333333333 0.4322916666666667 0.13151041666666666 0.4505208333333333 0.14192708333333334 0.4700520833333333 0.14973958333333334 0.4947916666666667 0.15234375 0.5247395833333334 0.15104166666666666 0.5638020833333334 0.14583333333333334 0.5846354166666666 0.13411458333333334 0.6106770833333334 0.1171875 0.6302083333333334 0.10286458333333333 0.63671875 0 0.6341145833333334 0 0.62890625 0.09895833333333333 0.6315104166666666 0.11067708333333333 0.6276041666666666 0.13151041666666666 0.60546875 0.140625 0.5872395833333334 0.1484375 0.5559895833333334 0.14713541666666666 0.5 0.13932291666666666 0.4739583333333333 0.13151041666666666 0.4583333333333333 0.11588541666666667 0.44140625 0.10416666666666667 0.43359375 0.09635416666666667 0.4322916666666667 0.020833333333333332 0.4296875 0 0.4309895833333333 0 0.42578125
0 0.8802083333333334 0.453125 0.9127604166666666 0.4557291666666667 0.96484375 0.4557291666666667 0.97265625 0.45703125 0.9739583333333334 0.4609375 0.9283854166666666 0.4622395833333333 0.8606770833333334 0.4596354166666667 0.84375 0.4661458333333333 0.8307291666666666 0.4791666666666667 0.8190104166666666 0.4986979166666667 0.8098958333333334 0.53125 0.8072916666666666 0.5611979166666666 0.8098958333333334 0.5872395833333334 0.8177083333333334 0.6145833333333334 0.8307291666666666 0.6380208333333334 0.8424479166666666 0.6510416666666666 0.8541666666666666 0.6575520833333334 0.8776041666666666 0.66015625 0.9700520833333334 0.6627604166666666 0.9700520833333334 0.66796875 0.9674479166666666 0.6692708333333334 0.94140625 0.66796875 0.9401041666666666 0.6653645833333334 0.8802083333333334 0.6653645833333334 0.8502604166666666 0.6614583333333334 0.8307291666666666 0.6471354166666666 0.8190104166666666 0.6276041666666666 0.80859375 0.5950520833333334 0.8059895833333334 0.5690104166666666 0.8072916666666666 0.53125 0.81640625 0.49609375 0.8268229166666666 0.4765625 0.84765625 0.45703125 0.859375 0.453125 0.87890625 0.453125
2 0.4778645833333333 0.4791666666666667 0.4817708333333333 0.4895833333333333 0.4765625 0.8828125 0.4778645833333333 0.9270833333333334 0.4765625 0.9466145833333334 0.4752604166666667 0.9518229166666666 0.4739583333333333 0.953125 0.47265625 0.9505208333333334 0.47265625 0.8697916666666666 0.4752604166666667 0.83984375 0.4739583333333333 0.8190104166666666 0.4765625 0.73046875 0.4778645833333333 0.48046875
3 0.5026041666666666 0.7044270833333334 0.5091145833333334 0.70703125 0.5091145833333334 0.7252604166666666 0.50390625 0.7239583333333334 0.5013020833333334 0.7057291666666666
3 0.5651041666666666 0.5559895833333334 0.5677083333333334 0.5651041666666666 0.5638020833333334 0.57421875 0.5611979166666666 0.5729166666666666 0.5598958333333334 0.5677083333333334 0.5598958333333334 0.5598958333333334 0.5638020833333334 0.5559895833333334
3 0.5377604166666666 0.2643229166666667 0.5403645833333334 0.265625 0.54296875 0.2734375 0.5403645833333334 0.28515625 0.5377604166666666 0.2864583333333333 0.5338541666666666 0.28125 0.5338541666666666 0.265625 0.5364583333333334 0.2643229166666667
3 0.5026041666666666 0.6145833333333334 0.5052083333333334 0.6145833333333334 0.5078125 0.62109375 0.5078125 0.6302083333333334 0.5065104166666666 0.6328125 0.5026041666666666 0.6328125 0.5 0.6236979166666666 0.5026041666666666 0.6158854166666666
3 0.4283854166666667 0.5690104166666666 0.4309895833333333 0.5729166666666666 0.4296875 0.5859375 0.42578125 0.5885416666666666 0.421875 0.5807291666666666 0.421875 0.5729166666666666 0.4270833333333333 0.5703125
3 0.4427083333333333 0.4088541666666667 0.4440104166666667 0.4231770833333333 0.4401041666666667 0.4270833333333333 0.4361979166666667 0.4192708333333333 0.4361979166666667 0.41015625 0.44140625 0.4088541666666667
3 0.3736979166666667 0.34375 0.3763020833333333 0.3489583333333333 0.3763020833333333 0.3580729166666667 0.3736979166666667 0.3606770833333333 0.3671875 0.35546875 0.3658854166666667 0.3515625 0.3671875 0.34765625 0.3723958333333333 0.34375
3 0.4127604166666667 0.7591145833333334 0.4127604166666667 0.7825520833333334 0.41015625 0.78515625 0.4049479166666667 0.77734375 0.4049479166666667 0.7708333333333334 0.4127604166666667 0.7604166666666666
3 0.4596354166666667 0.2630208333333333 0.453125 0.2421875 0.4622395833333333 0.23958333333333334 0.46484375 0.2552083333333333 0.4609375 0.26171875
3 0.51171875 0.4817708333333333 0.5143229166666666 0.484375 0.5221354166666666 0.4817708333333333 0.5182291666666666 0.50390625 0.5143229166666666 0.50390625 0.5091145833333334 0.49609375 0.51171875 0.4830729166666667
3 0.6510416666666666 0.5533854166666666 0.6627604166666666 0.5572916666666666 0.66015625 0.5716145833333334 0.6549479166666666 0.57421875 0.65234375 0.5716145833333334 0.6510416666666666 0.5546875
3 0.48359375 0.44166666666666665 0.47890625000000003 0.44027777734375 0.47421874999999997 0.44722222265624995 0.47500000000000003 0.45972222265625 0.4796875 0.46388888932291666 0.48671875000000003 0.45972222265625 0.48359375 0.44166666666666665