1 0.56015625 0.6375000000000001 0.5609375 0.6361111106770834 0.5609375 0.6305555559895833 0.55703125 0.6291666666666667 0.55625 0.6305555559895833 0.55625 0.63472222265625 0.55703125 0.6361111106770834 0.56015625 0.6375000000000001
0 0 0.4309895833333333 0.08333333333333333 0.4322916666666667 0.09765625 0.43359375 0.10677083333333333 0.4375 0.12630208333333334 0.4557291666666667 0.12760416666666666 0.4609375 0.13020833333333334 0.4622395833333333 0.13802083333333334 0.4765625 0.14713541666666666 0.5130208333333334 0.1484375 0.53515625 0.14713541666666666 0.5677083333333334 0.13802083333333334 0.6015625 0.13020833333333334 0.6171875 0.11328125 0.63671875 0.09635416666666667 0.64453125 0 0.6419270833333334 0 0.63671875 0.09505208333333333 0.6393229166666666 0.10546875 0.6354166666666666 0.1171875 0.6263020833333334 0.1171875 0.6236979166666666 0.13151041666666666 0.60546875 0.13671875 0.5885416666666666 0.13932291666666666 0.5859375 0.14453125 0.5572916666666666 0.14453125 0.51953125 0.13932291666666666 0.4934895833333333 0.12760416666666666 0.4661458333333333 0.11458333333333333 0.4505208333333333 0.10546875 0.4440104166666667 0.09244791666666667 0.4401041666666667 0.014322916666666666 0.4388020833333333 0.013020833333333334 0.4361979166666667 0 0.4361979166666667 0 0.4322916666666667
0 0.8580729166666666 0.4583333333333333 0.8958333333333334 0.4583333333333333 0.8971354166666666 0.4609375 0.9440104166666666 0.4609375 0.9739583333333334 0.4635416666666667 0.9700520833333334 0.4674479166666667 0.85546875 0.46484375 0.8359375 0.4765625 0.8268229166666666 0.48828125 0.8151041666666666 0.5130208333333334 0.8098958333333334 0.53125 0.8072916666666666 0.5481770833333334 0.8072916666666666 0.5807291666666666 0.8098958333333334 0.59765625 0.8190104166666666 0.6276041666666666 0.8294270833333334 0.6419270833333334 0.8307291666666666 0.6471354166666666 0.8424479166666666 0.6575520833333334 0.85546875 0.6640625 0.9127604166666666 0.6653645833333334 0.93359375 0.6666666666666666 0.9348958333333334 0.6692708333333334 0.9700520833333334 0.6705729166666666 0.9713541666666666 0.671875 0.9674479166666666 0.6744791666666666 0.93359375 0.6744791666666666 0.8658854166666666 0.671875 0.8515625 0.6692708333333334 0.828125 0.6510416666666666 0.8125 0.62109375 0.80859375 0.6080729166666666 0.8046875 0.5794270833333334 0.8046875 0.5533854166666666 0.8098958333333334 0.5182291666666666 0.81640625 0.4986979166666667 0.8307291666666666 0.4752604166666667 0.84375 0.46484375 0.8580729166666666 0.4596354166666667
2 0.4778645833333333 0.47265625 0.4791666666666667 0.4908854166666667 0.4739583333333333 0.8177083333333334 0.4739583333333333 0.9622395833333334 0.4700520833333333 0.9609375 0.4700520833333333 0.93359375 0.47265625 0.87890625 0.4713541666666667 0.8567708333333334 0.4739583333333333 0.83984375 0.4713541666666667 0.83203125 0.4713541666666667 0.8020833333333334 0.4739583333333333 0.703125 0.47265625 0.6302083333333334 0.4752604166666667 0.5703125 0.4739583333333333 0.4908854166666667 0.4765625 0.4739583333333333
3 0.6302083333333334 0.2526041666666667 0.6328125 0.2643229166666667 0.62890625 0.2760416666666667 0.6236979166666666 0.2721354166666667 0.6223958333333334 0.2682291666666667 0.625 0.2630208333333333 0.625 0.25390625 0.62890625 0.2526041666666667
3 0.640625 0.5260416666666666 0.6432291666666666 0.5286458333333334 0.6419270833333334 0.54296875 0.63671875 0.5481770833333334 0.6328125 0.5390625 0.6341145833333334 0.5325520833333334 0.6393229166666666 0.52734375
3 0.4934895833333333 0.3098958333333333 0.4947916666666667 0.3229166666666667 0.4921875 0.3346354166666667 0.4895833333333333 0.3346354166666667 0.4869791666666667 0.32421875 0.4869791666666667 0.3111979166666667 0.4895833333333333 0.30859375 0.4921875 0.3098958333333333
3 0.453125 0.2421875 0.4557291666666667 0.2604166666666667 0.4518229166666667 0.2643229166666667 0.44921875 0.2630208333333333 0.4466145833333333 0.2526041666666667 0.4466145833333333 0.24479166666666666 0.44921875 0.24088541666666666 0.4518229166666667 0.2421875
3 0.56640625 0.625 0.5729166666666666 0.6236979166666666 0.5755208333333334 0.62890625 0.5755208333333334 0.640625 0.5716145833333334 0.6471354166666666 0.56640625 0.6471354166666666 0.5638020833333334 0.6419270833333334 0.56640625 0.6263020833333334
3 0.4381510416666667 0.54296875 0.010416666666666666 0.01953125
3 0.3932291666666667 0.33984375 0.3997395833333333 0.3411458333333333 0.4010416666666667 0.3450520833333333 0.4010416666666667 0.3697916666666667 0.39453125 0.36328125 0.390625 0.3528645833333333 0.390625 0.34375 0.3932291666666667 0.3411458333333333
3 0.4739583333333333 0.4466145833333333 0.4778645833333333 0.4544270833333333 0.4778645833333333 0.4674479166666667 0.4739583333333333 0.4700520833333333 0.4661458333333333 0.4635416666666667 0.4700520833333333 0.4479166666666667 0.47265625 0.4466145833333333
3 0.7571614583333334 0.5559895833333334 0.014322916666666666 0.014973958333333334
3 0.484375 0.3880208333333333 0.4869791666666667 0.3932291666666667 0.4869791666666667 0.4075520833333333 0.48046875 0.4127604166666667 0.4778645833333333 0.4127604166666667 0.4752604166666667 0.4075520833333333 0.4752604166666667 0.3932291666666667 0.48046875 0.38671875 0.4830729166666667 0.3880208333333333
3 0.4700520833333333 0.83203125 0.4739583333333333 0.83984375 0.4739583333333333 0.8619791666666666 0.4713541666666667 0.86328125 0.4674479166666667 0.8619791666666666 0.4622395833333333 0.84375 0.46484375 0.83203125 0.46875 0.83203125
3 0.51953125 0.7152777773437501 0.521875 0.7180555559895834 0.521875 0.7194444440104166 0.5226562499999999 0.7194444440104166 0.52578125 0.7263888893229167 0.5265624999999999 0.7236111106770834 0.525 0.7013888893229167 0.5234375 0.6958333333333333 0.5187499999999999 0.6958333333333333 0.5171875 0.6986111106770833 0.5171875 0.7013888893229167 0.51953125 0.7097222226562501 0.51953125 0.7152777773437501