1 0.12968749999999998 0.6861111106770833 0.1328125 0.6861111106770833 0.13359374999999998 0.68472222265625 0.13359374999999998 0.6791666666666667 0.13125 0.67777777734375 0.12968749999999998 0.67777777734375 0.12890625 0.6791666666666667 0.12812500000000002 0.6819444440104167 0.12968749999999998 0.6861111106770833
0 0 0.41015625 0.078125 0.4127604166666667 0.08723958333333333 0.4140625 0.10026041666666667 0.421875 0.11458333333333333 0.4375 0.12369791666666667 0.4544270833333333 0.12760416666666666 0.4700520833333333 0.13020833333333334 0.47265625 0.13541666666666666 0.50390625 0.13541666666666666 0.5377604166666666 0.13020833333333334 0.5703125 0.11848958333333333 0.59765625 0.11067708333333333 0.609375 0.10026041666666667 0.6197916666666666 0.08984375 0.6236979166666666 0.0859375 0.6276041666666666 0 0.6263020833333334 0 0.6197916666666666 0.08333333333333333 0.6223958333333334 0.09895833333333333 0.6145833333333334 0.10807291666666667 0.60546875 0.12369791666666667 0.5768229166666666 0.125 0.5690104166666666 0.12760416666666666 0.56640625 0.1328125 0.53515625 0.1328125 0.5078125 0.12760416666666666 0.4765625 0.11979166666666667 0.4544270833333333 0.10807291666666667 0.4361979166666667 0.09895833333333333 0.4270833333333333 0.08072916666666667 0.4192708333333333 0.013020833333333334 0.41796875 0.01171875 0.4153645833333333 0 0.4153645833333333 0 0.4114583333333333
0 0.94140625 0.4479166666666667 0.9661458333333334 0.44921875 0.9661458333333334 0.4544270833333333 0.8528645833333334 0.4505208333333333 0.83984375 0.4557291666666667 0.828125 0.4661458333333333 0.8111979166666666 0.4947916666666667 0.8033854166666666 0.5247395833333334 0.8033854166666666 0.5794270833333334 0.8059895833333334 0.5833333333333334 0.8111979166666666 0.6080729166666666 0.8190104166666666 0.6236979166666666 0.8294270833333334 0.6380208333333334 0.84375 0.6497395833333334 0.8619791666666666 0.6536458333333334 0.9635416666666666 0.6575520833333334 0.9635416666666666 0.6614583333333334 0.8606770833333334 0.6588541666666666 0.84375 0.6549479166666666 0.83203125 0.6484375 0.8307291666666666 0.64453125 0.81640625 0.62890625 0.80859375 0.6119791666666666 0.80078125 0.58203125 0.7994791666666666 0.5377604166666666 0.8033854166666666 0.5104166666666666 0.8151041666666666 0.4778645833333333 0.828125 0.4583333333333333 0.84375 0.4479166666666667 0.85546875 0.4453125 0.9401041666666666 0.4479166666666667
2 0.47265625 0.12109375 0.4739583333333333 0.3046875 0.4713541666666667 0.3294270833333333 0.4713541666666667 0.6197916666666666 0.4674479166666667 0.7395833333333334 0.4661458333333333 0.9322916666666666 0.46484375 0.9479166666666666 0.4635416666666667 0.9505208333333334 0.4622395833333333 0.9466145833333334 0.46484375 0.6848958333333334 0.4674479166666667 0.6614583333333334 0.4661458333333333 0.6197916666666666 0.4700520833333333 0.3658854166666667 0.46875 0.3072916666666667 0.4713541666666667 0.26953125 0.47265625 0.12239583333333333
3 0.18359375 0.8489583333333334 0.19010416666666666 0.8528645833333334 0.19010416666666666 0.86328125 0.18619791666666666 0.8684895833333334 0.18098958333333334 0.8671875 0.17578125 0.859375 0.1796875 0.8502604166666666 0.18229166666666666 0.8489583333333334
3 0.41796875 0.3567708333333333 0.4244791666666667 0.36328125 0.4244791666666667 0.3802083333333333 0.4205729166666667 0.3815104166666667 0.41796875 0.3580729166666667
3 0.4049479166666667 0.6666666666666666 0.4088541666666667 0.671875 0.4166666666666667 0.6731770833333334 0.4153645833333333 0.6796875 0.4049479166666667 0.6888020833333334 0.3984375 0.6796875 0.3984375 0.6731770833333334 0.4049479166666667 0.66796875
3 0.11588541666666667 0.6731770833333334 0.11979166666666667 0.6796875 0.11979166666666667 0.6888020833333334 0.11588541666666667 0.69140625 0.109375 0.6888020833333334 0.109375 0.6783854166666666 0.11458333333333333 0.6731770833333334
3 0.4505208333333333 0.50390625 0.4505208333333333 0.51953125 0.4466145833333333 0.5234375 0.4401041666666667 0.51171875 0.4453125 0.50390625 0.44921875 0.50390625
3 0.734375 0.53125 0.73828125 0.5299479166666666 0.7447916666666666 0.5403645833333334 0.7447916666666666 0.5455729166666666 0.7408854166666666 0.5520833333333334 0.73046875 0.5494791666666666 0.7291666666666666 0.546875 0.7330729166666666 0.5403645833333334 0.734375 0.5325520833333334
3 0.22786458333333334 0.2109375 0.23697916666666666 0.22135416666666666 0.23567708333333334 0.22786458333333334 0.22526041666666666 0.22135416666666666 0.22395833333333334 0.21223958333333334 0.2265625 0.2109375
3 0.3346354166666667 0.6328125 0.3385416666666667 0.6432291666666666 0.3385416666666667 0.6484375 0.3359375 0.6510416666666666 0.33203125 0.6497395833333334 0.328125 0.6432291666666666 0.328125 0.63671875 0.3333333333333333 0.6328125
3 0.029947916666666668 0.5494791666666666 0.041666666666666664 0.5559895833333334 0.041666666666666664 0.5651041666666666 0.026041666666666668 0.5651041666666666 0.024739583333333332 0.5533854166666666 0.028645833333333332 0.55078125
3 0.35546875 0.8020833333333334 0.359375 0.8020833333333334 0.3619791666666667 0.8072916666666666 0.3619791666666667 0.8203125 0.359375 0.8229166666666666 0.35546875 0.8216145833333334 0.3515625 0.81640625 0.35546875 0.8033854166666666
3 0.1953125 0.44444444401041666 0.19609374999999998 0.4513888893229167 0.20546875 0.4583333333333333 0.209375 0.45555555598958336 0.20234375000000002 0.44166666666666665 0.1953125 0.44444444401041666
3 0.3828125 0.3416666666666666 0.37578125 0.34027777734375 0.37109375 0.34722222265625 0.37265624999999997 0.3611111106770833 0.38359375 0.36527777734375005 0.38515625000000003 0.35000000000000003 0.3828125 0.3416666666666666