1 0.5296875 0.5208333333333334 0.53125 0.5208333333333334 0.53359375 0.5180555559895833 0.53359375 0.51527777734375 0.5328125 0.5138888893229167 0.5296875 0.5125000000000001 0.52890625 0.5180555559895833 0.5296875 0.5208333333333334
0 0.99609375 0.4231770833333333 0.9986979166666666 0.4244791666666667 0.9986979166666666 0.4296875 0.9934895833333334 0.4309895833333333 0.9505208333333334 0.4296875 0.8919270833333334 0.43359375 0.87109375 0.4518229166666667 0.859375 0.4713541666666667 0.8580729166666666 0.4817708333333333 0.8515625 0.4973958333333333 0.8489583333333334 0.5442708333333334 0.8515625 0.5651041666666666 0.8541666666666666 0.5677083333333334 0.859375 0.58984375 0.8619791666666666 0.5911458333333334 0.8671875 0.60546875 0.8736979166666666 0.61328125 0.8958333333333334 0.6302083333333334 0.9557291666666666 0.6302083333333334 0.9986979166666666 0.6276041666666666 0.9986979166666666 0.6328125 0.9908854166666666 0.6341145833333334 0.9505208333333334 0.6341145833333334 0.9283854166666666 0.63671875 0.8997395833333334 0.63671875 0.8828125 0.6302083333333334 0.8684895833333334 0.6158854166666666 0.8567708333333334 0.5963541666666666 0.84765625 0.5638020833333334 0.84765625 0.5481770833333334 0.8450520833333334 0.5364583333333334 0.84765625 0.5 0.8515625 0.4895833333333333 0.8528645833333334 0.4778645833333333 0.87109375 0.4440104166666667 0.875 0.44140625 0.8763020833333334 0.4375 0.890625 0.4283854166666667 0.90234375 0.42578125 0.9947916666666666 0.4231770833333333
0 0.14713541666666666 0.4544270833333333 0.15494791666666666 0.4583333333333333 0.17057291666666666 0.4739583333333333 0.18619791666666666 0.5065104166666666 0.19140625 0.5325520833333334 0.19270833333333334 0.5533854166666666 0.19140625 0.5859375 0.18619791666666666 0.609375 0.17838541666666666 0.625 0.17838541666666666 0.62890625 0.16666666666666666 0.6471354166666666 0.15364583333333334 0.6575520833333334 0.13802083333333334 0.6627604166666666 0.08333333333333333 0.6653645833333334 0.028645833333333332 0.6653645833333334 0.028645833333333332 0.6627604166666666 0.03125 0.6614583333333334 0.140625 0.6575520833333334 0.15494791666666666 0.6510416666666666 0.16796875 0.63671875 0.1796875 0.6158854166666666 0.18880208333333334 0.58203125 0.19010416666666666 0.5533854166666666 0.18489583333333334 0.5143229166666666 0.18098958333333334 0.5078125 0.1796875 0.4986979166666667 0.16536458333333334 0.4752604166666667 0.15364583333333334 0.46484375 0.14713541666666666 0.4609375 0.13802083333333334 0.4596354166666667 0.13671875 0.45703125 0.12890625 0.45703125 0.12760416666666666 0.4596354166666667 0.024739583333333332 0.4609375 0.024739583333333332 0.4557291666666667 0.08072916666666667 0.453125 0.14583333333333334 0.4544270833333333
2 0.5208333333333334 0.4791666666666667 0.5234375 0.8411458333333334 0.5260416666666666 0.9192708333333334 0.5247395833333334 0.9518229166666666 0.5221354166666666 0.9466145833333334 0.5208333333333334 0.92578125 0.5208333333333334 0.7434895833333334 0.5169270833333334 0.5260416666666666 0.5169270833333334 0.48828125 0.5208333333333334 0.48046875
3 0.4869791666666667 0.7233072916666666 0.0078125 0.022135416666666668
3 0.4361979166666667 0.564453125 0.008463541666666666 0.018229166666666668
3 0.4635416666666667 0.2630208333333333 0.46484375 0.2799479166666667 0.4622395833333333 0.28515625 0.4583333333333333 0.2838541666666667 0.45703125 0.2786458333333333 0.45703125 0.2669270833333333 0.4622395833333333 0.2630208333333333
3 0.4934895833333333 0.6197916666666666 0.4986979166666667 0.6223958333333334 0.5 0.6276041666666666 0.4986979166666667 0.6354166666666666 0.4934895833333333 0.6380208333333334 0.4934895833333333 0.62109375
3 0.5364583333333334 0.23828125 0.5455729166666666 0.24088541666666666 0.5455729166666666 0.24609375 0.5390625 0.26171875 0.5338541666666666 0.25390625 0.5364583333333334 0.23958333333333334
3 0.5755208333333334 0.5833333333333334 0.5794270833333334 0.5885416666666666 0.578125 0.5989583333333334 0.57421875 0.6015625 0.5716145833333334 0.5989583333333334 0.5716145833333334 0.5911458333333334 0.5755208333333334 0.5846354166666666
3 0.5625 0.40625 0.5625 0.4140625 0.55859375 0.421875 0.5546875 0.4205729166666667 0.5546875 0.4088541666666667 0.5572916666666666 0.40625 0.5611979166666666 0.40625
3 0.62890625 0.3229166666666667 0.6354166666666666 0.32421875 0.63671875 0.328125 0.6354166666666666 0.3359375 0.62890625 0.3411458333333333 0.6263020833333334 0.3385416666666667 0.6263020833333334 0.3268229166666667 0.62890625 0.32421875
3 0.5911458333333334 0.76953125 0.59765625 0.76953125 0.6002604166666666 0.7760416666666666 0.59765625 0.7838541666666666 0.59375 0.7864583333333334 0.5872395833333334 0.7760416666666666 0.5911458333333334 0.7708333333333334
3 0.3346354166666667 0.56640625 0.3359375 0.5729166666666666 0.3411458333333333 0.5794270833333334 0.33984375 0.5989583333333334 0.3346354166666667 0.5989583333333334 0.33203125 0.5859375 0.3346354166666667 0.5677083333333334
3 0.4765625 0.4622395833333333 0.4765625 0.4817708333333333 0.47265625 0.48046875 0.47265625 0.46484375 0.4752604166666667 0.4635416666666667
3 0.515625 0.4611111106770833 0.5234375 0.4611111106770833 0.52734375 0.45555555598958336 0.5242187500000001 0.43888888932291664 0.51953125 0.4375 0.5148437499999999 0.44444444401041666 0.515625 0.4611111106770833