1 0.2824375 0.34544722265625 0.2810859375 0.34184722265624995 0.2780125 0.3411666666666667 0.27716796875 0.34472777734375 0.2782484375 0.34856805598958335 0.280140625 0.34856805598958335 0.2824375 0.34544722265625
0 0 0.4166666666666667 0.010416666666666666 0.4166666666666667 0.01171875 0.4192708333333333 0.09895833333333333 0.421875 0.11197916666666667 0.4270833333333333 0.12369791666666667 0.4375 0.13541666666666666 0.4557291666666667 0.14583333333333334 0.4856770833333333 0.14973958333333334 0.5104166666666666 0.14973958333333334 0.5442708333333334 0.14322916666666666 0.578125 0.13020833333333334 0.6080729166666666 0.11197916666666667 0.6276041666666666 0.09895833333333333 0.6328125 0 0.6302083333333334 0 0.6236979166666666 0.048177083333333336 0.6236979166666666 0.07291666666666667 0.625 0.07421875 0.6276041666666666 0.09635416666666667 0.6276041666666666 0.09765625 0.625 0.11197916666666667 0.6197916666666666 0.12369791666666667 0.6080729166666666 0.13541666666666666 0.5885416666666666 0.14322916666666666 0.5638020833333334 0.14713541666666666 0.53125 0.14713541666666666 0.5130208333333334 0.13932291666666666 0.4752604166666667 0.12760416666666666 0.4505208333333333 0.11328125 0.4348958333333333 0.09895833333333333 0.4270833333333333 0.01171875 0.4244791666666667 0 0.4231770833333333 0 0.41796875
0 0.8958333333333334 0.44921875 0.92578125 0.4518229166666667 0.96484375 0.4518229166666667 0.9752604166666666 0.453125 0.9765625 0.4557291666666667 0.9739583333333334 0.4596354166666667 0.9713541666666666 0.45703125 0.9635416666666666 0.4596354166666667 0.9622395833333334 0.45703125 0.8619791666666666 0.4544270833333333 0.8424479166666666 0.46484375 0.8333333333333334 0.4739583333333333 0.8190104166666666 0.5 0.8111979166666666 0.5325520833333334 0.8098958333333334 0.5651041666666666 0.8190104166666666 0.6106770833333334 0.8268229166666666 0.6276041666666666 0.8346354166666666 0.6380208333333334 0.8450520833333334 0.6484375 0.8541666666666666 0.6536458333333334 0.8893229166666666 0.6575520833333334 0.9075520833333334 0.65625 0.9192708333333334 0.6588541666666666 0.9544270833333334 0.6588541666666666 0.9739583333333334 0.6614583333333334 0.9739583333333334 0.6640625 0.92578125 0.6640625 0.85546875 0.66015625 0.8359375 0.6471354166666666 0.82421875 0.6315104166666666 0.8229166666666666 0.625 0.81640625 0.6145833333333334 0.80859375 0.5807291666666666 0.8072916666666666 0.5416666666666666 0.8125 0.5104166666666666 0.82421875 0.4791666666666667 0.8411458333333334 0.4583333333333333 0.85546875 0.4505208333333333 0.89453125 0.44921875
2 0.4778645833333333 0.4453125 0.4817708333333333 0.4518229166666667 0.4791666666666667 0.5729166666666666 0.48046875 0.6302083333333334 0.4778645833333333 0.6848958333333334 0.4752604166666667 0.9505208333333334 0.47265625 0.9505208333333334 0.4713541666666667 0.9244791666666666 0.4752604166666667 0.78515625 0.4778645833333333 0.4466145833333333
3 0.3802083333333333 0.7903645833333334 0.3828125 0.7916666666666666 0.3841145833333333 0.8072916666666666 0.37890625 0.8098958333333334 0.375 0.8059895833333334 0.375 0.80078125 0.3802083333333333 0.7916666666666666
3 0.49609375 0.2630208333333333 0.4986979166666667 0.2630208333333333 0.5013020833333334 0.2682291666666667 0.5013020833333334 0.28515625 0.4986979166666667 0.2864583333333333 0.4908854166666667 0.2786458333333333 0.49609375 0.2643229166666667
3 0.4596354166666667 0.5677083333333334 0.4622395833333333 0.5872395833333334 0.45703125 0.58984375 0.453125 0.5807291666666666 0.4583333333333333 0.5690104166666666
3 0.4388020833333333 0.7317708333333334 0.44140625 0.7395833333333334 0.4401041666666667 0.7486979166666666 0.4361979166666667 0.7486979166666666 0.4322916666666667 0.7447916666666666 0.43359375 0.7369791666666666 0.4375 0.7330729166666666
3 0.2552083333333333 0.5872395833333334 0.2591145833333333 0.5924479166666666 0.2591145833333333 0.5989583333333334 0.2552083333333333 0.6015625 0.24609375 0.5989583333333334 0.24609375 0.5911458333333334 0.25390625 0.5885416666666666
3 0.3802083333333333 0.5546875 0.3854166666666667 0.5598958333333334 0.3841145833333333 0.5729166666666666 0.3802083333333333 0.57421875 0.375 0.56640625 0.375 0.5572916666666666 0.37890625 0.5546875
3 0.390625 0.4140625 0.39453125 0.4140625 0.3997395833333333 0.4231770833333333 0.3971354166666667 0.4296875 0.3919270833333333 0.4296875 0.3893229166666667 0.42578125 0.390625 0.4153645833333333
3 0.4446614583333333 0.22786458333333334 0.011067708333333334 0.024739583333333332
3 0.57421875 0.55859375 0.5768229166666666 0.5598958333333334 0.578125 0.5677083333333334 0.5768229166666666 0.578125 0.5729166666666666 0.5794270833333334 0.5690104166666666 0.5755208333333334 0.5690104166666666 0.5677083333333334 0.5729166666666666 0.5598958333333334
3 0.4908854166666667 0.4205729166666667 0.4947916666666667 0.42578125 0.4934895833333333 0.4361979166666667 0.4908854166666667 0.4388020833333333 0.484375 0.4283854166666667 0.4869791666666667 0.421875 0.4895833333333333 0.4205729166666667
3 0.28281249999999997 0.32777777734374997 0.27890624999999997 0.31527777734375 0.27187500000000003 0.31666666666666665 0.27109374999999997 0.32222222265625 0.27968750000000003 0.34722222265625 0.28359375000000003 0.3416666666666666 0.28281249999999997 0.32777777734374997
3 0.41796875 0.46388888932291666 0.41796875 0.4763888893229167 0.42890625 0.4805555559895833 0.42890625 0.45972222265625 0.42109375 0.4583333333333333 0.41796875 0.46388888932291666