1 0.68203125 0.3430555559895833 0.68203125 0.3458333333333334 0.6828124999999999 0.34722222265625 0.6859375 0.34722222265625 0.6875 0.3430555559895833 0.6867187499999999 0.34027777734375 0.6843750000000001 0.34027777734375 0.6828124999999999 0.3416666666666666 0.68203125 0.3430555559895833
0 0.9986979166666666 0.4322916666666667 0.9986979166666666 0.4388020833333333 0.9140625 0.44140625 0.9010416666666666 0.4466145833333333 0.890625 0.4544270833333333 0.875 0.4778645833333333 0.8645833333333334 0.515625 0.86328125 0.5638020833333334 0.87109375 0.59375 0.8828125 0.6171875 0.8997395833333334 0.63671875 0.9114583333333334 0.6419270833333334 0.9986979166666666 0.6393229166666666 0.9986979166666666 0.6471354166666666 0.9921875 0.64453125 0.9908854166666666 0.6471354166666666 0.9557291666666666 0.6484375 0.91015625 0.6484375 0.90625 0.64453125 0.8958333333333334 0.640625 0.8828125 0.6276041666666666 0.8763020833333334 0.6171875 0.8684895833333334 0.6002604166666666 0.8606770833333334 0.5651041666666666 0.859375 0.5416666666666666 0.8645833333333334 0.49609375 0.8723958333333334 0.4739583333333333 0.8815104166666666 0.4583333333333333 0.8958333333333334 0.4427083333333333 0.90234375 0.4401041666666667 0.9036458333333334 0.4375 0.9114583333333334 0.4348958333333333 0.9296875 0.43359375 0.9973958333333334 0.4322916666666667
0 0.032552083333333336 0.4661458333333333 0.09765625 0.4635416666666667 0.15494791666666666 0.46484375 0.17447916666666666 0.4791666666666667 0.18619791666666666 0.4973958333333333 0.19401041666666666 0.5182291666666666 0.19921875 0.5494791666666666 0.19921875 0.58984375 0.19401041666666666 0.6184895833333334 0.18229166666666666 0.6471354166666666 0.17447916666666666 0.6575520833333334 0.16145833333333334 0.6692708333333334 0.1484375 0.6744791666666666 0.13671875 0.67578125 0.03515625 0.6783854166666666 0.03515625 0.6731770833333334 0.14713541666666666 0.6692708333333334 0.1484375 0.6666666666666666 0.16276041666666666 0.6614583333333334 0.17578125 0.6484375 0.17708333333333334 0.6432291666666666 0.18359375 0.6354166666666666 0.19140625 0.6145833333333334 0.19661458333333334 0.5859375 0.19661458333333334 0.5481770833333334 0.19010416666666666 0.5182291666666666 0.1796875 0.4947916666666667 0.16796875 0.4791666666666667 0.15625 0.4713541666666667 0.14583333333333334 0.4674479166666667 0.032552083333333336 0.4713541666666667 0.032552083333333336 0.4674479166666667
2 0.5247395833333334 0.140625 0.52734375 0.14322916666666666 0.52734375 0.2838541666666667 0.5299479166666666 0.30859375 0.5286458333333334 0.3893229166666667 0.53125 0.484375 0.53125 0.7174479166666666 0.5338541666666666 0.7395833333333334 0.53515625 0.8723958333333334 0.53515625 0.9661458333333334 0.5325520833333334 0.9661458333333334 0.53125 0.9427083333333334 0.5325520833333334 0.9166666666666666 0.52734375 0.6484375 0.52734375 0.32421875 0.5247395833333334 0.2825520833333333 0.5247395833333334 0.14192708333333334
3 0.3229166666666667 0.2760416666666667 0.3268229166666667 0.28125 0.3268229166666667 0.29296875 0.3229166666666667 0.296875 0.3203125 0.296875 0.3203125 0.2916666666666667 0.3177083333333333 0.2877604166666667 0.3177083333333333 0.2747395833333333 0.3203125 0.2734375 0.3216145833333333 0.2760416666666667
3 0.44140625 0.2994791666666667 0.44921875 0.30859375 0.44921875 0.3177083333333333 0.44140625 0.3216145833333333 0.44140625 0.30078125
3 0.390625 0.640625 0.39453125 0.6510416666666666 0.3880208333333333 0.66015625 0.3841145833333333 0.6588541666666666 0.3828125 0.6458333333333334 0.3854166666666667 0.640625 0.3893229166666667 0.640625
3 0.48046875 0.8697916666666666 0.4817708333333333 0.8828125 0.4791666666666667 0.8880208333333334 0.4752604166666667 0.8841145833333334 0.4752604166666667 0.8723958333333334 0.4791666666666667 0.8697916666666666
3 0.5631510416666666 0.23046875 0.009114583333333334 0.01953125
3 0.54296875 0.3072916666666667 0.546875 0.3072916666666667 0.5494791666666666 0.3098958333333333 0.5494791666666666 0.3151041666666667 0.546875 0.3190104166666667 0.5481770833333334 0.328125 0.5442708333333334 0.33203125 0.5403645833333334 0.328125 0.5403645833333334 0.3111979166666667 0.54296875 0.30859375
3 0.34765625 0.5690104166666666 0.3502604166666667 0.578125 0.3450520833333333 0.58203125 0.3372395833333333 0.5794270833333334 0.3359375 0.5729166666666666 0.3411458333333333 0.5677083333333334 0.3463541666666667 0.5690104166666666
3 0.5247395833333334 0.4778645833333333 0.52734375 0.4921875 0.5221354166666666 0.4973958333333333 0.5182291666666666 0.49609375 0.515625 0.484375 0.5208333333333334 0.4765625 0.5234375 0.4778645833333333
3 0.4192708333333333 0.7083333333333334 0.421875 0.7122395833333334 0.41796875 0.7174479166666666 0.4166666666666667 0.7265625 0.4140625 0.73046875 0.4114583333333333 0.72265625 0.4114583333333333 0.71484375 0.4192708333333333 0.7096354166666666
3 0.4713541666666667 0.390625 0.4752604166666667 0.3932291666666667 0.4765625 0.3997395833333333 0.4752604166666667 0.4127604166666667 0.4713541666666667 0.4192708333333333 0.46875 0.4192708333333333 0.46484375 0.4088541666666667 0.46484375 0.3958333333333333 0.4661458333333333 0.3919270833333333 0.4700520833333333 0.390625
3 0.21875 0.4609375 0.2265625 0.4674479166666667 0.22395833333333334 0.48046875 0.22265625 0.4817708333333333 0.22005208333333334 0.4778645833333333 0.21223958333333334 0.4752604166666667 0.21223958333333334 0.4661458333333333 0.21744791666666666 0.4622395833333333
3 0.7018229166666666 0.3125 0.703125 0.328125 0.6979166666666666 0.3346354166666667 0.6927083333333334 0.3346354166666667 0.6940104166666666 0.3190104166666667 0.6966145833333334 0.3151041666666667 0.7018229166666666 0.3138020833333333