1 0.69140625 0.32777777734374997 0.69296875 0.32638888932291665 0.69375 0.32083333333333336 0.6890625 0.32083333333333336 0.6882812500000001 0.325 0.6890625 0.32777777734374997 0.69140625 0.32777777734374997
0 0.9010416666666666 0.4375 0.9153645833333334 0.43359375 0.9986979166666666 0.4309895833333333 0.9986979166666666 0.4388020833333333 0.9192708333333334 0.4401041666666667 0.8958333333333334 0.4479166666666667 0.88671875 0.45703125 0.8736979166666666 0.4778645833333333 0.8671875 0.4973958333333333 0.8619791666666666 0.5286458333333334 0.86328125 0.5677083333333334 0.87109375 0.5963541666666666 0.8828125 0.6184895833333334 0.8997395833333334 0.63671875 0.91015625 0.640625 0.9596354166666666 0.640625 0.99609375 0.6380208333333334 0.9986979166666666 0.6393229166666666 0.9986979166666666 0.64453125 0.9609375 0.64453125 0.9596354166666666 0.6471354166666666 0.9283854166666666 0.6484375 0.91015625 0.6471354166666666 0.9088541666666666 0.64453125 0.9049479166666666 0.64453125 0.8932291666666666 0.6380208333333334 0.8828125 0.6276041666666666 0.87109375 0.6080729166666666 0.8606770833333334 0.5729166666666666 0.8606770833333334 0.51171875 0.8645833333333334 0.4921875 0.8723958333333334 0.4713541666666667 0.88671875 0.44921875 0.9010416666666666 0.4388020833333333
0 0.15494791666666666 0.46484375 0.17447916666666666 0.4791666666666667 0.18619791666666666 0.4986979166666667 0.19401041666666666 0.51953125 0.19921875 0.5559895833333334 0.19791666666666666 0.59765625 0.19401041666666666 0.6158854166666666 0.17838541666666666 0.6510416666666666 0.16145833333333334 0.66796875 0.14453125 0.6744791666666666 0.08463541666666667 0.6770833333333334 0.03515625 0.6770833333333334 0.03515625 0.6731770833333334 0.13671875 0.6692708333333334 0.13802083333333334 0.6666666666666666 0.15104166666666666 0.6666666666666666 0.15625 0.6640625 0.17317708333333334 0.6497395833333334 0.1875 0.6236979166666666 0.1953125 0.59375 0.19661458333333334 0.5559895833333334 0.19010416666666666 0.51953125 0.1796875 0.4947916666666667 0.16796875 0.4817708333333333 0.16796875 0.4791666666666667 0.15104166666666666 0.46875 0.1171875 0.4674479166666667 0.08854166666666667 0.4700520833333333 0.03125 0.4700520833333333 0.03125 0.4661458333333333 0.12109375 0.4622395833333333 0.14322916666666666 0.4622395833333333 0.15364583333333334 0.46484375
2 0.5247395833333334 0.13932291666666666 0.52734375 0.15755208333333334 0.52734375 0.3151041666666667 0.5299479166666666 0.3216145833333333 0.5299479166666666 0.6158854166666666 0.53515625 0.9309895833333334 0.53515625 0.9609375 0.5338541666666666 0.9661458333333334 0.53125 0.9661458333333334 0.53125 0.8528645833333334 0.5286458333333334 0.8111979166666666 0.52734375 0.5091145833333334 0.5247395833333334 0.4765625 0.52734375 0.4622395833333333 0.5247395833333334 0.4205729166666667 0.5234375 0.3151041666666667 0.5247395833333334 0.140625
3 0.33984375 0.5677083333333334 0.3463541666666667 0.5677083333333334 0.3489583333333333 0.5729166666666666 0.34765625 0.5794270833333334 0.3424479166666667 0.5846354166666666 0.3359375 0.578125 0.3359375 0.5729166666666666 0.33984375 0.5690104166666666
3 0.4348958333333333 0.30078125 0.44140625 0.3020833333333333 0.44140625 0.3177083333333333 0.4375 0.3229166666666667 0.4309895833333333 0.3177083333333333 0.4309895833333333 0.3098958333333333 0.4348958333333333 0.3020833333333333
3 0.5618489583333334 0.23046875 0.010416666666666666 0.01953125
3 0.3841145833333333 0.6393229166666666 0.3893229166666667 0.640625 0.3893229166666667 0.64453125 0.3815104166666667 0.6575520833333334 0.37890625 0.6575520833333334 0.3763020833333333 0.6536458333333334 0.375 0.6419270833333334 0.3828125 0.6393229166666666
3 0.3203125 0.28125 0.32421875 0.2838541666666667 0.3177083333333333 0.2981770833333333 0.3138020833333333 0.296875 0.3098958333333333 0.28125 0.3125 0.2786458333333333 0.31640625 0.2786458333333333 0.3190104166666667 0.28125
3 0.5143229166666666 0.4713541666666667 0.5182291666666666 0.4765625 0.5182291666666666 0.4869791666666667 0.515625 0.4921875 0.5130208333333334 0.4934895833333333 0.5078125 0.48828125 0.5078125 0.4765625 0.5130208333333334 0.47265625
3 0.53515625 0.3020833333333333 0.5390625 0.3020833333333333 0.5416666666666666 0.3098958333333333 0.5416666666666666 0.3190104166666667 0.5377604166666666 0.32421875 0.5325520833333334 0.32421875 0.5286458333333334 0.3125 0.53515625 0.3059895833333333 0.53515625 0.3033854166666667
3 0.4127604166666667 0.7044270833333334 0.4140625 0.7213541666666666 0.41015625 0.7252604166666666 0.4075520833333333 0.7239583333333334 0.40625 0.7135416666666666 0.4075520833333333 0.70703125 0.4114583333333333 0.7044270833333334
3 0.4609375 0.390625 0.46875 0.3919270833333333 0.4713541666666667 0.40234375 0.4713541666666667 0.4088541666666667 0.4661458333333333 0.41796875 0.4622395833333333 0.41796875 0.4583333333333333 0.41015625 0.4583333333333333 0.39453125 0.4609375 0.3919270833333333
3 0.21875 0.453125 0.22526041666666666 0.4674479166666667 0.21614583333333334 0.4739583333333333 0.20963541666666666 0.4700520833333333 0.20833333333333334 0.4609375 0.21354166666666666 0.453125 0.21744791666666666 0.453125
3 0.703125 0.3059895833333333 0.009114583333333334 0.018229166666666668
3 0.4791666666666667 0.8684895833333334 0.48046875 0.8697916666666666 0.4752604166666667 0.8880208333333334 0.47265625 0.890625 0.46875 0.8880208333333334 0.46875 0.8736979166666666 0.4739583333333333 0.8697916666666666 0.4778645833333333 0.8697916666666666