1 0.6124999999999999 0.7263888893229167 0.61328125 0.7277777773437499 0.6171875 0.7222222226562499 0.6171875 0.7180555559895834 0.6164062499999999 0.7166666666666667 0.61328125 0.7166666666666667 0.6124999999999999 0.7208333333333333 0.6124999999999999 0.7263888893229167
0 0.9986979166666666 0.4114583333333333 0.9986979166666666 0.41796875 0.9622395833333334 0.41796875 0.9075520833333334 0.421875 0.88671875 0.4375 0.8854166666666666 0.4427083333333333 0.875 0.4583333333333333 0.8684895833333334 0.4765625 0.86328125 0.50390625 0.86328125 0.5403645833333334 0.8684895833333334 0.56640625 0.875 0.5846354166666666 0.8880208333333334 0.60546875 0.8997395833333334 0.6171875 0.9114583333333334 0.6223958333333334 0.9986979166666666 0.6197916666666666 0.9986979166666666 0.6263020833333334 0.9283854166666666 0.62890625 0.9088541666666666 0.6276041666666666 0.8958333333333334 0.6197916666666666 0.8828125 0.6067708333333334 0.8684895833333334 0.5794270833333334 0.8684895833333334 0.57421875 0.8645833333333334 0.56640625 0.8606770833333334 0.5377604166666666 0.8619791666666666 0.4908854166666667 0.8684895833333334 0.46484375 0.8841145833333334 0.4348958333333333 0.8958333333333334 0.4231770833333333 0.9088541666666666 0.4153645833333333 0.9973958333333334 0.4114583333333333
0 0.14583333333333334 0.4453125 0.15234375 0.4466145833333333 0.16666666666666666 0.4557291666666667 0.18229166666666666 0.4765625 0.19401041666666666 0.5091145833333334 0.1953125 0.5286458333333334 0.19791666666666666 0.53515625 0.1953125 0.5377604166666666 0.19270833333333334 0.5364583333333334 0.19401041666666666 0.5286458333333334 0.19140625 0.5104166666666666 0.18489583333333334 0.4908854166666667 0.17317708333333334 0.4700520833333333 0.15494791666666666 0.453125 0.14713541666666666 0.4505208333333333 0.029947916666666668 0.453125 0.03125 0.44921875 0.036458333333333336 0.4479166666666667 0.14453125 0.4453125
2 0.5247395833333334 0.12109375 0.5260416666666666 0.24739583333333334 0.5286458333333334 0.27734375 0.52734375 0.4361979166666667 0.5299479166666666 0.5 0.5286458333333334 0.5455729166666666 0.53125 0.6171875 0.53125 0.7890625 0.53515625 0.8697916666666666 0.53515625 0.9466145833333334 0.5325520833333334 0.94921875 0.53125 0.9479166666666666 0.5325520833333334 0.875 0.5299479166666666 0.8580729166666666 0.5286458333333334 0.8072916666666666 0.5234375 0.12239583333333333
3 0.7291666666666666 0.8333333333333334 0.7369791666666666 0.8411458333333334 0.734375 0.8515625 0.7291666666666666 0.8515625 0.7239583333333334 0.8463541666666666 0.72265625 0.83203125 0.7252604166666666 0.8307291666666666 0.7278645833333334 0.8333333333333334
3 0.4895833333333333 0.6627604166666666 0.4947916666666667 0.6666666666666666 0.4986979166666667 0.6744791666666666 0.4986979166666667 0.68359375 0.4947916666666667 0.6861979166666666 0.4895833333333333 0.6861979166666666 0.48828125 0.6640625
3 0.546875 0.2669270833333333 0.5494791666666666 0.2734375 0.5494791666666666 0.2864583333333333 0.5455729166666666 0.2955729166666667 0.5390625 0.2955729166666667 0.5364583333333334 0.29296875 0.5364583333333334 0.26953125 0.5403645833333334 0.265625 0.5455729166666666 0.2669270833333333
3 0.7747395833333334 0.5052083333333334 0.7786458333333334 0.5091145833333334 0.7890625 0.5104166666666666 0.7890625 0.5234375 0.78515625 0.5221354166666666 0.78125 0.5247395833333334 0.7747395833333334 0.5234375 0.7721354166666666 0.5169270833333334 0.7721354166666666 0.50390625 0.7734375 0.5052083333333334
3 0.59375 0.7109375 0.5963541666666666 0.7122395833333334 0.5963541666666666 0.71875 0.6002604166666666 0.72265625 0.6002604166666666 0.7265625 0.5911458333333334 0.7369791666666666 0.5872395833333334 0.7330729166666666 0.5833333333333334 0.7200520833333334 0.59375 0.7122395833333334
3 0.9192708333333334 0.5 0.92578125 0.4973958333333333 0.93359375 0.4986979166666667 0.93359375 0.51171875 0.9231770833333334 0.5130208333333334 0.9205729166666666 0.515625 0.91796875 0.5143229166666666 0.9192708333333334 0.5013020833333334
3 0.1953125 0.5403645833333334 0.20572916666666666 0.5520833333333334 0.20703125 0.5598958333333334 0.1953125 0.5611979166666666 0.19140625 0.55859375 0.19010416666666666 0.546875 0.19401041666666666 0.5416666666666666
3 0.4622395833333333 0.32421875 0.4674479166666667 0.32421875 0.47265625 0.3359375 0.46484375 0.3450520833333333 0.4622395833333333 0.3450520833333333 0.4596354166666667 0.3372395833333333 0.4622395833333333 0.3255208333333333
3 0.75546875 0.3958333333333333 0.759375 0.3986111106770833 0.76015625 0.40277777734375 0.759375 0.4041666666666666 0.76015625 0.4055555559895833 0.7625000000000001 0.4069444440104167 0.77109375 0.3944444440104167 0.77109375 0.39027777734375 0.7703125000000001 0.3875 0.7546875000000001 0.39027777734375 0.7546875000000001 0.39305555598958336 0.75546875 0.3958333333333333
3 0.76328125 0.2236111106770833 0.7640625 0.22638888932291668 0.765625 0.22777777734375002 0.7671875 0.22638888932291668 0.76953125 0.22222222265625 0.7703125000000001 0.21805555598958334 0.7742187500000001 0.2125 0.775 0.20972222265624998 0.775 0.2041666666666667 0.7734375 0.20138888932291665 0.76953125 0.20138888932291665 0.7640625 0.2125 0.76328125 0.2236111106770833
3 0.5168906249999999 0.8669041666666667 0.51529375 0.8756055559895833 0.51795546875 0.8844958333333334 0.5237046875 0.8931958333333333 0.5261 0.8877236106770834 0.52700546875 0.8752263893229166 0.5235984375 0.8773069440104168 0.5182749999999999 0.87239027734375 0.5168906249999999 0.8669041666666667
3 0.42265625 0.5069444440104166 0.42421875000000003 0.5111111106770834 0.42812500000000003 0.5111111106770834 0.4296875 0.5083333333333333 0.4296875 0.4944444440104167 0.42578125 0.4944444440104167 0.42343749999999997 0.49722222265625 0.42265625 0.5 0.42265625 0.5069444440104166