1 0.46718750000000003 0.5236111106770833 0.46796875 0.52222222265625 0.46796875 0.5166666666666667 0.46640624999999997 0.51527777734375 0.4640625 0.5166666666666667 0.46328125000000003 0.5180555559895833 0.4640625 0.52222222265625 0.46484375 0.5236111106770833 0.46718750000000003 0.5236111106770833
0 0 0.42578125 0.10026041666666667 0.4283854166666667 0.11458333333333333 0.4348958333333333 0.13020833333333334 0.453125 0.13802083333333334 0.46875 0.14322916666666666 0.4895833333333333 0.14583333333333334 0.4921875 0.14973958333333334 0.51953125 0.14973958333333334 0.5494791666666666 0.14192708333333334 0.5885416666666666 0.13411458333333334 0.6067708333333334 0.11848958333333333 0.625 0.11848958333333333 0.6276041666666666 0.09765625 0.6380208333333334 0 0.6354166666666666 0 0.6302083333333334 0.09505208333333333 0.6328125 0.10677083333333333 0.62890625 0.12109375 0.6158854166666666 0.13671875 0.58984375 0.14322916666666666 0.5703125 0.14583333333333334 0.5494791666666666 0.14453125 0.5052083333333334 0.13932291666666666 0.4830729166666667 0.13671875 0.48046875 0.13541666666666666 0.47265625 0.12890625 0.4635416666666667 0.12760416666666666 0.45703125 0.11588541666666667 0.4440104166666667 0.1015625 0.4348958333333333 0.08984375 0.4322916666666667 0 0.4309895833333333 0 0.4270833333333333
0 0.9635416666666666 0.4557291666666667 0.9713541666666666 0.45703125 0.9713541666666666 0.4622395833333333 0.86328125 0.4596354166666667 0.8528645833333334 0.4609375 0.84375 0.46484375 0.8294270833333334 0.4778645833333333 0.8177083333333334 0.4973958333333333 0.8098958333333334 0.5208333333333334 0.8059895833333334 0.5572916666666666 0.8072916666666666 0.5859375 0.8151041666666666 0.6145833333333334 0.8268229166666666 0.63671875 0.83984375 0.6510416666666666 0.8515625 0.6575520833333334 0.8684895833333334 0.66015625 0.9440104166666666 0.6614583333333334 0.9622395833333334 0.6640625 0.9674479166666666 0.6627604166666666 0.9674479166666666 0.6692708333333334 0.9309895833333334 0.66796875 0.9296875 0.6653645833333334 0.8580729166666666 0.6640625 0.83984375 0.6575520833333334 0.828125 0.6471354166666666 0.81640625 0.62890625 0.80859375 0.6067708333333334 0.8033854166666666 0.57421875 0.8046875 0.5338541666666666 0.8125 0.5 0.82421875 0.4765625 0.8424479166666666 0.4583333333333333 0.859375 0.453125 0.9622395833333334 0.4557291666666667
2 0.4713541666666667 0.953125 0.4700520833333333 0.921875 0.4765625 0.46875 0.4791666666666667 0.4700520833333333 0.4791666666666667 0.4934895833333333 0.4752604166666667 0.7174479166666666 0.4752604166666667 0.8736979166666666 0.47265625 0.953125
3 0.5091145833333334 0.71484375 0.51171875 0.71484375 0.5130208333333334 0.71875 0.5130208333333334 0.7330729166666666 0.5091145833333334 0.734375 0.5065104166666666 0.7265625 0.5091145833333334 0.7161458333333334
3 0.5338541666666666 0.2643229166666667 0.5377604166666666 0.2669270833333333 0.5390625 0.2708333333333333 0.5377604166666666 0.2864583333333333 0.5338541666666666 0.2877604166666667 0.53125 0.2838541666666667 0.5299479166666666 0.26953125 0.5325520833333334 0.265625
3 0.5013020833333334 0.6393229166666666 0.49609375 0.6354166666666666 0.49609375 0.625 0.5 0.62109375 0.5026041666666666 0.6223958333333334 0.5026041666666666 0.6380208333333334
3 0.4557291666666667 0.2604166666666667 0.4505208333333333 0.24479166666666666 0.4505208333333333 0.2421875 0.4557291666666667 0.23958333333333334 0.4596354166666667 0.23958333333333334 0.4596354166666667 0.24739583333333334 0.4622395833333333 0.25 0.4622395833333333 0.2552083333333333 0.4596354166666667 0.2604166666666667 0.45703125 0.2604166666666667
3 0.5611979166666666 0.5768229166666666 0.5572916666666666 0.5690104166666666 0.5572916666666666 0.5598958333333334 0.5611979166666666 0.5546875 0.5611979166666666 0.55078125 0.5638020833333334 0.5494791666666666 0.5625 0.5755208333333334
3 0.4205729166666667 0.5859375 0.4244791666666667 0.59375 0.4231770833333333 0.6028645833333334 0.4192708333333333 0.6028645833333334 0.4166666666666667 0.59765625 0.4166666666666667 0.5885416666666666 0.4192708333333333 0.5872395833333334
3 0.43359375 0.4075520833333333 0.4388020833333333 0.4075520833333333 0.44140625 0.4114583333333333 0.44140625 0.4192708333333333 0.4401041666666667 0.421875 0.4361979166666667 0.421875 0.4322916666666667 0.4140625 0.43359375 0.4088541666666667
3 0.3658854166666667 0.3229166666666667 0.3697916666666667 0.3294270833333333 0.3697916666666667 0.3359375 0.3671875 0.33984375 0.3619791666666667 0.3385416666666667 0.3580729166666667 0.33203125 0.359375 0.3268229166666667 0.3645833333333333 0.3229166666666667
3 0.4010416666666667 0.76953125 0.4075520833333333 0.77734375 0.4049479166666667 0.7864583333333334 0.4010416666666667 0.7890625 0.3971354166666667 0.7838541666666666 0.3958333333333333 0.7760416666666666 0.3997395833333333 0.7708333333333334
3 0.6549479166666666 0.578125 0.6614583333333334 0.5768229166666666 0.6640625 0.58203125 0.6627604166666666 0.5963541666666666 0.6588541666666666 0.59765625 0.65625 0.5963541666666666 0.6549479166666666 0.5794270833333334
3 0.5182291666666666 0.46484375 0.5221354166666666 0.46484375 0.5247395833333334 0.47265625 0.5234375 0.484375 0.51953125 0.484375 0.5182291666666666 0.4661458333333333
3 0.48046875 0.44166666666666665 0.47031249999999997 0.44444444401041666 0.46953125 0.45555555598958336 0.4734375 0.46249999999999997 0.48281250000000003 0.45972222265625 0.48046875 0.44166666666666665