1 0.6171875 0.7097222226562501 0.61484375 0.7166666666666667 0.6179687500000001 0.7166666666666667 0.6171875 0.7097222226562501
0 0.9479166666666666 0.4166666666666667 0.9986979166666666 0.4166666666666667 0.9986979166666666 0.421875 0.90234375 0.42578125 0.8854166666666666 0.43359375 0.8697916666666666 0.4518229166666667 0.859375 0.4739583333333333 0.8580729166666666 0.484375 0.85546875 0.4869791666666667 0.8515625 0.5130208333333334 0.8515625 0.5390625 0.85546875 0.5651041666666666 0.86328125 0.5872395833333334 0.875 0.6067708333333334 0.8841145833333334 0.6158854166666666 0.89453125 0.6223958333333334 0.91015625 0.625 0.9505208333333334 0.6223958333333334 0.9986979166666666 0.6223958333333334 0.9986979166666666 0.62890625 0.9036458333333334 0.6315104166666666 0.8880208333333334 0.6263020833333334 0.8723958333333334 0.6119791666666666 0.859375 0.5885416666666666 0.8515625 0.5638020833333334 0.8489583333333334 0.5442708333333334 0.8489583333333334 0.5078125 0.8515625 0.4895833333333333 0.85546875 0.48046875 0.8567708333333334 0.4700520833333333 0.8645833333333334 0.4518229166666667 0.875 0.4388020833333333 0.875 0.4361979166666667 0.88671875 0.42578125 0.8997395833333334 0.4205729166666667 0.9479166666666666 0.41796875
0 0.14322916666666666 0.4479166666666667 0.15885416666666666 0.4557291666666667 0.171875 0.4700520833333333 0.1796875 0.484375 0.1875 0.5065104166666666 0.19140625 0.5247395833333334 0.19270833333333334 0.56640625 0.19140625 0.5846354166666666 0.18619791666666666 0.6067708333333334 0.18359375 0.609375 0.18229166666666666 0.6171875 0.16796875 0.640625 0.15885416666666666 0.6497395833333334 0.14713541666666666 0.65625 0.13541666666666666 0.6588541666666666 0.07552083333333333 0.6614583333333334 0.028645833333333332 0.6614583333333334 0.029947916666666668 0.6575520833333334 0.13671875 0.6536458333333334 0.14713541666666666 0.6510416666666666 0.16796875 0.6328125 0.1796875 0.61328125 0.18098958333333334 0.6041666666666666 0.1875 0.5885416666666666 0.19010416666666666 0.56640625 0.19010416666666666 0.5377604166666666 0.1875 0.5182291666666666 0.1796875 0.4934895833333333 0.16796875 0.47265625 0.14583333333333334 0.4544270833333333 0.09765625 0.453125 0.024739583333333332 0.4557291666666667 0.024739583333333332 0.4518229166666667 0.05078125 0.44921875 0.14192708333333334 0.4479166666666667
2 0.5169270833333334 0.12760416666666666 0.51953125 0.17838541666666666 0.51953125 0.33203125 0.5234375 0.48828125 0.5234375 0.62109375 0.51953125 0.6197916666666666 0.51953125 0.46875 0.515625 0.2799479166666667 0.5169270833333334 0.12890625
3 0.6184895833333334 0.7317708333333334 0.6276041666666666 0.734375 0.6236979166666666 0.7447916666666666 0.6184895833333334 0.74609375 0.6184895833333334 0.7330729166666666
3 0.4609375 0.5091145833333334 0.4635416666666667 0.5130208333333334 0.4635416666666667 0.5234375 0.4609375 0.5260416666666666 0.4557291666666667 0.5247395833333334 0.4557291666666667 0.5143229166666666 0.4596354166666667 0.5091145833333334
3 0.5065104166666666 0.26171875 0.5078125 0.2734375 0.50390625 0.2864583333333333 0.5 0.2838541666666667 0.5 0.26953125 0.5026041666666666 0.2630208333333333 0.5052083333333334 0.26171875
3 0.5221354166666666 0.62109375 0.5260416666666666 0.625 0.5286458333333334 0.6328125 0.5221354166666666 0.6393229166666666 0.5182291666666666 0.6393229166666666 0.5169270833333334 0.63671875 0.5169270833333334 0.6236979166666666 0.5208333333333334 0.62109375
3 0.5833333333333334 0.4348958333333333 0.5885416666666666 0.4348958333333333 0.5885416666666666 0.4453125 0.5833333333333334 0.4518229166666667 0.5794270833333334 0.4518229166666667 0.5794270833333334 0.4427083333333333 0.5833333333333334 0.4361979166666667
3 0.3723958333333333 0.5078125 0.3763020833333333 0.5065104166666666 0.37890625 0.5104166666666666 0.37890625 0.5234375 0.3776041666666667 0.5260416666666666 0.3723958333333333 0.52734375 0.3684895833333333 0.5221354166666666 0.3684895833333333 0.515625 0.3723958333333333 0.5091145833333334
3 0.6497395833333334 0.5950520833333334 0.65625 0.5989583333333334 0.65625 0.6080729166666666 0.6510416666666666 0.6145833333333334 0.6471354166666666 0.61328125 0.6432291666666666 0.5989583333333334 0.64453125 0.5950520833333334 0.6484375 0.5950520833333334
3 0.67578125 0.3567708333333333 0.68359375 0.3580729166666667 0.68359375 0.3619791666666667 0.6770833333333334 0.37109375 0.671875 0.3697916666666667 0.67578125 0.3580729166666667
3 0.54296875 0.22395833333333334 0.5416666666666666 0.24479166666666666 0.5364583333333334 0.24479166666666666 0.53515625 0.2421875 0.53515625 0.2265625 0.5416666666666666 0.22395833333333334
3 0.6106770833333334 0.568359375 0.014322916666666666 0.01953125
3 0.5416666666666666 0.6875 0.546875 0.6953125 0.5455729166666666 0.7057291666666666 0.54296875 0.70703125 0.54296875 0.7096354166666666 0.5403645833333334 0.70703125 0.5416666666666666 0.6888020833333334
3 0.5343749999999999 0.47361111067708334 0.5398437500000001 0.47361111067708334 0.54453125 0.4666666666666666 0.5437500000000001 0.45555555598958336 0.5382812499999999 0.4513888893229167 0.5320312500000001 0.45555555598958336 0.5343749999999999 0.47361111067708334