1 0.546875 0.6708333333333334 0.5499999999999999 0.6833333333333332 0.5499999999999999 0.6708333333333334 0.546875 0.6708333333333334
0 0.4700520833333333 0.4453125 0.4856770833333333 0.4479166666666667 0.4973958333333333 0.4557291666666667 0.51171875 0.4778645833333333 0.5208333333333334 0.5091145833333334 0.5208333333333334 0.56640625 0.5130208333333334 0.58984375 0.5013020833333334 0.609375 0.4869791666666667 0.62109375 0.4791666666666667 0.6236979166666666 0.4622395833333333 0.6223958333333334 0.44140625 0.6067708333333334 0.4296875 0.5846354166666666 0.42578125 0.5716145833333334 0.4244791666666667 0.5533854166666666 0.421875 0.546875 0.421875 0.5260416666666666 0.42578125 0.4986979166666667 0.4322916666666667 0.4791666666666667 0.4453125 0.4583333333333333 0.45703125 0.44921875 0.46875 0.4466145833333333
0 0 0.4114583333333333 0.08854166666666667 0.4140625 0.10286458333333333 0.4205729166666667 0.11458333333333333 0.4296875 0.13020833333333334 0.4544270833333333 0.13802083333333334 0.4791666666666667 0.14192708333333334 0.5052083333333334 0.14192708333333334 0.5390625 0.13802083333333334 0.5651041666666666 0.13020833333333334 0.5885416666666666 0.11848958333333333 0.6080729166666666 0.11067708333333333 0.6158854166666666 0.09114583333333333 0.6276041666666666 0 0.6263020833333334 0 0.6184895833333334 0.09114583333333333 0.62109375 0.10286458333333333 0.6158854166666666 0.11328125 0.60546875 0.125 0.5885416666666666 0.13541666666666666 0.5598958333333334 0.13932291666666666 0.5390625 0.13932291666666666 0.50390625 0.1328125 0.47265625 0.12369791666666667 0.4505208333333333 0.10677083333333333 0.4296875 0.08854166666666667 0.4205729166666667 0.010416666666666666 0.4192708333333333 0 0.41796875 0 0.4127604166666667
0 0.8723958333333334 0.4427083333333333 0.9635416666666666 0.4453125 0.96875 0.44921875 0.91796875 0.4505208333333333 0.8541666666666666 0.4479166666666667 0.8411458333333334 0.453125 0.8346354166666666 0.4583333333333333 0.8255208333333334 0.46875 0.8138020833333334 0.4895833333333333 0.8033854166666666 0.53515625 0.8033854166666666 0.5572916666666666 0.8072916666666666 0.5872395833333334 0.8138020833333334 0.6067708333333334 0.8307291666666666 0.6341145833333334 0.8515625 0.6484375 0.953125 0.65234375 0.96484375 0.6536458333333334 0.9661458333333334 0.6575520833333334 0.9635416666666666 0.6588541666666666 0.86328125 0.6549479166666666 0.84765625 0.65234375 0.83984375 0.6484375 0.82421875 0.6341145833333334 0.8125 0.61328125 0.8046875 0.58984375 0.80078125 0.5598958333333334 0.80078125 0.5338541666666666 0.80859375 0.4947916666666667 0.8203125 0.46875 0.8359375 0.4505208333333333 0.8541666666666666 0.4427083333333333 0.87109375 0.4427083333333333
2 0.4739583333333333 0.50390625 0.4739583333333333 0.6471354166666666 0.4713541666666667 0.6861979166666666 0.47265625 0.7096354166666666 0.4700520833333333 0.8372395833333334 0.4713541666666667 0.8684895833333334 0.4700520833333333 0.9453125 0.4674479166666667 0.9466145833333334 0.4661458333333333 0.921875 0.4700520833333333 0.703125 0.46875 0.6536458333333334 0.4713541666666667 0.6080729166666666 0.4700520833333333 0.5052083333333334 0.47265625 0.50390625
3 0.6197916666666666 0.16276041666666666 0.6263020833333334 0.16927083333333334 0.6197916666666666 0.18880208333333334 0.61328125 0.18489583333333334 0.6158854166666666 0.16666666666666666 0.6184895833333334 0.1640625
3 0.6783854166666666 0.5520833333333334 0.6809895833333334 0.5533854166666666 0.6822916666666666 0.55859375 0.6809895833333334 0.5924479166666666 0.6770833333333334 0.5924479166666666 0.6744791666666666 0.5572916666666666 0.6783854166666666 0.5533854166666666
3 0.6015625 0.9140625 0.59765625 0.8880208333333334 0.6015625 0.8815104166666666 0.6080729166666666 0.8919270833333334 0.6080729166666666 0.91015625 0.6028645833333334 0.9140625
3 0.44921875 0.6419270833333334 0.4518229166666667 0.6484375 0.4505208333333333 0.66015625 0.4466145833333333 0.6588541666666666 0.4427083333333333 0.6497395833333334 0.4440104166666667 0.6419270833333334 0.4479166666666667 0.6419270833333334
3 0.203125 0.1484375 0.21223958333333334 0.15625 0.21354166666666666 0.17447916666666666 0.20963541666666666 0.17447916666666666 0.20703125 0.16666666666666666 0.19921875 0.16015625 0.19921875 0.15104166666666666 0.20182291666666666 0.14973958333333334
3 0.38671875 0.8828125 0.3828125 0.8776041666666666 0.3828125 0.8658854166666666 0.3893229166666667 0.8606770833333334 0.3958333333333333 0.8606770833333334 0.3958333333333333 0.86328125 0.3932291666666667 0.8671875 0.3932291666666667 0.8776041666666666 0.3880208333333333 0.8828125
3 0.26171875 0.3098958333333333 0.2669270833333333 0.3177083333333333 0.2669270833333333 0.3268229166666667 0.2630208333333333 0.3307291666666667 0.25390625 0.3216145833333333 0.2526041666666667 0.3177083333333333 0.2526041666666667 0.3125 0.2604166666666667 0.3098958333333333
3 0.48046875 0.14322916666666666 0.4895833333333333 0.14322916666666666 0.4934895833333333 0.15494791666666666 0.4908854166666667 0.16145833333333334 0.4908854166666667 0.171875 0.48828125 0.17578125 0.484375 0.17578125 0.4791666666666667 0.16276041666666666 0.48046875 0.14453125
3 0.69921875 0.7395833333333334 0.6966145833333334 0.73046875 0.69921875 0.71875 0.703125 0.71875 0.7057291666666666 0.72265625 0.7057291666666666 0.7369791666666666 0.703125 0.7408854166666666 0.7005208333333334 0.7395833333333334
3 0.09895833333333333 0.4765625 0.09895833333333333 0.48828125 0.08723958333333333 0.4947916666666667 0.08333333333333333 0.4947916666666667 0.08072916666666667 0.4921875 0.08203125 0.4791666666666667 0.09244791666666667 0.4791666666666667 0.09765625 0.4765625
3 0.48046875 0.4752604166666667 0.4830729166666667 0.4869791666666667 0.4817708333333333 0.4973958333333333 0.4752604166666667 0.4908854166666667 0.4752604166666667 0.4817708333333333 0.4765625 0.4765625 0.4791666666666667 0.4752604166666667
3 0.8390624999999999 0.5180555559895833 0.8351562499999999 0.525 0.8367187500000001 0.5319444440104167 0.8484375000000001 0.5375 0.8484375000000001 0.525 0.8390624999999999 0.5180555559895833