1 0.64609375 0.5541666666666667 0.6453125000000001 0.5569444440104167 0.6476562499999999 0.55972222265625 0.65 0.5555555559895834 0.6515624999999999 0.5499999999999999 0.6515624999999999 0.5486111106770833 0.65 0.5458333333333333 0.6484375 0.5444444440104167 0.64609375 0.5499999999999999 0.64609375 0.5541666666666667
0 0.9986979166666666 0.4140625 0.9986979166666666 0.4205729166666667 0.90625 0.4231770833333333 0.8932291666666666 0.4283854166666667 0.8841145833333334 0.4348958333333333 0.875 0.4466145833333333 0.86328125 0.4700520833333333 0.8580729166666666 0.4869791666666667 0.85546875 0.50390625 0.85546875 0.546875 0.8580729166666666 0.5520833333333334 0.859375 0.56640625 0.8619791666666666 0.5690104166666666 0.8671875 0.5885416666666666 0.8776041666666666 0.60546875 0.8880208333333334 0.6158854166666666 0.9036458333333334 0.6236979166666666 0.9986979166666666 0.62109375 0.9986979166666666 0.6276041666666666 0.9479166666666666 0.6302083333333334 0.8984375 0.62890625 0.8841145833333334 0.6197916666666666 0.8684895833333334 0.6002604166666666 0.8606770833333334 0.5846354166666666 0.85546875 0.5651041666666666 0.85546875 0.5559895833333334 0.8528645833333334 0.5533854166666666 0.8515625 0.5104166666666666 0.8567708333333334 0.4778645833333333 0.86328125 0.4583333333333333 0.8763020833333334 0.4361979166666667 0.88671875 0.42578125 0.8958333333333334 0.4205729166666667 0.9049479166666666 0.4192708333333333 0.90625 0.4166666666666667 0.9973958333333334 0.4140625
0 0.13541666666666666 0.4466145833333333 0.15104166666666666 0.4518229166666667 0.15885416666666666 0.45703125 0.16796875 0.4674479166666667 0.17447916666666666 0.4765625 0.17578125 0.4830729166666667 0.17838541666666666 0.484375 0.18619791666666666 0.5065104166666666 0.19140625 0.5377604166666666 0.19140625 0.5716145833333334 0.18229166666666666 0.61328125 0.17578125 0.6236979166666666 0.17578125 0.6276041666666666 0.16145833333333334 0.6471354166666666 0.14713541666666666 0.65625 0.12890625 0.66015625 0.057291666666666664 0.6627604166666666 0.028645833333333332 0.6627604166666666 0.024739583333333332 0.6614583333333334 0.02734375 0.6588541666666666 0.13932291666666666 0.6536458333333334 0.14713541666666666 0.6510416666666666 0.16015625 0.640625 0.171875 0.6263020833333334 0.171875 0.6223958333333334 0.1796875 0.609375 0.1875 0.578125 0.18880208333333334 0.5390625 0.18489583333333334 0.5143229166666666 0.18098958333333334 0.5065104166666666 0.1796875 0.4973958333333333 0.16536458333333334 0.4713541666666667 0.14453125 0.4544270833333333 0.125 0.4518229166666667 0.024739583333333332 0.4557291666666667 0.022135416666666668 0.453125 0.024739583333333332 0.4505208333333333 0.044270833333333336 0.44921875 0.13411458333333334 0.4466145833333333
2 0.5182291666666666 0.12239583333333333 0.52734375 0.94921875 0.5247395833333334 0.9505208333333334 0.5234375 0.9322916666666666 0.5234375 0.7799479166666666 0.51953125 0.6302083333333334 0.515625 0.15494791666666666 0.5169270833333334 0.12369791666666667
3 0.40625 0.4114583333333333 0.4140625 0.4205729166666667 0.4140625 0.4309895833333333 0.4075520833333333 0.4309895833333333 0.4049479166666667 0.4205729166666667 0.40625 0.4127604166666667
3 0.5533854166666666 0.24739583333333334 0.5546875 0.2669270833333333 0.5494791666666666 0.2721354166666667 0.5455729166666666 0.2591145833333333 0.5481770833333334 0.25 0.5520833333333334 0.24739583333333334
3 0.6015625 0.19791666666666666 0.6028645833333334 0.2109375 0.6002604166666666 0.21744791666666666 0.5950520833333334 0.21744791666666666 0.5950520833333334 0.20703125 0.6002604166666666 0.19921875
3 0.4609375 0.6080729166666666 0.4635416666666667 0.609375 0.4635416666666667 0.6158854166666666 0.4609375 0.6184895833333334 0.4596354166666667 0.6263020833333334 0.4557291666666667 0.6263020833333334 0.453125 0.6223958333333334 0.4544270833333333 0.6119791666666666 0.4596354166666667 0.6080729166666666
3 0.77734375 0.65625 0.78515625 0.65625 0.7890625 0.6588541666666666 0.7890625 0.6705729166666666 0.78515625 0.671875 0.77734375 0.66796875 0.77734375 0.6575520833333334
3 0.6627604166666666 0.5872395833333334 0.6627604166666666 0.5950520833333334 0.65625 0.6015625 0.65234375 0.6015625 0.6497395833333334 0.5989583333333334 0.6497395833333334 0.5924479166666666 0.6588541666666666 0.5859375 0.6614583333333334 0.5872395833333334
3 0.5559895833333334 0.7473958333333334 0.55859375 0.7473958333333334 0.5625 0.7565104166666666 0.5625 0.7643229166666666 0.55859375 0.7669270833333334 0.5533854166666666 0.765625 0.5559895833333334 0.7486979166666666
3 0.5703125 0.375 0.5729166666666666 0.37890625 0.5716145833333334 0.3971354166666667 0.5703125 0.4010416666666667 0.56640625 0.3971354166666667 0.5677083333333334 0.3802083333333333 0.5703125 0.3763020833333333
3 0.6106770833333334 0.8359375 0.6158854166666666 0.8372395833333334 0.62109375 0.84375 0.62109375 0.8502604166666666 0.6158854166666666 0.85546875 0.6106770833333334 0.85546875 0.6106770833333334 0.8372395833333334
3 0.75390625 0.4513888893229167 0.7515625 0.4513888893229167 0.75 0.45277777734375 0.75 0.46249999999999997 0.7507812500000001 0.4666666666666666 0.75234375 0.4680555559895833 0.7531249999999999 0.46527777734375 0.7609374999999999 0.4583333333333333 0.7625000000000001 0.45416666666666666 0.76171875 0.4513888893229167 0.76015625 0.45 0.7546875000000001 0.45 0.75390625 0.4513888893229167
3 0.6570312500000001 0.5291666666666667 0.6578125 0.5333333333333333 0.65859375 0.5333333333333333 0.665625 0.5236111106770833 0.665625 0.52222222265625 0.6687500000000001 0.5166666666666667 0.6687500000000001 0.5138888893229167 0.66015625 0.51527777734375 0.6578125 0.5180555559895833 0.6570312500000001 0.52222222265625 0.6570312500000001 0.5291666666666667
3 0.615625 0.50277777734375 0.61328125 0.5069444440104166 0.61328125 0.5166666666666667 0.61484375 0.5194444440104167 0.6171875 0.5208333333333334 0.6203124999999999 0.5208333333333334 0.62109375 0.5194444440104167 0.6242187499999999 0.5194444440104167 0.62734375 0.5138888893229167 0.62734375 0.5041666666666667 0.6242187499999999 0.49861111067708336 0.6203124999999999 0.49722222265625 0.615625 0.5013888893229167 0.615625 0.50277777734375