1 0.59140625 0.8194444440104167 0.5929687499999999 0.8138888893229167 0.5921875 0.8111111106770833 0.58984375 0.8111111106770833 0.58828125 0.8138888893229167 0.5890624999999999 0.8166666666666668 0.5906250000000001 0.8194444440104167 0.59140625 0.8194444440104167
0 0 0.4114583333333333 0.08723958333333333 0.4140625 0.09635416666666667 0.4166666666666667 0.09765625 0.4192708333333333 0.10807291666666667 0.4244791666666667 0.11848958333333333 0.4348958333333333 0.11979166666666667 0.4401041666666667 0.13020833333333334 0.4557291666666667 0.13671875 0.4765625 0.14192708333333334 0.5091145833333334 0.13932291666666666 0.5559895833333334 0.13411458333333334 0.5768229166666666 0.11979166666666667 0.60546875 0.10546875 0.6197916666666666 0.09114583333333333 0.6276041666666666 0 0.6263020833333334 0 0.6197916666666666 0.09114583333333333 0.62109375 0.10026041666666667 0.6171875 0.11328125 0.60546875 0.12630208333333334 0.5846354166666666 0.13411458333333334 0.5638020833333334 0.13671875 0.5403645833333334 0.13932291666666666 0.53515625 0.13932291666666666 0.5104166666666666 0.13671875 0.50390625 0.13671875 0.4895833333333333 0.13411458333333334 0.4791666666666667 0.12369791666666667 0.4518229166666667 0.10677083333333333 0.4296875 0.08854166666666667 0.4205729166666667 0 0.41796875 0 0.4127604166666667
0 0.921875 0.4453125 0.9596354166666666 0.4466145833333333 0.9661458333333334 0.4479166666666667 0.9674479166666666 0.4518229166666667 0.8528645833333334 0.44921875 0.83984375 0.4544270833333333 0.8255208333333334 0.46875 0.8111979166666666 0.4947916666666667 0.8059895833333334 0.5221354166666666 0.8033854166666666 0.5260416666666666 0.8033854166666666 0.5638020833333334 0.8059895833333334 0.5690104166666666 0.8072916666666666 0.58984375 0.8151041666666666 0.61328125 0.8255208333333334 0.6302083333333334 0.8359375 0.640625 0.8463541666666666 0.6458333333333334 0.84765625 0.6484375 0.8580729166666666 0.6510416666666666 0.9544270833333334 0.6536458333333334 0.9635416666666666 0.6549479166666666 0.9635416666666666 0.6588541666666666 0.8841145833333334 0.6575520833333334 0.8619791666666666 0.65625 0.84375 0.65234375 0.8346354166666666 0.6471354166666666 0.8229166666666666 0.6341145833333334 0.8111979166666666 0.61328125 0.8046875 0.59375 0.80078125 0.5703125 0.80078125 0.5299479166666666 0.8033854166666666 0.5130208333333334 0.81640625 0.4739583333333333 0.828125 0.4583333333333333 0.83984375 0.44921875 0.85546875 0.4440104166666667 0.9205729166666666 0.4453125
2 0.4739583333333333 0.4479166666666667 0.4739583333333333 0.6302083333333334 0.4713541666666667 0.6497395833333334 0.46875 0.9453125 0.4661458333333333 0.9466145833333334 0.46484375 0.921875 0.4674479166666667 0.90625 0.4674479166666667 0.7083333333333334 0.47265625 0.44921875
3 0.6106770833333334 0.21614583333333334 0.6145833333333334 0.21875 0.6145833333333334 0.2265625 0.6106770833333334 0.23697916666666666 0.60546875 0.234375 0.60546875 0.21744791666666666 0.609375 0.21614583333333334
3 0.6692708333333334 0.5625 0.671875 0.5625 0.6744791666666666 0.5690104166666666 0.6744791666666666 0.5794270833333334 0.671875 0.58203125 0.66796875 0.5794270833333334 0.6640625 0.5716145833333334 0.6640625 0.56640625 0.6692708333333334 0.5638020833333334
3 0.5950520833333334 0.8723958333333334 0.59375 0.9010416666666666 0.5885416666666666 0.9010416666666666 0.5859375 0.8984375 0.5859375 0.890625 0.58203125 0.8841145833333334 0.58203125 0.87890625 0.5885416666666666 0.87890625 0.59375 0.8736979166666666
3 0.6341145833333334 0.7610677083333334 0.013020833333333334 0.024739583333333332
3 0.4986979166666667 0.17447916666666666 0.5026041666666666 0.18098958333333334 0.5026041666666666 0.19140625 0.5013020833333334 0.19791666666666666 0.4973958333333333 0.203125 0.4947916666666667 0.203125 0.4895833333333333 0.19010416666666666 0.4895833333333333 0.1796875 0.4934895833333333 0.17447916666666666 0.4973958333333333 0.17447916666666666
3 0.453125 0.6822916666666666 0.4596354166666667 0.6809895833333334 0.4635416666666667 0.6927083333333334 0.4622395833333333 0.69921875 0.45703125 0.69921875 0.453125 0.69140625 0.453125 0.68359375
3 0.3821614583333333 0.8483072916666666 0.01171875 0.022135416666666668
3 0.26171875 0.3528645833333333 0.2669270833333333 0.3684895833333333 0.2669270833333333 0.3736979166666667 0.26171875 0.37890625 0.2604166666666667 0.3723958333333333 0.25390625 0.3671875 0.2526041666666667 0.36328125 0.25390625 0.3567708333333333 0.2604166666666667 0.3528645833333333
3 0.21354166666666666 0.1796875 0.22005208333333334 0.19140625 0.22265625 0.203125 0.21744791666666666 0.20572916666666666 0.20703125 0.19270833333333334 0.20703125 0.18229166666666666 0.21223958333333334 0.18098958333333334
3 0.08203125 0.48828125 0.08463541666666667 0.4947916666666667 0.07942708333333333 0.5052083333333334 0.07421875 0.5026041666666666 0.07421875 0.4895833333333333 0.08072916666666667 0.48828125
3 0.8216145833333334 0.5533854166666666 0.8255208333333334 0.55859375 0.8268229166666666 0.5651041666666666 0.82421875 0.57421875 0.8098958333333334 0.5716145833333334 0.8125 0.5598958333333334 0.8203125 0.5533854166666666
3 0.4765625 0.4296875 0.48046875 0.4270833333333333 0.4830729166666667 0.4283854166666667 0.4830729166666667 0.4427083333333333 0.4856770833333333 0.4466145833333333 0.484375 0.4505208333333333 0.4791666666666667 0.44921875 0.4765625 0.44140625 0.4765625 0.4309895833333333