1 0.6203124999999999 0.18611111067708333 0.6234375 0.1875 0.6242187499999999 0.18333333333333335 0.6234375 0.17916666666666667 0.62265625 0.1805555559895833 0.6203124999999999 0.1805555559895833 0.6203124999999999 0.18611111067708333
0 0.9986979166666666 0.4205729166666667 0.9986979166666666 0.42578125 0.9088541666666666 0.4296875 0.8919270833333334 0.4361979166666667 0.8736979166666666 0.45703125 0.8736979166666666 0.4609375 0.8671875 0.4713541666666667 0.8580729166666666 0.5026041666666666 0.8580729166666666 0.53125 0.85546875 0.53515625 0.8528645833333334 0.5286458333333334 0.85546875 0.5 0.8606770833333334 0.4778645833333333 0.8684895833333334 0.4583333333333333 0.8880208333333334 0.4322916666666667 0.8997395833333334 0.42578125 0.9166666666666666 0.4231770833333333 0.9973958333333334 0.4205729166666667
0 0.1328125 0.4557291666666667 0.14322916666666666 0.4583333333333333 0.16666666666666666 0.4791666666666667 0.17447916666666666 0.4934895833333333 0.18359375 0.51953125 0.1875 0.5455729166666666 0.1875 0.5807291666666666 0.18359375 0.6080729166666666 0.17447916666666666 0.6341145833333334 0.1640625 0.6510416666666666 0.15494791666666666 0.66015625 0.13932291666666666 0.6692708333333334 0.125 0.671875 0.0546875 0.6731770833333334 0.028645833333333332 0.67578125 0.022135416666666668 0.67578125 0.020833333333333332 0.671875 0.0234375 0.6705729166666666 0.046875 0.6692708333333334 0.048177083333333336 0.6666666666666666 0.08203125 0.6666666666666666 0.10677083333333333 0.6640625 0.11979166666666667 0.6653645833333334 0.13932291666666666 0.6627604166666666 0.15104166666666666 0.65625 0.16015625 0.6471354166666666 0.17317708333333334 0.6263020833333334 0.18359375 0.5924479166666666 0.18489583333333334 0.5455729166666666 0.17578125 0.5065104166666666 0.16015625 0.4791666666666667 0.14583333333333334 0.4674479166666667 0.13802083333333334 0.4635416666666667 0.12760416666666666 0.4622395833333333 0.045572916666666664 0.4661458333333333 0.018229166666666668 0.46484375 0.018229166666666668 0.4622395833333333 0.020833333333333332 0.4609375 0.0390625 0.4609375 0.040364583333333336 0.4583333333333333 0.13151041666666666 0.4557291666666667
2 0.5208333333333334 0.5169270833333334 0.5247395833333334 0.74609375 0.5234375 0.7825520833333334 0.52734375 0.93359375 0.5260416666666666 0.9622395833333334 0.5247395833333334 0.9635416666666666 0.5234375 0.9609375 0.5221354166666666 0.8815104166666666 0.5208333333333334 0.6731770833333334 0.5169270833333334 0.5390625 0.5208333333333334 0.5182291666666666
3 0.6015625 0.5377604166666666 0.60546875 0.5416666666666666 0.6041666666666666 0.5533854166666666 0.6015625 0.5559895833333334 0.59765625 0.5546875 0.6002604166666666 0.5390625
3 0.47265625 0.19401041666666666 0.4752604166666667 0.19401041666666666 0.4765625 0.19661458333333334 0.4765625 0.20963541666666666 0.4752604166666667 0.21614583333333334 0.47265625 0.21744791666666666 0.4700520833333333 0.21484375 0.46875 0.20703125 0.4700520833333333 0.19791666666666666 0.47265625 0.1953125
3 0.57421875 0.6015625 0.578125 0.6015625 0.5807291666666666 0.609375 0.5807291666666666 0.6171875 0.5755208333333334 0.6184895833333334 0.5716145833333334 0.6145833333333334 0.57421875 0.6028645833333334
3 0.73828125 0.70703125 0.7408854166666666 0.70703125 0.7473958333333334 0.7174479166666666 0.7473958333333334 0.72265625 0.7447916666666666 0.7265625 0.7369791666666666 0.7265625 0.7356770833333334 0.7174479166666666 0.73828125 0.71484375 0.73828125 0.7083333333333334
3 0.5104166666666666 0.7434895833333334 0.5143229166666666 0.75390625 0.5143229166666666 0.7630208333333334 0.5104166666666666 0.7669270833333334 0.5078125 0.765625 0.5091145833333334 0.7447916666666666
3 0.5625 0.39453125 0.56640625 0.39453125 0.5690104166666666 0.3984375 0.5690104166666666 0.4049479166666667 0.5625 0.4088541666666667 0.5625 0.3958333333333333
3 0.5182291666666666 0.4752604166666667 0.5221354166666666 0.4830729166666667 0.5208333333333334 0.5013020833333334 0.5182291666666666 0.50390625 0.5143229166666666 0.50390625 0.51171875 0.4973958333333333 0.5130208333333334 0.4791666666666667 0.5169270833333334 0.4765625
3 0.6263020833333334 0.16145833333333334 0.6263020833333334 0.15104166666666666 0.6302083333333334 0.14192708333333334 0.6354166666666666 0.14322916666666666 0.63671875 0.15104166666666666 0.6328125 0.16015625 0.6302083333333334 0.16276041666666666 0.6276041666666666 0.16145833333333334
3 0.400390625 0.3704427083333333 0.010416666666666666 0.0234375
3 0.40625 0.6783854166666666 0.41015625 0.6861979166666666 0.40625 0.7005208333333334 0.40234375 0.69921875 0.3997395833333333 0.6927083333333334 0.3997395833333333 0.6848958333333334 0.4049479166666667 0.6796875
3 0.57421875 0.7408854166666666 0.5807291666666666 0.75 0.5807291666666666 0.7604166666666666 0.5768229166666666 0.7630208333333334 0.57421875 0.7630208333333334 0.5716145833333334 0.7591145833333334 0.5703125 0.7526041666666666 0.5703125 0.7421875 0.5729166666666666 0.7408854166666666
3 0.856528125 0.5518888893229167 0.8687382812500001 0.5492583333333333 0.87465859375 0.53955972265625 0.865778125 0.5249361106770833 0.85948828125 0.5341388893229166 0.856528125 0.5518888893229167