1 0.38828124999999997 0.7222222226562499 0.38906250000000003 0.7263888893229167 0.39140625 0.7263888893229167 0.39296875000000003 0.7236111106770834 0.39218749999999997 0.7208333333333333 0.39140625 0.7194444440104166 0.38984375 0.7194444440104166 0.38828124999999997 0.7222222226562499
3 0.3828125 0.17578125 0.3880208333333333 0.18229166666666666 0.3880208333333333 0.1953125 0.3854166666666667 0.203125 0.3828125 0.203125 0.37890625 0.19140625 0.37890625 0.1796875 0.3815104166666667 0.17708333333333334
3 0.3372395833333333 0.7395833333333334 0.3489583333333333 0.7408854166666666 0.3424479166666667 0.7591145833333334 0.3372395833333333 0.7591145833333334 0.3372395833333333 0.7408854166666666
3 0.3932291666666667 0.9114583333333334 0.3932291666666667 0.89453125 0.3984375 0.8815104166666666 0.40234375 0.88671875 0.40234375 0.9088541666666666 0.3984375 0.9140625 0.39453125 0.9114583333333334
3 0.54296875 0.6627604166666666 0.5494791666666666 0.66015625 0.5494791666666666 0.6770833333333334 0.5455729166666666 0.6809895833333334 0.5403645833333334 0.6783854166666666 0.5403645833333334 0.6666666666666666 0.54296875 0.6640625
3 0.7434895833333334 0.3359375 0.74609375 0.3385416666666667 0.74609375 0.3463541666666667 0.7369791666666666 0.359375 0.7330729166666666 0.35546875 0.7330729166666666 0.3424479166666667 0.7356770833333334 0.3359375 0.7421875 0.3359375
3 0.5078125 0.15364583333333334 0.5143229166666666 0.16145833333333334 0.5143229166666666 0.17317708333333334 0.5104166666666666 0.17838541666666666 0.5104166666666666 0.18229166666666666 0.5078125 0.18489583333333334 0.5013020833333334 0.18359375 0.5013020833333334 0.16015625 0.5065104166666666 0.15494791666666666
3 0.9192708333333334 0.4765625 0.921875 0.4817708333333333 0.9205729166666666 0.4895833333333333 0.91796875 0.4921875 0.91015625 0.4921875 0.90625 0.4947916666666667 0.9036458333333334 0.4947916666666667 0.90234375 0.4921875 0.9036458333333334 0.484375 0.9153645833333334 0.4752604166666667 0.91796875 0.4765625
3 0.16666666666666666 0.5403645833333334 0.17578125 0.5546875 0.17447916666666666 0.5611979166666666 0.17057291666666666 0.55859375 0.16015625 0.5572916666666666 0.15755208333333334 0.5546875 0.15625 0.546875 0.16145833333333334 0.5403645833333334 0.16536458333333334 0.5403645833333334
3 0.52578125 0.45277777734375 0.5242187500000001 0.4458333333333333 0.5187499999999999 0.4458333333333333 0.521875 0.4583333333333333 0.52578125 0.45277777734375
3 0.32187499999999997 0.57777777734375 0.325 0.5805555559895833 0.32890625 0.5736111106770834 0.32890625 0.5625 0.32421875 0.55972222265625 0.32109375 0.56527777734375 0.32187499999999997 0.57777777734375
3 0.6179687500000001 0.8624999999999999 0.6171875 0.8555555559895834 0.609375 0.8527777773437499 0.609375 0.8736111106770833 0.6179687500000001 0.8624999999999999
3 0.78671875 0.18611111067708333 0.796875 0.1708333333333333 0.7960937499999999 0.1625 0.78671875 0.16666666666666666 0.78359375 0.18472222265625002 0.78671875 0.18611111067708333
2 0.5221354166666666 0.12239583333333333 0.5247395833333334 0.12239583333333333 0.5260416666666666 0.14322916666666666 0.5247395833333334 0.24479166666666666 0.52734375 0.4440104166666667 0.5247395833333334 0.4505208333333333 0.5247395833333334 0.4609375 0.52734375 0.4635416666666667 0.53125 0.90625 0.5338541666666666 0.921875 0.5325520833333334 0.9453125 0.5299479166666666 0.9453125 0.5286458333333334 0.9401041666666666 0.52734375 0.65625 0.5247395833333334 0.6315104166666666 0.5247395833333334 0.4947916666666667 0.5221354166666666 0.46484375 0.5247395833333334 0.45703125 0.5221354166666666 0.12369791666666667
0 1 0.41111111067708334 0.9671875 0.41111111067708334 0.91015625 0.4138888893229167 0.8875000000000001 0.42777777734375005 0.8734375 0.44722222265624995 0.8601562500000001 0.49027777734375005 0.8585937499999999 0.53472222265625 0.8624999999999999 0.5625 0.87734375 0.5986111106770834 0.8921875 0.6166666666666667 0.9109375000000001 0.6263888893229167 1 0.6236111106770833 1 0.6180555559895834 0.9015624999999999 0.6180555559895834 0.8781249999999999 0.5916666666666667 0.8640625000000001 0.55277777734375 0.8609375 0.5263888893229166 0.86484375 0.48472222265625 0.8859374999999999 0.43611111067708336 0.91015625 0.41944444401041664 1 0.4166666666666667 1 0.41111111067708334
0 0.14531249999999998 0.6486111106770833 0.10312500000000001 0.65 0.1015625 0.6541666666666667 0.07578125000000001 0.65 0.038281249999999996 0.65277777734375 0.03515625 0.6569444440104167 0.13671875 0.6541666666666667 0.16171875 0.64722222265625 0.1796875 0.6291666666666667 0.18984375 0.6083333333333333 0.196875 0.58472222265625 0.19765625 0.5569444440104167 0.18359375 0.6138888893229166 0.16015625 0.6430555559895833 0.14531249999999998 0.6486111106770833
0 0.1703125 0.45555555598958336 0.15546875000000002 0.44444444401041666 0.109375 0.44166666666666665 0.03046875 0.44861111067708337 0.0328125 0.45277777734375 0.15390625 0.45 0.16953125 0.4611111106770833 0.18437499999999998 0.48472222265625 0.19218749999999998 0.5069444440104166 0.196875 0.5361111106770834 0.19765625 0.5208333333333334 0.19453125000000002 0.5013888893229167 0.18359375 0.47361111067708334 0.1703125 0.45555555598958336