1 0.8171875000000001 0.6916666666666668 0.81875 0.6916666666666668 0.8203125 0.6888888893229167 0.8203125 0.6875 0.81875 0.68472222265625 0.81796875 0.68472222265625 0.81640625 0.6875 0.8171875000000001 0.6916666666666668
0 0.9986979166666666 0.41015625 0.9986979166666666 0.4153645833333333 0.9856770833333334 0.4153645833333333 0.984375 0.41796875 0.91796875 0.4192708333333333 0.90234375 0.4244791666666667 0.8880208333333334 0.4375 0.87890625 0.4518229166666667 0.8671875 0.4856770833333333 0.8645833333333334 0.50390625 0.8658854166666666 0.5494791666666666 0.87109375 0.5716145833333334 0.890625 0.6067708333333334 0.8997395833333334 0.6158854166666666 0.9153645833333334 0.6223958333333334 0.9986979166666666 0.6197916666666666 0.9986979166666666 0.6263020833333334 0.9505208333333334 0.6276041666666666 0.9127604166666666 0.6276041666666666 0.8958333333333334 0.6184895833333334 0.8841145833333334 0.6067708333333334 0.8828125 0.6015625 0.8723958333333334 0.5859375 0.86328125 0.5520833333333334 0.8606770833333334 0.5169270833333334 0.8645833333333334 0.4817708333333333 0.8723958333333334 0.4557291666666667 0.8828125 0.4401041666666667 0.8841145833333334 0.4348958333333333 0.9036458333333334 0.4166666666666667 0.9192708333333334 0.4127604166666667 0.9973958333333334 0.41015625
0 0.029947916666666668 0.44921875 0.10546875 0.4453125 0.1484375 0.4453125 0.15625 0.4479166666666667 0.17057291666666666 0.4583333333333333 0.18229166666666666 0.4752604166666667 0.19010416666666666 0.4934895833333333 0.1953125 0.5143229166666666 0.1953125 0.52734375 0.19270833333333334 0.5247395833333334 0.1875 0.4973958333333333 0.1796875 0.4791666666666667 0.171875 0.4674479166666667 0.15885416666666666 0.4557291666666667 0.1484375 0.4505208333333333 0.13932291666666666 0.44921875 0.05859375 0.453125 0.03125 0.453125 0.029947916666666668 0.4505208333333333
2 0.5247395833333334 0.11979166666666667 0.52734375 0.19921875 0.52734375 0.3229166666666667 0.5299479166666666 0.328125 0.52734375 0.3802083333333333 0.5299479166666666 0.4453125 0.5286458333333334 0.4752604166666667 0.5325520833333334 0.6731770833333334 0.5286458333333334 0.6809895833333334 0.52734375 0.46484375 0.5247395833333334 0.45703125 0.5247395833333334 0.4518229166666667 0.52734375 0.44921875 0.5247395833333334 0.4153645833333333 0.5247395833333334 0.3385416666666667 0.52734375 0.3359375 0.52734375 0.3294270833333333 0.5247395833333334 0.3268229166666667 0.5247395833333334 0.12109375
3 0.5201822916666666 0.3294270833333333 0.010416666666666666 0.01953125
3 0.5703125 0.30078125 0.5768229166666666 0.30078125 0.5807291666666666 0.3059895833333333 0.5807291666666666 0.3177083333333333 0.5768229166666666 0.3229166666666667 0.5703125 0.3255208333333333 0.56640625 0.3190104166666667 0.56640625 0.3072916666666667 0.5703125 0.3020833333333333
3 0.53125 0.6770833333333334 0.53515625 0.6770833333333334 0.5377604166666666 0.6822916666666666 0.5377604166666666 0.69140625 0.53515625 0.6979166666666666 0.53125 0.6979166666666666 0.53125 0.6783854166666666
3 0.5703125 0.8671875 0.5690104166666666 0.8541666666666666 0.5716145833333334 0.8502604166666666 0.5768229166666666 0.8515625 0.5768229166666666 0.8658854166666666 0.5729166666666666 0.8684895833333334 0.5716145833333334 0.8671875
3 0.5325520833333334 0.67578125 0.53515625 0.6770833333333334 0.5377604166666666 0.68359375 0.5325520833333334 0.7122395833333334 0.5286458333333334 0.7122395833333334 0.5286458333333334 0.6927083333333334 0.53125 0.6770833333333334
3 0.4830729166666667 0.4856770833333333 0.4869791666666667 0.4895833333333333 0.48828125 0.49609375 0.4830729166666667 0.5052083333333334 0.4830729166666667 0.515625 0.4791666666666667 0.5221354166666666 0.4765625 0.51953125 0.4765625 0.4947916666666667 0.4778645833333333 0.4856770833333333 0.4817708333333333 0.4856770833333333
3 0.8333333333333334 0.5546875 0.8385416666666666 0.5611979166666666 0.8385416666666666 0.5716145833333334 0.8307291666666666 0.5755208333333334 0.82421875 0.5755208333333334 0.8203125 0.5729166666666666 0.8203125 0.55859375 0.83203125 0.5546875
3 0.8046875 0.7955729166666666 0.80859375 0.7981770833333334 0.8098958333333334 0.8020833333333334 0.80859375 0.80859375 0.7942708333333334 0.8059895833333334 0.7942708333333334 0.7916666666666666 0.7981770833333334 0.7890625 0.8033854166666666 0.7955729166666666
3 0.7877604166666666 0.42578125 0.7877604166666666 0.4322916666666667 0.7799479166666666 0.4375 0.7760416666666666 0.4466145833333333 0.7734375 0.4440104166666667 0.7734375 0.4322916666666667 0.7786458333333334 0.42578125 0.7864583333333334 0.42578125
3 0.7721354166666666 0.20703125 0.7747395833333334 0.20833333333333334 0.7760416666666666 0.21744791666666666 0.7643229166666666 0.2265625 0.7604166666666666 0.22526041666666666 0.76171875 0.21614583333333334 0.7708333333333334 0.20833333333333334
3 0.9388020833333334 0.5481770833333334 0.94140625 0.5494791666666666 0.9427083333333334 0.5559895833333334 0.9401041666666666 0.5598958333333334 0.9348958333333334 0.5611979166666666 0.9309895833333334 0.5651041666666666 0.92578125 0.5651041666666666 0.9244791666666666 0.5533854166666666 0.9270833333333334 0.5494791666666666 0.9309895833333334 0.55078125 0.9375 0.5481770833333334
3 0.6119791666666666 0.69140625 0.6158854166666666 0.6927083333333334 0.6184895833333334 0.7018229166666666 0.6171875 0.7122395833333334 0.6119791666666666 0.7135416666666666 0.609375 0.7109375 0.6119791666666666 0.6927083333333334
3 0.1953125 0.5286458333333334 0.20703125 0.5325520833333334 0.20182291666666666 0.5455729166666666 0.19791666666666666 0.5494791666666666 0.19270833333333334 0.5481770833333334 0.18880208333333334 0.54296875 0.18880208333333334 0.5338541666666666 0.19401041666666666 0.5286458333333334