0 0.9986979166666666 0.4231770833333333 0.9986979166666666 0.4283854166666667 0.9153645833333334 0.4309895833333333 0.8997395833333334 0.4361979166666667 0.87890625 0.4583333333333333 0.87109375 0.4752604166666667 0.86328125 0.50390625 0.8619791666666666 0.5481770833333334 0.8645833333333334 0.56640625 0.87109375 0.58984375 0.88671875 0.6158854166666666 0.8997395833333334 0.62890625 0.9127604166666666 0.6341145833333334 0.9986979166666666 0.6315104166666666 0.9986979166666666 0.63671875 0.9674479166666666 0.6380208333333334 0.9075520833333334 0.6380208333333334 0.8958333333333334 0.6328125 0.8880208333333334 0.6263020833333334 0.8684895833333334 0.5950520833333334 0.8619791666666666 0.5716145833333334 0.859375 0.5520833333333334 0.8606770833333334 0.5026041666666666 0.8645833333333334 0.4830729166666667 0.8763020833333334 0.4557291666666667 0.8880208333333334 0.4401041666666667 0.8984375 0.4309895833333333 0.9127604166666666 0.42578125 0.9973958333333334 0.4231770833333333
0 0.1484375 0.4557291666666667 0.15494791666666666 0.4583333333333333 0.17447916666666666 0.4752604166666667 0.18619791666666666 0.4973958333333333 0.19270833333333334 0.5182291666666666 0.19791666666666666 0.5481770833333334 0.19791666666666666 0.5677083333333334 0.1953125 0.5950520833333334 0.18619791666666666 0.6263020833333334 0.17057291666666666 0.65234375 0.15364583333333334 0.6640625 0.13151041666666666 0.6692708333333334 0.07291666666666667 0.671875 0.03125 0.671875 0.032552083333333336 0.6666666666666666 0.140625 0.6627604166666666 0.15625 0.6575520833333334 0.16796875 0.6471354166666666 0.18098958333333334 0.6276041666666666 0.18098958333333334 0.6236979166666666 0.18880208333333334 0.6080729166666666 0.18880208333333334 0.6015625 0.19140625 0.5989583333333334 0.1953125 0.5598958333333334 0.19140625 0.5260416666666666 0.18359375 0.5 0.17578125 0.4869791666666667 0.16666666666666666 0.4739583333333333 0.15104166666666666 0.4635416666666667 0.13020833333333334 0.4609375 0.10026041666666667 0.4635416666666667 0.029947916666666668 0.46484375 0.028645833333333332 0.4609375 0.03125 0.4609375 0.032552083333333336 0.4583333333333333 0.059895833333333336 0.45703125 0.14713541666666666 0.4557291666666667
1 0.2109375 0.6458333333333334 0.21406250000000002 0.65277777734375 0.21406250000000002 0.6458333333333334 0.2109375 0.6458333333333334
2 0.5247395833333334 0.1328125 0.52734375 0.3177083333333333 0.5260416666666666 0.4010416666666667 0.5286458333333334 0.4635416666666667 0.52734375 0.5455729166666666 0.5299479166666666 0.6002604166666666 0.5286458333333334 0.6184895833333334 0.5338541666666666 0.9596354166666666 0.53125 0.9609375 0.5286458333333334 0.9231770833333334 0.5299479166666666 0.8723958333333334 0.52734375 0.6432291666666666 0.5247395833333334 0.6328125 0.5247395833333334 0.3411458333333333 0.5221354166666666 0.22395833333333334 0.5234375 0.1875 0.5208333333333334 0.15885416666666666 0.5234375 0.13411458333333334
3 0.15234375 0.55859375 0.15494791666666666 0.5598958333333334 0.15494791666666666 0.5703125 0.15104166666666666 0.5755208333333334 0.14583333333333334 0.578125 0.14192708333333334 0.5768229166666666 0.13932291666666666 0.5716145833333334 0.140625 0.5625 0.14583333333333334 0.55859375 0.15104166666666666 0.5598958333333334
3 0.2981770833333333 0.4674479166666667 0.3059895833333333 0.46875 0.3111979166666667 0.4778645833333333 0.30859375 0.48828125 0.3059895833333333 0.4908854166666667 0.3020833333333333 0.4908854166666667 0.2955729166666667 0.48046875 0.2981770833333333 0.46875
3 0.21614583333333334 0.6692708333333334 0.21875 0.6692708333333334 0.22005208333333334 0.69140625 0.21223958333333334 0.6927083333333334 0.20833333333333334 0.6901041666666666 0.20833333333333334 0.6796875 0.21614583333333334 0.6705729166666666
3 0.16015625 0.8528645833333334 0.16145833333333334 0.8645833333333334 0.16536458333333334 0.8723958333333334 0.1640625 0.87890625 0.15625 0.8841145833333334 0.14973958333333334 0.8802083333333334 0.14973958333333334 0.8736979166666666 0.15625 0.8658854166666666 0.15885416666666666 0.8541666666666666
3 0.48046875 0.5924479166666666 0.4791666666666667 0.5872395833333334 0.4817708333333333 0.55859375 0.4856770833333333 0.5559895833333334 0.48828125 0.5572916666666666 0.48828125 0.5755208333333334 0.4817708333333333 0.5911458333333334
3 0.3763020833333333 0.78125 0.37890625 0.7721354166666666 0.3763020833333333 0.7552083333333334 0.3815104166666667 0.7447916666666666 0.3854166666666667 0.7447916666666666 0.3854166666666667 0.7578125 0.3828125 0.76171875 0.3828125 0.7799479166666666 0.37890625 0.7825520833333334 0.3776041666666667 0.78125
3 0.6119791666666666 0.23177083333333334 0.6145833333333334 0.2421875 0.6119791666666666 0.2513020833333333 0.609375 0.2526041666666667 0.60546875 0.2513020833333333 0.60546875 0.2421875 0.6067708333333334 0.23567708333333334 0.6106770833333334 0.23177083333333334
3 0.055989583333333336 0.5807291666666666 0.057291666666666664 0.5911458333333334 0.0546875 0.6015625 0.057291666666666664 0.6119791666666666 0.052083333333333336 0.6106770833333334 0.049479166666666664 0.6171875 0.040364583333333336 0.6067708333333334 0.040364583333333336 0.5989583333333334 0.045572916666666664 0.5833333333333334 0.049479166666666664 0.5911458333333334 0.055989583333333336 0.58203125
3 0.8424479166666666 0.4837239583333333 0.014973958333333334 0.018229166666666668
3 0.28515625 0.54722222265625 0.27890624999999997 0.54722222265625 0.27734375 0.5486111106770833 0.27734375 0.55277777734375 0.280340625 0.5590402773437501 0.28150156249999997 0.5571375 0.28257265625 0.5566611106770833 0.28364453125 0.5566611106770833 0.28426953125 0.555075 0.2846265625 0.55237777734375 0.28543046875 0.5504736106770833 0.285965625 0.5501569440104167 0.285965625 0.5485708333333333 0.2859375 0.5486111106770833 0.28515625 0.54722222265625
3 0.28671874999999997 0.5513888893229166 0.28359375000000003 0.5541666666666667 0.28203125 0.5569444440104167 0.28203125 0.55972222265625 0.28281249999999997 0.5611111106770833 0.29453124999999997 0.5611111106770833 0.29609375 0.5583333333333333 0.29609375 0.5541666666666667 0.29531250000000003 0.55277777734375 0.29062499999999997 0.55277777734375 0.28984375 0.5513888893229166 0.28671874999999997 0.5513888893229166
3 0.1796875 0.9416666666666668 0.1859375 0.9361111106770833 0.19062500000000002 0.9249999999999999 0.1890625 0.92222222265625 0.17656249999999998 0.9263888893229167 0.17500000000000002 0.9388888893229167 0.1796875 0.9416666666666668