1 0.85703125 0.94722222265625 0.8601562500000001 0.94722222265625 0.8609375 0.9430555559895833 0.859375 0.9388888893229167 0.8578125 0.9388888893229167 0.8562500000000001 0.9416666666666668 0.8562500000000001 0.9458333333333333 0.85703125 0.94722222265625
0 0.8515625 0.4666666666666666 0.9718749999999999 0.46527777734375 0.85703125 0.4583333333333333 0.8515625 0.4666666666666666
0 0.8078124999999999 0.5888888893229166 0.8078124999999999 0.5388888893229167 0.8156249999999999 0.5069444440104166 0.821875 0.49583333333333335 0.821875 0.48854166666666665 0.8171875000000001 0.4944444440104167 0.80703125 0.5236111106770833 0.803125 0.5486111106770833 0.803125 0.57777777734375 0.8109375 0.6180555559895834 0.8171875000000001 0.63472222265625 0.8375 0.6611111106770834 0.86875 0.67222222265625 0.94765625 0.67222222265625 0.94375 0.6680555559895834 0.9210937499999999 0.6708333333333334 0.8523437500000001 0.6638888893229167 0.8367187500000001 0.6541666666666667 0.82265625 0.63472222265625 0.81484375 0.6194444440104167 0.8078124999999999 0.5888888893229166
0 0 0.6375000000000001 0.09296875 0.64027777734375 0.10703125000000001 0.6333333333333333 0.12578124999999998 0.6124999999999999 0.140625 0.5750000000000001 0.14453125 0.54722222265625 0.14140624999999998 0.49305555598958334 0.12734375 0.4583333333333333 0.1125 0.43888888932291664 0.09609374999999999 0.4291666666666667 0.03359375 0.425 0 0.425 0 0.43055555598958334 0.08984375 0.43333333333333335 0.1140625 0.44722222265624995 0.12812500000000002 0.4694444440104167 0.1390625 0.50277777734375 0.1390625 0.5638888893229167 0.13125 0.5916666666666667 0.1203125 0.6111111106770833 0.09999999999999999 0.6319444440104166 0 0.6305555559895833 0 0.6375000000000001
2 0.47578125 0.15694444401041666 0.47421874999999997 0.4583333333333333 0.47734375 0.45555555598958336 0.48046875 0.13888888932291668 0.4765625 0.14027777734375 0.47578125 0.15694444401041666
2 0.47734375 0.2819444440104167 0.4796875 0.18194444401041665 0.47734375 0.16666666666666666 0.47734375 0.2819444440104167
2 0.4734375 0.62777777734375 0.47812499999999997 0.4666666666666666 0.4734375 0.4611111106770833 0.4734375 0.62777777734375
2 0.47031249999999997 0.87222222265625 0.4734375 0.7625000000000001 0.47031249999999997 0.7638888893229167 0.47031249999999997 0.87222222265625
2 0.47265625 0.5041666666666667 0.471875 0.6124999999999999 0.47421874999999997 0.62777777734375 0.4765625 0.46249999999999997 0.4734375 0.46249999999999997 0.47265625 0.5041666666666667
2 0.47500000000000003 0.6388888893229167 0.47109375000000003 0.6458333333333334 0.46953125 0.7666666666666666 0.46875 0.9555555559895833 0.47109375000000003 0.95277777734375 0.4734375 0.8666666666666667 0.47500000000000003 0.6388888893229167
3 0.6940104166666666 0.640625 0.7018229166666666 0.6432291666666666 0.7044270833333334 0.6497395833333334 0.7018229166666666 0.6588541666666666 0.6979166666666666 0.66015625 0.6953125 0.6575520833333334 0.6940104166666666 0.6419270833333334
3 0.7122395833333334 0.7955729166666666 0.7174479166666666 0.8033854166666666 0.7161458333333334 0.8177083333333334 0.7135416666666666 0.8229166666666666 0.7096354166666666 0.8216145833333334 0.7083333333333334 0.8072916666666666 0.7018229166666666 0.80078125 0.703125 0.7942708333333334 0.7109375 0.7955729166666666
3 0.9427083333333334 0.6302083333333334 0.9596354166666666 0.6354166666666666 0.9635416666666666 0.6432291666666666 0.9596354166666666 0.6471354166666666 0.9453125 0.6432291666666666 0.9388020833333334 0.6341145833333334 0.94140625 0.6315104166666666
3 0.8958333333333334 0.783203125 0.012369791666666666 0.01953125
3 0.8463541666666666 0.4596354166666667 0.016276041666666668 0.01953125
3 0.3697916666666667 0.2578125 0.3776041666666667 0.2669270833333333 0.3763020833333333 0.2799479166666667 0.3723958333333333 0.28125 0.3671875 0.2760416666666667 0.3684895833333333 0.2591145833333333
3 0.4361979166666667 0.6901041666666666 0.4388020833333333 0.6901041666666666 0.44140625 0.69921875 0.4401041666666667 0.7057291666666666 0.4361979166666667 0.7057291666666666 0.4361979166666667 0.69140625
3 0.734375 0.55859375 0.7421875 0.5559895833333334 0.7473958333333334 0.55078125 0.7513020833333334 0.5533854166666666 0.7513020833333334 0.5677083333333334 0.7486979166666666 0.5703125 0.7421875 0.5690104166666666 0.7408854166666666 0.5651041666666666 0.734375 0.5598958333333334
3 0.5833333333333334 0.4752604166666667 0.5859375 0.4791666666666667 0.5846354166666666 0.4986979166666667 0.5768229166666666 0.4973958333333333 0.5729166666666666 0.4908854166666667 0.57421875 0.4791666666666667 0.578125 0.4752604166666667 0.58203125 0.4752604166666667
3 0.15625 0.4765625 0.16276041666666666 0.4817708333333333 0.15885416666666666 0.4921875 0.14713541666666666 0.4895833333333333 0.1484375 0.4791666666666667 0.15104166666666666 0.4765625 0.15494791666666666 0.4765625
3 0.5677083333333334 0.8151041666666666 0.5755208333333334 0.8177083333333334 0.57421875 0.8346354166666666 0.5703125 0.8346354166666666 0.5651041666666666 0.8229166666666666 0.56640625 0.81640625
3 0.87734375 0.9666666666666667 0.875 0.95277777734375 0.865625 0.9513888893229167 0.8671875 0.975 0.87734375 0.9666666666666667