1 0.49921875 0.5986111106770834 0.50234375 0.6 0.50390625 0.59722222265625 0.50390625 0.5944444440104167 0.50234375 0.5916666666666667 0.5007812500000001 0.5916666666666667 0.49921875 0.5944444440104167 0.49921875 0.5986111106770834
3 0.5703125 0.7864583333333334 0.5768229166666666 0.7942708333333334 0.5768229166666666 0.8046875 0.57421875 0.80859375 0.5703125 0.80859375 0.5677083333333334 0.8046875 0.5690104166666666 0.7877604166666666
3 0.5390625 0.24088541666666666 0.546875 0.24348958333333334 0.5416666666666666 0.2682291666666667 0.5390625 0.26953125 0.5364583333333334 0.2669270833333333 0.53515625 0.2591145833333333 0.5377604166666666 0.2421875
3 0.4140625 0.5299479166666666 0.4166666666666667 0.5338541666666666 0.4166666666666667 0.55078125 0.4114583333333333 0.55078125 0.41015625 0.5481770833333334 0.41015625 0.5364583333333334 0.4127604166666667 0.53125
3 0.4309895833333333 0.23958333333333334 0.43359375 0.23958333333333334 0.4361979166666667 0.24348958333333334 0.4375 0.25 0.4361979166666667 0.26171875 0.4322916666666667 0.2630208333333333 0.4296875 0.2604166666666667 0.4309895833333333 0.24088541666666666
3 0.5611979166666666 0.578125 0.5625 0.5885416666666666 0.55859375 0.59765625 0.5559895833333334 0.59765625 0.5546875 0.5950520833333334 0.5546875 0.5794270833333334 0.5598958333333334 0.578125
3 0.5989583333333334 0.3385416666666667 0.60546875 0.3372395833333333 0.6080729166666666 0.33984375 0.6080729166666666 0.3463541666666667 0.6015625 0.359375 0.5963541666666666 0.3567708333333333 0.5989583333333334 0.33984375
3 0.4869791666666667 0.6432291666666666 0.4869791666666667 0.66015625 0.4817708333333333 0.6575520833333334 0.4830729166666667 0.64453125 0.4856770833333333 0.6432291666666666
3 0.2864583333333333 0.5911458333333334 0.2916666666666667 0.5911458333333334 0.29296875 0.5963541666666666 0.2994791666666667 0.6015625 0.2955729166666667 0.6080729166666666 0.2864583333333333 0.6106770833333334 0.2838541666666667 0.60546875 0.2838541666666667 0.5963541666666666 0.2864583333333333 0.5924479166666666
3 0.4544270833333333 0.4322916666666667 0.4557291666666667 0.4466145833333333 0.4518229166666667 0.4518229166666667 0.4479166666666667 0.4427083333333333 0.44921875 0.4348958333333333 0.453125 0.4322916666666667
3 0.5265624999999999 0.46388888932291666 0.5296875 0.45555555598958336 0.52890625 0.4458333333333333 0.51953125 0.44166666666666665 0.5164062500000001 0.4611111106770833 0.5265624999999999 0.46388888932291666
3 0.55078125 0.36388888932291663 0.54921875 0.3694444440104167 0.54921875 0.37916666666666665 0.55078125 0.38194444401041666 0.55078125 0.3833333333333333 0.5515625000000001 0.38194444401041666 0.5539062499999999 0.38194444401041666 0.5578124999999999 0.36805555598958334 0.5578124999999999 0.3625 0.55703125 0.3611111106770833 0.553125 0.3611111106770833 0.5515625000000001 0.36388888932291663 0.55078125 0.36388888932291663
0 1 0.42638888932291663 0.975 0.42638888932291663 0.90234375 0.4291666666666667 0.88828125 0.43472222265625 0.8703124999999999 0.45416666666666666 0.8562500000000001 0.4861111106770833 0.85 0.5236111106770833 0.8523437500000001 0.5694444440104166 0.8601562500000001 0.59722222265625 0.87265625 0.6194444440104167 0.8976562499999999 0.6388888893229167 1 0.6375000000000001 1 0.6319444440104166 0.90234375 0.63472222265625 0.8890625 0.6291666666666667 0.86875 0.6041666666666666 0.8546874999999999 0.5625 0.8546874999999999 0.5125000000000001 0.8609375 0.4875 0.87265625 0.45972222265625 0.8820312499999999 0.44722222265624995 0.9 0.43611111067708336 1 0.43333333333333335 1 0.42638888932291663
0 0.15156250000000002 0.45555555598958336 0.02734375 0.4569444440104167 0.0265625 0.4611111106770833 0.0453125 0.46249999999999997 0.1421875 0.45972222265625 0.15546875000000002 0.46527777734375 0.178125 0.49305555598958334 0.18515625 0.50972222265625 0.19218749999999998 0.5486111106770833 0.19140625 0.5791666666666667 0.18437499999999998 0.6111111106770833 0.16874999999999998 0.64027777734375 0.15390625 0.6541666666666667 0.03515625 0.66527777734375 0.140625 0.66527777734375 0.16640625 0.6513888893229166 0.18437499999999998 0.625 0.19375 0.5916666666666667 0.19609374999999998 0.5444444440104167 0.19296875 0.5236111106770833 0.1859375 0.49861111067708336 0.1734375 0.47500000000000003 0.15156250000000002 0.45555555598958336
2 0.5208333333333334 0.4700520833333333 0.5260416666666666 0.796875 0.5260416666666666 0.953125 0.5247395833333334 0.9544270833333334 0.5234375 0.9518229166666666 0.5234375 0.8098958333333334 0.5208333333333334 0.7408854166666666 0.5182291666666666 0.5013020833333334 0.5208333333333334 0.4869791666666667 0.51953125 0.4713541666666667
3 0.49140625 0.75277777734375 0.4953125 0.73472222265625 0.4921875 0.7222222226562499 0.48671875000000003 0.7305555559895834 0.48671875000000003 0.7416666666666667 0.49140625 0.75277777734375