1 0.49921875 0.56527777734375 0.49921875 0.55972222265625 0.4953125 0.55972222265625 0.4953125 0.5638888893229167 0.49921875 0.56527777734375
0 0.9986979166666666 0.4322916666666667 0.9986979166666666 0.4388020833333333 0.8997395833333334 0.4427083333333333 0.8880208333333334 0.44921875 0.8736979166666666 0.4661458333333333 0.859375 0.4986979166666667 0.85546875 0.51953125 0.85546875 0.5559895833333334 0.8580729166666666 0.57421875 0.8671875 0.6028645833333334 0.8841145833333334 0.62890625 0.8932291666666666 0.6354166666666666 0.9075520833333334 0.640625 0.9505208333333334 0.6380208333333334 0.9713541666666666 0.6393229166666666 0.9986979166666666 0.63671875 0.9986979166666666 0.6432291666666666 0.9296875 0.64453125 0.9283854166666666 0.6471354166666666 0.9114583333333334 0.6471354166666666 0.91015625 0.64453125 0.9010416666666666 0.64453125 0.8893229166666666 0.6393229166666666 0.8763020833333334 0.6276041666666666 0.8606770833333334 0.5989583333333334 0.85546875 0.5794270833333334 0.85546875 0.5703125 0.8528645833333334 0.5677083333333334 0.8515625 0.5325520833333334 0.8528645833333334 0.515625 0.8619791666666666 0.4791666666666667 0.875 0.4557291666666667 0.89453125 0.4375 0.91015625 0.43359375 0.9973958333333334 0.4322916666666667
0 0.1484375 0.4622395833333333 0.16276041666666666 0.4700520833333333 0.171875 0.4791666666666667 0.18229166666666666 0.49609375 0.18359375 0.50390625 0.19010416666666666 0.5169270833333334 0.1953125 0.5494791666666666 0.1953125 0.58203125 0.19140625 0.609375 0.18359375 0.6328125 0.171875 0.65234375 0.15104166666666666 0.6692708333333334 0.13541666666666666 0.6731770833333334 0.08854166666666667 0.6731770833333334 0.05859375 0.67578125 0.03125 0.67578125 0.03125 0.671875 0.08984375 0.6692708333333334 0.09114583333333333 0.6666666666666666 0.13411458333333334 0.6666666666666666 0.14713541666666666 0.6640625 0.15885416666666666 0.6575520833333334 0.16927083333333334 0.6471354166666666 0.18098958333333334 0.6276041666666666 0.18880208333333334 0.60546875 0.19270833333333334 0.5729166666666666 0.19140625 0.5390625 0.1875 0.5208333333333334 0.18098958333333334 0.5078125 0.1796875 0.5 0.16536458333333334 0.4791666666666667 0.15104166666666666 0.46875 0.14322916666666666 0.4661458333333333 0.029947916666666668 0.46875 0.02734375 0.4661458333333333 0.029947916666666668 0.4635416666666667 0.09505208333333333 0.4609375 0.14713541666666666 0.4622395833333333
2 0.5208333333333334 0.140625 0.5234375 0.24739583333333334 0.5234375 0.41796875 0.5260416666666666 0.4700520833333333 0.5247395833333334 0.5716145833333334 0.52734375 0.6341145833333334 0.5260416666666666 0.6940104166666666 0.5286458333333334 0.8216145833333334 0.5286458333333334 0.8372395833333334 0.52734375 0.83984375 0.5247395833333334 0.8372395833333334 0.5247395833333334 0.6901041666666666 0.5208333333333334 0.4778645833333333 0.5208333333333334 0.4010416666666667 0.5234375 0.3984375 0.5234375 0.39453125 0.5208333333333334 0.3919270833333333 0.51953125 0.26171875 0.5208333333333334 0.14192708333333334
3 0.3684895833333333 0.2682291666666667 0.3645833333333333 0.265625 0.3606770833333333 0.2526041666666667 0.36328125 0.24479166666666666 0.3684895833333333 0.24348958333333334 0.37109375 0.24869791666666666 0.3697916666666667 0.2669270833333333
3 0.3658854166666667 0.5377604166666666 0.3658854166666667 0.5455729166666666 0.3619791666666667 0.5494791666666666 0.3567708333333333 0.5481770833333334 0.35546875 0.5364583333333334 0.3580729166666667 0.5338541666666666 0.3619791666666667 0.5338541666666666 0.3645833333333333 0.5377604166666666
3 0.5026041666666666 0.3033854166666667 0.5065104166666666 0.31640625 0.5 0.32421875 0.4973958333333333 0.3216145833333333 0.4973958333333333 0.3072916666666667 0.5013020833333334 0.3033854166666667
3 0.5533854166666666 0.23958333333333334 0.5546875 0.2526041666666667 0.5494791666666666 0.2578125 0.546875 0.25390625 0.546875 0.24609375 0.5481770833333334 0.24088541666666666 0.5520833333333334 0.23958333333333334
3 0.5078125 0.3854166666666667 0.5143229166666666 0.3841145833333333 0.5182291666666666 0.3880208333333333 0.5182291666666666 0.3984375 0.5143229166666666 0.4049479166666667 0.5078125 0.40625 0.5052083333333334 0.3997395833333333 0.5052083333333334 0.390625 0.5078125 0.38671875
3 0.4192708333333333 0.6393229166666666 0.4205729166666667 0.6184895833333334 0.4244791666666667 0.6184895833333334 0.42578125 0.6276041666666666 0.42578125 0.63671875 0.4244791666666667 0.6393229166666666 0.4205729166666667 0.6393229166666666
3 0.5716145833333334 0.5247395833333334 0.5755208333333334 0.5299479166666666 0.5729166666666666 0.5455729166666666 0.5690104166666666 0.5455729166666666 0.56640625 0.54296875 0.56640625 0.53125 0.5677083333333334 0.5260416666666666 0.5703125 0.5247395833333334
3 0.6080729166666666 0.3385416666666667 0.6080729166666666 0.3502604166666667 0.6028645833333334 0.3580729166666667 0.5989583333333334 0.3567708333333333 0.5989583333333334 0.3411458333333333 0.6041666666666666 0.3372395833333333 0.6067708333333334 0.3385416666666667
3 0.47265625 0.69140625 0.4752604166666667 0.6979166666666666 0.4752604166666667 0.7096354166666666 0.47265625 0.7122395833333334 0.4700520833333333 0.7109375 0.4661458333333333 0.703125 0.47265625 0.6927083333333334
3 0.52734375 0.8385416666666666 0.5299479166666666 0.84375 0.5299479166666666 0.8502604166666666 0.52734375 0.8528645833333334 0.5234375 0.8528645833333334 0.5208333333333334 0.8502604166666666 0.5208333333333334 0.84375 0.5260416666666666 0.8385416666666666
3 0.23958333333333334 0.53515625 0.24609375 0.5338541666666666 0.2513020833333333 0.5390625 0.25 0.5494791666666666 0.24479166666666666 0.5546875 0.23958333333333334 0.5546875 0.23697916666666666 0.5520833333333334 0.23697916666666666 0.5403645833333334 0.23958333333333334 0.5364583333333334
3 0.5533854166666666 0.4440104166666667 0.55859375 0.453125 0.5572916666666666 0.4635416666666667 0.5520833333333334 0.4661458333333333 0.5481770833333334 0.4635416666666667 0.5520833333333334 0.4453125