1 0.6109375 0.3 0.6109375 0.2930555559895833 0.6078125 0.2930555559895833 0.6078125 0.3 0.6109375 0.3
0 0.5260416666666666 0.4661458333333333 0.5416666666666666 0.46875 0.5494791666666666 0.4739583333333333 0.5611979166666666 0.4869791666666667 0.57421875 0.5169270833333334 0.578125 0.5416666666666666 0.5768229166666666 0.5846354166666666 0.5703125 0.6015625 0.5703125 0.6067708333333334 0.5572916666666666 0.6302083333333334 0.5364583333333334 0.64453125 0.5221354166666666 0.64453125 0.5143229166666666 0.6419270833333334 0.49609375 0.6263020833333334 0.4856770833333333 0.6080729166666666 0.4778645833333333 0.5755208333333334 0.4778645833333333 0.5377604166666666 0.48046875 0.5325520833333334 0.4817708333333333 0.5169270833333334 0.48828125 0.4986979166666667 0.49609375 0.4856770833333333 0.5091145833333334 0.4713541666666667 0.5247395833333334 0.4661458333333333
0 0.9986979166666666 0.4322916666666667 0.9986979166666666 0.4388020833333333 0.9283854166666666 0.4401041666666667 0.9140625 0.44140625 0.8997395833333334 0.4466145833333333 0.88671875 0.4583333333333333 0.87890625 0.4700520833333333 0.87109375 0.4869791666666667 0.86328125 0.5182291666666666 0.8619791666666666 0.5442708333333334 0.8645833333333334 0.5716145833333334 0.875 0.60546875 0.890625 0.62890625 0.8958333333333334 0.6341145833333334 0.91015625 0.6419270833333334 0.9986979166666666 0.6393229166666666 0.9986979166666666 0.6471354166666666 0.96875 0.6484375 0.91015625 0.6484375 0.8880208333333334 0.6341145833333334 0.8763020833333334 0.6171875 0.8645833333333334 0.5885416666666666 0.859375 0.5494791666666666 0.8606770833333334 0.5169270833333334 0.8645833333333334 0.4947916666666667 0.8763020833333334 0.4661458333333333 0.8880208333333334 0.44921875 0.9036458333333334 0.4375 0.921875 0.43359375 0.9973958333333334 0.4322916666666667
0 0.18619791666666666 0.50390625 0.19401041666666666 0.52734375 0.1953125 0.5455729166666666 0.19791666666666666 0.5520833333333334 0.19791666666666666 0.5872395833333334 0.19401041666666666 0.6119791666666666 0.1875 0.6315104166666666 0.18229166666666666 0.6432291666666666 0.17057291666666666 0.66015625 0.15885416666666666 0.6705729166666666 0.14322916666666666 0.67578125 0.04296875 0.6796875 0.032552083333333336 0.6796875 0.032552083333333336 0.6744791666666666 0.125 0.671875 0.14713541666666666 0.6692708333333334 0.1484375 0.6666666666666666 0.16276041666666666 0.66015625 0.171875 0.6510416666666666 0.1875 0.62109375 0.1953125 0.5859375 0.1953125 0.5533854166666666 0.18880208333333334 0.51953125 0.18229166666666666 0.5065104166666666 0.18489583333333334 0.50390625
2 0.5247395833333334 0.13932291666666666 0.52734375 0.24609375 0.52734375 0.4388020833333333 0.53125 0.6341145833333334 0.5299479166666666 0.6692708333333334 0.5338541666666666 0.96875 0.53125 0.9700520833333334 0.53125 0.9010416666666666 0.5286458333333334 0.87890625 0.5234375 0.140625
3 0.2421875 0.3424479166666667 0.24869791666666666 0.34375 0.2526041666666667 0.3502604166666667 0.2526041666666667 0.359375 0.24739583333333334 0.36328125 0.24348958333333334 0.3606770833333333 0.23958333333333334 0.3528645833333333 0.23958333333333334 0.3463541666666667 0.2421875 0.34375
3 0.3372395833333333 0.5690104166666666 0.3411458333333333 0.5677083333333334 0.34765625 0.5716145833333334 0.34765625 0.5794270833333334 0.34375 0.5859375 0.33984375 0.5859375 0.3359375 0.578125 0.3372395833333333 0.5703125
3 0.7076822916666666 0.3736979166666667 0.013020833333333334 0.033203125
3 0.34765625 0.703125 0.35546875 0.703125 0.3515625 0.7213541666666666 0.34765625 0.7213541666666666 0.3450520833333333 0.71484375 0.3450520833333333 0.7083333333333334 0.34765625 0.7044270833333334
3 0.4153645833333333 0.8815104166666666 0.41796875 0.8841145833333334 0.41796875 0.8932291666666666 0.4140625 0.9010416666666666 0.4114583333333333 0.9010416666666666 0.41015625 0.8984375 0.41015625 0.8880208333333334 0.4075520833333333 0.88671875 0.4088541666666667 0.8802083333333334 0.4140625 0.8815104166666666
3 0.4765625 0.296875 0.48046875 0.3046875 0.4765625 0.3216145833333333 0.47265625 0.3216145833333333 0.4713541666666667 0.3138020833333333 0.4713541666666667 0.3033854166666667 0.47265625 0.2981770833333333 0.4752604166666667 0.296875
3 0.37890625 0.40625 0.3841145833333333 0.421875 0.3815104166666667 0.4322916666666667 0.37890625 0.4348958333333333 0.37109375 0.4244791666666667 0.37109375 0.41015625 0.375 0.4049479166666667 0.3776041666666667 0.40625
3 0.44140625 0.4583333333333333 0.4453125 0.4583333333333333 0.4479166666666667 0.4635416666666667 0.4479166666666667 0.4713541666666667 0.4453125 0.4752604166666667 0.4427083333333333 0.4752604166666667 0.4388020833333333 0.4674479166666667 0.44140625 0.4596354166666667
3 0.5559895833333334 0.26171875 0.5559895833333334 0.2526041666666667 0.5598958333333334 0.24088541666666666 0.5638020833333334 0.24088541666666666 0.5651041666666666 0.24869791666666666 0.5611979166666666 0.26171875 0.5572916666666666 0.26171875
3 0.17057291666666666 0.4908854166666667 0.17447916666666666 0.4947916666666667 0.18359375 0.4947916666666667 0.18229166666666666 0.5026041666666666 0.17317708333333334 0.5130208333333334 0.16927083333333334 0.5130208333333334 0.1640625 0.50390625 0.1640625 0.4947916666666667 0.16927083333333334 0.4908854166666667
3 0.3033854166666667 0.63671875 0.3046875 0.64453125 0.3033854166666667 0.65234375 0.30078125 0.6549479166666666 0.2942708333333333 0.65234375 0.2942708333333333 0.640625 0.2981770833333333 0.63671875 0.3020833333333333 0.63671875
3 0.3619791666666667 0.31640625 0.3658854166666667 0.3216145833333333 0.3671875 0.3307291666666667 0.3645833333333333 0.3346354166666667 0.359375 0.3359375 0.3567708333333333 0.3346354166666667 0.35546875 0.3294270833333333 0.35546875 0.3190104166666667 0.3580729166666667 0.3151041666666667 0.3606770833333333 0.31640625