1 0.7203125 0.3444444440104167 0.72109375 0.3458333333333334 0.72421875 0.3444444440104167 0.72421875 0.34027777734375 0.725 0.33749999999999997 0.72421875 0.3361111106770833 0.72109375 0.3361111106770833 0.7195312500000001 0.33888888932291666 0.7203125 0.3444444440104167
0 0.9921875 0.4166666666666667 0.9986979166666666 0.4166666666666667 0.9986979166666666 0.4231770833333333 0.9010416666666666 0.4270833333333333 0.88671875 0.43359375 0.8671875 0.45703125 0.859375 0.4752604166666667 0.8515625 0.51171875 0.8515625 0.5390625 0.85546875 0.5651041666666666 0.86328125 0.5885416666666666 0.875 0.6080729166666666 0.8880208333333334 0.62109375 0.9010416666666666 0.625 0.90234375 0.6276041666666666 0.9153645833333334 0.6276041666666666 0.9166666666666666 0.625 0.9986979166666666 0.6223958333333334 0.9986979166666666 0.6302083333333334 0.8997395833333334 0.6328125 0.88671875 0.6276041666666666 0.8723958333333334 0.61328125 0.8606770833333334 0.59375 0.8515625 0.5651041666666666 0.8489583333333334 0.5455729166666666 0.8489583333333334 0.5104166666666666 0.8528645833333334 0.484375 0.85546875 0.4817708333333333 0.8567708333333334 0.4713541666666667 0.8645833333333334 0.453125 0.875 0.4401041666666667 0.875 0.4375 0.8841145833333334 0.4283854166666667 0.8997395833333334 0.421875 0.9921875 0.41796875
0 0.13541666666666666 0.44921875 0.15104166666666666 0.4544270833333333 0.16796875 0.4700520833333333 0.18229166666666666 0.4973958333333333 0.18359375 0.5078125 0.1875 0.5169270833333334 0.19140625 0.5494791666666666 0.19010416666666666 0.5794270833333334 0.18359375 0.609375 0.17838541666666666 0.6223958333333334 0.16276041666666666 0.6471354166666666 0.15104166666666666 0.65625 0.14192708333333334 0.66015625 0.036458333333333336 0.6653645833333334 0.024739583333333332 0.6640625 0.024739583333333332 0.6614583333333334 0.032552083333333336 0.66015625 0.11067708333333333 0.6575520833333334 0.14453125 0.6536458333333334 0.16796875 0.6328125 0.1796875 0.6106770833333334 0.1875 0.5755208333333334 0.1875 0.5338541666666666 0.18359375 0.5130208333333334 0.18098958333333334 0.5104166666666666 0.17708333333333334 0.4947916666666667 0.16796875 0.4778645833333333 0.15885416666666666 0.4674479166666667 0.14453125 0.45703125 0.13671875 0.4544270833333333 0.036458333333333336 0.45703125 0.03515625 0.4596354166666667 0.029947916666666668 0.4596354166666667 0.028645833333333332 0.45703125 0.02734375 0.4596354166666667 0.024739583333333332 0.4596354166666667 0.022135416666666668 0.45703125 0.0234375 0.453125 0.033854166666666664 0.4518229166666667 0.13411458333333334 0.44921875
2 0.515625 0.12890625 0.5182291666666666 0.140625 0.5182291666666666 0.30859375 0.51953125 0.4114583333333333 0.5221354166666666 0.4283854166666667 0.5208333333333334 0.54296875 0.5234375 0.7864583333333334 0.5260416666666666 0.8580729166666666 0.5260416666666666 0.9518229166666666 0.5234375 0.9505208333333334 0.5234375 0.8919270833333334 0.5208333333333334 0.8684895833333334 0.5208333333333334 0.6861979166666666 0.5182291666666666 0.6354166666666666 0.51953125 0.5807291666666666 0.5169270833333334 0.5364583333333334 0.5169270833333334 0.4505208333333333 0.51953125 0.4348958333333333 0.5169270833333334 0.4322916666666667 0.515625 0.13020833333333334
3 0.5 0.26171875 0.5026041666666666 0.2643229166666667 0.5052083333333334 0.2747395833333333 0.50390625 0.28125 0.5013020833333334 0.2838541666666667 0.49609375 0.2825520833333333 0.49609375 0.2708333333333333 0.4986979166666667 0.2630208333333333
3 0.5416666666666666 0.57421875 0.54296875 0.5859375 0.5390625 0.5911458333333334 0.53515625 0.58984375 0.53515625 0.56640625 0.5403645833333334 0.57421875
3 0.5598958333333334 0.7317708333333334 0.5625 0.7330729166666666 0.56640625 0.7421875 0.56640625 0.74609375 0.5638020833333334 0.7486979166666666 0.5559895833333334 0.7473958333333334 0.5598958333333334 0.7330729166666666
3 0.7434895833333334 0.5885416666666666 0.7565104166666666 0.5963541666666666 0.75390625 0.60546875 0.74609375 0.6119791666666666 0.7421875 0.6067708333333334 0.7434895833333334 0.58984375
3 0.6236979166666666 0.5546875 0.6263020833333334 0.5611979166666666 0.625 0.5690104166666666 0.62109375 0.5729166666666666 0.6171875 0.5716145833333334 0.6158854166666666 0.5651041666666666 0.6184895833333334 0.5572916666666666 0.6223958333333334 0.5546875
3 0.71875 0.3502604166666667 0.7161458333333334 0.3411458333333333 0.7161458333333334 0.32421875 0.72265625 0.3177083333333333 0.7265625 0.3177083333333333 0.7278645833333334 0.3216145833333333 0.7252604166666666 0.3372395833333333 0.72265625 0.33984375 0.72265625 0.3463541666666667 0.7200520833333334 0.3502604166666667
3 0.6061197916666666 0.4205729166666667 0.009114583333333334 0.01953125
3 0.5559895833333334 0.21614583333333334 0.55859375 0.21875 0.5572916666666666 0.23697916666666666 0.5520833333333334 0.23828125 0.5494791666666666 0.23567708333333334 0.5546875 0.21744791666666666
3 0.4231770833333333 0.5598958333333334 0.4283854166666667 0.5598958333333334 0.4283854166666667 0.5638020833333334 0.4322916666666667 0.56640625 0.4322916666666667 0.5716145833333334 0.4283854166666667 0.5794270833333334 0.4231770833333333 0.5794270833333334 0.4231770833333333 0.5611979166666666
3 0.5065104166666666 0.4192708333333333 0.5104166666666666 0.4192708333333333 0.5143229166666666 0.4244791666666667 0.5143229166666666 0.4296875 0.5104166666666666 0.4348958333333333 0.5078125 0.4348958333333333 0.5052083333333334 0.43359375 0.5065104166666666 0.4205729166666667
3 0.6158854166666666 0.7916666666666666 0.6184895833333334 0.7916666666666666 0.6236979166666666 0.8072916666666666 0.62109375 0.8138020833333334 0.6158854166666666 0.8138020833333334 0.6158854166666666 0.79296875
3 0.5750000000000001 0.4569444440104167 0.571875 0.45972222265625 0.5703125 0.46249999999999997 0.56875 0.4694444440104167 0.56875 0.47361111067708334 0.5703125 0.4791666666666667 0.571875 0.4805555559895833 0.578125 0.4805555559895833 0.5796875 0.4791666666666667 0.5796875 0.47777777734375 0.5812499999999999 0.47500000000000003 0.5812499999999999 0.4708333333333334 0.58203125 0.4694444440104167 0.5812499999999999 0.46527777734375 0.578125 0.4583333333333333 0.57578125 0.4583333333333333 0.5750000000000001 0.4569444440104167