1 0.43203125000000003 0.30555555598958334 0.42890625 0.30416666666666664 0.42734374999999997 0.30694444401041665 0.42812500000000003 0.3125 0.43203125000000003 0.3125 0.43203125000000003 0.30555555598958334
0 0 0.4309895833333333 0.07942708333333333 0.4322916666666667 0.09765625 0.4375 0.11197916666666667 0.4505208333333333 0.12760416666666666 0.4765625 0.13411458333333334 0.49609375 0.13802083333333334 0.5260416666666666 0.13802083333333334 0.5572916666666666 0.13411458333333334 0.5846354166666666 0.12239583333333333 0.6145833333333334 0.11458333333333333 0.6276041666666666 0.10546875 0.63671875 0.08984375 0.64453125 0.08854166666666667 0.6471354166666666 0.07942708333333333 0.6484375 0.033854166666666664 0.6471354166666666 0.032552083333333336 0.64453125 0 0.64453125 0 0.6393229166666666 0.08854166666666667 0.640625 0.09895833333333333 0.6354166666666666 0.11588541666666667 0.6158854166666666 0.125 0.5989583333333334 0.13541666666666666 0.5559895833333334 0.13541666666666666 0.52734375 0.12890625 0.4921875 0.11979166666666667 0.4700520833333333 0.11197916666666667 0.4583333333333333 0.1015625 0.4479166666666667 0.0859375 0.4401041666666667 0.02734375 0.4388020833333333 0.026041666666666668 0.4361979166666667 0 0.4361979166666667 0 0.4322916666666667
0 0.9674479166666666 0.4661458333333333 0.9674479166666666 0.4700520833333333 0.9205729166666666 0.4700520833333333 0.8880208333333334 0.4674479166666667 0.8502604166666666 0.4674479166666667 0.84375 0.4700520833333333 0.8359375 0.4752604166666667 0.8268229166666666 0.4856770833333333 0.8111979166666666 0.51171875 0.8033854166666666 0.5442708333333334 0.8020833333333334 0.5611979166666666 0.8033854166666666 0.5911458333333334 0.8111979166666666 0.6223958333333334 0.8268229166666666 0.6510416666666666 0.83984375 0.6627604166666666 0.8515625 0.6666666666666666 0.8528645833333334 0.6692708333333334 0.8645833333333334 0.6705729166666666 0.9635416666666666 0.6731770833333334 0.9661458333333334 0.67578125 0.9635416666666666 0.6783854166666666 0.8541666666666666 0.6744791666666666 0.8372395833333334 0.66796875 0.8190104166666666 0.6484375 0.80859375 0.6276041666666666 0.80078125 0.5950520833333334 0.7994791666666666 0.5677083333333334 0.80078125 0.5416666666666666 0.80859375 0.5091145833333334 0.8203125 0.4856770833333333 0.828125 0.4752604166666667 0.8372395833333334 0.46875 0.8463541666666666 0.4635416666666667 0.8541666666666666 0.4622395833333333 0.9661458333333334 0.4661458333333333
2 0.47265625 0.13932291666666666 0.4752604166666667 0.15755208333333334 0.47265625 0.4153645833333333 0.4739583333333333 0.4739583333333333 0.4713541666666667 0.4817708333333333 0.47265625 0.5065104166666666 0.4700520833333333 0.7903645833333334 0.4661458333333333 0.9518229166666666 0.4674479166666667 0.9661458333333334 0.46484375 0.9674479166666666 0.4635416666666667 0.9622395833333334 0.46484375 0.8072916666666666 0.4674479166666667 0.765625 0.46875 0.43359375 0.4713541666666667 0.3763020833333333 0.4700520833333333 0.3463541666666667 0.47265625 0.140625
3 0.6575520833333334 0.5703125 0.6653645833333334 0.5716145833333334 0.66796875 0.5755208333333334 0.66796875 0.5859375 0.6653645833333334 0.5911458333333334 0.66015625 0.58984375 0.6588541666666666 0.5872395833333334 0.6588541666666666 0.5833333333333334 0.65234375 0.5716145833333334 0.6536458333333334 0.5690104166666666 0.65625 0.5703125
3 0.7161458333333334 0.63671875 0.71875 0.6432291666666666 0.7174479166666666 0.6510416666666666 0.71484375 0.6536458333333334 0.7122395833333334 0.6536458333333334 0.7044270833333334 0.64453125 0.70703125 0.6393229166666666 0.71484375 0.63671875
3 0.2760416666666667 0.3984375 0.2799479166666667 0.3984375 0.2864583333333333 0.4049479166666667 0.2890625 0.4127604166666667 0.2877604166666667 0.4192708333333333 0.2825520833333333 0.4231770833333333 0.2799479166666667 0.421875 0.2760416666666667 0.3997395833333333
3 0.6028645833333334 0.8802083333333334 0.6041666666666666 0.890625 0.6015625 0.9114583333333334 0.59765625 0.9075520833333334 0.59765625 0.89453125 0.58984375 0.8815104166666666 0.5911458333333334 0.87890625 0.6015625 0.8802083333333334
3 0.8411458333333334 0.5065104166666666 0.8424479166666666 0.515625 0.8385416666666666 0.5234375 0.8346354166666666 0.5260416666666666 0.828125 0.5169270833333334 0.8268229166666666 0.5052083333333334 0.83203125 0.50390625 0.83984375 0.5065104166666666
3 0.63671875 0.4049479166666667 0.6419270833333334 0.41015625 0.6419270833333334 0.42578125 0.6393229166666666 0.4322916666666667 0.63671875 0.43359375 0.6328125 0.4309895833333333 0.6263020833333334 0.421875 0.6276041666666666 0.4166666666666667 0.6354166666666666 0.40625
3 0.5625 0.4505208333333333 0.5651041666666666 0.4505208333333333 0.5690104166666666 0.4583333333333333 0.5677083333333334 0.46875 0.5625 0.4713541666666667 0.55859375 0.46484375 0.5625 0.4518229166666667
3 0.4420572916666667 0.25390625 0.010416666666666666 0.024739583333333332
3 0.5299479166666666 0.3072916666666667 0.5325520833333334 0.3111979166666667 0.5299479166666666 0.3294270833333333 0.5260416666666666 0.328125 0.5260416666666666 0.32421875 0.5234375 0.3216145833333333 0.5234375 0.3177083333333333 0.5286458333333334 0.30859375
3 0.6536458333333334 0.3190104166666667 0.6549479166666666 0.3268229166666667 0.6536458333333334 0.3346354166666667 0.6510416666666666 0.3372395833333333 0.6471354166666666 0.3359375 0.6458333333333334 0.3268229166666667 0.65234375 0.3190104166666667
3 0.7643229166666666 0.3411458333333333 0.7669270833333334 0.34375 0.7669270833333334 0.3528645833333333 0.7630208333333334 0.36328125 0.7578125 0.36328125 0.75390625 0.3528645833333333 0.75390625 0.34765625 0.7630208333333334 0.3411458333333333
3 0.66171875 0.7138888893229166 0.65078125 0.7055555559895833 0.6554687499999999 0.7194444440104166 0.65390625 0.7333333333333334 0.65859375 0.7430555559895833 0.66171875 0.7138888893229166