1 0.49062500000000003 0.6291666666666667 0.4890625 0.6208333333333333 0.48671875000000003 0.6236111106770833 0.48828125 0.6319444440104166 0.49062500000000003 0.6291666666666667
0 0.8841145833333334 0.4375 0.89453125 0.4322916666666667 0.90625 0.4296875 0.9986979166666666 0.4283854166666667 0.9986979166666666 0.4322916666666667 0.9947916666666666 0.43359375 0.9088541666666666 0.4348958333333333 0.8919270833333334 0.4401041666666667 0.875 0.4544270833333333 0.8658854166666666 0.47265625 0.86328125 0.4739583333333333 0.85546875 0.4973958333333333 0.8515625 0.5247395833333334 0.8515625 0.5481770833333334 0.859375 0.5872395833333334 0.8671875 0.6015625 0.8671875 0.60546875 0.8880208333333334 0.6302083333333334 0.9010416666666666 0.6354166666666666 0.9986979166666666 0.6328125 0.9986979166666666 0.6380208333333334 0.9895833333333334 0.6393229166666666 0.8997395833333334 0.640625 0.8802083333333334 0.6315104166666666 0.8645833333333334 0.609375 0.8567708333333334 0.5924479166666666 0.85546875 0.58203125 0.8515625 0.5729166666666666 0.8489583333333334 0.5533854166666666 0.8489583333333334 0.5182291666666666 0.8528645833333334 0.4934895833333333 0.85546875 0.4908854166666667 0.8606770833333334 0.4713541666666667 0.8684895833333334 0.4557291666666667 0.8841145833333334 0.4388020833333333
0 0.10546875 0.4544270833333333 0.14192708333333334 0.4544270833333333 0.15234375 0.4583333333333333 0.17057291666666666 0.4752604166666667 0.171875 0.48046875 0.17838541666666666 0.48828125 0.1875 0.5130208333333334 0.19270833333333334 0.5520833333333334 0.19140625 0.58984375 0.18229166666666666 0.6223958333333334 0.16796875 0.6484375 0.15364583333333334 0.66015625 0.13671875 0.6653645833333334 0.10546875 0.6653645833333334 0.10416666666666667 0.66796875 0.08984375 0.6653645833333334 0.08854166666666667 0.66796875 0.0703125 0.6692708333333334 0.02734375 0.66796875 0.028645833333333332 0.6640625 0.12760416666666666 0.6614583333333334 0.14453125 0.6588541666666666 0.15494791666666666 0.6536458333333334 0.16796875 0.6393229166666666 0.17578125 0.6276041666666666 0.17578125 0.6236979166666666 0.18359375 0.6080729166666666 0.19010416666666666 0.5729166666666666 0.18880208333333334 0.5338541666666666 0.18489583333333334 0.515625 0.17838541666666666 0.4986979166666667 0.16536458333333334 0.4765625 0.16015625 0.4713541666666667 0.14322916666666666 0.4609375 0.03515625 0.4635416666666667 0.024739583333333332 0.4622395833333333 0.026041666666666668 0.45703125 0.037760416666666664 0.4557291666666667 0.10416666666666667 0.4557291666666667
2 0.5182291666666666 0.4661458333333333 0.5221354166666666 0.4752604166666667 0.5234375 0.7356770833333334 0.52734375 0.9348958333333334 0.5260416666666666 0.9557291666666666 0.5234375 0.9505208333333334 0.5208333333333334 0.7734375 0.5208333333333334 0.4752604166666667 0.5169270833333334 0.4674479166666667
3 0.54296875 0.2421875 0.5455729166666666 0.24479166666666666 0.5455729166666666 0.24869791666666666 0.5390625 0.26953125 0.53515625 0.2682291666666667 0.53515625 0.24609375 0.5377604166666666 0.2421875 0.5416666666666666 0.2421875
3 0.4895833333333333 0.7135416666666666 0.4947916666666667 0.7239583333333334 0.4908854166666667 0.7317708333333334 0.4908854166666667 0.7447916666666666 0.4856770833333333 0.7486979166666666 0.4817708333333333 0.7473958333333334 0.48828125 0.71484375
3 0.4765625 0.6809895833333334 0.4739583333333333 0.671875 0.4739583333333333 0.6536458333333334 0.4830729166666667 0.6419270833333334 0.4856770833333333 0.6432291666666666 0.4830729166666667 0.6705729166666666 0.48046875 0.6783854166666666 0.4765625 0.6822916666666666
3 0.4036458333333333 0.5247395833333334 0.40625 0.5286458333333334 0.40625 0.5390625 0.4036458333333333 0.54296875 0.3997395833333333 0.54296875 0.3984375 0.53515625 0.3997395833333333 0.5260416666666666 0.40234375 0.5247395833333334
3 0.5520833333333334 0.5794270833333334 0.5520833333333334 0.5989583333333334 0.546875 0.5989583333333334 0.5455729166666666 0.5963541666666666 0.5481770833333334 0.5807291666666666 0.55078125 0.5794270833333334
3 0.4244791666666667 0.24739583333333334 0.4270833333333333 0.2565104166666667 0.421875 0.2669270833333333 0.4166666666666667 0.265625 0.4153645833333333 0.25390625 0.4192708333333333 0.2421875 0.4231770833333333 0.24739583333333334
3 0.6028645833333334 0.3372395833333333 0.60546875 0.3385416666666667 0.60546875 0.3528645833333333 0.59765625 0.3658854166666667 0.5950520833333334 0.3489583333333333 0.59765625 0.3385416666666667 0.6015625 0.3372395833333333
3 0.56640625 0.7916666666666666 0.5690104166666666 0.7916666666666666 0.5703125 0.8111979166666666 0.5651041666666666 0.82421875 0.5625 0.8268229166666666 0.55859375 0.82421875 0.5598958333333334 0.8046875 0.56640625 0.79296875
3 0.2799479166666667 0.58984375 0.28515625 0.59375 0.2890625 0.59375 0.2890625 0.59765625 0.28515625 0.6080729166666666 0.2786458333333333 0.6119791666666666 0.2734375 0.6067708333333334 0.2734375 0.5950520833333334 0.2747395833333333 0.5911458333333334 0.2786458333333333 0.58984375
3 0.4609375 0.4459635416666667 0.012369791666666666 0.022135416666666668
3 0.5546875 0.36388888932291663 0.5539062499999999 0.35277777734375 0.5460937499999999 0.3555555559895833 0.5476562500000001 0.37222222265625 0.5546875 0.36388888932291663
3 0.52578125 0.46249999999999997 0.5296875 0.45555555598958336 0.52890625 0.44166666666666665 0.51953125 0.43888888932291664 0.5171875 0.4583333333333333 0.52578125 0.46249999999999997