1 0.40390624999999997 0.7388888893229167 0.40468750000000003 0.7374999999999999 0.40468750000000003 0.7319444440104167 0.40390624999999997 0.7305555559895834 0.39999999999999997 0.7305555559895834 0.39921875 0.7319444440104167 0.39999999999999997 0.7361111106770833 0.40078125000000003 0.7374999999999999 0.40390624999999997 0.7388888893229167
0 0.13411458333333334 0.4765625 0.13802083333333334 0.4869791666666667 0.140625 0.5169270833333334 0.13932291666666666 0.546875 0.13020833333333334 0.5846354166666666 0.11588541666666667 0.6080729166666666 0.09895833333333333 0.6223958333333334 0.09244791666666667 0.6236979166666666 0.09114583333333333 0.6263020833333334 0.08203125 0.6276041666666666 0.048177083333333336 0.6263020833333334 0.046875 0.6236979166666666 0 0.6236979166666666 0 0.6184895833333334 0.08463541666666667 0.62109375 0.10026041666666667 0.6158854166666666 0.11067708333333333 0.60546875 0.12369791666666667 0.5872395833333334 0.13541666666666666 0.55078125 0.13671875 0.50390625 0.13541666666666666 0.484375 0.1328125 0.4778645833333333
0 0.8854166666666666 0.4466145833333333 0.9661458333333334 0.4505208333333333 0.9674479166666666 0.453125 0.9661458333333334 0.4557291666666667 0.9479166666666666 0.4557291666666667 0.8515625 0.4518229166666667 0.83984375 0.45703125 0.8190104166666666 0.4791666666666667 0.8190104166666666 0.4830729166666667 0.8111979166666666 0.49609375 0.8033854166666666 0.5247395833333334 0.8033854166666666 0.5794270833333334 0.8111979166666666 0.609375 0.8255208333333334 0.6341145833333334 0.84375 0.6497395833333334 0.8671875 0.6536458333333334 0.9635416666666666 0.6575520833333334 0.9635416666666666 0.6614583333333334 0.9140625 0.6614583333333334 0.8515625 0.6575520833333334 0.8307291666666666 0.6471354166666666 0.8151041666666666 0.6276041666666666 0.8151041666666666 0.6236979166666666 0.8072916666666666 0.609375 0.80078125 0.5846354166666666 0.7994791666666666 0.5403645833333334 0.8033854166666666 0.5104166666666666 0.80859375 0.4921875 0.8203125 0.4700520833333333 0.8359375 0.453125 0.8515625 0.4466145833333333 0.8841145833333334 0.4466145833333333
2 0.4739583333333333 0.12239583333333333 0.4739583333333333 0.484375 0.4713541666666667 0.5104166666666666 0.47265625 0.5651041666666666 0.4674479166666667 0.9466145833333334 0.4635416666666667 0.9466145833333334 0.46484375 0.8033854166666666 0.4674479166666667 0.7747395833333334 0.4674479166666667 0.625 0.4700520833333333 0.5455729166666666 0.46875 0.5 0.4713541666666667 0.4427083333333333 0.4739583333333333 0.12369791666666667
3 0.3684895833333333 0.578125 0.3684895833333333 0.59765625 0.3658854166666667 0.59765625 0.359375 0.5885416666666666 0.359375 0.5833333333333334 0.3619791666666667 0.5794270833333334 0.3671875 0.578125
3 0.12630208333333334 0.4609375 0.13020833333333334 0.4622395833333333 0.13151041666666666 0.4752604166666667 0.13411458333333334 0.4791666666666667 0.13411458333333334 0.4986979166666667 0.12760416666666666 0.49609375 0.12760416666666666 0.4830729166666667 0.125 0.4752604166666667 0.11979166666666667 0.4713541666666667 0.11328125 0.4700520833333333 0.11328125 0.4661458333333333 0.11979166666666667 0.4557291666666667 0.125 0.4609375
3 0.76171875 0.53515625 0.7669270833333334 0.5390625 0.7669270833333334 0.54296875 0.7591145833333334 0.5494791666666666 0.75390625 0.5494791666666666 0.7513020833333334 0.546875 0.75 0.5390625 0.75390625 0.53515625 0.7604166666666666 0.53515625
3 0.3815104166666667 0.4830729166666667 0.3919270833333333 0.4856770833333333 0.390625 0.50390625 0.38671875 0.5052083333333334 0.3815104166666667 0.5026041666666666 0.3802083333333333 0.4986979166666667 0.3815104166666667 0.484375
3 0.37890625 0.23958333333333334 0.3776041666666667 0.23177083333333334 0.3802083333333333 0.22265625 0.3841145833333333 0.22265625 0.3854166666666667 0.23046875 0.3919270833333333 0.23958333333333334 0.390625 0.24348958333333334 0.3841145833333333 0.24609375 0.3802083333333333 0.23958333333333334
3 0.2786458333333333 0.8372395833333334 0.28125 0.8450520833333334 0.2786458333333333 0.85546875 0.2734375 0.85546875 0.2721354166666667 0.8528645833333334 0.2721354166666667 0.8411458333333334 0.27734375 0.8372395833333334
3 0.3828125 0.6966145833333334 0.3932291666666667 0.6966145833333334 0.3919270833333333 0.71484375 0.3893229166666667 0.7174479166666666 0.3828125 0.7161458333333334 0.375 0.7057291666666666 0.375 0.7018229166666666 0.3828125 0.6979166666666666
3 0.3346354166666667 0.6380208333333334 0.3372395833333333 0.6380208333333334 0.3411458333333333 0.64453125 0.3411458333333333 0.65625 0.3385416666666667 0.6588541666666666 0.33203125 0.65625 0.3307291666666667 0.6484375 0.3346354166666667 0.6393229166666666
3 0.388671875 0.4225260416666667 0.014973958333333334 0.024739583333333332
3 0.40625 0.50390625 0.41015625 0.5078125 0.41015625 0.5182291666666666 0.4075520833333333 0.5221354166666666 0.40234375 0.51953125 0.3984375 0.51171875 0.3984375 0.5065104166666666 0.4010416666666667 0.50390625 0.4049479166666667 0.50390625
3 0.23984375 0.23750000000000002 0.24296874999999998 0.24166666666666667 0.24609375 0.24166666666666667 0.24609375 0.23750000000000002 0.24531250000000002 0.23611111067708335 0.24531250000000002 0.23194444401041667 0.24453125 0.22916666666666666 0.23906249999999998 0.21944444401041666 0.23750000000000002 0.21805555598958334 0.23515624999999998 0.21944444401041666 0.234375 0.22083333333333333 0.234375 0.225 0.23984375 0.23611111067708335 0.23984375 0.23750000000000002
3 0.38125000000000003 0.8083333333333332 0.38203125 0.8041666666666667 0.38203125 0.7930555559895834 0.38359375 0.7902777773437499 0.38359375 0.7888888893229167 0.38046874999999997 0.7888888893229167 0.375 0.7930555559895834 0.37343750000000003 0.7958333333333334 0.37343750000000003 0.7999999999999999 0.3796875 0.8083333333333332 0.38125000000000003 0.8083333333333332