1 0.26796875000000003 0.775 0.26875 0.7763888893229166 0.27187500000000003 0.7763888893229166 0.27265625 0.775 0.27187500000000003 0.7708333333333334 0.26953125 0.7680555559895833 0.26796875000000003 0.7680555559895833 0.26718749999999997 0.7708333333333334 0.26796875000000003 0.775
0 0 0.4114583333333333 0.08723958333333333 0.4140625 0.10286458333333333 0.4231770833333333 0.11458333333333333 0.4348958333333333 0.11588541666666667 0.4401041666666667 0.12630208333333334 0.4557291666666667 0.13411458333333334 0.4791666666666667 0.13802083333333334 0.5130208333333334 0.13671875 0.5481770833333334 0.13020833333333334 0.5768229166666666 0.11588541666666667 0.60546875 0.10677083333333333 0.6158854166666666 0.08723958333333333 0.6276041666666666 0 0.6263020833333334 0 0.6197916666666666 0.08463541666666667 0.6223958333333334 0.09895833333333333 0.6158854166666666 0.109375 0.60546875 0.12239583333333333 0.5846354166666666 0.12890625 0.5677083333333334 0.13541666666666666 0.5325520833333334 0.13541666666666666 0.51171875 0.12890625 0.4739583333333333 0.11979166666666667 0.4518229166666667 0.10677083333333333 0.4322916666666667 0.08984375 0.421875 0.07942708333333333 0.4192708333333333 0 0.41796875 0 0.4127604166666667
0 0.96484375 0.4479166666666667 0.96875 0.4505208333333333 0.9674479166666666 0.453125 0.8958333333333334 0.4505208333333333 0.8502604166666666 0.4505208333333333 0.84375 0.453125 0.8268229166666666 0.4674479166666667 0.8151041666666666 0.4869791666666667 0.8072916666666666 0.5104166666666666 0.8033854166666666 0.5390625 0.8033854166666666 0.5533854166666666 0.8059895833333334 0.5572916666666666 0.8033854166666666 0.5677083333333334 0.8111979166666666 0.60546875 0.8216145833333334 0.6263020833333334 0.8359375 0.6419270833333334 0.8515625 0.6510416666666666 0.9635416666666666 0.65625 0.9661458333333334 0.6575520833333334 0.9635416666666666 0.6614583333333334 0.859375 0.6575520833333334 0.8385416666666666 0.6510416666666666 0.828125 0.6419270833333334 0.81640625 0.6263020833333334 0.8046875 0.5950520833333334 0.80078125 0.5729166666666666 0.80078125 0.5299479166666666 0.8033854166666666 0.5247395833333334 0.8033854166666666 0.5143229166666666 0.80859375 0.4934895833333333 0.8177083333333334 0.4739583333333333 0.828125 0.4609375 0.828125 0.4583333333333333 0.8346354166666666 0.453125 0.8502604166666666 0.4453125 0.9635416666666666 0.4479166666666667
2 0.4739583333333333 0.12109375 0.4739583333333333 0.45703125 0.4713541666666667 0.46484375 0.47265625 0.5026041666666666 0.4700520833333333 0.7721354166666666 0.4661458333333333 0.94921875 0.4635416666666667 0.9479166666666666 0.4635416666666667 0.8697916666666666 0.4674479166666667 0.7526041666666666 0.47265625 0.12239583333333333
3 0.5084635416666666 0.3411458333333333 0.0078125 0.0234375
3 0.4427083333333333 0.2838541666666667 0.44921875 0.2916666666666667 0.44921875 0.3033854166666667 0.4466145833333333 0.3111979166666667 0.44140625 0.3111979166666667 0.4361979166666667 0.3046875 0.4361979166666667 0.2903645833333333 0.44140625 0.28515625
3 0.4908854166666667 0.6809895833333334 0.4921875 0.6848958333333334 0.4895833333333333 0.6966145833333334 0.4869791666666667 0.6979166666666666 0.484375 0.6979166666666666 0.48046875 0.6901041666666666 0.48046875 0.68359375 0.484375 0.6796875 0.4895833333333333 0.6809895833333334
3 0.23763020833333334 0.8372395833333334 0.018229166666666668 0.01953125
3 0.44921875 0.8684895833333334 0.4544270833333333 0.87109375 0.4583333333333333 0.8802083333333334 0.4583333333333333 0.8971354166666666 0.4557291666666667 0.90234375 0.453125 0.8997395833333334 0.4479166666666667 0.8893229166666666 0.44921875 0.8697916666666666
3 0.1875 0.5390625 0.20442708333333334 0.53515625 0.19921875 0.5546875 0.19140625 0.5533854166666666 0.18619791666666666 0.5494791666666666 0.18489583333333334 0.5442708333333334 0.1875 0.5403645833333334
3 0.39453125 0.72265625 0.3971354166666667 0.7252604166666666 0.3997395833333333 0.7356770833333334 0.3971354166666667 0.7447916666666666 0.3932291666666667 0.74609375 0.390625 0.7421875 0.3932291666666667 0.7239583333333334
3 0.22916666666666666 0.20182291666666666 0.23177083333333334 0.203125 0.23828125 0.22005208333333334 0.23567708333333334 0.23046875 0.23046875 0.22526041666666666 0.22526041666666666 0.2109375 0.22526041666666666 0.203125 0.22786458333333334 0.20182291666666666
3 0.23046875 0.44921875 0.2265625 0.4427083333333333 0.22526041666666666 0.4322916666666667 0.22135416666666666 0.4231770833333333 0.21484375 0.4140625 0.21484375 0.41015625 0.21744791666666666 0.4075520833333333 0.2265625 0.40625 0.22916666666666666 0.4075520833333333 0.23177083333333334 0.44921875
3 0.07421875 0.5104166666666666 0.07682291666666667 0.5104166666666666 0.07942708333333333 0.5299479166666666 0.078125 0.53125 0.07291666666666667 0.5260416666666666 0.06640625 0.5260416666666666 0.06380208333333333 0.5286458333333334 0.0625 0.52734375 0.0625 0.5169270833333334 0.07421875 0.51171875
3 0.8216145833333334 0.53515625 0.8255208333333334 0.546875 0.8216145833333334 0.5533854166666666 0.8177083333333334 0.5546875 0.8072916666666666 0.5546875 0.8046875 0.5533854166666666 0.8046875 0.5494791666666666 0.8111979166666666 0.5442708333333334 0.8125 0.5390625 0.81640625 0.53515625 0.8203125 0.53515625
3 0.5455729166666666 0.484375 0.55078125 0.4908854166666667 0.55078125 0.49609375 0.5481770833333334 0.4986979166666667 0.546875 0.51953125 0.5416666666666666 0.5065104166666666 0.5390625 0.5052083333333334 0.5403645833333334 0.4973958333333333 0.5377604166666666 0.4908854166666667 0.5377604166666666 0.4869791666666667 0.5403645833333334 0.484375 0.5442708333333334 0.484375