1 0.140625 0.9458333333333333 0.14453125 0.9430555559895833 0.14453125 0.9375 0.14140624999999998 0.9375 0.13984375000000002 0.9416666666666668 0.13984375000000002 0.9444444440104167 0.140625 0.9458333333333333
0 0.9986979166666666 0.4244791666666667 0.9986979166666666 0.4296875 0.9869791666666666 0.4309895833333333 0.91015625 0.4322916666666667 0.90234375 0.4348958333333333 0.87890625 0.4557291666666667 0.86328125 0.4908854166666667 0.8580729166666666 0.5286458333333334 0.859375 0.55859375 0.8619791666666666 0.5625 0.8619791666666666 0.5703125 0.8697916666666666 0.5950520833333334 0.88671875 0.62109375 0.8932291666666666 0.625 0.89453125 0.62890625 0.9140625 0.6354166666666666 0.9986979166666666 0.6328125 0.9986979166666666 0.6380208333333334 0.9583333333333334 0.6380208333333334 0.9283854166666666 0.640625 0.91015625 0.640625 0.8932291666666666 0.6341145833333334 0.875 0.6145833333333334 0.8645833333333334 0.59375 0.8567708333333334 0.5638020833333334 0.85546875 0.546875 0.8567708333333334 0.5078125 0.86328125 0.4791666666666667 0.8723958333333334 0.4583333333333333 0.8802083333333334 0.4466145833333333 0.8880208333333334 0.4375 0.8984375 0.4309895833333333 0.9153645833333334 0.4270833333333333 0.9973958333333334 0.4244791666666667
0 0.09505208333333333 0.4583333333333333 0.14583333333333334 0.4583333333333333 0.14713541666666666 0.4609375 0.16276041666666666 0.46875 0.17057291666666666 0.4765625 0.18619791666666666 0.5065104166666666 0.19010416666666666 0.5182291666666666 0.1953125 0.5572916666666666 0.19401041666666666 0.58984375 0.18619791666666666 0.6223958333333334 0.17447916666666666 0.6471354166666666 0.16015625 0.6614583333333334 0.14713541666666666 0.6692708333333334 0.13411458333333334 0.671875 0.03125 0.6744791666666666 0.028645833333333332 0.671875 0.03125 0.6705729166666666 0.048177083333333336 0.6705729166666666 0.057291666666666664 0.6692708333333334 0.05859375 0.6666666666666666 0.061197916666666664 0.6692708333333334 0.06640625 0.6692708333333334 0.06770833333333333 0.6666666666666666 0.07552083333333333 0.6692708333333334 0.07682291666666667 0.6666666666666666 0.13541666666666666 0.6653645833333334 0.14713541666666666 0.6627604166666666 0.15885416666666666 0.65625 0.16796875 0.6471354166666666 0.18098958333333334 0.6263020833333334 0.1875 0.6067708333333334 0.19140625 0.5885416666666666 0.19140625 0.5403645833333334 0.1875 0.5208333333333334 0.1796875 0.5 0.16276041666666666 0.4752604166666667 0.1484375 0.4661458333333333 0.13541666666666666 0.46484375 0.09765625 0.46484375 0.06640625 0.4674479166666667 0.02734375 0.4661458333333333 0.028645833333333332 0.4622395833333333 0.09505208333333333 0.4596354166666667
2 0.5208333333333334 0.13541666666666666 0.5247395833333334 0.3216145833333333 0.5247395833333334 0.5026041666666666 0.52734375 0.5885416666666666 0.5260416666666666 0.63671875 0.5286458333333334 0.6953125 0.52734375 0.7591145833333334 0.5299479166666666 0.8059895833333334 0.5286458333333334 0.8307291666666666 0.53125 0.9609375 0.5286458333333334 0.9635416666666666 0.52734375 0.9596354166666666 0.52734375 0.8450520833333334 0.5247395833333334 0.8020833333333334 0.51953125 0.13671875
3 0.4166666666666667 0.80859375 0.4192708333333333 0.8098958333333334 0.4166666666666667 0.8268229166666666 0.4140625 0.828125 0.41015625 0.82421875 0.4114583333333333 0.8111979166666666 0.4153645833333333 0.8098958333333334
3 0.2721354166666667 0.7877604166666666 0.27734375 0.7916666666666666 0.27734375 0.7994791666666666 0.2669270833333333 0.80859375 0.2630208333333333 0.8059895833333334 0.2630208333333333 0.7942708333333334 0.2669270833333333 0.7877604166666666 0.2708333333333333 0.7877604166666666
3 0.05859375 0.6302083333333334 0.059895833333333336 0.6341145833333334 0.05078125 0.6432291666666666 0.0390625 0.6432291666666666 0.036458333333333336 0.6393229166666666 0.0390625 0.6341145833333334 0.046875 0.62890625 0.057291666666666664 0.6302083333333334
3 0.3059895833333333 0.6393229166666666 0.30859375 0.6419270833333334 0.30859375 0.6497395833333334 0.3033854166666667 0.65625 0.296875 0.6510416666666666 0.296875 0.64453125 0.3020833333333333 0.6380208333333334 0.3046875 0.6393229166666666
3 0.6145833333333334 0.2591145833333333 0.6184895833333334 0.2565104166666667 0.62109375 0.2578125 0.6197916666666666 0.2760416666666667 0.6171875 0.2786458333333333 0.6158854166666666 0.29296875 0.6119791666666666 0.3020833333333333 0.6119791666666666 0.2630208333333333 0.6145833333333334 0.2604166666666667
3 0.14453125 0.4739583333333333 0.14713541666666666 0.4752604166666667 0.14713541666666666 0.4895833333333333 0.14453125 0.4947916666666667 0.14192708333333334 0.4947916666666667 0.140625 0.48828125 0.1328125 0.4830729166666667 0.13411458333333334 0.4739583333333333 0.14322916666666666 0.4739583333333333
3 0.11197916666666667 0.796875 0.11197916666666667 0.8216145833333334 0.10416666666666667 0.8255208333333334 0.09765625 0.8229166666666666 0.09635416666666667 0.8203125 0.09895833333333333 0.8098958333333334 0.10416666666666667 0.8072916666666666 0.11067708333333333 0.7981770833333334
3 0.5455729166666666 0.6731770833333334 0.5455729166666666 0.6901041666666666 0.5403645833333334 0.6901041666666666 0.5390625 0.6861979166666666 0.5403645833333334 0.67578125 0.5442708333333334 0.6731770833333334
3 0.25390625 0.546875 0.2565104166666667 0.5494791666666666 0.2565104166666667 0.5598958333333334 0.2526041666666667 0.5651041666666666 0.24869791666666666 0.5638020833333334 0.24479166666666666 0.5559895833333334 0.24609375 0.5494791666666666 0.24869791666666666 0.546875 0.2526041666666667 0.546875
3 0.3984375 0.4817708333333333 0.4049479166666667 0.4817708333333333 0.41015625 0.48828125 0.41015625 0.4947916666666667 0.40625 0.5026041666666666 0.3997395833333333 0.50390625 0.3958333333333333 0.4947916666666667 0.3958333333333333 0.4869791666666667 0.3984375 0.4830729166666667
3 0.84765625 0.4752604166666667 0.8502604166666666 0.4778645833333333 0.8515625 0.4856770833333333 0.8424479166666666 0.4921875 0.8372395833333334 0.4921875 0.8372395833333334 0.4791666666666667 0.8463541666666666 0.4752604166666667
3 0.12968749999999998 0.9625 0.1265625 0.9694444440104166 0.1265625 0.9722222226562499 0.12890625 0.9763888893229167 0.1328125 0.9791666666666666 0.134375 0.9791666666666666 0.13749999999999998 0.975 0.13828125 0.9708333333333333 0.13828125 0.9652777773437501 0.1390625 0.9638888893229166 0.1390625 0.9597222226562501 0.13984375000000002 0.9583333333333334 0.13984375000000002 0.9541666666666666 0.14375000000000002 0.9416666666666668 0.14453125 0.9416666666666668 0.14375000000000002 0.9388888893229167 0.140625 0.9388888893229167 0.13125 0.9555555559895833 0.12968749999999998 0.9625