1 0.8109375 0.55972222265625 0.8117187499999999 0.5611111106770833 0.81484375 0.5611111106770833 0.81640625 0.55972222265625 0.81640625 0.5555555559895834 0.8156249999999999 0.5541666666666667 0.8117187499999999 0.5541666666666667 0.8109375 0.5555555559895834 0.8109375 0.55972222265625
0 0.9986979166666666 0.4088541666666667 0.9986979166666666 0.4153645833333333 0.921875 0.41796875 0.9049479166666666 0.4231770833333333 0.890625 0.4348958333333333 0.8802083333333334 0.4518229166666667 0.87109375 0.4752604166666667 0.8684895833333334 0.48828125 0.8658854166666666 0.5065104166666666 0.8671875 0.5442708333333334 0.87109375 0.5651041666666666 0.8828125 0.5924479166666666 0.8997395833333334 0.61328125 0.9140625 0.62109375 0.9986979166666666 0.6184895833333334 0.9986979166666666 0.6236979166666666 0.95703125 0.6236979166666666 0.9557291666666666 0.6263020833333334 0.9127604166666666 0.6263020833333334 0.9114583333333334 0.6236979166666666 0.8971354166666666 0.6171875 0.8880208333333334 0.6080729166666666 0.875 0.5859375 0.8684895833333334 0.5690104166666666 0.8645833333333334 0.55078125 0.8645833333333334 0.4908854166666667 0.8684895833333334 0.4713541666666667 0.8802083333333334 0.4440104166666667 0.8919270833333334 0.4270833333333333 0.9036458333333334 0.4166666666666667 0.9231770833333334 0.4114583333333333 0.9973958333333334 0.4088541666666667
0 0.14713541666666666 0.4453125 0.15885416666666666 0.44921875 0.171875 0.4583333333333333 0.171875 0.4609375 0.18098958333333334 0.4713541666666667 0.19401041666666666 0.5 0.19921875 0.5299479166666666 0.19921875 0.5729166666666666 0.19791666666666666 0.5872395833333334 0.19010416666666666 0.61328125 0.17838541666666666 0.6354166666666666 0.16666666666666666 0.6484375 0.15494791666666666 0.6549479166666666 0.13151041666666666 0.6588541666666666 0.06510416666666667 0.6614583333333334 0.03515625 0.6614583333333334 0.03515625 0.6575520833333334 0.15104166666666666 0.6510416666666666 0.16536458333333334 0.6419270833333334 0.17578125 0.6315104166666666 0.18880208333333334 0.6067708333333334 0.1953125 0.58203125 0.1953125 0.51953125 0.1875 0.4934895833333333 0.17578125 0.4713541666666667 0.15494791666666666 0.453125 0.14713541666666666 0.4505208333333333 0.125 0.4505208333333333 0.037760416666666664 0.4544270833333333 0.032552083333333336 0.453125 0.032552083333333336 0.4505208333333333 0.053385416666666664 0.4479166666666667 0.14583333333333334 0.4453125
2 0.53515625 0.9479166666666666 0.5325520833333334 0.9244791666666666 0.53125 0.8606770833333334 0.5325520833333334 0.8203125 0.53125 0.6966145833333334 0.5286458333333334 0.6471354166666666 0.52734375 0.3072916666666667 0.5247395833333334 0.2669270833333333 0.5260416666666666 0.12109375 0.52734375 0.2513020833333333 0.5299479166666666 0.30078125 0.53125 0.6341145833333334 0.5338541666666666 0.68359375 0.5364583333333334 0.8723958333333334 0.53515625 0.94921875
3 0.7747395833333334 0.4375 0.77734375 0.4427083333333333 0.77734375 0.4505208333333333 0.7708333333333334 0.45703125 0.7643229166666666 0.45703125 0.7604166666666666 0.44921875 0.76171875 0.4440104166666667 0.7682291666666666 0.4440104166666667 0.7747395833333334 0.4388020833333333
3 0.58203125 0.3567708333333333 0.5859375 0.3567708333333333 0.5872395833333334 0.3619791666666667 0.5846354166666666 0.3763020833333333 0.5794270833333334 0.37890625 0.5794270833333334 0.3619791666666667 0.58203125 0.3580729166666667
3 0.625 0.3684895833333333 0.62890625 0.3697916666666667 0.6328125 0.375 0.6315104166666666 0.3880208333333333 0.625 0.3932291666666667 0.6184895833333334 0.3919270833333333 0.6184895833333334 0.375 0.6236979166666666 0.3697916666666667
3 0.65625 0.80859375 0.6627604166666666 0.8229166666666666 0.6627604166666666 0.828125 0.66015625 0.8294270833333334 0.65234375 0.8229166666666666 0.65234375 0.8098958333333334 0.6549479166666666 0.80859375
3 0.65234375 0.66015625 0.66015625 0.66015625 0.6588541666666666 0.67578125 0.65234375 0.6809895833333334 0.6484375 0.67578125 0.6484375 0.6614583333333334 0.6510416666666666 0.66015625
3 0.78515625 0.8515625 0.7942708333333334 0.8528645833333334 0.796875 0.859375 0.796875 0.87109375 0.7864583333333334 0.87109375 0.7838541666666666 0.8658854166666666 0.78515625 0.8528645833333334
3 0.56640625 0.5104166666666666 0.5690104166666666 0.5104166666666666 0.5729166666666666 0.515625 0.5690104166666666 0.5286458333333334 0.5638020833333334 0.53125 0.5611979166666666 0.5208333333333334 0.56640625 0.51171875
3 0.2649739583333333 0.5546875 0.016276041666666668 0.0234375
3 0.66015625 0.6341145833333334 0.6627604166666666 0.6380208333333334 0.6614583333333334 0.6471354166666666 0.6536458333333334 0.6497395833333334 0.6497395833333334 0.6471354166666666 0.6497395833333334 0.63671875 0.65625 0.6328125 0.6588541666666666 0.6341145833333334
3 0.76171875 0.2265625 0.7630208333333334 0.21875 0.7708333333333334 0.2109375 0.7747395833333334 0.2109375 0.7760416666666666 0.21614583333333334 0.7721354166666666 0.22265625 0.7630208333333334 0.2265625
3 0.94140625 0.5260416666666666 0.94921875 0.5286458333333334 0.95703125 0.52734375 0.95703125 0.5377604166666666 0.9518229166666666 0.5403645833333334 0.94140625 0.5390625 0.94140625 0.52734375
3 0.828125 0.640625 0.8359375 0.6419270833333334 0.8411458333333334 0.6458333333333334 0.8424479166666666 0.6549479166666666 0.8372395833333334 0.6588541666666666 0.8294270833333334 0.65625 0.8255208333333334 0.65234375 0.82421875 0.640625 0.8268229166666666 0.640625