1 0.32968749999999997 0.4583333333333333 0.32890625 0.45277777734375 0.325 0.45277777734375 0.32578124999999997 0.45972222265625 0.32968749999999997 0.4583333333333333
0 0.9986979166666666 0.4283854166666667 0.9986979166666666 0.43359375 0.9140625 0.4361979166666667 0.9127604166666666 0.4388020833333333 0.9075520833333334 0.4388020833333333 0.8997395833333334 0.4427083333333333 0.88671875 0.453125 0.8776041666666666 0.4674479166666667 0.8671875 0.4934895833333333 0.86328125 0.51171875 0.86328125 0.5651041666666666 0.8697916666666666 0.5833333333333334 0.87109375 0.59375 0.8815104166666666 0.61328125 0.8958333333333334 0.6302083333333334 0.91015625 0.6380208333333334 0.9986979166666666 0.63671875 0.9986979166666666 0.6419270833333334 0.9596354166666666 0.6432291666666666 0.91015625 0.6432291666666666 0.8971354166666666 0.6380208333333334 0.8841145833333334 0.6263020833333334 0.8684895833333334 0.5989583333333334 0.8606770833333334 0.5690104166666666 0.859375 0.5208333333333334 0.8619791666666666 0.5 0.8723958333333334 0.4674479166666667 0.875 0.4661458333333333 0.8841145833333334 0.44921875 0.8997395833333334 0.4348958333333333 0.9114583333333334 0.4309895833333333 0.9270833333333334 0.4296875 0.9973958333333334 0.4283854166666667
0 0.16145833333333334 0.4700520833333333 0.16666666666666666 0.4700520833333333 0.17057291666666666 0.4739583333333333 0.18619791666666666 0.5 0.19401041666666666 0.5234375 0.19791666666666666 0.5481770833333334 0.19791666666666666 0.5807291666666666 0.19401041666666666 0.6080729166666666 0.18619791666666666 0.6315104166666666 0.17578125 0.6497395833333334 0.15625 0.66796875 0.14453125 0.671875 0.032552083333333336 0.67578125 0.032552083333333336 0.671875 0.059895833333333336 0.6692708333333334 0.10416666666666667 0.6692708333333334 0.10546875 0.6666666666666666 0.14713541666666666 0.6653645833333334 0.16145833333333334 0.6575520833333334 0.17578125 0.6419270833333334 0.18098958333333334 0.6302083333333334 0.18359375 0.62890625 0.19140625 0.60546875 0.1953125 0.5768229166666666 0.1953125 0.546875 0.19270833333333334 0.54296875 0.18880208333333334 0.5169270833333334 0.18098958333333334 0.5013020833333334 0.18098958333333334 0.4973958333333333 0.16145833333333334 0.4713541666666667
2 0.5247395833333334 0.13671875 0.5286458333333334 0.4609375 0.52734375 0.53515625 0.53125 0.6328125 0.5299479166666666 0.703125 0.53125 0.8424479166666666 0.5338541666666666 0.8802083333333334 0.5325520833333334 0.9049479166666666 0.53515625 0.9375 0.5338541666666666 0.96484375 0.53125 0.96484375 0.5286458333333334 0.9075520833333334 0.52734375 0.6484375 0.5247395833333334 0.6432291666666666 0.52734375 0.6302083333333334 0.5247395833333334 0.578125 0.5234375 0.13802083333333334
3 0.265625 0.6197916666666666 0.2604166666666667 0.6354166666666666 0.2552083333333333 0.6419270833333334 0.25 0.63671875 0.25 0.625 0.25390625 0.62109375 0.2643229166666667 0.6197916666666666
3 0.2838541666666667 0.90234375 0.2786458333333333 0.9296875 0.2747395833333333 0.9283854166666666 0.2721354166666667 0.9088541666666666 0.2734375 0.90625 0.2825520833333333 0.90234375
3 0.09244791666666667 0.5338541666666666 0.09895833333333333 0.5364583333333334 0.09895833333333333 0.54296875 0.09765625 0.5481770833333334 0.08984375 0.5533854166666666 0.0859375 0.5533854166666666 0.07942708333333333 0.5481770833333334 0.07942708333333333 0.5390625 0.08333333333333333 0.5325520833333334 0.09114583333333333 0.5338541666666666
3 0.15755208333333334 0.4453125 0.16796875 0.44921875 0.1640625 0.4661458333333333 0.16015625 0.4674479166666667 0.15234375 0.4596354166666667 0.15234375 0.44921875 0.15625 0.4466145833333333
3 0.8203125 0.4752604166666667 0.8229166666666666 0.4765625 0.82421875 0.4817708333333333 0.8229166666666666 0.4934895833333333 0.8125 0.4921875 0.8125 0.4817708333333333 0.8190104166666666 0.4765625
3 0.2890625 0.47265625 0.2916666666666667 0.4739583333333333 0.2942708333333333 0.4817708333333333 0.29296875 0.48828125 0.2890625 0.4921875 0.2864583333333333 0.4921875 0.2838541666666667 0.4817708333333333 0.2838541666666667 0.4765625 0.2877604166666667 0.47265625
3 0.18098958333333334 0.70703125 0.17838541666666666 0.7239583333333334 0.17447916666666666 0.73046875 0.17057291666666666 0.73046875 0.16536458333333334 0.71875 0.1796875 0.7083333333333334
3 0.58203125 0.23828125 0.58203125 0.2552083333333333 0.5768229166666666 0.2591145833333333 0.5755208333333334 0.24869791666666666 0.578125 0.23958333333333334 0.5807291666666666 0.23828125
3 0.33203125 0.4752604166666667 0.3385416666666667 0.4778645833333333 0.33984375 0.4817708333333333 0.33984375 0.4908854166666667 0.3346354166666667 0.4908854166666667 0.3294270833333333 0.4856770833333333 0.33203125 0.4765625
3 0.4557291666666667 0.421875 0.4596354166666667 0.4244791666666667 0.45703125 0.4401041666666667 0.453125 0.4401041666666667 0.453125 0.4348958333333333 0.4505208333333333 0.4322916666666667 0.4505208333333333 0.4244791666666667 0.4544270833333333 0.4231770833333333
3 0.2708333333333333 0.4641927083333333 0.014973958333333334 0.030598958333333332
3 0.32227968749999997 0.75854722265625 0.32756875 0.7553166666666667 0.32856015625 0.7368444440104166 0.32343671875 0.7300638893229167 0.31748671875 0.7365236106770833 0.31682578125 0.7494444440104168 0.32227968749999997 0.75854722265625