1 0.61953125 0.18611111067708333 0.6203124999999999 0.18888888932291667 0.62109375 0.1875 0.6234375 0.1875 0.6234375 0.18194444401041665 0.62265625 0.1805555559895833 0.6203124999999999 0.17916666666666667 0.61953125 0.1805555559895833 0.61953125 0.18611111067708333
0 0.8684895833333334 0.45703125 0.8828125 0.4375 0.8997395833333334 0.42578125 0.9986979166666666 0.4205729166666667 0.9986979166666666 0.42578125 0.9921875 0.4270833333333333 0.9114583333333334 0.4296875 0.89453125 0.4348958333333333 0.8736979166666666 0.45703125 0.8658854166666666 0.4739583333333333 0.8580729166666666 0.5 0.85546875 0.5364583333333334 0.8528645833333334 0.5364583333333334 0.85546875 0.4973958333333333 0.8606770833333334 0.4765625 0.8684895833333334 0.4583333333333333
0 0.055989583333333336 0.4583333333333333 0.13671875 0.45703125 0.15104166666666666 0.46484375 0.16536458333333334 0.4791666666666667 0.17447916666666666 0.4947916666666667 0.18229166666666666 0.5169270833333334 0.1875 0.5533854166666666 0.18619791666666666 0.5924479166666666 0.18359375 0.59765625 0.18229166666666666 0.6119791666666666 0.17578125 0.6302083333333334 0.16666666666666666 0.6471354166666666 0.14973958333333334 0.6640625 0.14453125 0.6653645833333334 0.140625 0.6692708333333334 0.12760416666666666 0.671875 0.020833333333333332 0.67578125 0.020833333333333332 0.671875 0.0234375 0.6705729166666666 0.052083333333333336 0.6692708333333334 0.053385416666666664 0.6666666666666666 0.125 0.6653645833333334 0.13541666666666666 0.6640625 0.14713541666666666 0.6588541666666666 0.16015625 0.6471354166666666 0.171875 0.62890625 0.17708333333333334 0.6106770833333334 0.1796875 0.6080729166666666 0.18359375 0.5872395833333334 0.18489583333333334 0.55859375 0.1796875 0.51953125 0.17708333333333334 0.5169270833333334 0.171875 0.4986979166666667 0.16145833333333334 0.484375 0.16015625 0.4791666666666667 0.14322916666666666 0.4661458333333333 0.13541666666666666 0.4635416666666667 0.018229166666666668 0.4661458333333333 0.016927083333333332 0.4635416666666667 0.022135416666666668 0.4609375 0.055989583333333336 0.4596354166666667
2 0.5208333333333334 0.5104166666666666 0.5234375 0.8177083333333334 0.5260416666666666 0.8658854166666666 0.5247395833333334 0.8997395833333334 0.52734375 0.9348958333333334 0.5260416666666666 0.9635416666666666 0.5234375 0.9622395833333334 0.5234375 0.91015625 0.5208333333333334 0.8815104166666666 0.5208333333333334 0.7265625 0.5169270833333334 0.5651041666666666 0.5169270833333334 0.53125 0.5208333333333334 0.51171875
3 0.6028645833333334 0.5390625 0.60546875 0.5416666666666666 0.60546875 0.55078125 0.6002604166666666 0.5559895833333334 0.59765625 0.5559895833333334 0.59765625 0.5455729166666666 0.5989583333333334 0.5403645833333334 0.6015625 0.5390625
3 0.47265625 0.19401041666666666 0.4752604166666667 0.19401041666666666 0.4765625 0.19921875 0.4752604166666667 0.21875 0.47265625 0.21875 0.46875 0.20963541666666666 0.4700520833333333 0.19661458333333334 0.47265625 0.1953125
3 0.8658854166666666 0.53125 0.87109375 0.5338541666666666 0.87109375 0.5442708333333334 0.8697916666666666 0.546875 0.8645833333333334 0.546875 0.859375 0.55078125 0.8567708333333334 0.5703125 0.8528645833333334 0.5703125 0.85546875 0.5390625 0.8580729166666666 0.53515625 0.8645833333333334 0.5325520833333334
3 0.5768229166666666 0.6015625 0.5794270833333334 0.609375 0.5794270833333334 0.6158854166666666 0.5768229166666666 0.6197916666666666 0.5703125 0.6145833333333334 0.5716145833333334 0.6041666666666666 0.5755208333333334 0.6015625
3 0.7395833333333334 0.70703125 0.74609375 0.7161458333333334 0.74609375 0.7252604166666666 0.7434895833333334 0.7278645833333334 0.7369791666666666 0.7278645833333334 0.734375 0.7239583333333334 0.73828125 0.7083333333333334
3 0.5091145833333334 0.7447916666666666 0.51171875 0.74609375 0.5143229166666666 0.75390625 0.5143229166666666 0.7630208333333334 0.51171875 0.7669270833333334 0.5078125 0.765625 0.5091145833333334 0.74609375
3 0.5625 0.39453125 0.56640625 0.39453125 0.5677083333333334 0.3984375 0.5677083333333334 0.40625 0.56640625 0.4088541666666667 0.5625 0.4088541666666667 0.5625 0.3958333333333333
3 0.6328125 0.14192708333333334 0.6354166666666666 0.14322916666666666 0.6354166666666666 0.15364583333333334 0.62890625 0.16796875 0.6263020833333334 0.1640625 0.6263020833333334 0.1484375 0.6315104166666666 0.14192708333333334
3 0.3958333333333333 0.3606770833333333 0.3997395833333333 0.3606770833333333 0.4036458333333333 0.375 0.40234375 0.3815104166666667 0.3984375 0.3828125 0.3958333333333333 0.3802083333333333 0.3958333333333333 0.3619791666666667
3 0.5182291666666666 0.4908854166666667 0.01171875 0.029296875
3 0.40625 0.6796875 0.41015625 0.6901041666666666 0.40625 0.7005208333333334 0.40234375 0.7005208333333334 0.3997395833333333 0.6966145833333334 0.3997395833333333 0.68359375 0.4049479166666667 0.6796875
3 0.5768229166666666 0.751953125 0.01171875 0.0234375