1 0.46875 0.525 0.46953125 0.52222222265625 0.46875 0.5208333333333334 0.46640624999999997 0.5208333333333334 0.46640624999999997 0.5263888893229166 0.46796875 0.5263888893229166 0.46875 0.525
0 0 0.42578125 0.09375 0.4270833333333333 0.1015625 0.4283854166666667 0.11458333333333333 0.4348958333333333 0.13020833333333334 0.453125 0.14192708333333334 0.4791666666666667 0.14713541666666666 0.5 0.14973958333333334 0.5299479166666666 0.14713541666666666 0.5677083333333334 0.14322916666666666 0.5768229166666666 0.14192708333333334 0.5872395833333334 0.13020833333333334 0.6119791666666666 0.11458333333333333 0.6302083333333334 0.10026041666666667 0.63671875 0.08203125 0.6380208333333334 0 0.6354166666666666 0 0.6302083333333334 0.09895833333333333 0.6315104166666666 0.10807291666666667 0.6276041666666666 0.125 0.6106770833333334 0.13541666666666666 0.5924479166666666 0.13671875 0.5833333333333334 0.14322916666666666 0.5677083333333334 0.14583333333333334 0.546875 0.14583333333333334 0.5208333333333334 0.140625 0.48828125 0.13671875 0.4817708333333333 0.13541666666666666 0.47265625 0.12760416666666666 0.4583333333333333 0.11067708333333333 0.4401041666666667 0.10286458333333333 0.4348958333333333 0.09244791666666667 0.4322916666666667 0 0.4309895833333333 0 0.4270833333333333
0 0.8411458333333334 0.4583333333333333 0.8541666666666666 0.453125 0.9427083333333334 0.4544270833333333 0.9700520833333334 0.4557291666666667 0.9713541666666666 0.4583333333333333 0.9700520833333334 0.4622395833333333 0.85546875 0.4596354166666667 0.8424479166666666 0.46484375 0.8294270833333334 0.4765625 0.8177083333333334 0.49609375 0.8098958333333334 0.5182291666666666 0.8059895833333334 0.5442708333333334 0.8059895833333334 0.5729166666666666 0.8098958333333334 0.5989583333333334 0.8190104166666666 0.6236979166666666 0.83984375 0.6510416666666666 0.859375 0.6588541666666666 0.9596354166666666 0.6614583333333334 0.9661458333333334 0.6627604166666666 0.9674479166666666 0.6653645833333334 0.9036458333333334 0.6653645833333334 0.8541666666666666 0.6627604166666666 0.84375 0.6588541666666666 0.83203125 0.6510416666666666 0.81640625 0.62890625 0.8151041666666666 0.62109375 0.80859375 0.6080729166666666 0.8033854166666666 0.5794270833333334 0.8046875 0.5286458333333334 0.80859375 0.5104166666666666 0.81640625 0.4895833333333333 0.82421875 0.4752604166666667 0.8411458333333334 0.4596354166666667
2 0.4765625 0.46875 0.4778645833333333 0.640625 0.4752604166666667 0.6731770833333334 0.4765625 0.69921875 0.4739583333333333 0.8059895833333334 0.4739583333333333 0.953125 0.4700520833333333 0.9518229166666666 0.4700520833333333 0.87109375 0.47265625 0.79296875 0.4713541666666667 0.7682291666666666 0.4752604166666667 0.4700520833333333
3 0.5091145833333334 0.7135416666666666 0.5130208333333334 0.71875 0.5130208333333334 0.7330729166666666 0.5078125 0.7330729166666666 0.5078125 0.71484375
3 0.53125 0.2838541666666667 0.5299479166666666 0.2630208333333333 0.5325520833333334 0.2604166666666667 0.5364583333333334 0.2604166666666667 0.5390625 0.2682291666666667 0.5364583333333334 0.2825520833333333 0.5325520833333334 0.2838541666666667
3 0.4993489583333333 0.630859375 0.010416666666666666 0.01953125
3 0.55859375 0.5729166666666666 0.5572916666666666 0.5572916666666666 0.5598958333333334 0.5520833333333334 0.5651041666666666 0.55859375 0.5651041666666666 0.5716145833333334 0.5638020833333334 0.57421875 0.5598958333333334 0.5729166666666666
3 0.41796875 0.5859375 0.4231770833333333 0.5885416666666666 0.4244791666666667 0.5950520833333334 0.421875 0.6028645833333334 0.41796875 0.6002604166666666 0.41796875 0.5872395833333334
3 0.4361979166666667 0.4231770833333333 0.4322916666666667 0.4153645833333333 0.4322916666666667 0.4088541666666667 0.4348958333333333 0.40625 0.4388020833333333 0.40625 0.44140625 0.41015625 0.44140625 0.41796875 0.4375 0.4231770833333333
3 0.3645833333333333 0.3307291666666667 0.01171875 0.01953125
3 0.4010416666666667 0.7682291666666666 0.4049479166666667 0.7864583333333334 0.4010416666666667 0.7903645833333334 0.3958333333333333 0.7838541666666666 0.3958333333333333 0.7786458333333334 0.4010416666666667 0.76953125
3 0.4583333333333333 0.23958333333333334 0.4622395833333333 0.25 0.4583333333333333 0.2604166666666667 0.4557291666666667 0.2604166666666667 0.4505208333333333 0.24479166666666666 0.4505208333333333 0.24088541666666666 0.45703125 0.23958333333333334
3 0.6627604166666666 0.57421875 0.6653645833333334 0.5794270833333334 0.6653645833333334 0.58984375 0.6614583333333334 0.5963541666666666 0.65625 0.5950520833333334 0.6549479166666666 0.58984375 0.6549479166666666 0.5768229166666666 0.6614583333333334 0.57421875
3 0.5182291666666666 0.4635416666666667 0.5208333333333334 0.4635416666666667 0.5234375 0.4674479166666667 0.5221354166666666 0.4869791666666667 0.51953125 0.4856770833333333 0.5182291666666666 0.46484375
3 0.48281250000000003 0.4513888893229167 0.48203124999999997 0.45 0.48203124999999997 0.4458333333333333 0.48046875 0.44166666666666665 0.4765625 0.43888888932291664 0.47578125 0.44027777734375 0.47265625 0.44027777734375 0.47031249999999997 0.44444444401041666 0.46953125 0.44722222265624995 0.46953125 0.45555555598958336 0.47031249999999997 0.4583333333333333 0.47109375000000003 0.4583333333333333 0.47265625 0.4611111106770833 0.47421874999999997 0.46249999999999997 0.47500000000000003 0.4611111106770833 0.4796875 0.4611111106770833 0.48281250000000003 0.4583333333333333 0.48281250000000003 0.4513888893229167