1 0.63046875 0.5819444440104167 0.6320312499999999 0.5819444440104167 0.6335937500000001 0.5791666666666667 0.6335937500000001 0.57222222265625 0.63046875 0.57222222265625 0.6296875000000001 0.5736111106770834 0.6296875000000001 0.5805555559895833 0.63046875 0.5819444440104167
0 0.9088541666666666 0.4166666666666667 0.9986979166666666 0.4140625 0.9986979166666666 0.4205729166666667 0.90625 0.4231770833333333 0.8958333333333334 0.4270833333333333 0.8828125 0.4375 0.87109375 0.453125 0.8580729166666666 0.4895833333333333 0.85546875 0.5052083333333334 0.85546875 0.5390625 0.8580729166666666 0.55859375 0.8671875 0.5872395833333334 0.87890625 0.6067708333333334 0.8880208333333334 0.6158854166666666 0.9036458333333334 0.6236979166666666 0.9986979166666666 0.62109375 0.9986979166666666 0.6276041666666666 0.9596354166666666 0.6302083333333334 0.90234375 0.6302083333333334 0.8932291666666666 0.6263020833333334 0.8841145833333334 0.6197916666666666 0.8723958333333334 0.60546875 0.8645833333333334 0.5924479166666666 0.85546875 0.5638020833333334 0.8515625 0.5299479166666666 0.8528645833333334 0.4986979166666667 0.85546875 0.4947916666666667 0.85546875 0.4869791666666667 0.8645833333333334 0.4557291666666667 0.8841145833333334 0.4283854166666667 0.89453125 0.421875 0.9088541666666666 0.41796875
0 0.12890625 0.4466145833333333 0.14583333333333334 0.44921875 0.15755208333333334 0.4557291666666667 0.171875 0.47265625 0.18359375 0.4973958333333333 0.19140625 0.5338541666666666 0.19140625 0.5755208333333334 0.18619791666666666 0.6015625 0.17447916666666666 0.6302083333333334 0.16145833333333334 0.6471354166666666 0.1484375 0.65625 0.13020833333333334 0.66015625 0.061197916666666664 0.6627604166666666 0.024739583333333332 0.6614583333333334 0.028645833333333332 0.6588541666666666 0.045572916666666664 0.6575520833333334 0.140625 0.6536458333333334 0.15234375 0.6484375 0.16536458333333334 0.6354166666666666 0.1796875 0.6106770833333334 0.18880208333333334 0.5716145833333334 0.18880208333333334 0.53515625 0.1796875 0.49609375 0.16536458333333334 0.4713541666666667 0.14713541666666666 0.4557291666666667 0.140625 0.453125 0.05859375 0.4557291666666667 0.0234375 0.4544270833333333 0.024739583333333332 0.4505208333333333 0.12760416666666666 0.4479166666666667
2 0.5169270833333334 0.12369791666666667 0.51953125 0.15104166666666666 0.51953125 0.2903645833333333 0.5221354166666666 0.3580729166666667 0.5221354166666666 0.5130208333333334 0.5247395833333334 0.6171875 0.5234375 0.6614583333333334 0.5260416666666666 0.7135416666666666 0.5260416666666666 0.8671875 0.5286458333333334 0.9205729166666666 0.52734375 0.9505208333333334 0.5247395833333334 0.9505208333333334 0.5234375 0.92578125 0.5247395833333334 0.86328125 0.5221354166666666 0.6744791666666666 0.51953125 0.6302083333333334 0.5208333333333334 0.57421875 0.5182291666666666 0.4609375 0.5169270833333334 0.125
3 0.41015625 0.4088541666666667 0.4192708333333333 0.4192708333333333 0.4140625 0.4322916666666667 0.41015625 0.4309895833333333 0.4075520833333333 0.4231770833333333 0.4088541666666667 0.41015625
3 0.5520833333333334 0.24869791666666666 0.5546875 0.24869791666666666 0.5546875 0.2682291666666667 0.5520833333333334 0.2721354166666667 0.546875 0.26171875 0.5520833333333334 0.25
3 0.6015625 0.19791666666666666 0.6041666666666666 0.19921875 0.6041666666666666 0.2109375 0.6002604166666666 0.21875 0.59765625 0.22005208333333334 0.5950520833333334 0.21744791666666666 0.5950520833333334 0.20703125 0.6015625 0.19921875
3 0.4635416666666667 0.6106770833333334 0.46484375 0.61328125 0.4596354166666667 0.62890625 0.453125 0.6276041666666666 0.453125 0.6158854166666666 0.4557291666666667 0.6119791666666666 0.4622395833333333 0.6106770833333334
3 0.7864583333333334 0.65625 0.7890625 0.6588541666666666 0.7877604166666666 0.671875 0.7825520833333334 0.6692708333333334 0.7786458333333334 0.6705729166666666 0.77734375 0.66796875 0.77734375 0.6575520833333334 0.78515625 0.65625
3 0.66015625 0.5872395833333334 0.6627604166666666 0.5885416666666666 0.6627604166666666 0.5963541666666666 0.6575520833333334 0.6015625 0.6536458333333334 0.6002604166666666 0.6536458333333334 0.59375 0.6588541666666666 0.5885416666666666
3 0.55859375 0.7473958333333334 0.5638020833333334 0.7591145833333334 0.5638020833333334 0.7643229166666666 0.5598958333333334 0.7669270833333334 0.5546875 0.7669270833333334 0.5546875 0.7565104166666666 0.5572916666666666 0.7486979166666666
3 0.75 0.4518229166666667 0.76171875 0.4557291666666667 0.7604166666666666 0.46484375 0.7513020833333334 0.4700520833333333 0.7486979166666666 0.4596354166666667 0.75 0.453125
3 0.66796875 0.51171875 0.6627604166666666 0.5299479166666666 0.6588541666666666 0.53515625 0.6471354166666666 0.53125 0.6458333333333334 0.5260416666666666 0.6497395833333334 0.5208333333333334 0.6666666666666666 0.51171875
3 0.5703125 0.3776041666666667 0.5729166666666666 0.3776041666666667 0.57421875 0.3802083333333333 0.57421875 0.3971354166666667 0.5729166666666666 0.4010416666666667 0.5703125 0.4010416666666667 0.5677083333333334 0.3971354166666667 0.5677083333333334 0.3828125 0.5703125 0.37890625
3 0.6145833333333334 0.8359375 0.62109375 0.8450520833333334 0.62109375 0.8502604166666666 0.61328125 0.8567708333333334 0.609375 0.85546875 0.609375 0.83984375 0.61328125 0.8372395833333334
3 0.615625 0.5180555559895833 0.6242187499999999 0.5208333333333334 0.62890625 0.5125000000000001 0.6281249999999999 0.50277777734375 0.6242187499999999 0.49722222265625 0.6171875 0.5 0.615625 0.5180555559895833