1 0.2767265625 0.47609999999999997 0.27767578125 0.47427222265624996 0.27791328125 0.47089861067708333 0.277596875 0.46625972265625 0.2767265625 0.46527500000000005 0.27435234375 0.46611944401041666 0.27411484375 0.4716013893229167 0.2745109375 0.47595972265625 0.2767265625 0.47609999999999997
0 0 0.41015625 0.08854166666666667 0.4140625 0.10286458333333333 0.421875 0.11458333333333333 0.43359375 0.12760416666666666 0.4557291666666667 0.13671875 0.48828125 0.13932291666666666 0.5182291666666666 0.13802083333333334 0.546875 0.13020833333333334 0.5794270833333334 0.11588541666666667 0.6067708333333334 0.10286458333333333 0.6197916666666666 0.08723958333333333 0.6276041666666666 0.020833333333333332 0.6263020833333334 0.01953125 0.6236979166666666 0 0.6236979166666666 0 0.6197916666666666 0.08854166666666667 0.62109375 0.09505208333333333 0.6184895833333334 0.10807291666666667 0.6080729166666666 0.12369791666666667 0.5846354166666666 0.13541666666666666 0.5442708333333334 0.13541666666666666 0.5 0.13151041666666666 0.4791666666666667 0.12369791666666667 0.4557291666666667 0.11197916666666667 0.4375 0.10286458333333333 0.4283854166666667 0.09505208333333333 0.4231770833333333 0.08203125 0.4192708333333333 0.010416666666666666 0.41796875 0.009114583333333334 0.4153645833333333 0 0.41796875 0 0.4114583333333333
0 0.8854166666666666 0.4466145833333333 0.9661458333333334 0.4505208333333333 0.9674479166666666 0.4544270833333333 0.9427083333333334 0.4557291666666667 0.9192708333333334 0.453125 0.8515625 0.4518229166666667 0.83984375 0.45703125 0.8229166666666666 0.4739583333333333 0.8151041666666666 0.48828125 0.8098958333333334 0.5 0.8059895833333334 0.5221354166666666 0.8033854166666666 0.5260416666666666 0.8020833333333334 0.5651041666666666 0.8033854166666666 0.5794270833333334 0.8059895833333334 0.5833333333333334 0.8098958333333334 0.60546875 0.8255208333333334 0.6341145833333334 0.8463541666666666 0.6510416666666666 0.86328125 0.6536458333333334 0.9635416666666666 0.6575520833333334 0.9635416666666666 0.6614583333333334 0.9127604166666666 0.6614583333333334 0.8502604166666666 0.6575520833333334 0.83984375 0.6536458333333334 0.8307291666666666 0.6471354166666666 0.8151041666666666 0.6276041666666666 0.8151041666666666 0.6236979166666666 0.80859375 0.6119791666666666 0.80078125 0.58203125 0.7994791666666666 0.5481770833333334 0.8033854166666666 0.51171875 0.8125 0.484375 0.8203125 0.4700520833333333 0.8385416666666666 0.4518229166666667 0.8515625 0.4466145833333333 0.8841145833333334 0.4466145833333333
2 0.4739583333333333 0.12109375 0.4739583333333333 0.4622395833333333 0.4713541666666667 0.484375 0.4713541666666667 0.66015625 0.4661458333333333 0.9479166666666666 0.4635416666666667 0.9479166666666666 0.4635416666666667 0.8893229166666666 0.46484375 0.7838541666666666 0.4674479166666667 0.75390625 0.47265625 0.12239583333333333
3 0.2565104166666667 0.84765625 0.012369791666666666 0.020833333333333332
3 0.23046875 0.63671875 0.24088541666666666 0.63671875 0.2421875 0.6419270833333334 0.2421875 0.6497395833333334 0.23958333333333334 0.6536458333333334 0.23697916666666666 0.6536458333333334 0.23046875 0.6510416666666666 0.22916666666666666 0.6484375 0.23046875 0.6380208333333334
3 0.37890625 0.27734375 0.3841145833333333 0.2799479166666667 0.3893229166666667 0.2942708333333333 0.3893229166666667 0.30078125 0.3828125 0.30078125 0.3776041666666667 0.2864583333333333 0.37890625 0.2786458333333333
3 0.26171875 0.4518229166666667 0.265625 0.4518229166666667 0.27734375 0.4674479166666667 0.2760416666666667 0.4739583333333333 0.2669270833333333 0.4674479166666667 0.26171875 0.4700520833333333 0.26171875 0.453125
3 0.3509114583333333 0.8209635416666666 0.012369791666666666 0.022135416666666668
3 0.22916666666666666 0.2109375 0.23567708333333334 0.21354166666666666 0.2421875 0.22526041666666666 0.24088541666666666 0.23177083333333334 0.234375 0.23046875 0.234375 0.22786458333333334 0.22916666666666666 0.22265625 0.22916666666666666 0.21223958333333334
3 0.32421875 0.56640625 0.328125 0.5651041666666666 0.328125 0.5859375 0.32421875 0.58984375 0.3190104166666667 0.5807291666666666 0.3190104166666667 0.5729166666666666 0.32421875 0.5677083333333334
3 0.75 0.5078125 0.75390625 0.5078125 0.7565104166666666 0.5130208333333334 0.7552083333333334 0.5260416666666666 0.7513020833333334 0.5299479166666666 0.7486979166666666 0.52734375 0.7447916666666666 0.52734375 0.7447916666666666 0.5104166666666666 0.75 0.5091145833333334
3 0.3919270833333333 0.5078125 0.3971354166666667 0.515625 0.3958333333333333 0.52734375 0.3919270833333333 0.52734375 0.38671875 0.51953125 0.38671875 0.5091145833333334 0.390625 0.5078125
3 0.3697916666666667 0.375 0.375 0.375 0.3815104166666667 0.3828125 0.3802083333333333 0.3984375 0.3763020833333333 0.3997395833333333 0.3697916666666667 0.3971354166666667 0.3658854166666667 0.390625 0.3658854166666667 0.3828125 0.3697916666666667 0.3763020833333333
3 0.08723958333333333 0.4635416666666667 0.08984375 0.4661458333333333 0.09895833333333333 0.4661458333333333 0.09895833333333333 0.48046875 0.09505208333333333 0.484375 0.08723958333333333 0.4830729166666667 0.08203125 0.4765625 0.08072916666666667 0.46875 0.08203125 0.46484375 0.0859375 0.4635416666666667
3 0.3268229166666667 0.5833333333333334 0.3372395833333333 0.5950520833333334 0.3385416666666667 0.6067708333333334 0.3372395833333333 0.609375 0.33203125 0.609375 0.32421875 0.5989583333333334 0.3268229166666667 0.5846354166666666