1 0.6062500000000001 0.20555555598958333 0.6062500000000001 0.21527777734375 0.609375 0.21527777734375 0.6109375 0.2125 0.6109375 0.20833333333333334 0.6101562500000001 0.20555555598958333 0.609375 0.2041666666666667 0.6085937499999999 0.20555555598958333 0.6062500000000001 0.20555555598958333
0 0.9986979166666666 0.4153645833333333 0.9986979166666666 0.4231770833333333 0.9934895833333334 0.421875 0.90625 0.42578125 0.8880208333333334 0.4348958333333333 0.875 0.4505208333333333 0.86328125 0.4752604166666667 0.85546875 0.51953125 0.85546875 0.54296875 0.8528645833333334 0.5338541666666666 0.8528645833333334 0.5130208333333334 0.85546875 0.5078125 0.85546875 0.4947916666666667 0.8606770833333334 0.47265625 0.8684895833333334 0.453125 0.87109375 0.4518229166666667 0.87890625 0.4375 0.8880208333333334 0.4283854166666667 0.8997395833333334 0.421875 0.9166666666666666 0.4192708333333333 0.95703125 0.4192708333333333 0.9583333333333334 0.4166666666666667 0.9973958333333334 0.4153645833333333
0 0.14583333333333334 0.4544270833333333 0.15234375 0.4583333333333333 0.16796875 0.4765625 0.17838541666666666 0.4986979166666667 0.18359375 0.5169270833333334 0.18359375 0.52734375 0.1875 0.5442708333333334 0.1875 0.5716145833333334 0.18229166666666666 0.60546875 0.17447916666666666 0.6263020833333334 0.16145833333333334 0.6471354166666666 0.15364583333333334 0.6549479166666666 0.13932291666666666 0.6627604166666666 0.11979166666666667 0.6653645833333334 0.061197916666666664 0.6653645833333334 0.059895833333333336 0.66796875 0.0390625 0.6692708333333334 0.020833333333333332 0.6692708333333334 0.01953125 0.6640625 0.08203125 0.66015625 0.12109375 0.66015625 0.140625 0.65625 0.15234375 0.6497395833333334 0.16927083333333334 0.6276041666666666 0.16927083333333334 0.6236979166666666 0.17708333333333334 0.6080729166666666 0.17708333333333334 0.6028645833333334 0.1796875 0.6002604166666666 0.18489583333333334 0.5690104166666666 0.18359375 0.5338541666666666 0.17578125 0.5026041666666666 0.1640625 0.4791666666666667 0.15104166666666666 0.46484375 0.14192708333333334 0.4609375 0.13932291666666666 0.45703125 0.0703125 0.45703125 0.06901041666666667 0.4596354166666667 0.016927083333333332 0.4609375 0.016927083333333332 0.4557291666666667 0.026041666666666668 0.453125 0.10546875 0.4505208333333333 0.1328125 0.4505208333333333 0.14453125 0.4544270833333333
2 0.5208333333333334 0.5390625 0.5247395833333334 0.7799479166666666 0.5234375 0.8190104166666666 0.5260416666666666 0.8645833333333334 0.5260416666666666 0.95703125 0.5234375 0.9557291666666666 0.5221354166666666 0.9401041666666666 0.5234375 0.9140625 0.5182291666666666 0.6380208333333334 0.51953125 0.6119791666666666 0.5169270833333334 0.5546875 0.5169270833333334 0.546875 0.5208333333333334 0.5442708333333334 0.5208333333333334 0.5403645833333334
3 0.55859375 0.7552083333333334 0.5611979166666666 0.7760416666666666 0.5559895833333334 0.7799479166666666 0.5520833333333334 0.7786458333333334 0.5520833333333334 0.7669270833333334 0.5572916666666666 0.7565104166666666
3 0.83984375 0.5846354166666666 0.83984375 0.5559895833333334 0.8541666666666666 0.5442708333333334 0.8580729166666666 0.546875 0.8580729166666666 0.55859375 0.8515625 0.55859375 0.84765625 0.5625 0.8463541666666666 0.5755208333333334 0.8411458333333334 0.5846354166666666
3 0.47265625 0.1875 0.4752604166666667 0.1875 0.4765625 0.19661458333333334 0.4752604166666667 0.21223958333333334 0.47265625 0.21354166666666666 0.4700520833333333 0.2109375 0.46875 0.19661458333333334 0.47265625 0.18880208333333334
3 0.5625 0.6119791666666666 0.5703125 0.6184895833333334 0.5703125 0.6276041666666666 0.56640625 0.6315104166666666 0.5625 0.6315104166666666 0.5598958333333334 0.62890625 0.5611979166666666 0.61328125
3 0.5247395833333334 0.390625 0.5286458333333334 0.390625 0.5299479166666666 0.3932291666666667 0.5299479166666666 0.40234375 0.52734375 0.4088541666666667 0.5247395833333334 0.41015625 0.51953125 0.4049479166666667 0.5247395833333334 0.3919270833333333
3 0.7265625 0.70703125 0.7330729166666666 0.71484375 0.7369791666666666 0.71484375 0.7369791666666666 0.7265625 0.7278645833333334 0.7278645833333334 0.7252604166666666 0.7239583333333334 0.7265625 0.7083333333333334
3 0.4973958333333333 0.7591145833333334 0.4986979166666667 0.7799479166666666 0.49609375 0.7825520833333334 0.4921875 0.78125 0.4895833333333333 0.7734375 0.4908854166666667 0.7682291666666666 0.4973958333333333 0.7604166666666666
3 0.5169270833333334 0.5338541666666666 0.51171875 0.5182291666666666 0.5130208333333334 0.5130208333333334 0.51953125 0.5078125 0.5234375 0.5104166666666666 0.5247395833333334 0.51953125 0.5182291666666666 0.5338541666666666
3 0.6393229166666666 0.19661458333333334 0.6393229166666666 0.20963541666666666 0.6328125 0.21484375 0.6302083333333334 0.21354166666666666 0.6302083333333334 0.20442708333333334 0.6380208333333334 0.19661458333333334
3 0.40234375 0.4166666666666667 0.4049479166666667 0.4166666666666667 0.4088541666666667 0.4231770833333333 0.4127604166666667 0.4348958333333333 0.41015625 0.4401041666666667 0.4036458333333333 0.4388020833333333 0.40234375 0.41796875
3 0.39453125 0.6875 0.3984375 0.6861979166666666 0.3997395833333333 0.6901041666666666 0.3932291666666667 0.7057291666666666 0.3893229166666667 0.7044270833333334 0.3854166666666667 0.6979166666666666 0.3854166666666667 0.6927083333333334 0.39453125 0.6888020833333334
3 0.60703125 0.5416666666666666 0.6062500000000001 0.53472222265625 0.6 0.5375 0.59921875 0.5499999999999999 0.60703125 0.5416666666666666