1 0.33046875000000003 0.5194444440104167 0.33437500000000003 0.5194444440104167 0.33437500000000003 0.5138888893229167 0.3328125 0.5111111106770834 0.33046875000000003 0.5111111106770834 0.32968749999999997 0.5125000000000001 0.32968749999999997 0.5180555559895833 0.33046875000000003 0.5194444440104167
0 0 0.4140625 0.09244791666666667 0.4166666666666667 0.09375 0.4192708333333333 0.09895833333333333 0.4192708333333333 0.11328125 0.4270833333333333 0.12630208333333334 0.4427083333333333 0.13411458333333334 0.45703125 0.14322916666666666 0.4869791666666667 0.14713541666666666 0.5169270833333334 0.14583333333333334 0.5481770833333334 0.13802083333333334 0.5807291666666666 0.12630208333333334 0.60546875 0.11328125 0.6197916666666666 0.09505208333333333 0.6302083333333334 0 0.6276041666666666 0 0.62109375 0.07291666666666667 0.6236979166666666 0.09375 0.6236979166666666 0.10286458333333333 0.62109375 0.11979166666666667 0.60546875 0.13151041666666666 0.5859375 0.13671875 0.56640625 0.13932291666666666 0.5638020833333334 0.14322916666666666 0.5390625 0.14322916666666666 0.5052083333333334 0.13932291666666666 0.484375 0.12890625 0.4557291666666667 0.11458333333333333 0.4348958333333333 0.10546875 0.4283854166666667 0.09244791666666667 0.4231770833333333 0 0.4205729166666667 0 0.4153645833333333
0 0.8854166666666666 0.4466145833333333 0.9739583333333334 0.4505208333333333 0.9752604166666666 0.4544270833333333 0.94921875 0.4557291666666667 0.859375 0.4518229166666667 0.84765625 0.45703125 0.8333333333333334 0.4700520833333333 0.8177083333333334 0.4973958333333333 0.8098958333333334 0.5299479166666666 0.8098958333333334 0.5755208333333334 0.8190104166666666 0.6119791666666666 0.8346354166666666 0.63671875 0.8515625 0.6510416666666666 0.859375 0.6536458333333334 0.9635416666666666 0.6575520833333334 0.9700520833333334 0.6588541666666666 0.9700520833333334 0.6627604166666666 0.859375 0.6588541666666666 0.83984375 0.6497395833333334 0.82421875 0.6315104166666666 0.81640625 0.6158854166666666 0.8111979166666666 0.5924479166666666 0.80859375 0.5885416666666666 0.8059895833333334 0.5572916666666666 0.80859375 0.51953125 0.81640625 0.4908854166666667 0.828125 0.46875 0.83984375 0.4557291666666667 0.84765625 0.4505208333333333 0.859375 0.4466145833333333 0.8841145833333334 0.4466145833333333
2 0.48046875 0.12239583333333333 0.4817708333333333 0.2734375 0.4791666666666667 0.3580729166666667 0.4778645833333333 0.6510416666666666 0.4752604166666667 0.703125 0.4752604166666667 0.8723958333333334 0.4739583333333333 0.94921875 0.4700520833333333 0.9479166666666666 0.47265625 0.86328125 0.47265625 0.6302083333333334 0.4752604166666667 0.5924479166666666 0.4739583333333333 0.57421875 0.4778645833333333 0.3411458333333333 0.4765625 0.265625 0.4791666666666667 0.24479166666666666 0.4778645833333333 0.2109375 0.48046875 0.12369791666666667
3 0.5885416666666666 0.4401041666666667 0.5950520833333334 0.4466145833333333 0.5950520833333334 0.4544270833333333 0.5924479166666666 0.45703125 0.5859375 0.45703125 0.5846354166666666 0.4440104166666667 0.5872395833333334 0.44140625
3 0.45703125 0.2669270833333333 0.4583333333333333 0.24739583333333334 0.4609375 0.25 0.4635416666666667 0.2604166666666667 0.4622395833333333 0.2669270833333333 0.4583333333333333 0.2669270833333333
3 0.3893229166666667 0.4934895833333333 0.3919270833333333 0.4947916666666667 0.3932291666666667 0.5 0.3932291666666667 0.5169270833333334 0.390625 0.51953125 0.3841145833333333 0.5169270833333334 0.3802083333333333 0.5104166666666666 0.3815104166666667 0.4973958333333333 0.3828125 0.4947916666666667 0.3880208333333333 0.4934895833333333
3 0.5260416666666666 0.59765625 0.5299479166666666 0.59765625 0.53515625 0.6015625 0.53515625 0.61328125 0.5299479166666666 0.6184895833333334 0.5260416666666666 0.61328125 0.5260416666666666 0.5989583333333334
3 0.24869791666666666 0.4322916666666667 0.26171875 0.4296875 0.26171875 0.4440104166666667 0.2591145833333333 0.44921875 0.25 0.4427083333333333 0.24869791666666666 0.43359375
3 0.4361979166666667 0.3723958333333333 0.4401041666666667 0.3723958333333333 0.4440104166666667 0.37890625 0.4427083333333333 0.3893229166666667 0.4388020833333333 0.3919270833333333 0.4348958333333333 0.3854166666666667 0.4361979166666667 0.3736979166666667
3 0.3424479166666667 0.4921875 0.3463541666666667 0.4947916666666667 0.3450520833333333 0.5078125 0.33984375 0.5065104166666666 0.3372395833333333 0.5026041666666666 0.3372395833333333 0.49609375 0.3411458333333333 0.4921875
3 0.3450520833333333 0.5625 0.3489583333333333 0.5716145833333334 0.3489583333333333 0.5872395833333334 0.3385416666666667 0.5755208333333334 0.3450520833333333 0.5638020833333334
3 0.4361979166666667 0.73828125 0.4401041666666667 0.7421875 0.4427083333333333 0.75390625 0.4388020833333333 0.7578125 0.4322916666666667 0.7552083333333334 0.4348958333333333 0.7395833333333334
3 0.3854166666666667 0.8372395833333334 0.3880208333333333 0.8411458333333334 0.3880208333333333 0.8489583333333334 0.3841145833333333 0.8528645833333334 0.3802083333333333 0.8528645833333334 0.3776041666666667 0.8502604166666666 0.3776041666666667 0.8424479166666666 0.3802083333333333 0.8385416666666666 0.3841145833333333 0.8372395833333334
3 0.2109375 0.66015625 0.2109375 0.64453125 0.22005208333333334 0.6458333333333334 0.22005208333333334 0.65625 0.21614583333333334 0.6614583333333334 0.21223958333333334 0.66015625
3 0.4010416666666667 0.21875 0.3997395833333333 0.20182291666666666 0.40234375 0.1953125 0.4049479166666667 0.19661458333333334 0.4088541666666667 0.20703125 0.4075520833333333 0.21744791666666666 0.4036458333333333 0.22005208333333334 0.40234375 0.21875