1 0.37656249999999997 0.1875 0.37890625 0.1875 0.3796875 0.18888888932291667 0.38046874999999997 0.18611111067708333 0.38046874999999997 0.1805555559895833 0.3796875 0.17916666666666667 0.37734375000000003 0.1805555559895833 0.37656249999999997 0.18194444401041665 0.37656249999999997 0.1875
0 0 0.4205729166666667 0.08984375 0.4244791666666667 0.09895833333333333 0.42578125 0.10677083333333333 0.4296875 0.11588541666666667 0.4375 0.13020833333333334 0.45703125 0.14192708333333334 0.4908854166666667 0.14322916666666666 0.5091145833333334 0.14583333333333334 0.515625 0.14583333333333334 0.5364583333333334 0.14322916666666666 0.5364583333333334 0.140625 0.5 0.1328125 0.4739583333333333 0.125 0.45703125 0.10416666666666667 0.4348958333333333 0.08723958333333333 0.4296875 0.006510416666666667 0.4270833333333333 0 0.42578125 0 0.421875
0 0.8567708333333334 0.4583333333333333 0.9427083333333334 0.4583333333333333 0.9440104166666666 0.4609375 0.9765625 0.4609375 0.9817708333333334 0.4635416666666667 0.98046875 0.4661458333333333 0.8997395833333334 0.4635416666666667 0.8580729166666666 0.46484375 0.8385416666666666 0.4791666666666667 0.8372395833333334 0.484375 0.8268229166666666 0.4986979166666667 0.8216145833333334 0.5169270833333334 0.8190104166666666 0.51953125 0.8177083333333334 0.53515625 0.8151041666666666 0.5390625 0.8138020833333334 0.5768229166666666 0.8190104166666666 0.6080729166666666 0.8216145833333334 0.6106770833333334 0.8268229166666666 0.62890625 0.8385416666666666 0.6471354166666666 0.84765625 0.65625 0.859375 0.6627604166666666 0.8736979166666666 0.6653645833333334 0.9453125 0.6666666666666666 0.9466145833333334 0.6692708333333334 0.9752604166666666 0.6705729166666666 0.9778645833333334 0.671875 0.9778645833333334 0.67578125 0.96484375 0.67578125 0.87109375 0.671875 0.8580729166666666 0.6692708333333334 0.84375 0.66015625 0.828125 0.640625 0.81640625 0.6119791666666666 0.8151041666666666 0.59765625 0.8125 0.5924479166666666 0.8125 0.5390625 0.8151041666666666 0.5325520833333334 0.81640625 0.5169270833333334 0.82421875 0.4947916666666667 0.8385416666666666 0.47265625 0.8567708333333334 0.4596354166666667
2 0.4778645833333333 0.5104166666666666 0.4817708333333333 0.53125 0.4765625 0.8411458333333334 0.4778645833333333 0.8815104166666666 0.4752604166666667 0.91015625 0.4752604166666667 0.9622395833333334 0.47265625 0.9635416666666666 0.4713541666666667 0.9361979166666666 0.4752604166666667 0.8177083333333334 0.4778645833333333 0.51171875
3 0.3984375 0.5390625 0.4010416666666667 0.5455729166666666 0.4010416666666667 0.5559895833333334 0.3984375 0.5559895833333334 0.3932291666666667 0.55078125 0.3932291666666667 0.5416666666666666 0.3971354166666667 0.5390625
3 0.5234375 0.19401041666666666 0.5286458333333334 0.19661458333333334 0.5299479166666666 0.20182291666666666 0.5286458333333334 0.21614583333333334 0.5234375 0.21875 0.5234375 0.1953125
3 0.1328125 0.53125 0.140625 0.53515625 0.14322916666666666 0.5390625 0.14583333333333334 0.5703125 0.14322916666666666 0.5716145833333334 0.140625 0.5677083333333334 0.13932291666666666 0.55078125 0.13411458333333334 0.546875 0.12890625 0.546875 0.12760416666666666 0.5442708333333334 0.12760416666666666 0.5338541666666666 0.13151041666666666 0.5325520833333334
3 0.4244791666666667 0.6015625 0.4270833333333333 0.6041666666666666 0.4283854166666667 0.6145833333333334 0.421875 0.6197916666666666 0.4192708333333333 0.6158854166666666 0.4192708333333333 0.609375 0.4205729166666667 0.6028645833333334 0.4231770833333333 0.6015625
3 0.2591145833333333 0.70703125 0.2643229166666667 0.7213541666666666 0.2630208333333333 0.7265625 0.2552083333333333 0.7278645833333334 0.2526041666666667 0.7252604166666666 0.2526041666666667 0.7161458333333334 0.2578125 0.7109375 0.2578125 0.7083333333333334
3 0.4869791666666667 0.7669270833333334 0.484375 0.7630208333333334 0.484375 0.75390625 0.48828125 0.7447916666666666 0.4908854166666667 0.7473958333333334 0.4908854166666667 0.765625 0.48828125 0.7669270833333334
3 0.4322916666666667 0.39453125 0.4361979166666667 0.39453125 0.4375 0.3984375 0.4375 0.4075520833333333 0.4322916666666667 0.4088541666666667 0.4322916666666667 0.3958333333333333
3 0.3684895833333333 0.14192708333333334 0.3723958333333333 0.1484375 0.3723958333333333 0.1640625 0.3697916666666667 0.16796875 0.36328125 0.15364583333333334 0.36328125 0.14322916666666666 0.3671875 0.14192708333333334
3 0.5989583333333334 0.3606770833333333 0.6028645833333334 0.3606770833333333 0.6041666666666666 0.3658854166666667 0.6028645833333334 0.3802083333333333 0.6002604166666666 0.3828125 0.5963541666666666 0.3815104166666667 0.5950520833333334 0.375 0.5989583333333334 0.3619791666666667
3 0.4817708333333333 0.4908854166666667 0.01171875 0.029296875
3 0.5950520833333334 0.6796875 0.5989583333333334 0.68359375 0.5989583333333334 0.6966145833333334 0.5963541666666666 0.7005208333333334 0.5924479166666666 0.7005208333333334 0.5885416666666666 0.6901041666666666 0.58984375 0.68359375 0.59375 0.6796875
3 0.4231770833333333 0.751953125 0.01171875 0.0234375