1 0.409375 0.2333333333333333 0.40859375000000003 0.24027777734375 0.41171874999999997 0.24166666666666667 0.41250000000000003 0.23611111067708335 0.409375 0.2333333333333333
0 0 0.4166666666666667 0.040364583333333336 0.4166666666666667 0.041666666666666664 0.4192708333333333 0.09375 0.4205729166666667 0.10416666666666667 0.4244791666666667 0.11979166666666667 0.4375 0.13151041666666666 0.4557291666666667 0.14192708333333334 0.4869791666666667 0.14322916666666666 0.5065104166666666 0.14583333333333334 0.51171875 0.14322916666666666 0.5638020833333334 0.13802083333333334 0.5846354166666666 0.12630208333333334 0.6080729166666666 0.11067708333333333 0.6263020833333334 0.09505208333333333 0.6341145833333334 0 0.6315104166666666 0 0.625 0.05859375 0.62890625 0.09765625 0.6276041666666666 0.11588541666666667 0.61328125 0.13151041666666666 0.58984375 0.1328125 0.5807291666666666 0.13932291666666666 0.56640625 0.140625 0.546875 0.14322916666666666 0.5403645833333334 0.14322916666666666 0.51953125 0.13932291666666666 0.4895833333333333 0.13671875 0.4869791666666667 0.13541666666666666 0.4765625 0.12760416666666666 0.45703125 0.10677083333333333 0.4322916666666667 0.09244791666666667 0.42578125 0 0.4231770833333333 0 0.41796875
0 0.8893229166666666 0.4505208333333333 0.9778645833333334 0.453125 0.9817708333333334 0.4544270833333333 0.9817708333333334 0.4596354166666667 0.921875 0.4596354166666667 0.9205729166666666 0.45703125 0.8658854166666666 0.4557291666666667 0.8606770833333334 0.45703125 0.859375 0.4596354166666667 0.8450520833333334 0.4674479166666667 0.8346354166666666 0.4791666666666667 0.8255208333333334 0.49609375 0.8190104166666666 0.5143229166666666 0.8177083333333334 0.5286458333333334 0.8151041666666666 0.5338541666666666 0.8151041666666666 0.5807291666666666 0.8229166666666666 0.6119791666666666 0.8385416666666666 0.640625 0.8489583333333334 0.6510416666666666 0.8580729166666666 0.65625 0.8776041666666666 0.66015625 0.9778645833333334 0.6627604166666666 0.9778645833333334 0.66796875 0.9739583333333334 0.6692708333333334 0.9440104166666666 0.66796875 0.9427083333333334 0.6653645833333334 0.890625 0.6653645833333334 0.8606770833333334 0.6627604166666666 0.8450520833333334 0.6549479166666666 0.8372395833333334 0.6471354166666666 0.828125 0.6341145833333334 0.8268229166666666 0.62890625 0.82421875 0.6276041666666666 0.81640625 0.60546875 0.8111979166666666 0.5716145833333334 0.8125 0.5325520833333334 0.8203125 0.4986979166666667 0.83203125 0.4752604166666667 0.8463541666666666 0.4583333333333333 0.85546875 0.453125 0.8658854166666666 0.4505208333333333 0.8880208333333334 0.4505208333333333
2 0.48046875 0.5364583333333334 0.48046875 0.5455729166666666 0.4778645833333333 0.546875 0.4817708333333333 0.55859375 0.4817708333333333 0.57421875 0.4791666666666667 0.609375 0.48046875 0.6393229166666666 0.4765625 0.8177083333333334 0.4765625 0.9453125 0.4752604166666667 0.9557291666666666 0.47265625 0.9557291666666666 0.4778645833333333 0.5846354166666666 0.4765625 0.55078125 0.48046875 0.5377604166666666
3 0.3580729166666667 0.22005208333333334 0.3645833333333333 0.22395833333333334 0.3671875 0.23697916666666666 0.3658854166666667 0.24609375 0.36328125 0.24609375 0.359375 0.2526041666666667 0.3567708333333333 0.234375 0.3580729166666667 0.22135416666666666
3 0.5234375 0.1875 0.5260416666666666 0.1875 0.5299479166666666 0.1953125 0.5286458333333334 0.21223958333333334 0.5234375 0.21354166666666666 0.5234375 0.18880208333333334
3 0.435546875 0.6243489583333334 0.013020833333333334 0.018229166666666668
3 0.4739583333333333 0.390625 0.4778645833333333 0.3919270833333333 0.4817708333333333 0.3984375 0.4791666666666667 0.4075520833333333 0.4752604166666667 0.4088541666666667 0.4713541666666667 0.4036458333333333 0.47265625 0.3919270833333333
3 0.26953125 0.71484375 0.2799479166666667 0.71875 0.2786458333333333 0.73046875 0.2682291666666667 0.7317708333333334 0.265625 0.7265625 0.26953125 0.7161458333333334
3 0.5026041666666666 0.78125 0.5013020833333334 0.7669270833333334 0.50390625 0.7552083333333334 0.5078125 0.7669270833333334 0.5078125 0.7760416666666666 0.50390625 0.78125
3 0.3971354166666667 0.54296875 0.010416666666666666 0.016927083333333332
3 0.4759114583333333 0.5247395833333334 0.014322916666666666 0.027994791666666668
3 0.5859375 0.4231770833333333 0.5911458333333334 0.4244791666666667 0.5924479166666666 0.4296875 0.5911458333333334 0.4427083333333333 0.5859375 0.4427083333333333 0.5859375 0.4244791666666667
3 0.61328125 0.6901041666666666 0.6145833333333334 0.7044270833333334 0.6119791666666666 0.70703125 0.6080729166666666 0.70703125 0.6028645833333334 0.6966145833333334 0.6028645833333334 0.6927083333333334 0.60546875 0.6901041666666666 0.6119791666666666 0.6901041666666666
3 0.14453125 0.5651041666666666 0.14453125 0.55078125 0.14713541666666666 0.5481770833333334 0.15104166666666666 0.5481770833333334 0.15885416666666666 0.55859375 0.15364583333333334 0.5651041666666666 0.14583333333333334 0.5651041666666666
3 0.4466145833333333 0.7877604166666666 0.4401041666666667 0.78125 0.44140625 0.7708333333333334 0.4466145833333333 0.765625 0.4505208333333333 0.7760416666666666 0.4505208333333333 0.7825520833333334 0.4466145833333333 0.7864583333333334