1 0.50546875 0.5861111106770833 0.5031249999999999 0.59027777734375 0.50546875 0.5930555559895833 0.50546875 0.5861111106770833
0 0.8841145833333334 0.4375 0.8971354166666666 0.4309895833333333 0.9049479166666666 0.4296875 0.9986979166666666 0.4283854166666667 0.9986979166666666 0.4322916666666667 0.99609375 0.43359375 0.90625 0.4348958333333333 0.8880208333333334 0.4427083333333333 0.8736979166666666 0.4557291666666667 0.86328125 0.4739583333333333 0.85546875 0.4986979166666667 0.8515625 0.5247395833333334 0.8515625 0.5481770833333334 0.859375 0.5872395833333334 0.87109375 0.6106770833333334 0.88671875 0.62890625 0.9049479166666666 0.6354166666666666 0.9986979166666666 0.6328125 0.9986979166666666 0.6380208333333334 0.91796875 0.640625 0.8971354166666666 0.6393229166666666 0.8828125 0.6328125 0.8645833333333334 0.609375 0.8515625 0.5729166666666666 0.8489583333333334 0.5533854166666666 0.8489583333333334 0.5182291666666666 0.8528645833333334 0.4947916666666667 0.8606770833333334 0.4700520833333333 0.8684895833333334 0.4557291666666667 0.8841145833333334 0.4388020833333333
0 0.14453125 0.4544270833333333 0.15494791666666666 0.4583333333333333 0.17447916666666666 0.4778645833333333 0.18359375 0.49609375 0.19010416666666666 0.515625 0.19401041666666666 0.5403645833333334 0.19401041666666666 0.5807291666666666 0.19140625 0.59765625 0.18229166666666666 0.6276041666666666 0.16666666666666666 0.6510416666666666 0.14713541666666666 0.6627604166666666 0.12239583333333333 0.6653645833333334 0.06510416666666667 0.6653645833333334 0.06380208333333333 0.66796875 0.041666666666666664 0.6692708333333334 0.028645833333333332 0.66796875 0.028645833333333332 0.6640625 0.03125 0.6627604166666666 0.14322916666666666 0.6588541666666666 0.15494791666666666 0.6536458333333334 0.16796875 0.640625 0.17708333333333334 0.6276041666666666 0.17708333333333334 0.6236979166666666 0.18489583333333334 0.6080729166666666 0.19140625 0.578125 0.19140625 0.5403645833333334 0.18359375 0.5065104166666666 0.16927083333333334 0.4791666666666667 0.15104166666666666 0.4635416666666667 0.13541666666666666 0.4596354166666667 0.02734375 0.4622395833333333 0.028645833333333332 0.4557291666666667 0.078125 0.4557291666666667 0.1171875 0.453125 0.14322916666666666 0.4544270833333333
2 0.5221354166666666 0.4778645833333333 0.52734375 0.953125 0.5247395833333334 0.9557291666666666 0.5234375 0.9518229166666666 0.5234375 0.7760416666666666 0.51953125 0.63671875 0.5208333333333334 0.4791666666666667
3 0.5364583333333334 0.2682291666666667 0.53515625 0.25390625 0.5377604166666666 0.2421875 0.5455729166666666 0.2421875 0.546875 0.24479166666666666 0.5416666666666666 0.2669270833333333 0.5390625 0.26953125 0.5377604166666666 0.2682291666666667
3 0.6080729166666666 0.3385416666666667 0.609375 0.3489583333333333 0.6041666666666666 0.3619791666666667 0.6041666666666666 0.37109375 0.5989583333333334 0.37890625 0.59765625 0.34375 0.6015625 0.3385416666666667 0.6067708333333334 0.3385416666666667
3 0.49609375 0.640625 0.49609375 0.6484375 0.4908854166666667 0.6588541666666666 0.4856770833333333 0.6588541666666666 0.484375 0.6458333333333334 0.4856770833333333 0.6419270833333334 0.4947916666666667 0.640625
3 0.41796875 0.5338541666666666 0.421875 0.546875 0.4205729166666667 0.5546875 0.4153645833333333 0.5546875 0.4127604166666667 0.546875 0.4140625 0.53515625 0.4166666666666667 0.5338541666666666
3 0.5559895833333334 0.578125 0.5651041666666666 0.5807291666666666 0.56640625 0.5859375 0.5651041666666666 0.5950520833333334 0.55859375 0.6015625 0.5559895833333334 0.6015625 0.5559895833333334 0.5794270833333334
3 0.4348958333333333 0.26171875 0.4348958333333333 0.23958333333333334 0.44140625 0.24479166666666666 0.44140625 0.2565104166666667 0.4401041666666667 0.2604166666666667 0.4361979166666667 0.26171875
3 0.5703125 0.7864583333333334 0.5768229166666666 0.7916666666666666 0.5807291666666666 0.8033854166666666 0.5703125 0.80859375 0.5677083333333334 0.7955729166666666 0.5690104166666666 0.7877604166666666
3 0.2942708333333333 0.5924479166666666 0.2994791666666667 0.6002604166666666 0.2994791666666667 0.60546875 0.29296875 0.6119791666666666 0.2890625 0.6119791666666666 0.2864583333333333 0.6067708333333334 0.2864583333333333 0.5963541666666666 0.2903645833333333 0.5911458333333334 0.29296875 0.5924479166666666
3 0.4505208333333333 0.453125 0.44921875 0.4361979166666667 0.4518229166666667 0.4322916666666667 0.4557291666666667 0.4322916666666667 0.4557291666666667 0.4479166666666667 0.4518229166666667 0.453125
3 0.49853359375 0.7404263893229167 0.49261015625 0.7178749999999999 0.48939453125000004 0.7184763893229166 0.48448671875 0.7389236106770833 0.49853359375 0.7404263893229167
3 0.51796875 0.4458333333333333 0.51796875 0.45 0.5171875 0.4513888893229167 0.5171875 0.4611111106770833 0.51796875 0.46249999999999997 0.5242187500000001 0.46527777734375 0.5265624999999999 0.46388888932291666 0.5296875 0.4583333333333333 0.5296875 0.44722222265624995 0.5265624999999999 0.44166666666666665 0.5226562499999999 0.44027777734375 0.5203125000000001 0.44166666666666665 0.51796875 0.4458333333333333
3 0.5515625000000001 0.3694444440104167 0.55234375 0.37361111067708336 0.5539062499999999 0.37638888932291664 0.5546875 0.37638888932291664 0.5578124999999999 0.37083333333333335 0.5593750000000001 0.3694444440104167 0.56015625 0.36527777734375005 0.55859375 0.3625 0.5546875 0.3625 0.55234375 0.3666666666666667 0.5515625000000001 0.3694444440104167