1 0.775 0.4680555559895833 0.7765624999999999 0.47222222265625 0.77734375 0.4708333333333334 0.7796875 0.4708333333333334 0.78125 0.4680555559895833 0.78125 0.46249999999999997 0.7804687499999999 0.4611111106770833 0.7765624999999999 0.4611111106770833 0.77578125 0.46249999999999997 0.775 0.4680555559895833
0 0.9986979166666666 0.4088541666666667 0.9986979166666666 0.4140625 0.9309895833333334 0.4153645833333333 0.9296875 0.41796875 0.9075520833333334 0.4205729166666667 0.890625 0.43359375 0.87890625 0.4518229166666667 0.87109375 0.4713541666666667 0.8658854166666666 0.4986979166666667 0.8671875 0.5494791666666666 0.87890625 0.5859375 0.8919270833333334 0.60546875 0.8997395833333334 0.61328125 0.9127604166666666 0.6197916666666666 0.9986979166666666 0.6171875 0.9986979166666666 0.6236979166666666 0.9375 0.6236979166666666 0.9361979166666666 0.6263020833333334 0.9153645833333334 0.6263020833333334 0.9140625 0.6236979166666666 0.9036458333333334 0.62109375 0.88671875 0.6067708333333334 0.875 0.5872395833333334 0.8645833333333334 0.5546875 0.8619791666666666 0.5260416666666666 0.8645833333333334 0.484375 0.8671875 0.48046875 0.8684895833333334 0.46875 0.8841145833333334 0.4348958333333333 0.8958333333333334 0.421875 0.91015625 0.4127604166666667 0.9973958333333334 0.4088541666666667
0 0.15625 0.4479166666666667 0.16927083333333334 0.4557291666666667 0.18229166666666666 0.47265625 0.19401041666666666 0.4986979166666667 0.19791666666666666 0.515625 0.20052083333333334 0.5455729166666666 0.19791666666666666 0.5885416666666666 0.19140625 0.6106770833333334 0.18229166666666666 0.6302083333333334 0.1640625 0.6497395833333334 0.14713541666666666 0.65625 0.040364583333333336 0.6614583333333334 0.03515625 0.66015625 0.03515625 0.6575520833333334 0.037760416666666664 0.65625 0.14973958333333334 0.6510416666666666 0.16666666666666666 0.640625 0.18098958333333334 0.6223958333333334 0.19140625 0.5989583333333334 0.19661458333333334 0.57421875 0.19791666666666666 0.5377604166666666 0.1953125 0.5169270833333334 0.18359375 0.4830729166666667 0.18098958333333334 0.4817708333333333 0.17317708333333334 0.4674479166666667 0.15885416666666666 0.4544270833333333 0.14973958333333334 0.4505208333333333 0.032552083333333336 0.453125 0.032552083333333336 0.44921875 0.10677083333333333 0.4453125 0.14973958333333334 0.4453125 0.15494791666666666 0.4479166666666667
2 0.53515625 0.9479166666666666 0.5325520833333334 0.93359375 0.53125 0.8671875 0.5325520833333334 0.83203125 0.52734375 0.54296875 0.5286458333333334 0.515625 0.52734375 0.31640625 0.5247395833333334 0.2955729166666667 0.5247395833333334 0.11979166666666667 0.52734375 0.14192708333333334 0.52734375 0.2682291666666667 0.5299479166666666 0.31640625 0.53125 0.6341145833333334 0.5338541666666666 0.6705729166666666 0.5364583333333334 0.9466145833333334
3 0.7643229166666666 0.8450520833333334 0.7721354166666666 0.8489583333333334 0.7747395833333334 0.8528645833333334 0.7747395833333334 0.8606770833333334 0.7721354166666666 0.8658854166666666 0.7669270833333334 0.8658854166666666 0.76171875 0.8619791666666666 0.7604166666666666 0.8450520833333334 0.7630208333333334 0.8450520833333334
3 0.77734375 0.4375 0.7890625 0.4466145833333333 0.7890625 0.4505208333333333 0.78515625 0.4557291666666667 0.7838541666666666 0.4661458333333333 0.7721354166666666 0.484375 0.7708333333333334 0.4700520833333333 0.7786458333333334 0.4505208333333333 0.77734375 0.4388020833333333
3 0.5989583333333334 0.3190104166666667 0.6015625 0.3216145833333333 0.6015625 0.3346354166666667 0.59765625 0.33984375 0.5924479166666666 0.3372395833333333 0.59375 0.32421875 0.59765625 0.3190104166666667
3 0.8151041666666666 0.6158854166666666 0.8190104166666666 0.6197916666666666 0.8203125 0.625 0.8177083333333334 0.6328125 0.8033854166666666 0.6302083333333334 0.8046875 0.6223958333333334 0.8098958333333334 0.6158854166666666 0.8138020833333334 0.6158854166666666
3 0.6783854166666666 0.6458333333333334 0.6783854166666666 0.6588541666666666 0.6705729166666666 0.66796875 0.66796875 0.66796875 0.6666666666666666 0.6588541666666666 0.671875 0.63671875 0.6744791666666666 0.6354166666666666 0.6770833333333334 0.6458333333333334
3 0.6458333333333334 0.8515625 0.64453125 0.8450520833333334 0.6549479166666666 0.8203125 0.6575520833333334 0.8216145833333334 0.66015625 0.8385416666666666 0.6549479166666666 0.8411458333333334 0.6536458333333334 0.8528645833333334 0.6471354166666666 0.8515625
3 0.58984375 0.51171875 0.5924479166666666 0.515625 0.5924479166666666 0.5260416666666666 0.5872395833333334 0.53125 0.5833333333333334 0.5286458333333334 0.58203125 0.5234375 0.5859375 0.5130208333333334 0.5885416666666666 0.51171875
3 0.66015625 0.6080729166666666 0.6666666666666666 0.62109375 0.6666666666666666 0.6263020833333334 0.6640625 0.6302083333333334 0.65625 0.6276041666666666 0.6588541666666666 0.609375
3 0.7708333333333334 0.20833333333333334 0.7747395833333334 0.21223958333333334 0.7747395833333334 0.21875 0.7643229166666666 0.22786458333333334 0.7604166666666666 0.2265625 0.76171875 0.22005208333333334 0.7708333333333334 0.20963541666666666
3 0.25 0.5299479166666666 0.25 0.546875 0.25390625 0.5533854166666666 0.24348958333333334 0.5520833333333334 0.23958333333333334 0.5442708333333334 0.2421875 0.5338541666666666 0.24869791666666666 0.53125
3 0.625 0.375 0.62890625 0.375 0.6328125 0.3802083333333333 0.6328125 0.3919270833333333 0.6302083333333334 0.3971354166666667 0.625 0.4010416666666667 0.62109375 0.4010416666666667 0.6184895833333334 0.3997395833333333 0.6184895833333334 0.3841145833333333 0.625 0.3763020833333333
3 0.9244791666666666 0.48828125 0.9309895833333334 0.49609375 0.9401041666666666 0.49609375 0.9401041666666666 0.5026041666666666 0.9375 0.5065104166666666 0.9283854166666666 0.51171875 0.9231770833333334 0.5091145833333334 0.9205729166666666 0.4921875 0.9205729166666666 0.48828125 0.9231770833333334 0.48828125