1 0.30312500000000003 0.5 0.3046875 0.49722222265625 0.3046875 0.4944444440104167 0.3015625 0.48888888932291663 0.3 0.4875 0.29843749999999997 0.48888888932291663 0.29765625 0.4916666666666667 0.29765625 0.49722222265625 0.30078125 0.5 0.30312500000000003 0.5
3 0.2643229166666667 0.66015625 0.2708333333333333 0.66015625 0.2760416666666667 0.671875 0.2760416666666667 0.67578125 0.2721354166666667 0.6796875 0.265625 0.6770833333333334 0.2643229166666667 0.6614583333333334
3 0.3763020833333333 0.2552083333333333 0.3802083333333333 0.2643229166666667 0.3802083333333333 0.2760416666666667 0.3776041666666667 0.2825520833333333 0.375 0.2825520833333333 0.3736979166666667 0.2799479166666667 0.3736979166666667 0.2734375 0.3697916666666667 0.2630208333333333 0.37109375 0.2565104166666667 0.375 0.2552083333333333
3 0.265625 0.8424479166666666 0.27734375 0.8424479166666666 0.2760416666666667 0.8528645833333334 0.2721354166666667 0.859375 0.2643229166666667 0.8580729166666666 0.2630208333333333 0.8502604166666666 0.265625 0.84375
3 0.3619791666666667 0.7955729166666666 0.3645833333333333 0.796875 0.3671875 0.82421875 0.3645833333333333 0.8268229166666666 0.359375 0.8255208333333334 0.359375 0.8125 0.3528645833333333 0.80859375 0.35546875 0.80078125 0.3619791666666667 0.796875
3 0.328125 0.5377604166666666 0.3307291666666667 0.5377604166666666 0.3359375 0.5325520833333334 0.3385416666666667 0.53515625 0.3385416666666667 0.546875 0.3346354166666667 0.55078125 0.3294270833333333 0.5481770833333334 0.328125 0.5390625
3 0.32421875 0.5833333333333334 0.3294270833333333 0.5885416666666666 0.3307291666666667 0.59765625 0.3294270833333333 0.6015625 0.3268229166666667 0.6015625 0.3190104166666667 0.59375 0.3190104166666667 0.5885416666666666 0.32421875 0.5846354166666666
3 0.23046875 0.21354166666666666 0.23567708333333334 0.21484375 0.24088541666666666 0.22135416666666666 0.24348958333333334 0.22916666666666666 0.23958333333333334 0.23567708333333334 0.234375 0.23177083333333334 0.23046875 0.22395833333333334 0.23046875 0.21484375
3 0.75 0.5078125 0.7526041666666666 0.5091145833333334 0.7591145833333334 0.50390625 0.76171875 0.5130208333333334 0.7604166666666666 0.52734375 0.7565104166666666 0.52734375 0.75 0.51953125 0.74609375 0.5091145833333334 0.7486979166666666 0.5078125
3 0.3802083333333333 0.3736979166666667 0.3854166666666667 0.3815104166666667 0.3854166666666667 0.390625 0.3802083333333333 0.3971354166666667 0.375 0.3932291666666667 0.37109375 0.3841145833333333 0.375 0.375 0.37890625 0.3736979166666667
3 0.11458333333333333 0.453125 0.11458333333333333 0.4609375 0.11197916666666667 0.4635416666666667 0.11067708333333333 0.4713541666666667 0.10546875 0.46875 0.09765625 0.46875 0.09505208333333333 0.45703125 0.09765625 0.453125 0.1015625 0.453125 0.10416666666666667 0.4557291666666667 0.11328125 0.453125
3 0.30078125 0.48472222265625 0.3 0.4805555559895833 0.29453124999999997 0.4694444440104167 0.29296875 0.4680555559895833 0.29140625000000003 0.4708333333333334 0.29140625000000003 0.47500000000000003 0.28828125 0.4805555559895833 0.2890625 0.48194444401041664 0.30078125 0.48472222265625
3 0.38906250000000003 0.52222222265625 0.390625 0.5180555559895833 0.390625 0.51527777734375 0.38984375 0.5111111106770834 0.38671875 0.5069444440104166 0.38359375 0.5069444440104166 0.38359375 0.5180555559895833 0.38671875 0.52222222265625 0.38906250000000003 0.52222222265625
2 0.4739583333333333 0.12239583333333333 0.4765625 0.12760416666666666 0.4765625 0.13932291666666666 0.4739583333333333 0.2942708333333333 0.4739583333333333 0.4934895833333333 0.4713541666666667 0.546875 0.47265625 0.6263020833333334 0.4700520833333333 0.6770833333333334 0.4674479166666667 0.9466145833333334 0.4635416666666667 0.9466145833333334 0.46484375 0.8177083333333334 0.4674479166666667 0.765625 0.4674479166666667 0.6184895833333334 0.4700520833333333 0.5455729166666666 0.46875 0.5026041666666666 0.4713541666666667 0.4427083333333333 0.4739583333333333 0.12369791666666667
0 0 0.6236111106770833 0.08984375 0.6263888893229167 0.109375 0.6138888893229166 0.12812500000000002 0.58472222265625 0.13749999999999998 0.5513888893229166 0.13984375000000002 0.5083333333333333 0.13359374999999998 0.47222222265625 0.11953124999999999 0.44027777734375 0.10078125 0.41944444401041664 0.08515625 0.41250000000000003 0.015625 0.40972222265625 0 0.40972222265625 0 0.4166666666666667 0.08437499999999999 0.4180555559895833 0.1015625 0.425 0.11484375000000001 0.43888888932291664 0.1328125 0.48194444401041664 0.13593750000000002 0.5069444440104166 0.13515625 0.5444444440104167 0.121875 0.5875 0.0984375 0.6166666666666667 0.08984375 0.6208333333333333 0 0.6180555559895834 0 0.6236111106770833
0 0.85703125 0.6583333333333333 0.9539062500000001 0.6583333333333333 0.85390625 0.65277777734375 0.8375 0.6458333333333334 0.82421875 0.6319444440104166 0.80859375 0.6 0.80234375 0.5638888893229167 0.80234375 0.5416666666666666 0.8156249999999999 0.4861111106770833 0.8265625 0.4680555559895833 0.84609375 0.45277777734375 0.9601562499999999 0.45555555598958336 0.9671875 0.4513888893229167 0.84375 0.44861111067708337 0.8273437499999999 0.4611111106770833 0.8140625 0.4805555559895833 0.7999999999999999 0.5291666666666667 0.803125 0.5319444440104167 0.79921875 0.5430555559895833 0.803125 0.5958333333333333 0.81640625 0.6291666666666667 0.8312499999999999 0.64722222265625 0.85703125 0.6583333333333333