1 0.5265624999999999 0.7708333333333334 0.5281250000000001 0.7722222226562501 0.5304687499999999 0.7722222226562501 0.53125 0.7708333333333334 0.53125 0.76527777734375 0.5304687499999999 0.7638888893229167 0.5281250000000001 0.7638888893229167 0.5265624999999999 0.76527777734375 0.5265624999999999 0.7708333333333334
0 0.9986979166666666 0.4127604166666667 0.9986979166666666 0.4192708333333333 0.9127604166666666 0.421875 0.9010416666666666 0.42578125 0.8919270833333334 0.4322916666666667 0.87890625 0.4479166666666667 0.86328125 0.4908854166666667 0.86328125 0.5533854166666666 0.8736979166666666 0.5859375 0.8854166666666666 0.60546875 0.8919270833333334 0.6119791666666666 0.8997395833333334 0.6184895833333334 0.9088541666666666 0.6223958333333334 0.9986979166666666 0.62109375 0.9986979166666666 0.6276041666666666 0.9479166666666666 0.62890625 0.9049479166666666 0.6276041666666666 0.8880208333333334 0.6158854166666666 0.87890625 0.60546875 0.875 0.5950520833333334 0.8684895833333334 0.5859375 0.8606770833333334 0.55859375 0.8580729166666666 0.5169270833333334 0.8619791666666666 0.4830729166666667 0.8723958333333334 0.4518229166666667 0.8828125 0.4348958333333333 0.8919270833333334 0.42578125 0.9049479166666666 0.4192708333333333 0.90625 0.4166666666666667 0.9973958333333334 0.4127604166666667
0 0.14322916666666666 0.4453125 0.15104166666666666 0.4466145833333333 0.16927083333333334 0.4583333333333333 0.18229166666666666 0.4752604166666667 0.19401041666666666 0.5052083333333334 0.19921875 0.5455729166666666 0.19791666666666666 0.5794270833333334 0.19140625 0.60546875 0.18229166666666666 0.6276041666666666 0.16666666666666666 0.6471354166666666 0.15885416666666666 0.65234375 0.14713541666666666 0.65625 0.125 0.6588541666666666 0.041666666666666664 0.6614583333333334 0.03515625 0.6614583333333334 0.033854166666666664 0.6575520833333334 0.036458333333333336 0.65625 0.10546875 0.65234375 0.12369791666666667 0.6536458333333334 0.15234375 0.6497395833333334 0.16666666666666666 0.6393229166666666 0.17578125 0.62890625 0.1875 0.6067708333333334 0.19140625 0.59375 0.19270833333333334 0.5768229166666666 0.1953125 0.5729166666666666 0.1953125 0.5286458333333334 0.18489583333333334 0.4895833333333333 0.17578125 0.47265625 0.16015625 0.45703125 0.14713541666666666 0.4505208333333333 0.03125 0.453125 0.032552083333333336 0.44921875 0.14192708333333334 0.4453125
2 0.5234375 0.12239583333333333 0.5260416666666666 0.13671875 0.5247395833333334 0.24739583333333334 0.52734375 0.3020833333333333 0.5260416666666666 0.3723958333333333 0.5299479166666666 0.5559895833333334 0.53125 0.8528645833333334 0.5338541666666666 0.8658854166666666 0.5338541666666666 0.9466145833333334 0.53125 0.9479166666666666 0.5286458333333334 0.8776041666666666 0.52734375 0.6223958333333334 0.5247395833333334 0.5598958333333334 0.5247395833333334 0.3059895833333333 0.5221354166666666 0.2760416666666667 0.5234375 0.12369791666666667
3 0.4127604166666667 0.2916666666666667 0.4153645833333333 0.2916666666666667 0.4166666666666667 0.2942708333333333 0.4192708333333333 0.3072916666666667 0.4140625 0.3177083333333333 0.41015625 0.31640625 0.4088541666666667 0.3033854166666667 0.4127604166666667 0.29296875
3 0.3619791666666667 0.5442708333333334 0.3645833333333333 0.5481770833333334 0.36328125 0.5598958333333334 0.3580729166666667 0.5611979166666666 0.3567708333333333 0.55859375 0.3567708333333333 0.5494791666666666 0.3606770833333333 0.5455729166666666
3 0.7369791666666666 0.4205729166666667 0.7434895833333334 0.4283854166666667 0.7408854166666666 0.4401041666666667 0.7369791666666666 0.4440104166666667 0.7317708333333334 0.4388020833333333 0.7291666666666666 0.4283854166666667 0.73046875 0.421875 0.7356770833333334 0.4205729166666667
3 0.4140625 0.69921875 0.421875 0.69921875 0.4192708333333333 0.71875 0.4166666666666667 0.72265625 0.4114583333333333 0.7174479166666666 0.4140625 0.7005208333333334
3 0.66796875 0.83203125 0.671875 0.8333333333333334 0.6744791666666666 0.8411458333333334 0.6744791666666666 0.8515625 0.6731770833333334 0.8528645833333334 0.66796875 0.8502604166666666 0.6653645833333334 0.8463541666666666 0.66796875 0.8333333333333334
3 0.5143229166666666 0.22916666666666666 0.5169270833333334 0.2421875 0.5143229166666666 0.25390625 0.5104166666666666 0.2565104166666667 0.5052083333333334 0.25390625 0.50390625 0.234375 0.5078125 0.22786458333333334 0.5130208333333334 0.22916666666666666
3 0.5807291666666666 0.6458333333333334 0.58203125 0.6536458333333334 0.5846354166666666 0.65625 0.5846354166666666 0.6627604166666666 0.5807291666666666 0.6653645833333334 0.5807291666666666 0.66796875 0.5755208333333334 0.6653645833333334 0.5755208333333334 0.6549479166666666 0.5807291666666666 0.6471354166666666
3 0.7708333333333334 0.22005208333333334 0.014322916666666666 0.020833333333333332
3 0.9296875 0.5208333333333334 0.9348958333333334 0.5286458333333334 0.93359375 0.5364583333333334 0.9309895833333334 0.5390625 0.91796875 0.5364583333333334 0.91796875 0.5286458333333334 0.9296875 0.5221354166666666
3 0.22135416666666666 0.53515625 0.22135416666666666 0.5481770833333334 0.21614583333333334 0.5546875 0.2109375 0.5546875 0.20833333333333334 0.55078125 0.20833333333333334 0.5377604166666666 0.21223958333333334 0.5338541666666666 0.22005208333333334 0.53515625
3 0.609375 0.3984375 0.6119791666666666 0.40625 0.60546875 0.4192708333333333 0.5911458333333334 0.4114583333333333 0.58984375 0.4075520833333333 0.5950520833333334 0.40234375 0.6080729166666666 0.3984375
3 0.5109374999999999 0.82777777734375 0.5031249999999999 0.8375 0.50234375 0.8402777773437501 0.50234375 0.8444444440104166 0.5015625 0.8458333333333333 0.5015625 0.8513888893229167 0.50234375 0.8541666666666666 0.50546875 0.8541666666666666 0.5085937500000001 0.85 0.509375 0.8472222226562499 0.509375 0.8430555559895834 0.515625 0.8250000000000001 0.515625 0.82222222265625 0.51328125 0.8208333333333333 0.5125000000000001 0.8208333333333333 0.51171875 0.8263888893229167 0.5109374999999999 0.82777777734375