1 0.84375 0.9333333333333332 0.84375 0.92777777734375 0.8429687499999999 0.9249999999999999 0.8421875 0.9236111106770833 0.83984375 0.9249999999999999 0.8390624999999999 0.9305555559895833 0.84140625 0.93472222265625 0.8429687499999999 0.93472222265625 0.84375 0.9333333333333332
0 0 0.4231770833333333 0.08723958333333333 0.42578125 0.10286458333333333 0.4309895833333333 0.11979166666666667 0.4479166666666667 0.13020833333333334 0.4661458333333333 0.13802083333333334 0.4895833333333333 0.14192708333333334 0.51171875 0.14192708333333334 0.5520833333333334 0.13411458333333334 0.58984375 0.12369791666666667 0.6119791666666666 0.10677083333333333 0.6315104166666666 0.09505208333333333 0.6380208333333334 0.0859375 0.6393229166666666 0 0.63671875 0 0.6315104166666666 0.08854166666666667 0.6341145833333334 0.1015625 0.62890625 0.12109375 0.6067708333333334 0.12890625 0.5911458333333334 0.13541666666666666 0.5716145833333334 0.13671875 0.5559895833333334 0.13932291666666666 0.55078125 0.13932291666666666 0.515625 0.13671875 0.5091145833333334 0.13541666666666666 0.4921875 0.125 0.46484375 0.11588541666666667 0.4505208333333333 0.10677083333333333 0.44140625 0.09244791666666667 0.4322916666666667 0 0.4296875 0 0.4244791666666667
0 0.8984375 0.4557291666666667 0.9205729166666666 0.4583333333333333 0.96484375 0.4583333333333333 0.9661458333333334 0.4609375 0.9713541666666666 0.4609375 0.9713541666666666 0.4635416666666667 0.9166666666666666 0.46484375 0.8541666666666666 0.4622395833333333 0.8359375 0.47265625 0.8294270833333334 0.4791666666666667 0.8190104166666666 0.49609375 0.8072916666666666 0.5338541666666666 0.8059895833333334 0.5716145833333334 0.8072916666666666 0.5911458333333334 0.8111979166666666 0.6067708333333334 0.8190104166666666 0.6276041666666666 0.8268229166666666 0.640625 0.83984375 0.6549479166666666 0.8515625 0.6614583333333334 0.8736979166666666 0.6640625 0.8802083333333334 0.6627604166666666 0.9427083333333334 0.6653645833333334 0.9466145833333334 0.6692708333333334 0.9479166666666666 0.6666666666666666 0.9622395833333334 0.6666666666666666 0.9635416666666666 0.6692708333333334 0.9700520833333334 0.6692708333333334 0.9700520833333334 0.671875 0.9674479166666666 0.6731770833333334 0.85546875 0.66796875 0.8541666666666666 0.6653645833333334 0.8411458333333334 0.6614583333333334 0.8268229166666666 0.6484375 0.81640625 0.6315104166666666 0.80859375 0.6106770833333334 0.8033854166666666 0.5794270833333334 0.8033854166666666 0.5442708333333334 0.8072916666666666 0.51953125 0.8203125 0.4856770833333333 0.8229166666666666 0.484375 0.8268229166666666 0.4752604166666667 0.8359375 0.4661458333333333 0.8502604166666666 0.45703125 0.8971354166666666 0.4557291666666667
2 0.4765625 0.13541666666666666 0.4791666666666667 0.13802083333333334 0.4791666666666667 0.17057291666666666 0.4752604166666667 0.44921875 0.4752604166666667 0.6497395833333334 0.4713541666666667 0.7955729166666666 0.4713541666666667 0.9453125 0.4700520833333333 0.9596354166666666 0.4674479166666667 0.9596354166666666 0.4765625 0.13671875
3 0.859375 0.5208333333333334 0.8723958333333334 0.5260416666666666 0.8736979166666666 0.5286458333333334 0.8723958333333334 0.5338541666666666 0.8684895833333334 0.5377604166666666 0.8619791666666666 0.5390625 0.8580729166666666 0.5364583333333334 0.859375 0.5221354166666666
3 0.16145833333333334 0.4778645833333333 0.16145833333333334 0.4908854166666667 0.14973958333333334 0.4908854166666667 0.1484375 0.48828125 0.1484375 0.4791666666666667 0.16015625 0.4778645833333333
3 0.8658854166666666 0.8411458333333334 0.8763020833333334 0.8528645833333334 0.87890625 0.8606770833333334 0.8776041666666666 0.8671875 0.8658854166666666 0.8671875 0.86328125 0.8515625 0.8645833333333334 0.8424479166666666
3 0.7096354166666666 0.5716145833333334 0.7161458333333334 0.578125 0.7161458333333334 0.5846354166666666 0.7135416666666666 0.5885416666666666 0.7096354166666666 0.5911458333333334 0.703125 0.5885416666666666 0.703125 0.5807291666666666 0.7083333333333334 0.5729166666666666
3 0.8528645833333334 0.9440104166666666 0.8580729166666666 0.9505208333333334 0.8567708333333334 0.9609375 0.8528645833333334 0.9635416666666666 0.84765625 0.9609375 0.8424479166666666 0.9361979166666666 0.83984375 0.9322916666666666 0.83984375 0.9270833333333334 0.8424479166666666 0.92578125 0.8515625 0.9440104166666666
3 0.4895833333333333 0.6302083333333334 0.4921875 0.6432291666666666 0.4908854166666667 0.6497395833333334 0.4869791666666667 0.6497395833333334 0.484375 0.6471354166666666 0.484375 0.6328125 0.48828125 0.6302083333333334
3 0.5885416666666666 0.76953125 0.5950520833333334 0.7825520833333334 0.5950520833333334 0.80859375 0.5911458333333334 0.80859375 0.5859375 0.796875 0.5859375 0.77734375 0.5885416666666666 0.7708333333333334
3 0.3971354166666667 0.24479166666666666 0.3997395833333333 0.25 0.3997395833333333 0.2630208333333333 0.39453125 0.265625 0.390625 0.26171875 0.390625 0.2526041666666667 0.3932291666666667 0.24609375 0.3958333333333333 0.24609375
3 0.73046875 0.55078125 0.7330729166666666 0.5533854166666666 0.7330729166666666 0.5611979166666666 0.7317708333333334 0.5638020833333334 0.7239583333333334 0.56640625 0.7200520833333334 0.5611979166666666 0.7213541666666666 0.5520833333333334 0.7239583333333334 0.5494791666666666 0.7291666666666666 0.55078125
3 0.9375 0.625 0.9518229166666666 0.6276041666666666 0.9596354166666666 0.6341145833333334 0.95703125 0.640625 0.9479166666666666 0.640625 0.9375 0.6315104166666666 0.9375 0.6263020833333334
3 0.7473958333333334 0.7565104166666666 0.7552083333333334 0.7643229166666666 0.7552083333333334 0.7734375 0.7486979166666666 0.7786458333333334 0.7447916666666666 0.77734375 0.7421875 0.7682291666666666 0.7421875 0.7591145833333334 0.74609375 0.7565104166666666
3 0.640625 0.4908854166666667 0.6471354166666666 0.4895833333333333 0.6510416666666666 0.4934895833333333 0.6497395833333334 0.51171875 0.6471354166666666 0.515625 0.6432291666666666 0.515625 0.640625 0.5143229166666666 0.6380208333333334 0.5065104166666666 0.640625 0.4921875