1 0.5296875 0.5305555559895833 0.5328125 0.5305555559895833 0.53359375 0.5291666666666667 0.5328125 0.5236111106770833 0.5296875 0.5236111106770833 0.52890625 0.52777777734375 0.5296875 0.5305555559895833
0 0.9986979166666666 0.42578125 0.9986979166666666 0.4309895833333333 0.90234375 0.43359375 0.89453125 0.4361979166666667 0.8932291666666666 0.4388020833333333 0.88671875 0.44140625 0.87109375 0.4583333333333333 0.8619791666666666 0.4765625 0.8619791666666666 0.4817708333333333 0.859375 0.484375 0.8580729166666666 0.4947916666666667 0.85546875 0.4986979166666667 0.8528645833333334 0.5416666666666666 0.85546875 0.5677083333333334 0.86328125 0.5924479166666666 0.8697916666666666 0.6015625 0.8697916666666666 0.60546875 0.8841145833333334 0.6223958333333334 0.8984375 0.6315104166666666 0.9153645833333334 0.6328125 0.9986979166666666 0.6302083333333334 0.9986979166666666 0.6354166666666666 0.9895833333333334 0.63671875 0.9427083333333334 0.6380208333333334 0.8958333333333334 0.63671875 0.8841145833333334 0.6302083333333334 0.8684895833333334 0.61328125 0.8567708333333334 0.5872395833333334 0.85546875 0.5768229166666666 0.8515625 0.5677083333333334 0.8489583333333334 0.53125 0.8528645833333334 0.4934895833333333 0.8606770833333334 0.4700520833333333 0.8684895833333334 0.4544270833333333 0.88671875 0.43359375 0.89453125 0.4296875 0.9544270833333334 0.42578125 0.9973958333333334 0.42578125
0 0.028645833333333332 0.4557291666666667 0.0859375 0.453125 0.15104166666666666 0.4544270833333333 0.171875 0.4713541666666667 0.18229166666666666 0.48828125 0.19010416666666666 0.5078125 0.1953125 0.53515625 0.19401041666666666 0.59375 0.18359375 0.6263020833333334 0.16666666666666666 0.6510416666666666 0.15755208333333334 0.6575520833333334 0.14322916666666666 0.6627604166666666 0.032552083333333336 0.6653645833333334 0.03125 0.6640625 0.03515625 0.6614583333333334 0.14453125 0.6575520833333334 0.15885416666666666 0.6510416666666666 0.17578125 0.6315104166666666 0.1875 0.60546875 0.19270833333333334 0.5768229166666666 0.19270833333333334 0.5390625 0.18359375 0.4986979166666667 0.16796875 0.4739583333333333 0.15494791666666666 0.4635416666666667 0.14583333333333334 0.4596354166666667 0.13802083333333334 0.4596354166666667 0.13671875 0.45703125 0.1328125 0.45703125 0.13151041666666666 0.4596354166666667 0.0859375 0.4609375 0.028645833333333332 0.4609375 0.028645833333333332 0.45703125
2 0.5234375 0.46875 0.5234375 0.4739583333333333 0.5260416666666666 0.4778645833333333 0.5234375 0.4947916666666667 0.5234375 0.5325520833333334 0.5260416666666666 0.6145833333333334 0.5247395833333334 0.6484375 0.5286458333333334 0.953125 0.5247395833333334 0.953125 0.5234375 0.6549479166666666 0.5208333333333334 0.6276041666666666 0.5221354166666666 0.4700520833333333
3 0.4895833333333333 0.7135416666666666 0.4895833333333333 0.7356770833333334 0.4869791666666667 0.7395833333333334 0.484375 0.7356770833333334 0.484375 0.72265625 0.4895833333333333 0.71484375
3 0.4309895833333333 0.5755208333333334 0.4309895833333333 0.5611979166666666 0.4348958333333333 0.5572916666666666 0.44140625 0.5572916666666666 0.44140625 0.5638020833333334 0.4361979166666667 0.57421875 0.4322916666666667 0.5755208333333334
3 0.4622395833333333 0.25 0.46484375 0.25 0.4674479166666667 0.2552083333333333 0.4661458333333333 0.2721354166666667 0.46484375 0.2747395833333333 0.4622395833333333 0.2747395833333333 0.4583333333333333 0.2643229166666667 0.4583333333333333 0.2552083333333333 0.4622395833333333 0.2513020833333333
3 0.5807291666666666 0.5859375 0.58203125 0.5963541666666666 0.5807291666666666 0.6015625 0.578125 0.6028645833333334 0.5755208333333334 0.6015625 0.5755208333333334 0.5885416666666666 0.5794270833333334 0.5859375
3 0.5625 0.41015625 0.009114583333333334 0.018229166666666668
3 0.6354166666666666 0.3190104166666667 0.6380208333333334 0.328125 0.6328125 0.3385416666666667 0.62890625 0.3307291666666667 0.62890625 0.3216145833333333 0.6315104166666666 0.3177083333333333 0.6341145833333334 0.3190104166666667
3 0.59765625 0.7825520833333334 0.6028645833333334 0.7942708333333334 0.6002604166666666 0.8033854166666666 0.59765625 0.8059895833333334 0.5950520833333334 0.8059895833333334 0.59375 0.8033854166666666 0.5963541666666666 0.7838541666666666
3 0.5403645833333334 0.23958333333333334 0.5442708333333334 0.23958333333333334 0.5494791666666666 0.24348958333333334 0.5455729166666666 0.2565104166666667 0.5416666666666666 0.2604166666666667 0.5377604166666666 0.2565104166666667 0.5403645833333334 0.24088541666666666
3 0.3333333333333333 0.5768229166666666 0.3372395833333333 0.5794270833333334 0.34375 0.5768229166666666 0.3372395833333333 0.5963541666666666 0.33203125 0.59765625 0.3294270833333333 0.59375 0.3294270833333333 0.5794270833333334 0.33203125 0.578125
3 0.478515625 0.4713541666666667 0.008463541666666666 0.0234375
3 0.50390625 0.6197916666666666 0.5065104166666666 0.62890625 0.5065104166666666 0.63671875 0.50390625 0.6393229166666666 0.5013020833333334 0.6393229166666666 0.4986979166666667 0.6354166666666666 0.5 0.62109375 0.5026041666666666 0.6197916666666666
3 0.51796875 0.45972222265625 0.52734375 0.4611111106770833 0.5304687499999999 0.45555555598958336 0.5296875 0.4430555559895833 0.5265624999999999 0.43888888932291664 0.5203125000000001 0.44166666666666665 0.51796875 0.45972222265625