1 0.6234375 0.1875 0.6242187499999999 0.18472222265625002 0.6234375 0.1805555559895833 0.6203124999999999 0.1805555559895833 0.6203124999999999 0.1875 0.6234375 0.1875
0 0.8880208333333334 0.4322916666666667 0.90625 0.4244791666666667 0.9986979166666666 0.4205729166666667 0.9986979166666666 0.42578125 0.9908854166666666 0.4270833333333333 0.91015625 0.4296875 0.89453125 0.4348958333333333 0.87890625 0.4505208333333333 0.8671875 0.4713541666666667 0.8580729166666666 0.5026041666666666 0.8580729166666666 0.5299479166666666 0.85546875 0.53515625 0.8528645833333334 0.53125 0.8528645833333334 0.5247395833333334 0.85546875 0.5143229166666666 0.85546875 0.5 0.8606770833333334 0.4778645833333333 0.8723958333333334 0.4518229166666667 0.8880208333333334 0.43359375
0 0.13932291666666666 0.45703125 0.15494791666666666 0.4674479166666667 0.1640625 0.4765625 0.17447916666666666 0.4934895833333333 0.18359375 0.5208333333333334 0.1875 0.546875 0.1875 0.5807291666666666 0.18359375 0.609375 0.17447916666666666 0.6341145833333334 0.1640625 0.6510416666666666 0.15494791666666666 0.66015625 0.140625 0.6692708333333334 0.12760416666666666 0.671875 0.06770833333333333 0.6731770833333334 0.041666666666666664 0.67578125 0.020833333333333332 0.67578125 0.020833333333333332 0.671875 0.05078125 0.6692708333333334 0.052083333333333336 0.6666666666666666 0.13671875 0.6640625 0.15494791666666666 0.6536458333333334 0.171875 0.6302083333333334 0.1796875 0.609375 0.18489583333333334 0.5807291666666666 0.18489583333333334 0.5481770833333334 0.1796875 0.51953125 0.171875 0.4973958333333333 0.16015625 0.4791666666666667 0.14322916666666666 0.4661458333333333 0.13671875 0.4635416666666667 0.01953125 0.4661458333333333 0.018229166666666668 0.4635416666666667 0.020833333333333332 0.4609375 0.046875 0.4609375 0.048177083333333336 0.4583333333333333 0.13802083333333334 0.45703125
2 0.5208333333333334 0.5052083333333334 0.5247395833333334 0.7447916666666666 0.5234375 0.7825520833333334 0.52734375 0.9348958333333334 0.5260416666666666 0.9635416666666666 0.5234375 0.9609375 0.5208333333333334 0.7981770833333334 0.5208333333333334 0.6744791666666666 0.5169270833333334 0.5390625 0.5169270833333334 0.5325520833333334 0.5208333333333334 0.5221354166666666 0.5208333333333334 0.5065104166666666
3 0.6028645833333334 0.5390625 0.60546875 0.55078125 0.6015625 0.5559895833333334 0.59765625 0.5546875 0.5989583333333334 0.5403645833333334 0.6015625 0.5390625
3 0.47265625 0.19401041666666666 0.4752604166666667 0.19401041666666666 0.4765625 0.19661458333333334 0.4765625 0.21223958333333334 0.4752604166666667 0.21744791666666666 0.47265625 0.21744791666666666 0.4700520833333333 0.21484375 0.46875 0.20703125 0.47265625 0.1953125
3 0.57421875 0.6015625 0.5768229166666666 0.6015625 0.5807291666666666 0.6080729166666666 0.5794270833333334 0.6184895833333334 0.57421875 0.6184895833333334 0.5716145833333334 0.6158854166666666 0.5716145833333334 0.6080729166666666 0.57421875 0.6028645833333334
3 0.73828125 0.70703125 0.7408854166666666 0.70703125 0.7473958333333334 0.71875 0.74609375 0.7265625 0.7356770833333334 0.7265625 0.734375 0.72265625 0.73828125 0.71484375 0.73828125 0.7083333333333334
3 0.5104166666666666 0.7434895833333334 0.5143229166666666 0.7526041666666666 0.5143229166666666 0.7630208333333334 0.5104166666666666 0.7669270833333334 0.5078125 0.765625 0.5091145833333334 0.7447916666666666
3 0.56640625 0.39453125 0.5690104166666666 0.3984375 0.5690104166666666 0.4049479166666667 0.5651041666666666 0.4088541666666667 0.5625 0.4088541666666667 0.5611979166666666 0.40625 0.5625 0.3958333333333333 0.5651041666666666 0.39453125
3 0.51953125 0.4765625 0.5221354166666666 0.4830729166666667 0.5221354166666666 0.5013020833333334 0.5182291666666666 0.50390625 0.5130208333333334 0.5026041666666666 0.51171875 0.4973958333333333 0.5130208333333334 0.4817708333333333 0.5182291666666666 0.4765625
3 0.6354166666666666 0.14322916666666666 0.63671875 0.15104166666666666 0.6328125 0.16145833333333334 0.62890625 0.1640625 0.6263020833333334 0.16145833333333334 0.6263020833333334 0.15234375 0.62890625 0.14453125 0.6315104166666666 0.14192708333333334 0.6341145833333334 0.14322916666666666
3 0.3971354166666667 0.3815104166666667 0.3971354166666667 0.3606770833333333 0.4010416666666667 0.3606770833333333 0.4036458333333333 0.3736979166666667 0.40234375 0.3815104166666667 0.3984375 0.3815104166666667
3 0.4036458333333333 0.6796875 0.4075520833333333 0.6796875 0.41015625 0.6875 0.4088541666666667 0.6953125 0.40625 0.7005208333333334 0.4036458333333333 0.7005208333333334 0.3997395833333333 0.6940104166666666 0.3997395833333333 0.6848958333333334 0.4036458333333333 0.6809895833333334
3 0.57421875 0.7408854166666666 0.5807291666666666 0.75 0.5807291666666666 0.7604166666666666 0.5768229166666666 0.7630208333333334 0.5729166666666666 0.76171875 0.5703125 0.75390625 0.5703125 0.7421875 0.5729166666666666 0.7408854166666666
3 0.85950703125 0.5491 0.86171875 0.5499999999999999 0.8734375 0.5430555559895833 0.8734375 0.5333333333333333 0.8562500000000001 0.5333333333333333 0.85691953125 0.5480777773437501 0.85950703125 0.5491