1 0.43828125 0.2833333333333333 0.44140625 0.2833333333333333 0.4421875 0.2819444440104167 0.4421875 0.27638888932291666 0.43906249999999997 0.27499999999999997 0.4375 0.27777777734375003 0.4375 0.2805555559895833 0.43828125 0.2833333333333333
0 0 0.4166666666666667 0.07942708333333333 0.4192708333333333 0.09895833333333333 0.421875 0.10807291666666667 0.4270833333333333 0.11848958333333333 0.4361979166666667 0.13541666666666666 0.4661458333333333 0.14192708333333334 0.48828125 0.14322916666666666 0.5078125 0.14583333333333334 0.515625 0.14322916666666666 0.5638020833333334 0.13411458333333334 0.59375 0.12239583333333333 0.61328125 0.10807291666666667 0.6276041666666666 0.09505208333333333 0.6341145833333334 0 0.6315104166666666 0 0.625 0.018229166666666668 0.625 0.01953125 0.6276041666666666 0.09244791666666667 0.62890625 0.10677083333333333 0.62109375 0.11979166666666667 0.6080729166666666 0.13151041666666666 0.5885416666666666 0.13932291666666666 0.5651041666666666 0.14192708333333334 0.53515625 0.140625 0.5 0.13541666666666666 0.4778645833333333 0.125 0.453125 0.10677083333333333 0.4322916666666667 0.09244791666666667 0.42578125 0 0.4231770833333333 0 0.41796875
0 0.98046875 0.4544270833333333 0.9791666666666666 0.4596354166666667 0.9388020833333334 0.4596354166666667 0.9375 0.45703125 0.8893229166666666 0.4557291666666667 0.8580729166666666 0.45703125 0.8372395833333334 0.4739583333333333 0.8268229166666666 0.4908854166666667 0.8216145833333334 0.5078125 0.8190104166666666 0.5104166666666666 0.8138020833333334 0.5377604166666666 0.8138020833333334 0.5755208333333334 0.8177083333333334 0.59765625 0.8229166666666666 0.6145833333333334 0.8307291666666666 0.6302083333333334 0.8463541666666666 0.6497395833333334 0.8580729166666666 0.65625 0.8684895833333334 0.6588541666666666 0.9765625 0.6627604166666666 0.9765625 0.66796875 0.8671875 0.6640625 0.8567708333333334 0.6614583333333334 0.8411458333333334 0.65234375 0.82421875 0.62890625 0.8229166666666666 0.62109375 0.81640625 0.6080729166666666 0.8111979166666666 0.578125 0.8111979166666666 0.5364583333333334 0.8151041666666666 0.51171875 0.8190104166666666 0.50390625 0.8203125 0.4947916666666667 0.828125 0.4791666666666667 0.84765625 0.45703125 0.8567708333333334 0.4518229166666667 0.9049479166666666 0.4505208333333333 0.9791666666666666 0.4544270833333333
2 0.48046875 0.55859375 0.4739583333333333 0.95703125 0.47265625 0.8450520833333334 0.4752604166666667 0.7552083333333334 0.4752604166666667 0.6106770833333334 0.4765625 0.5598958333333334 0.4791666666666667 0.55859375
3 0.39453125 0.5481770833333334 0.390625 0.5403645833333334 0.390625 0.5364583333333334 0.3932291666666667 0.5338541666666666 0.3971354166666667 0.5338541666666666 0.3997395833333333 0.5364583333333334 0.3997395833333333 0.5481770833333334 0.3958333333333333 0.5481770833333334
3 0.4739583333333333 0.5208333333333334 0.4778645833333333 0.5286458333333334 0.4778645833333333 0.5390625 0.4739583333333333 0.546875 0.46875 0.5442708333333334 0.46484375 0.5325520833333334 0.46875 0.5208333333333334 0.47265625 0.5208333333333334
3 0.5026041666666666 0.75390625 0.5091145833333334 0.76171875 0.5091145833333334 0.7747395833333334 0.50390625 0.77734375 0.5 0.7721354166666666 0.5 0.7591145833333334 0.5026041666666666 0.7552083333333334
3 0.60546875 0.6901041666666666 0.6106770833333334 0.6927083333333334 0.6145833333333334 0.7005208333333334 0.6145833333333334 0.7135416666666666 0.609375 0.71484375 0.60546875 0.69140625
3 0.5234375 0.1875 0.5260416666666666 0.1875 0.5299479166666666 0.19921875 0.5286458333333334 0.21223958333333334 0.5234375 0.21484375 0.5234375 0.18880208333333334
3 0.4817708333333333 0.3919270833333333 0.4895833333333333 0.3997395833333333 0.4856770833333333 0.4114583333333333 0.4830729166666667 0.4127604166666667 0.4791666666666667 0.4114583333333333 0.4765625 0.4036458333333333 0.4765625 0.39453125 0.48046875 0.3919270833333333
3 0.2799479166666667 0.71875 0.2825520833333333 0.734375 0.2799479166666667 0.7408854166666666 0.27734375 0.7408854166666666 0.2708333333333333 0.734375 0.2721354166666667 0.7252604166666666 0.2786458333333333 0.71875
3 0.3567708333333333 0.259765625 0.008463541666666666 0.030598958333333332
3 0.4388020833333333 0.61328125 0.44140625 0.6184895833333334 0.4388020833333333 0.6302083333333334 0.43359375 0.6276041666666666 0.4322916666666667 0.6223958333333334 0.4322916666666667 0.6145833333333334 0.4375 0.61328125
3 0.5807291666666666 0.421875 0.5846354166666666 0.4283854166666667 0.58203125 0.4440104166666667 0.578125 0.4440104166666667 0.5755208333333334 0.43359375 0.5768229166666666 0.4231770833333333 0.5794270833333334 0.421875
3 0.15364583333333334 0.55078125 0.16536458333333334 0.5572916666666666 0.16145833333333334 0.56640625 0.15885416666666666 0.5677083333333334 0.15494791666666666 0.5638020833333334 0.14713541666666666 0.5651041666666666 0.1484375 0.5533854166666666 0.15234375 0.55078125
3 0.45271796875000003 0.7776888893229167 0.44487109375 0.7784472226562501 0.44324296874999997 0.7929444440104166 0.44753593750000004 0.7966263893229167 0.45316171875000005 0.7903138893229166 0.45271796875000003 0.7776888893229167