1 0.421875 0.7555555559895833 0.421875 0.75 0.42109375 0.7486111106770833 0.41796875 0.7458333333333332 0.41796875 0.7569444440104167 0.42109375 0.7569444440104167 0.421875 0.7555555559895833
0 0.13671875 0.4817708333333333 0.14192708333333334 0.5091145833333334 0.14192708333333334 0.5377604166666666 0.13932291666666666 0.55859375 0.13151041666666666 0.5859375 0.11458333333333333 0.61328125 0.10286458333333333 0.6223958333333334 0.08854166666666667 0.62890625 0 0.6263020833333334 0 0.6197916666666666 0.048177083333333336 0.6197916666666666 0.08723958333333333 0.6223958333333334 0.09895833333333333 0.6184895833333334 0.11328125 0.6067708333333334 0.12630208333333334 0.5859375 0.13671875 0.5520833333333334 0.13932291666666666 0.5364583333333334 0.13932291666666666 0.5104166666666666 0.13671875 0.5052083333333334 0.13541666666666666 0.48828125 0.13671875 0.4830729166666667
0 0.9114583333333334 0.44921875 0.9674479166666666 0.4518229166666667 0.9674479166666666 0.45703125 0.8541666666666666 0.453125 0.84375 0.45703125 0.8216145833333334 0.4791666666666667 0.8072916666666666 0.5143229166666666 0.8059895833333334 0.5299479166666666 0.8033854166666666 0.5364583333333334 0.8033854166666666 0.5729166666666666 0.8059895833333334 0.578125 0.8072916666666666 0.59375 0.8216145833333334 0.62890625 0.84375 0.6510416666666666 0.859375 0.6549479166666666 0.95703125 0.6588541666666666 0.96484375 0.66015625 0.9635416666666666 0.6627604166666666 0.8736979166666666 0.6614583333333334 0.8463541666666666 0.6575520833333334 0.8359375 0.65234375 0.8203125 0.6354166666666666 0.80859375 0.6106770833333334 0.8072916666666666 0.6002604166666666 0.8033854166666666 0.5924479166666666 0.80078125 0.5768229166666666 0.80078125 0.53515625 0.80859375 0.4986979166666667 0.8203125 0.47265625 0.8359375 0.4557291666666667 0.8489583333333334 0.44921875 0.91015625 0.44921875
2 0.4765625 0.12369791666666667 0.4778645833333333 0.19921875 0.4752604166666667 0.2786458333333333 0.4739583333333333 0.6328125 0.4713541666666667 0.6432291666666666 0.46875 0.86328125 0.4700520833333333 0.8984375 0.4674479166666667 0.94921875 0.46484375 0.9466145833333334 0.46484375 0.9088541666666666 0.4674479166666667 0.8841145833333334 0.4661458333333333 0.859375 0.46875 0.6119791666666666 0.4713541666666667 0.5690104166666666 0.47265625 0.2552083333333333 0.4752604166666667 0.125
3 0.3828125 0.7890625 0.38671875 0.7903645833333334 0.38671875 0.8033854166666666 0.3841145833333333 0.80859375 0.3802083333333333 0.8059895833333334 0.37890625 0.8020833333333334 0.3828125 0.7903645833333334
3 0.4049479166666667 0.4973958333333333 0.39453125 0.4895833333333333 0.4010416666666667 0.4752604166666667 0.4036458333333333 0.4739583333333333 0.41015625 0.484375 0.4088541666666667 0.4947916666666667 0.40625 0.49609375
3 0.2890625 0.8372395833333334 0.2864583333333333 0.8528645833333334 0.2760416666666667 0.8528645833333334 0.2747395833333333 0.8411458333333334 0.2786458333333333 0.8372395833333334 0.2877604166666667 0.8372395833333334
3 0.24088541666666666 0.22265625 0.24739583333333334 0.22916666666666666 0.2513020833333333 0.24739583333333334 0.24609375 0.24479166666666666 0.23828125 0.23307291666666666 0.23958333333333334 0.22395833333333334
3 0.3893229166666667 0.22395833333333334 0.3919270833333333 0.2265625 0.3932291666666667 0.24348958333333334 0.390625 0.24479166666666666 0.3854166666666667 0.24088541666666666 0.3880208333333333 0.22526041666666666
3 0.12369791666666667 0.4622395833333333 0.13151041666666666 0.46875 0.13020833333333334 0.4817708333333333 0.12630208333333334 0.4817708333333333 0.12369791666666667 0.4778645833333333 0.1171875 0.4765625 0.1171875 0.4661458333333333 0.12239583333333333 0.4635416666666667
3 0.771875 0.5458333333333333 0.7531249999999999 0.5430555559895833 0.7515625 0.5458333333333333 0.76015625 0.55972222265625 0.7726562499999999 0.5513888893229166 0.771875 0.5458333333333333
3 0.40625 0.5083333333333333 0.40781249999999997 0.5180555559895833 0.4140625 0.5180555559895833 0.41250000000000003 0.5055555559895833 0.40625 0.5083333333333333
3 0.39765625 0.42222222265625 0.39453125 0.4166666666666667 0.38828124999999997 0.4180555559895833 0.3859375 0.43333333333333335 0.39375 0.44027777734375 0.3984375 0.4319444440104167 0.39765625 0.42222222265625
3 0.3828125 0.59027777734375 0.3796875 0.59027777734375 0.37890625 0.6055555559895833 0.38515625000000003 0.60972222265625 0.38671875 0.6013888893229167 0.3828125 0.59027777734375
3 0.3550328125 0.6744111106770833 0.3515625 0.65972222265625 0.34453125 0.6611111106770834 0.34453125 0.6708333333333334 0.35078125 0.67777777734375 0.3484375 0.68472222265625 0.3550328125 0.6744111106770833
3 0.42109375 0.7555555559895833 0.41484375 0.7152777773437501 0.41015625 0.7083333333333334 0.40546875 0.7125 0.40390624999999997 0.7305555559895834 0.40781249999999997 0.7444444440104167 0.4171875 0.7569444440104167 0.42109375 0.7555555559895833