1 0.47535937500000003 0.5323361106770833 0.47367187499999996 0.5305597226562501 0.471875 0.5319444440104167 0.47109375000000003 0.5361111106770834 0.471921875 0.5395541666666667 0.47554687500000004 0.5387763893229166 0.47535937500000003 0.5323361106770833
0 0 0.42578125 0.09895833333333333 0.4283854166666667 0.11458333333333333 0.4361979166666667 0.13020833333333334 0.4544270833333333 0.13802083333333334 0.4700520833333333 0.14583333333333334 0.4947916666666667 0.14973958333333334 0.5260416666666666 0.14713541666666666 0.5677083333333334 0.14322916666666666 0.5768229166666666 0.14192708333333334 0.5872395833333334 0.13020833333333334 0.61328125 0.11328125 0.6315104166666666 0.10026041666666667 0.6380208333333334 0 0.63671875 0 0.6302083333333334 0.09635416666666667 0.6328125 0.10677083333333333 0.62890625 0.12369791666666667 0.61328125 0.13541666666666666 0.5924479166666666 0.14322916666666666 0.5677083333333334 0.14583333333333334 0.5481770833333334 0.14453125 0.5078125 0.13932291666666666 0.484375 0.12760416666666666 0.4583333333333333 0.11458333333333333 0.4440104166666667 0.10416666666666667 0.4361979166666667 0.09505208333333333 0.43359375 0 0.4309895833333333 0 0.4270833333333333
0 0.9388020833333334 0.4544270833333333 0.96875 0.4557291666666667 0.9700520833333334 0.4609375 0.9674479166666666 0.4622395833333333 0.8541666666666666 0.4596354166666667 0.8359375 0.46875 0.8268229166666666 0.4778645833333333 0.8255208333333334 0.4830729166666667 0.8151041666666666 0.4986979166666667 0.8098958333333334 0.5143229166666666 0.8046875 0.5559895833333334 0.8059895833333334 0.5807291666666666 0.8111979166666666 0.6067708333333334 0.8138020833333334 0.609375 0.8190104166666666 0.6263020833333334 0.8294270833333334 0.640625 0.84375 0.6536458333333334 0.859375 0.6588541666666666 0.9622395833333334 0.6614583333333334 0.9661458333333334 0.6640625 0.96484375 0.6653645833333334 0.8619791666666666 0.6640625 0.84765625 0.6614583333333334 0.83203125 0.6510416666666666 0.81640625 0.6302083333333334 0.8111979166666666 0.61328125 0.80859375 0.6106770833333334 0.8033854166666666 0.5872395833333334 0.8020833333333334 0.5455729166666666 0.80859375 0.5065104166666666 0.8229166666666666 0.4765625 0.8346354166666666 0.4635416666666667 0.8424479166666666 0.45703125 0.8541666666666666 0.453125 0.9375 0.4544270833333333
2 0.4739583333333333 0.4752604166666667 0.4778645833333333 0.4830729166666667 0.4778645833333333 0.640625 0.4752604166666667 0.6484375 0.4739583333333333 0.7799479166666666 0.4739583333333333 0.953125 0.4700520833333333 0.9518229166666666 0.47265625 0.609375 0.4752604166666667 0.5403645833333334 0.4739583333333333 0.4765625
3 0.453125 0.2578125 0.44921875 0.24479166666666666 0.4518229166666667 0.24088541666666666 0.4583333333333333 0.24088541666666666 0.4622395833333333 0.2526041666666667 0.4596354166666667 0.2604166666666667 0.4544270833333333 0.2578125
3 0.5651041666666666 0.55859375 0.5677083333333334 0.5598958333333334 0.5690104166666666 0.5651041666666666 0.5677083333333334 0.5768229166666666 0.5651041666666666 0.578125 0.5611979166666666 0.5703125 0.5611979166666666 0.5598958333333334 0.5638020833333334 0.55859375
3 0.4947916666666667 0.6197916666666666 0.4986979166666667 0.6223958333333334 0.4986979166666667 0.6380208333333334 0.4947916666666667 0.640625 0.4921875 0.6354166666666666 0.4947916666666667 0.62109375
3 0.41796875 0.6015625 0.4166666666666667 0.58984375 0.4192708333333333 0.5859375 0.4231770833333333 0.5885416666666666 0.4244791666666667 0.5963541666666666 0.421875 0.60546875 0.4192708333333333 0.6015625
3 0.5364583333333334 0.2630208333333333 0.5338541666666666 0.2552083333333333 0.5338541666666666 0.24088541666666666 0.5364583333333334 0.23958333333333334 0.5416666666666666 0.24739583333333334 0.5403645833333334 0.2591145833333333 0.5377604166666666 0.26171875
3 0.4427083333333333 0.3932291666666667 0.4427083333333333 0.4114583333333333 0.4375 0.41015625 0.4348958333333333 0.4010416666666667 0.4361979166666667 0.39453125 0.44140625 0.3932291666666667
3 0.3697916666666667 0.3151041666666667 0.3723958333333333 0.31640625 0.375 0.3346354166666667 0.37109375 0.3359375 0.3658854166666667 0.328125 0.3684895833333333 0.31640625
3 0.3984375 0.8203125 0.3971354166666667 0.80859375 0.3997395833333333 0.80078125 0.4049479166666667 0.81640625 0.4049479166666667 0.8229166666666666 0.4010416666666667 0.8229166666666666 0.3997395833333333 0.8203125
3 0.67578125 0.5833333333333334 0.6809895833333334 0.5859375 0.6809895833333334 0.6002604166666666 0.6783854166666666 0.6028645833333334 0.671875 0.6028645833333334 0.66796875 0.59765625 0.66796875 0.59375 0.67578125 0.5846354166666666
3 0.5260416666666666 0.453125 0.5299479166666666 0.4583333333333333 0.5299479166666666 0.4739583333333333 0.5260416666666666 0.4739583333333333 0.51953125 0.46484375 0.5247395833333334 0.4544270833333333
3 0.51171875 0.7265625 0.515625 0.7291666666666666 0.5182291666666666 0.7356770833333334 0.5182291666666666 0.7473958333333334 0.515625 0.7513020833333334 0.51171875 0.7447916666666666 0.51171875 0.7278645833333334
3 0.4796875 0.44166666666666665 0.47031249999999997 0.44444444401041666 0.46953125 0.45555555598958336 0.4734375 0.46249999999999997 0.48203124999999997 0.4583333333333333 0.4796875 0.44166666666666665