3 0.3802083333333333 0.3802083333333333 0.3841145833333333 0.3828125 0.38671875 0.390625 0.3841145833333333 0.40234375 0.3776041666666667 0.40234375 0.3736979166666667 0.3984375 0.3736979166666667 0.3854166666666667 0.37890625 0.3815104166666667
3 0.3619791666666667 0.7916666666666666 0.3645833333333333 0.7916666666666666 0.3658854166666667 0.7942708333333334 0.3671875 0.80859375 0.3658854166666667 0.8111979166666666 0.36328125 0.8111979166666666 0.35546875 0.8072916666666666 0.35546875 0.8020833333333334 0.3619791666666667 0.79296875
3 0.3385416666666667 0.5260416666666666 0.34375 0.5338541666666666 0.3424479166666667 0.5442708333333334 0.3385416666666667 0.546875 0.33203125 0.5364583333333334 0.33203125 0.5338541666666666 0.3385416666666667 0.52734375
3 0.2916666666666667 0.671875 0.2994791666666667 0.6822916666666666 0.2981770833333333 0.6888020833333334 0.2942708333333333 0.69140625 0.2890625 0.6888020833333334 0.2877604166666667 0.6731770833333334 0.2903645833333333 0.671875
3 0.3177083333333333 0.578125 0.3229166666666667 0.5885416666666666 0.3216145833333333 0.5963541666666666 0.3177083333333333 0.5950520833333334 0.3111979166666667 0.5872395833333334 0.3111979166666667 0.5794270833333334 0.31640625 0.578125
3 0.27734375 0.8411458333333334 0.2786458333333333 0.8502604166666666 0.2734375 0.8606770833333334 0.26953125 0.859375 0.2682291666666667 0.8502604166666666 0.26953125 0.8450520833333334 0.2760416666666667 0.8411458333333334
3 0.3697916666666667 0.24479166666666666 0.3736979166666667 0.24348958333333334 0.3802083333333333 0.25 0.3802083333333333 0.2682291666666667 0.3763020833333333 0.2721354166666667 0.3697916666666667 0.24609375
3 0.75390625 0.5026041666666666 0.7591145833333334 0.5052083333333334 0.76171875 0.5130208333333334 0.7604166666666666 0.5247395833333334 0.7578125 0.52734375 0.75390625 0.5247395833333334 0.74609375 0.5104166666666666 0.74609375 0.5078125 0.7513020833333334 0.5078125 0.75390625 0.50390625
3 0.23307291666666666 0.21484375 0.2421875 0.22395833333333334 0.2421875 0.23307291666666666 0.23828125 0.23697916666666666 0.22916666666666666 0.22395833333333334 0.22916666666666666 0.21614583333333334 0.23177083333333334 0.21484375
3 0.30078125 0.4908854166666667 0.3111979166666667 0.48828125 0.31640625 0.5091145833333334 0.31640625 0.5182291666666666 0.3125 0.51953125 0.3072916666666667 0.5078125 0.3072916666666667 0.5 0.30078125 0.4921875
3 0.10807291666666667 0.4479166666666667 0.11848958333333333 0.4557291666666667 0.11588541666666667 0.46484375 0.10416666666666667 0.4635416666666667 0.1015625 0.4518229166666667 0.10677083333333333 0.4479166666666667
3 0.38671875 0.5078125 0.390625 0.51171875 0.3919270833333333 0.5234375 0.38671875 0.5247395833333334 0.3854166666666667 0.51953125 0.3828125 0.5182291666666666 0.3828125 0.51171875 0.3854166666666667 0.5091145833333334
0 0 0.41015625 0.08333333333333333 0.4127604166666667 0.09635416666666667 0.4166666666666667 0.11458333333333333 0.4322916666666667 0.12630208333333334 0.453125 0.12760416666666666 0.4609375 0.13020833333333334 0.4622395833333333 0.13411458333333334 0.4739583333333333 0.13932291666666666 0.5091145833333334 0.13802083333333334 0.55078125 0.13411458333333334 0.5690104166666666 0.12760416666666666 0.5872395833333334 0.11588541666666667 0.6041666666666666 0.11458333333333333 0.609375 0.10286458333333333 0.6197916666666666 0.08463541666666667 0.6276041666666666 0.048177083333333336 0.6263020833333334 0.046875 0.6236979166666666 0 0.6236979166666666 0 0.6184895833333334 0.08723958333333333 0.62109375 0.10286458333333333 0.61328125 0.11588541666666667 0.59765625 0.12760416666666666 0.5755208333333334 0.13541666666666666 0.546875 0.13671875 0.5299479166666666 0.13541666666666666 0.49609375 0.12760416666666666 0.4661458333333333 0.11979166666666667 0.4544270833333333 0.11588541666666667 0.4427083333333333 0.10026041666666667 0.42578125 0.08463541666666667 0.4192708333333333 0.01171875 0.41796875 0.010416666666666666 0.4153645833333333 0.00390625 0.4153645833333333 0.0026041666666666665 0.41796875 0 0.41796875 0 0.4114583333333333
0 0.9440104166666666 0.44921875 0.9661458333333334 0.4505208333333333 0.9661458333333334 0.4557291666666667 0.8515625 0.4518229166666667 0.83984375 0.45703125 0.8268229166666666 0.46875 0.8190104166666666 0.4791666666666667 0.8190104166666666 0.4830729166666667 0.8111979166666666 0.49609375 0.8033854166666666 0.5247395833333334 0.8020833333333334 0.56640625 0.8033854166666666 0.5794270833333334 0.8111979166666666 0.609375 0.8255208333333334 0.6341145833333334 0.8411458333333334 0.6484375 0.8580729166666666 0.6536458333333334 0.9635416666666666 0.6575520833333334 0.9635416666666666 0.6614583333333334 0.875 0.66015625 0.8424479166666666 0.6549479166666666 0.83203125 0.6484375 0.81640625 0.6302083333333334 0.80859375 0.6119791666666666 0.80078125 0.5846354166666666 0.7994791666666666 0.5416666666666666 0.8046875 0.5052083333333334 0.81640625 0.4765625 0.82421875 0.46484375 0.8346354166666666 0.4544270833333333 0.8528645833333334 0.4466145833333333 0.9427083333333334 0.44921875
1 0.31484375000000003 0.5305555559895833 0.315625 0.525 0.31484375000000003 0.5236111106770833 0.3125 0.5236111106770833 0.31093750000000003 0.525 0.31093750000000003 0.5263888893229166 0.31328125 0.5305555559895833 0.31484375000000003 0.5305555559895833
2 0.47265625 0.12369791666666667 0.4752604166666667 0.12239583333333333 0.4739583333333333 0.4661458333333333 0.4713541666666667 0.5052083333333334 0.47265625 0.5325520833333334 0.4700520833333333 0.6432291666666666 0.4700520833333333 0.79296875 0.4674479166666667 0.83203125 0.4661458333333333 0.9348958333333334 0.4674479166666667 0.9453125 0.4661458333333333 0.9479166666666666 0.4635416666666667 0.9479166666666666 0.46484375 0.7955729166666666 0.4674479166666667 0.75390625 0.4674479166666667 0.609375 0.4713541666666667 0.4283854166666667 0.4700520833333333 0.4049479166666667 0.4739583333333333 0.125