1 0.73046875 0.4944444440104167 0.7312500000000001 0.49305555598958334 0.7312500000000001 0.48888888932291663 0.73046875 0.4875 0.72890625 0.4875 0.7273437500000001 0.49027777734375005 0.7273437500000001 0.4916666666666667 0.72890625 0.4944444440104167 0.73046875 0.4944444440104167
3 0.7421875 0.4609375 0.7408854166666666 0.44921875 0.7434895833333334 0.43359375 0.7513020833333334 0.4427083333333333 0.7513020833333334 0.4505208333333333 0.7447916666666666 0.4583333333333333 0.7447916666666666 0.4622395833333333 0.7434895833333334 0.4609375
3 0.6028645833333334 0.7486979166666666 0.60546875 0.7486979166666666 0.6171875 0.7591145833333334 0.6171875 0.7747395833333334 0.609375 0.7903645833333334 0.6028645833333334 0.75
3 0.54296875 0.55078125 0.5416666666666666 0.5325520833333334 0.5390625 0.5286458333333334 0.5403645833333334 0.5169270833333334 0.5442708333333334 0.5169270833333334 0.5481770833333334 0.5247395833333334 0.5481770833333334 0.5520833333333334 0.5455729166666666 0.5533854166666666 0.5442708333333334 0.55078125
0 0.83828125 0.6541666666666667 0.8546874999999999 0.6611111106770834 0.9679687499999999 0.6638888893229167 0.9671875 0.65972222265625 0.86484375 0.6569444440104167 0.8421875 0.65 0.8156249999999999 0.61527777734375 0.80859375 0.59027777734375 0.803125 0.5513888893229166 0.8039062499999999 0.58472222265625 0.81015625 0.6111111106770833 0.82421875 0.6388888893229167 0.83828125 0.6541666666666667
3 0.8697916666666666 0.515625 0.8776041666666666 0.515625 0.8802083333333334 0.5182291666666666 0.8802083333333334 0.5338541666666666 0.8736979166666666 0.5403645833333334 0.8697916666666666 0.5403645833333334 0.8684895833333334 0.5169270833333334
3 0.5911458333333334 0.6608072916666666 0.014973958333333334 0.024739583333333332
3 0.63671875 0.30078125 0.6393229166666666 0.3033854166666667 0.6393229166666666 0.3138020833333333 0.63671875 0.3216145833333333 0.6315104166666666 0.3216145833333333 0.625 0.3177083333333333 0.625 0.3098958333333333 0.6315104166666666 0.3072916666666667 0.63671875 0.3020833333333333
3 0.12630208333333334 0.4661458333333333 0.13411458333333334 0.4700520833333333 0.13411458333333334 0.484375 0.13020833333333334 0.4856770833333333 0.12109375 0.48046875 0.12109375 0.46875 0.125 0.4674479166666667
3 0.296875 0.2591145833333333 0.3098958333333333 0.2682291666666667 0.3059895833333333 0.2825520833333333 0.30078125 0.2825520833333333 0.296875 0.2760416666666667 0.2942708333333333 0.265625 0.2955729166666667 0.2604166666666667
3 0.7233072916666666 0.6373697916666666 0.016276041666666668 0.027994791666666668
3 0.4890625 0.45555555598958336 0.484375 0.44722222265624995 0.4765625 0.45277777734375 0.47578125 0.4611111106770833 0.4796875 0.4708333333333334 0.4875 0.4666666666666666 0.4890625 0.45555555598958336
3 0.47031249999999997 0.8125 0.46640624999999997 0.8236111106770833 0.47734375 0.8416666666666667 0.47500000000000003 0.8111111106770833 0.47031249999999997 0.8125
3 0.34296875 0.74722222265625 0.33828125000000003 0.7513888893229167 0.33828125000000003 0.7625000000000001 0.34531249999999997 0.7694444440104166 0.34609375000000003 0.7541666666666668 0.34296875 0.74722222265625
2 0.4700520833333333 0.8138020833333334 0.46875 0.8046875 0.4713541666666667 0.76953125 0.47265625 0.6549479166666666 0.4713541666666667 0.6158854166666666 0.4752604166666667 0.45703125 0.4765625 0.14583333333333334 0.4791666666666667 0.12760416666666666 0.4817708333333333 0.15234375 0.4791666666666667 0.1953125 0.4765625 0.45703125 0.4778645833333333 0.5078125 0.4739583333333333 0.6549479166666666 0.4739583333333333 0.8098958333333334 0.4713541666666667 0.8138020833333334
0 0 0.41944444401041664 0.0984375 0.425 0.11640625 0.43888888932291664 0.12968749999999998 0.4611111106770833 0.13359374999999998 0.45972222265625 0.11328125 0.42777777734375005 0.09921875000000001 0.41944444401041664 0.0203125 0.4138888893229167 0 0.4138888893229167 0 0.41944444401041664
0 0.89453125 0.4569444440104167 0.9098709127604167 0.45342142578125005 0.8572360442708334 0.45158666015625 0.89453125 0.4569444440104167
0 0.9129234869791666 0.4535278333333333 0.9140625 0.4569444440104167 0.928125 0.4583333333333333 0.97109375 0.45555555598958336 0.9129234869791666 0.4535278333333333
0 0.8250000000000001 0.47222222265625 0.80703125 0.5125000000000001 0.8039062499999999 0.5375 0.80703125 0.53472222265625 0.81484375 0.49583333333333335 0.8289062500000001 0.4708333333333334 0.8556613229166666 0.4515317669270833 0.8515625 0.4513888893229167 0.84140625 0.45555555598958336 0.8250000000000001 0.47222222265625
0 0 0.6263888893229167 0.09531250000000001 0.6291666666666667 0.10703125000000001 0.6236111106770833 0.12109375 0.60972222265625 0.13359374999999998 0.5888888893229166 0.14140624999999998 0.56527777734375 0.14375000000000002 0.5361111106770834 0.13515625 0.57222222265625 0.12578124999999998 0.5944444440104167 0.10234375 0.6208333333333333 0 0.6208333333333333 0 0.6263888893229167