1 0.4640625 0.52222222265625 0.46484375 0.525 0.46796875 0.525 0.46875 0.5236111106770833 0.46875 0.5194444440104167 0.46718750000000003 0.5166666666666667 0.465625 0.5166666666666667 0.4640625 0.5180555559895833 0.4640625 0.52222222265625
3 0.4596354166666667 0.23828125 0.4622395833333333 0.2552083333333333 0.4557291666666667 0.2591145833333333 0.4505208333333333 0.24479166666666666 0.4518229166666667 0.24088541666666666 0.4583333333333333 0.23958333333333334
3 0.5091145833333334 0.71484375 0.5130208333333334 0.7161458333333334 0.5143229166666666 0.7265625 0.5130208333333334 0.7330729166666666 0.5078125 0.734375 0.5065104166666666 0.72265625 0.5091145833333334 0.7161458333333334
3 0.53125 0.2643229166666667 0.5364583333333334 0.2643229166666667 0.5390625 0.2682291666666667 0.5377604166666666 0.28515625 0.5364583333333334 0.2877604166666667 0.5338541666666666 0.2877604166666667 0.53125 0.2838541666666667 0.53125 0.265625
3 0.5006510416666666 0.630859375 0.010416666666666666 0.01953125
3 0.5611979166666666 0.5494791666666666 0.5638020833333334 0.5494791666666666 0.5638020833333334 0.57421875 0.5611979166666666 0.5755208333333334 0.5572916666666666 0.5677083333333334 0.5572916666666666 0.55859375 0.5611979166666666 0.5546875 0.5611979166666666 0.55078125
3 0.421875 0.5859375 0.4244791666666667 0.5911458333333334 0.4244791666666667 0.5989583333333334 0.421875 0.6028645833333334 0.41796875 0.6015625 0.4166666666666667 0.5963541666666666 0.4166666666666667 0.5885416666666666 0.4205729166666667 0.5859375
3 0.43359375 0.4075520833333333 0.4388020833333333 0.4075520833333333 0.4427083333333333 0.4140625 0.4401041666666667 0.421875 0.4361979166666667 0.421875 0.4322916666666667 0.4127604166666667 0.43359375 0.4088541666666667
3 0.3658854166666667 0.3229166666666667 0.3697916666666667 0.328125 0.3697916666666667 0.3359375 0.3658854166666667 0.33984375 0.359375 0.3359375 0.359375 0.3268229166666667 0.3645833333333333 0.3229166666666667
3 0.40234375 0.76953125 0.4075520833333333 0.7760416666666666 0.4075520833333333 0.78125 0.4010416666666667 0.7877604166666666 0.3971354166666667 0.7838541666666666 0.3971354166666667 0.7734375 0.4010416666666667 0.76953125
3 0.6614583333333334 0.5768229166666666 0.6640625 0.5807291666666666 0.6640625 0.59375 0.6614583333333334 0.59765625 0.65625 0.5963541666666666 0.6549479166666666 0.5872395833333334 0.6549479166666666 0.578125 0.66015625 0.5768229166666666
3 0.521484375 0.47265625 0.007161458333333333 0.020833333333333332
3 0.48046875 0.44166666666666665 0.4765625 0.43888888932291664 0.47031249999999997 0.4458333333333333 0.46953125 0.45416666666666666 0.4734375 0.46249999999999997 0.48359375 0.45972222265625 0.48046875 0.44166666666666665
2 0.4752604166666667 0.4700520833333333 0.4778645833333333 0.4700520833333333 0.4791666666666667 0.4895833333333333 0.4752604166666667 0.7291666666666666 0.4752604166666667 0.8763020833333334 0.4739583333333333 0.953125 0.4713541666666667 0.953125 0.4700520833333333 0.9322916666666666 0.47265625 0.828125 0.4752604166666667 0.4713541666666667
0 0 0.63472222265625 0.1015625 0.6361111106770834 0.1265625 0.6166666666666667 0.140625 0.59027777734375 0.1484375 0.5583333333333333 0.14921874999999998 0.51527777734375 0.140625 0.47361111067708334 0.1265625 0.44722222265624995 0.10234375 0.42777777734375005 0.01640625 0.4236111106770833 0 0.4236111106770833 0 0.43055555598958334 0.09375 0.43333333333333335 0.11640625 0.44444444401041666 0.12578124999999998 0.45555555598958336 0.1390625 0.48333333333333334 0.14609375 0.5208333333333334 0.14609375 0.5444444440104167 0.14296875 0.5680555559895833 0.13046875 0.6013888893229167 0.10546875 0.6291666666666667 0 0.6291666666666667 0 0.63472222265625
0 0.8078124999999999 0.5819444440104167 0.80703125 0.5486111106770833 0.8156249999999999 0.5013888893229167 0.8296875 0.4763888893229167 0.8445312500000001 0.46249999999999997 0.85546875 0.4583333333333333 0.9703125 0.4611111106770833 0.97109375 0.4569444440104167 0.8468749999999999 0.45555555598958336 0.821875 0.4805555559895833 0.80703125 0.5180555559895833 0.803125 0.5430555559895833 0.80703125 0.5986111106770834 0.8156249999999999 0.625 0.83359375 0.6513888893229166 0.8609375 0.6638888893229167 0.96328125 0.6638888893229167 0.8515625 0.6569444440104167 0.83984375 0.65 0.8195312499999999 0.62222222265625 0.8078124999999999 0.5819444440104167