1 0.47734375 0.53472222265625 0.47812499999999997 0.5319444440104167 0.47734375 0.52777777734375 0.47500000000000003 0.525 0.4734375 0.525 0.471875 0.52777777734375 0.471875 0.5319444440104167 0.4734375 0.53472222265625 0.47734375 0.53472222265625
0 0 0.4114583333333333 0.08854166666666667 0.4140625 0.09765625 0.4166666666666667 0.09895833333333333 0.4192708333333333 0.10546875 0.421875 0.11848958333333333 0.43359375 0.13020833333333334 0.453125 0.13932291666666666 0.4817708333333333 0.14322916666666666 0.515625 0.14192708333333334 0.5481770833333334 0.13151041666666666 0.5872395833333334 0.11979166666666667 0.6067708333333334 0.10677083333333333 0.6197916666666666 0.09114583333333333 0.6276041666666666 0 0.6263020833333334 0 0.6184895833333334 0.09114583333333333 0.62109375 0.10677083333333333 0.61328125 0.11458333333333333 0.60546875 0.12760416666666666 0.5859375 0.1328125 0.56640625 0.13541666666666666 0.5638020833333334 0.13671875 0.5494791666666666 0.13932291666666666 0.5442708333333334 0.140625 0.515625 0.13541666666666666 0.4778645833333333 0.12760416666666666 0.45703125 0.11588541666666667 0.4375 0.10546875 0.4283854166666667 0.08854166666666667 0.4205729166666667 0 0.4192708333333333 0 0.4127604166666667
0 0.9361979166666666 0.4440104166666667 0.9674479166666666 0.4453125 0.9700520833333334 0.4466145833333333 0.9700520833333334 0.4505208333333333 0.859375 0.4466145833333333 0.8489583333333334 0.44921875 0.8346354166666666 0.4583333333333333 0.8190104166666666 0.4791666666666667 0.8190104166666666 0.4830729166666667 0.8138020833333334 0.4908854166666667 0.8111979166666666 0.5091145833333334 0.8072916666666666 0.51953125 0.8046875 0.5377604166666666 0.8072916666666666 0.5794270833333334 0.8151041666666666 0.6067708333333334 0.8255208333333334 0.6263020833333334 0.83984375 0.640625 0.8528645833333334 0.6458333333333334 0.8541666666666666 0.6484375 0.9661458333333334 0.65234375 0.9674479166666666 0.6549479166666666 0.9635416666666666 0.6575520833333334 0.8723958333333334 0.6549479166666666 0.84375 0.6497395833333334 0.828125 0.63671875 0.81640625 0.6184895833333334 0.8111979166666666 0.6067708333333334 0.8111979166666666 0.6015625 0.80859375 0.5989583333333334 0.8033854166666666 0.57421875 0.8020833333333334 0.5364583333333334 0.8072916666666666 0.5 0.81640625 0.4765625 0.82421875 0.4635416666666667 0.8346354166666666 0.4518229166666667 0.8515625 0.4427083333333333 0.9348958333333334 0.4440104166666667
2 0.4739583333333333 0.53515625 0.4778645833333333 0.5377604166666666 0.4778645833333333 0.5403645833333334 0.4739583333333333 0.5494791666666666 0.4752604166666667 0.6158854166666666 0.4739583333333333 0.7356770833333334 0.4713541666666667 0.7669270833333334 0.47265625 0.8151041666666666 0.4700520833333333 0.9466145833333334 0.4674479166666667 0.9453125 0.4674479166666667 0.8528645833333334 0.46875 0.7408854166666666 0.4713541666666667 0.7096354166666666 0.4700520833333333 0.6145833333333334 0.47265625 0.5364583333333334
3 0.2682291666666667 0.2747395833333333 0.2747395833333333 0.2942708333333333 0.2734375 0.30078125 0.26953125 0.3033854166666667 0.265625 0.2994791666666667 0.2643229166666667 0.2916666666666667 0.2604166666666667 0.2864583333333333 0.2604166666666667 0.2786458333333333 0.2669270833333333 0.2760416666666667
3 0.6197916666666666 0.16145833333333334 0.6236979166666666 0.16145833333333334 0.6276041666666666 0.16927083333333334 0.6223958333333334 0.18359375 0.6171875 0.18619791666666666 0.6145833333333334 0.18359375 0.6145833333333334 0.1796875 0.6171875 0.16536458333333334 0.6197916666666666 0.16276041666666666
3 0.6783854166666666 0.5520833333333334 0.6822916666666666 0.5533854166666666 0.6822916666666666 0.5703125 0.6783854166666666 0.5729166666666666 0.6744791666666666 0.5638020833333334 0.67578125 0.5559895833333334 0.6783854166666666 0.5533854166666666
3 0.20442708333333334 0.15104166666666666 0.21223958333333334 0.16145833333333334 0.20963541666666666 0.17057291666666666 0.20052083333333334 0.16015625 0.1953125 0.15755208333333334 0.1953125 0.1484375 0.19791666666666666 0.14453125 0.203125 0.15104166666666666
3 0.4772135416666667 0.5221354166666666 0.009114583333333334 0.030598958333333332
3 0.8307291666666666 0.5091145833333334 0.8372395833333334 0.5182291666666666 0.8346354166666666 0.5338541666666666 0.82421875 0.53125 0.8190104166666666 0.515625 0.8255208333333334 0.515625 0.8294270833333334 0.5104166666666666
3 0.3899739583333333 0.87109375 0.014973958333333334 0.024739583333333332
3 0.5963541666666666 0.87109375 0.5989583333333334 0.87109375 0.5989583333333334 0.8763020833333334 0.6041666666666666 0.8841145833333334 0.60546875 0.8919270833333334 0.60546875 0.90234375 0.6028645833333334 0.9088541666666666 0.59765625 0.9075520833333334 0.5963541666666666 0.8723958333333334
3 0.48046875 0.14322916666666666 0.4895833333333333 0.14322916666666666 0.4934895833333333 0.15364583333333334 0.4908854166666667 0.16145833333333334 0.4908854166666667 0.17317708333333334 0.4856770833333333 0.17578125 0.48046875 0.16927083333333334 0.4791666666666667 0.16276041666666666 0.48046875 0.14453125
3 0.08854166666666667 0.4752604166666667 0.10026041666666667 0.4765625 0.09895833333333333 0.4908854166666667 0.08463541666666667 0.4934895833333333 0.08203125 0.4817708333333333 0.08333333333333333 0.4778645833333333 0.08723958333333333 0.4765625
3 0.4401041666666667 0.646484375 0.008463541666666666 0.018229166666666668
3 0.70703125 0.7083333333333334 0.71484375 0.7161458333333334 0.7135416666666666 0.7317708333333334 0.7122395833333334 0.734375 0.7096354166666666 0.734375 0.703125 0.7213541666666666 0.70703125 0.7096354166666666