1 0.33125 0.27499999999999997 0.33203125 0.27222222265625 0.33203125 0.26805555598958336 0.33125 0.26666666666666666 0.328125 0.26666666666666666 0.328125 0.2736111106770833 0.32890625 0.27499999999999997 0.33125 0.27499999999999997
0 0 0.4296875 0.08072916666666667 0.4322916666666667 0.09765625 0.4375 0.11588541666666667 0.4557291666666667 0.12630208333333334 0.4752604166666667 0.13411458333333334 0.4986979166666667 0.13802083333333334 0.5377604166666666 0.13671875 0.5638020833333334 0.13020833333333334 0.5950520833333334 0.11458333333333333 0.6263020833333334 0.10286458333333333 0.6380208333333334 0.0859375 0.64453125 0.08463541666666667 0.6471354166666666 0.05859375 0.6471354166666666 0.057291666666666664 0.64453125 0 0.64453125 0 0.6380208333333334 0.08333333333333333 0.640625 0.09505208333333333 0.63671875 0.10677083333333333 0.6263020833333334 0.11979166666666667 0.6080729166666666 0.12890625 0.5846354166666666 0.13411458333333334 0.55859375 0.13411458333333334 0.5234375 0.12890625 0.4947916666666667 0.11979166666666667 0.4713541666666667 0.11197916666666667 0.4583333333333333 0.1015625 0.4479166666666667 0.08984375 0.44140625 0.07942708333333333 0.4388020833333333 0 0.4361979166666667 0 0.4309895833333333
0 0.8072916666666666 0.5104166666666666 0.8111979166666666 0.51171875 0.8033854166666666 0.53515625 0.8020833333333334 0.546875 0.8033854166666666 0.5963541666666666 0.8059895833333334 0.6002604166666666 0.8072916666666666 0.61328125 0.8111979166666666 0.6236979166666666 0.8255208333333334 0.6497395833333334 0.8385416666666666 0.6614583333333334 0.8502604166666666 0.6666666666666666 0.8619791666666666 0.6666666666666666 0.86328125 0.6692708333333334 0.9635416666666666 0.671875 0.9635416666666666 0.6770833333333334 0.8815104166666666 0.67578125 0.8515625 0.6731770833333334 0.83984375 0.6692708333333334 0.8203125 0.6510416666666666 0.80859375 0.62890625 0.80078125 0.6002604166666666 0.7994791666666666 0.5494791666666666 0.8072916666666666 0.51171875
2 0.4739583333333333 0.13802083333333334 0.4700520833333333 0.5924479166666666 0.4713541666666667 0.6432291666666666 0.4674479166666667 0.7877604166666666 0.4661458333333333 0.9661458333333334 0.4635416666666667 0.9661458333333334 0.4635416666666667 0.83984375 0.4661458333333333 0.7317708333333334 0.46484375 0.7200520833333334 0.4674479166666667 0.68359375 0.4661458333333333 0.6419270833333334 0.46875 0.546875 0.46875 0.3385416666666667 0.4713541666666667 0.2903645833333333 0.4700520833333333 0.24479166666666666 0.47265625 0.13932291666666666
3 0.6549479166666666 0.57421875 0.012369791666666666 0.020833333333333332
3 0.734375 0.3268229166666667 0.7369791666666666 0.3346354166666667 0.7330729166666666 0.3424479166666667 0.7330729166666666 0.3489583333333333 0.7291666666666666 0.3502604166666667 0.7265625 0.34765625 0.72265625 0.3307291666666667 0.72265625 0.328125 0.7330729166666666 0.328125
3 0.61328125 0.3111979166666667 0.6184895833333334 0.3125 0.62109375 0.3229166666666667 0.6158854166666666 0.3346354166666667 0.61328125 0.3346354166666667 0.609375 0.3268229166666667 0.61328125 0.3125
3 0.4388020833333333 0.2265625 0.4427083333333333 0.23567708333333334 0.4427083333333333 0.24739583333333334 0.4401041666666667 0.2513020833333333 0.4361979166666667 0.24739583333333334 0.4361979166666667 0.23828125 0.43359375 0.23177083333333334 0.4375 0.2265625
3 0.5078125 0.2682291666666667 0.5104166666666666 0.26953125 0.5130208333333334 0.27734375 0.5130208333333334 0.29296875 0.5078125 0.2955729166666667 0.50390625 0.2890625 0.5078125 0.27734375 0.5078125 0.26953125
3 0.6302083333333334 0.6979166666666666 0.6315104166666666 0.7122395833333334 0.6276041666666666 0.7174479166666666 0.625 0.71484375 0.6236979166666666 0.7018229166666666 0.62890625 0.6979166666666666
3 0.560546875 0.884765625 0.008463541666666666 0.030598958333333332
3 0.5950520833333334 0.3997395833333333 0.5989583333333334 0.4036458333333333 0.6002604166666666 0.41015625 0.5989583333333334 0.4205729166666667 0.5963541666666666 0.4244791666666667 0.59375 0.4270833333333333 0.58984375 0.4244791666666667 0.5885416666666666 0.4140625 0.58984375 0.4036458333333333 0.59375 0.4010416666666667
3 0.5338541666666666 0.4661458333333333 0.5364583333333334 0.46875 0.5377604166666666 0.4778645833333333 0.5325520833333334 0.4856770833333333 0.5299479166666666 0.4830729166666667 0.5299479166666666 0.4674479166666667 0.5325520833333334 0.4661458333333333
3 0.8177083333333334 0.4661458333333333 0.8203125 0.4765625 0.8190104166666666 0.48046875 0.8111979166666666 0.4869791666666667 0.8059895833333334 0.4830729166666667 0.80078125 0.47265625 0.8098958333333334 0.4700520833333333 0.8125 0.4661458333333333 0.81640625 0.4661458333333333
3 0.6744791666666666 0.6354166666666666 0.6783854166666666 0.6393229166666666 0.6783854166666666 0.65234375 0.67578125 0.6549479166666666 0.671875 0.6549479166666666 0.6666666666666666 0.6471354166666666 0.66796875 0.6419270833333334 0.6731770833333334 0.63671875
3 0.3046875 0.2734375 0.3138020833333333 0.2747395833333333 0.31640625 0.2825520833333333 0.3151041666666667 0.2877604166666667 0.3125 0.2877604166666667 0.3046875 0.2799479166666667 0.3046875 0.2747395833333333