1 0.43906249999999997 0.67222222265625 0.43828125 0.6708333333333334 0.43593750000000003 0.6708333333333334 0.43515624999999997 0.67222222265625 0.43515624999999997 0.67777777734375 0.43906249999999997 0.67777777734375 0.43906249999999997 0.67222222265625
0 0 0.4114583333333333 0.08463541666666667 0.4140625 0.09505208333333333 0.4166666666666667 0.11458333333333333 0.4322916666666667 0.13020833333333334 0.4583333333333333 0.13802083333333334 0.48828125 0.140625 0.515625 0.13932291666666666 0.55078125 0.13020833333333334 0.5859375 0.11848958333333333 0.6067708333333334 0.10677083333333333 0.6184895833333334 0.08854166666666667 0.62890625 0 0.6263020833333334 0 0.6197916666666666 0.08854166666666667 0.6223958333333334 0.09765625 0.6184895833333334 0.11197916666666667 0.6067708333333334 0.11197916666666667 0.6041666666666666 0.12369791666666667 0.58984375 0.13671875 0.5455729166666666 0.13541666666666666 0.4895833333333333 0.125 0.45703125 0.11067708333333333 0.4348958333333333 0.09895833333333333 0.42578125 0.08984375 0.421875 0 0.4192708333333333 0 0.4127604166666667
0 0.8802083333333334 0.4453125 0.9596354166666666 0.4479166666666667 0.9674479166666666 0.44921875 0.9674479166666666 0.453125 0.8528645833333334 0.4505208333333333 0.8411458333333334 0.4557291666666667 0.8268229166666666 0.46875 0.8111979166666666 0.4973958333333333 0.8046875 0.5286458333333334 0.8033854166666666 0.5690104166666666 0.8059895833333334 0.57421875 0.8072916666666666 0.5911458333333334 0.8138020833333334 0.6106770833333334 0.8268229166666666 0.6328125 0.8450520833333334 0.6484375 0.86328125 0.65234375 0.9635416666666666 0.65625 0.9661458333333334 0.6575520833333334 0.9609375 0.6614583333333334 0.87890625 0.6588541666666666 0.84765625 0.6549479166666666 0.8372395833333334 0.6497395833333334 0.8229166666666666 0.6354166666666666 0.81640625 0.6263020833333334 0.81640625 0.6223958333333334 0.80859375 0.6080729166666666 0.80078125 0.5716145833333334 0.80078125 0.5338541666666666 0.8072916666666666 0.4986979166666667 0.81640625 0.48046875 0.81640625 0.4765625 0.82421875 0.46484375 0.8307291666666666 0.4596354166666667 0.8307291666666666 0.45703125 0.83984375 0.4505208333333333 0.8541666666666666 0.4453125 0.87890625 0.4453125
2 0.4739583333333333 0.2565104166666667 0.4739583333333333 0.62890625 0.4713541666666667 0.6341145833333334 0.46875 0.86328125 0.4700520833333333 0.90625 0.4674479166666667 0.9244791666666666 0.4674479166666667 0.9479166666666666 0.46484375 0.9466145833333334 0.4674479166666667 0.859375 0.46875 0.5885416666666666 0.4713541666666667 0.5455729166666666 0.4713541666666667 0.3229166666666667 0.4739583333333333 0.2578125
3 0.3151041666666667 0.83203125 0.32421875 0.83203125 0.32421875 0.8411458333333334 0.3216145833333333 0.84765625 0.3190104166666667 0.8489583333333334 0.31640625 0.8489583333333334 0.3138020833333333 0.8450520833333334 0.3151041666666667 0.8333333333333334
3 0.2552083333333333 0.4375 0.2591145833333333 0.4361979166666667 0.26171875 0.4440104166666667 0.26171875 0.453125 0.2591145833333333 0.45703125 0.25390625 0.4544270833333333 0.25 0.4466145833333333 0.2552083333333333 0.4388020833333333
3 0.3450520833333333 0.3932291666666667 0.35546875 0.4010416666666667 0.35546875 0.4049479166666667 0.3450520833333333 0.4114583333333333 0.3385416666666667 0.4049479166666667 0.33984375 0.3932291666666667 0.34375 0.3932291666666667
3 0.4856770833333333 0.23567708333333334 0.4895833333333333 0.2421875 0.4895833333333333 0.2552083333333333 0.4856770833333333 0.2630208333333333 0.4765625 0.2526041666666667 0.4765625 0.2421875 0.48046875 0.23567708333333334 0.484375 0.23567708333333334
3 0.4876302083333333 0.8391927083333334 0.011067708333333334 0.035807291666666664
3 0.06770833333333333 0.5208333333333334 0.0703125 0.5247395833333334 0.07942708333333333 0.5260416666666666 0.078125 0.5442708333333334 0.07421875 0.54296875 0.07161458333333333 0.5364583333333334 0.061197916666666664 0.53515625 0.059895833333333336 0.5260416666666666 0.06380208333333333 0.51953125 0.06640625 0.5208333333333334
3 0.23046875 0.20703125 0.23958333333333334 0.21614583333333334 0.23958333333333334 0.2265625 0.23567708333333334 0.23177083333333334 0.23307291666666666 0.23177083333333334 0.2265625 0.22005208333333334 0.2265625 0.20833333333333334 0.22916666666666666 0.20703125
3 0.7799479166666666 0.5299479166666666 0.7864583333333334 0.5377604166666666 0.7864583333333334 0.5442708333333334 0.7825520833333334 0.5520833333333334 0.7786458333333334 0.5533854166666666 0.7734375 0.5481770833333334 0.7721354166666666 0.53515625 0.7786458333333334 0.53125
3 0.5729166666666666 0.296875 0.5794270833333334 0.30078125 0.5807291666666666 0.3059895833333333 0.5794270833333334 0.31640625 0.5729166666666666 0.31640625 0.5729166666666666 0.2981770833333333
3 0.41875 0.6375000000000001 0.4109375 0.6458333333333334 0.41015625 0.6513888893229166 0.4140625 0.6583333333333333 0.42109375 0.6541666666666667 0.41875 0.6375000000000001
3 0.63046875 0.5375 0.6265625 0.54027777734375 0.6265625 0.55277777734375 0.6296875000000001 0.5555555559895834 0.6335937500000001 0.5416666666666666 0.63046875 0.5375
3 0.56015625 0.6805555559895833 0.56015625 0.6986111106770833 0.5656249999999999 0.7000000000000001 0.5671875000000001 0.68472222265625 0.56015625 0.6805555559895833