1 0.67394453125 0.27355972265625 0.6763859375 0.27493888932291666 0.6786046875 0.27395416666666667 0.67938125 0.2708 0.6781609375 0.26685694401041665 0.6768296875 0.26547777734375 0.67461015625 0.26725138932291664 0.6740554687500001 0.27178472265625003 0.67394453125 0.27355972265625
0 0.9986979166666666 0.4309895833333333 0.9986979166666666 0.4388020833333333 0.9947916666666666 0.4388020833333333 0.9934895833333334 0.4361979166666667 0.9921875 0.4388020833333333 0.91796875 0.4401041666666667 0.90234375 0.4453125 0.88671875 0.4583333333333333 0.8854166666666666 0.4635416666666667 0.875 0.4791666666666667 0.8671875 0.50390625 0.86328125 0.5338541666666666 0.8645833333333334 0.5638020833333334 0.87109375 0.5924479166666666 0.87890625 0.609375 0.890625 0.6263020833333334 0.8997395833333334 0.6354166666666666 0.9114583333333334 0.640625 0.92578125 0.6419270833333334 0.9986979166666666 0.6393229166666666 0.9986979166666666 0.64453125 0.9778645833333334 0.64453125 0.9765625 0.6471354166666666 0.94140625 0.6484375 0.9140625 0.6484375 0.8997395833333334 0.6419270833333334 0.8841145833333334 0.6276041666666666 0.8763020833333334 0.6145833333333334 0.8645833333333334 0.5846354166666666 0.8619791666666666 0.5690104166666666 0.8606770833333334 0.53125 0.8645833333333334 0.4986979166666667 0.8723958333333334 0.4752604166666667 0.8815104166666666 0.4583333333333333 0.90234375 0.4375 0.9140625 0.43359375 0.9973958333333334 0.4309895833333333
0 0.15104166666666666 0.4635416666666667 0.16015625 0.4674479166666667 0.17447916666666666 0.4778645833333333 0.18619791666666666 0.4973958333333333 0.1875 0.5065104166666666 0.19401041666666666 0.51953125 0.19921875 0.5520833333333334 0.19921875 0.5846354166666666 0.19661458333333334 0.6067708333333334 0.19010416666666666 0.62890625 0.17838541666666666 0.6510416666666666 0.15885416666666666 0.6705729166666666 0.13671875 0.67578125 0.07552083333333333 0.6783854166666666 0.037760416666666664 0.6783854166666666 0.033854166666666664 0.67578125 0.03515625 0.6731770833333334 0.14713541666666666 0.6692708333333334 0.1484375 0.6666666666666666 0.15234375 0.6666666666666666 0.16276041666666666 0.66015625 0.17578125 0.6471354166666666 0.18880208333333334 0.62109375 0.19270833333333334 0.6015625 0.1953125 0.59765625 0.1953125 0.5377604166666666 0.18880208333333334 0.5221354166666666 0.1875 0.5130208333333334 0.18489583333333334 0.51171875 0.18359375 0.50390625 0.18098958333333334 0.5026041666666666 0.1796875 0.4947916666666667 0.16666666666666666 0.4791666666666667 0.15494791666666666 0.4700520833333333 0.14713541666666666 0.4674479166666667 0.12630208333333334 0.4674479166666667 0.1015625 0.4700520833333333 0.032552083333333336 0.4713541666666667 0.03125 0.4674479166666667 0.048177083333333336 0.46484375 0.13671875 0.4622395833333333 0.14973958333333334 0.4635416666666667
2 0.5247395833333334 0.13932291666666666 0.52734375 0.15625 0.5299479166666666 0.57421875 0.5325520833333334 0.6432291666666666 0.53125 0.703125 0.5338541666666666 0.73828125 0.53515625 0.8671875 0.53515625 0.96484375 0.5325520833333334 0.96484375 0.53125 0.9427083333333334 0.53125 0.7864583333333334 0.5286458333333334 0.7486979166666666 0.5299479166666666 0.7317708333333334 0.5260416666666666 0.4739583333333333 0.52734375 0.3828125 0.5247395833333334 0.33984375 0.5247395833333334 0.140625
3 0.2721354166666667 0.337890625 0.014973958333333334 0.026692708333333332
3 0.38671875 0.3111979166666667 0.3893229166666667 0.3177083333333333 0.3893229166666667 0.3268229166666667 0.38671875 0.3294270833333333 0.3828125 0.3268229166666667 0.3828125 0.3125 0.3854166666666667 0.3111979166666667
3 0.328125 0.6380208333333334 0.3385416666666667 0.6484375 0.3307291666666667 0.65625 0.3255208333333333 0.6549479166666666 0.3229166666666667 0.6484375 0.32421875 0.6393229166666666 0.3268229166666667 0.6380208333333334
3 0.37109375 0.6979166666666666 0.37890625 0.69921875 0.3802083333333333 0.7018229166666666 0.37890625 0.7135416666666666 0.375 0.7239583333333334 0.3723958333333333 0.7252604166666666 0.3697916666666667 0.71484375 0.37109375 0.69921875
3 0.4453125 0.8697916666666666 0.4479166666666667 0.8697916666666666 0.4479166666666667 0.8763020833333334 0.4453125 0.87890625 0.4440104166666667 0.890625 0.44140625 0.8932291666666666 0.4375 0.8919270833333334 0.4375 0.8776041666666666 0.4453125 0.87109375
3 0.5625 0.22526041666666666 0.5651041666666666 0.23177083333333334 0.5611979166666666 0.24348958333333334 0.55859375 0.24348958333333334 0.5559895833333334 0.23828125 0.5572916666666666 0.22916666666666666 0.5611979166666666 0.22526041666666666
3 0.4895833333333333 0.2734375 0.4947916666666667 0.2734375 0.49609375 0.28515625 0.4947916666666667 0.29296875 0.4895833333333333 0.2981770833333333 0.4856770833333333 0.2942708333333333 0.4856770833333333 0.28515625 0.4895833333333333 0.2747395833333333
3 0.3463541666666667 0.56640625 0.3502604166666667 0.5768229166666666 0.34375 0.5859375 0.3372395833333333 0.578125 0.3372395833333333 0.5729166666666666 0.3411458333333333 0.5677083333333334 0.3450520833333333 0.56640625
3 0.41015625 0.4010416666666667 0.4166666666666667 0.4153645833333333 0.4088541666666667 0.42578125 0.4036458333333333 0.4244791666666667 0.40234375 0.4205729166666667 0.40234375 0.4049479166666667 0.4049479166666667 0.4010416666666667 0.4088541666666667 0.4010416666666667
3 0.4661458333333333 0.4674479166666667 0.47265625 0.47265625 0.4700520833333333 0.48828125 0.4661458333333333 0.4895833333333333 0.4661458333333333 0.46875
3 0.19140625 0.46484375 0.1953125 0.4765625 0.19401041666666666 0.48046875 0.1875 0.484375 0.18098958333333334 0.4765625 0.18098958333333334 0.4674479166666667 0.1875 0.4635416666666667 0.19010416666666666 0.46484375
3 0.6770833333333334 0.2591145833333333 0.6809895833333334 0.2643229166666667 0.69140625 0.265625 0.6861979166666666 0.2825520833333333 0.6822916666666666 0.2838541666666667 0.6744791666666666 0.2734375 0.6744791666666666 0.265625 0.6770833333333334 0.2604166666666667