1 0.14883203125 0.94125 0.1515546875 0.9414986106770833 0.15329921875 0.9376541666666666 0.15315937500000001 0.9331902773437499 0.14834375 0.93232222265625 0.1474359375 0.93926527734375 0.14883203125 0.94125
0 0.9986979166666666 0.42578125 0.9986979166666666 0.4309895833333333 0.921875 0.4322916666666667 0.9036458333333334 0.4348958333333333 0.8984375 0.4401041666666667 0.8919270833333334 0.4427083333333333 0.8776041666666666 0.4583333333333333 0.86328125 0.4934895833333333 0.8619791666666666 0.5078125 0.859375 0.51171875 0.859375 0.5572916666666666 0.8697916666666666 0.5950520833333334 0.88671875 0.62109375 0.8958333333333334 0.6302083333333334 0.9075520833333334 0.6354166666666666 0.9986979166666666 0.6328125 0.9986979166666666 0.6380208333333334 0.94140625 0.640625 0.9075520833333334 0.640625 0.8997395833333334 0.6380208333333334 0.8919270833333334 0.6341145833333334 0.8723958333333334 0.6106770833333334 0.87109375 0.6041666666666666 0.8645833333333334 0.59375 0.8567708333333334 0.5611979166666666 0.85546875 0.5286458333333334 0.859375 0.4947916666666667 0.86328125 0.4856770833333333 0.8645833333333334 0.4752604166666667 0.87109375 0.4622395833333333 0.87890625 0.44921875 0.8919270833333334 0.4348958333333333 0.9075520833333334 0.4283854166666667 0.9973958333333334 0.42578125
0 0.10026041666666667 0.4583333333333333 0.14322916666666666 0.4583333333333333 0.14453125 0.4609375 0.15494791666666666 0.4635416666666667 0.17057291666666666 0.4765625 0.171875 0.4817708333333333 0.18229166666666666 0.49609375 0.19010416666666666 0.51953125 0.1953125 0.55859375 0.19140625 0.60546875 0.18229166666666666 0.6328125 0.17057291666666666 0.65234375 0.15104166666666666 0.66796875 0.13671875 0.671875 0.11588541666666667 0.6731770833333334 0.028645833333333332 0.6731770833333334 0.03125 0.6705729166666666 0.046875 0.671875 0.053385416666666664 0.6692708333333334 0.078125 0.6692708333333334 0.07942708333333333 0.6666666666666666 0.14453125 0.6640625 0.15885416666666666 0.65625 0.16796875 0.6471354166666666 0.17708333333333334 0.6302083333333334 0.1796875 0.62890625 0.18359375 0.6184895833333334 0.19140625 0.5885416666666666 0.19140625 0.5403645833333334 0.1875 0.5208333333333334 0.18489583333333334 0.5182291666666666 0.1796875 0.5 0.16796875 0.4817708333333333 0.15755208333333334 0.4713541666666667 0.14453125 0.46484375 0.02734375 0.4674479166666667 0.026041666666666668 0.46484375 0.03125 0.4622395833333333 0.10026041666666667 0.4596354166666667
2 0.5208333333333334 0.13541666666666666 0.5247395833333334 0.3177083333333333 0.5234375 0.3489583333333333 0.52734375 0.5859375 0.5260416666666666 0.6731770833333334 0.5286458333333334 0.69921875 0.52734375 0.7552083333333334 0.5299479166666666 0.8072916666666666 0.53125 0.9609375 0.5286458333333334 0.9635416666666666 0.52734375 0.9609375 0.52734375 0.8372395833333334 0.5247395833333334 0.7890625 0.51953125 0.13671875
3 0.2591145833333333 0.78125 0.2630208333333333 0.77734375 0.2682291666666667 0.7786458333333334 0.2682291666666667 0.7955729166666666 0.26171875 0.80078125 0.2591145833333333 0.7994791666666666 0.2552083333333333 0.7890625 0.2591145833333333 0.7825520833333334
3 0.2591145833333333 0.546875 0.2643229166666667 0.5559895833333334 0.2643229166666667 0.5611979166666666 0.2604166666666667 0.5651041666666666 0.2552083333333333 0.5638020833333334 0.25390625 0.55859375 0.2513020833333333 0.5572916666666666 0.2513020833333333 0.5494791666666666 0.25390625 0.546875 0.2578125 0.546875
3 0.2981770833333333 0.625 0.3033854166666667 0.625 0.3072916666666667 0.6315104166666666 0.3072916666666667 0.6380208333333334 0.3033854166666667 0.6419270833333334 0.2994791666666667 0.640625 0.2955729166666667 0.6341145833333334 0.2981770833333333 0.6263020833333334
3 0.53125 0.6588541666666666 0.53515625 0.6640625 0.5338541666666666 0.67578125 0.53125 0.6783854166666666 0.52734375 0.6770833333333334 0.52734375 0.66015625 0.5299479166666666 0.6588541666666666
3 0.14453125 0.48828125 0.14322916666666666 0.5013020833333334 0.13932291666666666 0.50390625 0.13020833333333334 0.5013020833333334 0.12630208333333334 0.49609375 0.12630208333333334 0.4908854166666667 0.14322916666666666 0.48828125
3 0.11588541666666667 0.8216145833333334 0.11588541666666667 0.83203125 0.10546875 0.8359375 0.10026041666666667 0.8346354166666666 0.10026041666666667 0.8294270833333334 0.1015625 0.8255208333333334 0.10546875 0.8229166666666666 0.10677083333333333 0.81640625 0.109375 0.8151041666666666 0.11458333333333333 0.8216145833333334
3 0.6106770833333334 0.2662760416666667 0.01171875 0.026692708333333332
3 0.046875 0.6302083333333334 0.055989583333333336 0.6302083333333334 0.059895833333333336 0.6328125 0.053385416666666664 0.6419270833333334 0.045572916666666664 0.64453125 0.044270833333333336 0.6471354166666666 0.037760416666666664 0.6471354166666666 0.03515625 0.6432291666666666 0.03515625 0.6380208333333334 0.045572916666666664 0.6302083333333334
3 0.3919270833333333 0.4921875 0.39453125 0.4947916666666667 0.39453125 0.51171875 0.3932291666666667 0.515625 0.38671875 0.5169270833333334 0.3828125 0.5104166666666666 0.3828125 0.4947916666666667 0.3880208333333333 0.4908854166666667 0.390625 0.4921875
3 0.8489583333333334 0.4765625 0.8515625 0.48828125 0.8424479166666666 0.4921875 0.8372395833333334 0.4921875 0.8372395833333334 0.4791666666666667 0.84765625 0.4765625
3 0.41273515624999996 0.8259416666666667 0.41273515624999996 0.8324250000000001 0.41528906250000003 0.8322083333333333 0.41893828125 0.8311277773437501 0.42076328125 0.8224847226562501 0.42100625 0.8144874999999999 0.419546875 0.8095180559895834 0.4171140625 0.8125430559895833 0.414803125 0.8181625 0.41273515624999996 0.8259416666666667
3 0.14732265625 0.94770277734375 0.1452546875 0.94813472265625 0.14282187500000001 0.95115972265625 0.14111875 0.9526736106770833 0.13892968749999998 0.9509444440104167 0.136496875 0.9531055559895832 0.134915625 0.9595888893229166 0.13528046875 0.9662875 0.138078125 0.97169027734375 0.14294375 0.9710416666666667 0.14707890625 0.9678 0.14817421875 0.9654236106770834 0.14866015625 0.95785972265625 0.1515796875 0.9523388893229167 0.14878203125 0.95375277734375 0.14732265625 0.9531055559895832 0.14732265625 0.94770277734375