1 0.7101562499999999 0.3625 0.7109375 0.36388888932291663 0.7140624999999999 0.36388888932291663 0.71484375 0.3625 0.71484375 0.35694444401041664 0.7140624999999999 0.3555555559895833 0.7125 0.3555555559895833 0.7101562499999999 0.35833333333333334 0.7101562499999999 0.3625
2 0.5182291666666666 0.12760416666666666 0.5234375 0.5859375 0.5221354166666666 0.6276041666666666 0.52734375 0.921875 0.5260416666666666 0.9505208333333334 0.5234375 0.9466145833333334 0.51953125 0.5130208333333334 0.5169270833333334 0.45703125 0.5169270833333334 0.12890625
0 0.97265625 0.4166666666666667 0.9986979166666666 0.4166666666666667 0.9986979166666666 0.4231770833333333 0.9049479166666666 0.42578125 0.88671875 0.43359375 0.8736979166666666 0.4479166666666667 0.86328125 0.4661458333333333 0.85546875 0.4895833333333333 0.8528645833333334 0.5130208333333334 0.8541666666666666 0.5533854166666666 0.86328125 0.5872395833333334 0.8736979166666666 0.60546875 0.8880208333333334 0.6197916666666666 0.8997395833333334 0.625 0.9986979166666666 0.6223958333333334 0.9986979166666666 0.6302083333333334 0.9049479166666666 0.6328125 0.8880208333333334 0.6276041666666666 0.87109375 0.6106770833333334 0.8606770833333334 0.5911458333333334 0.8528645833333334 0.56640625 0.8489583333333334 0.5338541666666666 0.8515625 0.4934895833333333 0.8528645833333334 0.4856770833333333 0.85546875 0.4830729166666667 0.85546875 0.4765625 0.8645833333333334 0.4544270833333333 0.8763020833333334 0.4361979166666667 0.8841145833333334 0.4283854166666667 0.90625 0.4205729166666667 0.97265625 0.41796875
0 0.14583333333333334 0.4505208333333333 0.15625 0.4557291666666667 0.17447916666666666 0.4765625 0.1875 0.51171875 0.19140625 0.5325520833333334 0.19140625 0.5768229166666666 0.18229166666666666 0.6158854166666666 0.17447916666666666 0.6315104166666666 0.16276041666666666 0.6471354166666666 0.14713541666666666 0.6575520833333334 0.1171875 0.6614583333333334 0.041666666666666664 0.6640625 0.02734375 0.6627604166666666 0.026041666666666668 0.6614583333333334 0.03125 0.6588541666666666 0.13671875 0.6549479166666666 0.15104166666666666 0.6497395833333334 0.171875 0.6276041666666666 0.18359375 0.6002604166666666 0.18880208333333334 0.57421875 0.18880208333333334 0.5338541666666666 0.18359375 0.5078125 0.17057291666666666 0.4791666666666667 0.15625 0.4635416666666667 0.14453125 0.4557291666666667 0.13020833333333334 0.453125 0.10807291666666667 0.4557291666666667 0.024739583333333332 0.45703125 0.0234375 0.453125 0.045572916666666664 0.4505208333333333 0.12760416666666666 0.4479166666666667 0.14453125 0.4505208333333333
3 0.6263020833333334 0.7630208333333334 0.62890625 0.7708333333333334 0.62890625 0.7838541666666666 0.62109375 0.7838541666666666 0.6197916666666666 0.78125 0.6223958333333334 0.765625 0.625 0.7643229166666666
3 0.5 0.4453125 0.50390625 0.44921875 0.50390625 0.45703125 0.4986979166666667 0.46484375 0.4934895833333333 0.4635416666666667 0.49609375 0.4466145833333333 0.4986979166666667 0.4453125
3 0.5078125 0.2682291666666667 0.5104166666666666 0.2682291666666667 0.51171875 0.2825520833333333 0.5104166666666666 0.2942708333333333 0.5052083333333334 0.2942708333333333 0.50390625 0.2786458333333333 0.5078125 0.26953125
3 0.5455729166666666 0.6119791666666666 0.54296875 0.6080729166666666 0.54296875 0.5963541666666666 0.546875 0.5885416666666666 0.5494791666666666 0.5872395833333334 0.5533854166666666 0.5989583333333334 0.5494791666666666 0.609375 0.546875 0.6106770833333334
3 0.5677083333333334 0.4583333333333333 0.5703125 0.4583333333333333 0.57421875 0.46484375 0.5729166666666666 0.48046875 0.56640625 0.4895833333333333 0.5625 0.4830729166666667 0.5625 0.46484375 0.5677083333333334 0.4596354166666667
3 0.72265625 0.5885416666666666 0.73046875 0.5963541666666666 0.73046875 0.6015625 0.7265625 0.60546875 0.72265625 0.60546875 0.7174479166666666 0.59765625 0.7174479166666666 0.5924479166666666 0.7213541666666666 0.5885416666666666
3 0.6126302083333334 0.5598958333333334 0.011067708333333334 0.024739583333333332
3 0.5989583333333334 0.4283854166666667 0.6041666666666666 0.4283854166666667 0.6080729166666666 0.4322916666666667 0.6080729166666666 0.4440104166666667 0.60546875 0.4466145833333333 0.6015625 0.4466145833333333 0.5989583333333334 0.4440104166666667 0.5989583333333334 0.4296875
3 0.5520833333333334 0.21744791666666666 0.5546875 0.22265625 0.5546875 0.23177083333333334 0.5494791666666666 0.24479166666666666 0.546875 0.24348958333333334 0.546875 0.22786458333333334 0.5520833333333334 0.21875
3 0.4114583333333333 0.5520833333333334 0.4140625 0.5520833333333334 0.41796875 0.5677083333333334 0.4205729166666667 0.5703125 0.4192708333333333 0.5729166666666666 0.41015625 0.57421875 0.4075520833333333 0.5625 0.4114583333333333 0.5533854166666666
3 0.7195312500000001 0.31944444401041666 0.72421875 0.31527777734375 0.725 0.30555555598958334 0.71875 0.30694444401041665 0.7140624999999999 0.31527777734375 0.7195312500000001 0.31944444401041666
3 0.55703125 0.76527777734375 0.5617187499999999 0.76527777734375 0.56640625 0.7444444440104167 0.56484375 0.7374999999999999 0.5578124999999999 0.7305555559895834 0.55234375 0.7541666666666668 0.55703125 0.76527777734375