1 0.46640624999999997 0.5180555559895833 0.46875 0.5208333333333334 0.47031249999999997 0.5208333333333334 0.47109375000000003 0.5194444440104167 0.47109375000000003 0.5138888893229167 0.47031249999999997 0.5125000000000001 0.46796875 0.5125000000000001 0.46640624999999997 0.51527777734375 0.46640624999999997 0.5180555559895833
0 0 0.4231770833333333 0.1015625 0.42578125 0.11848958333333333 0.43359375 0.13411458333333334 0.4518229166666667 0.14583333333333334 0.4778645833333333 0.15104166666666666 0.5 0.15104166666666666 0.5182291666666666 0.15364583333333334 0.5325520833333334 0.15104166666666666 0.5638020833333334 0.14192708333333334 0.5950520833333334 0.13020833333333334 0.6158854166666666 0.1171875 0.62890625 0.10416666666666667 0.6354166666666666 0 0.6328125 0 0.6276041666666666 0.040364583333333336 0.6276041666666666 0.06901041666666667 0.6302083333333334 0.10286458333333333 0.6302083333333334 0.10807291666666667 0.6276041666666666 0.125 0.61328125 0.13671875 0.5911458333333334 0.13932291666666666 0.58984375 0.14713541666666666 0.5651041666666666 0.14973958333333334 0.5390625 0.14713541666666666 0.4973958333333333 0.13932291666666666 0.4713541666666667 0.12890625 0.453125 0.11067708333333333 0.4348958333333333 0.08984375 0.4309895833333333 0.014322916666666666 0.4283854166666667 0 0.4296875 0 0.4244791666666667
0 0.84375 0.4583333333333333 0.85546875 0.453125 0.9739583333333334 0.4557291666666667 0.9739583333333334 0.4609375 0.8684895833333334 0.4596354166666667 0.8671875 0.45703125 0.8645833333333334 0.45703125 0.86328125 0.4596354166666667 0.8567708333333334 0.4596354166666667 0.84765625 0.4635416666666667 0.8333333333333334 0.4752604166666667 0.8190104166666666 0.5 0.8111979166666666 0.5260416666666666 0.80859375 0.5533854166666666 0.8111979166666666 0.58984375 0.8190104166666666 0.6158854166666666 0.8307291666666666 0.63671875 0.8450520833333334 0.6510416666666666 0.859375 0.6575520833333334 0.8697916666666666 0.6588541666666666 0.9674479166666666 0.6614583333333334 0.9713541666666666 0.6640625 0.9700520833333334 0.6653645833333334 0.90234375 0.6653645833333334 0.8580729166666666 0.6627604166666666 0.8450520833333334 0.6575520833333334 0.8359375 0.6510416666666666 0.82421875 0.6354166666666666 0.8125 0.609375 0.8072916666666666 0.5859375 0.8072916666666666 0.5325520833333334 0.8125 0.5078125 0.8203125 0.4869791666666667 0.8229166666666666 0.4856770833333333 0.828125 0.4739583333333333 0.84375 0.4596354166666667
2 0.48046875 0.5260416666666666 0.4817708333333333 0.5677083333333334 0.4791666666666667 0.65234375 0.4778645833333333 0.9270833333333334 0.4765625 0.94921875 0.4752604166666667 0.9518229166666666 0.47265625 0.94921875 0.4765625 0.74609375 0.4765625 0.5325520833333334 0.48046875 0.52734375
3 0.5638020833333334 0.5546875 0.5677083333333334 0.55859375 0.5677083333333334 0.5703125 0.5651041666666666 0.5729166666666666 0.5625 0.5729166666666666 0.5611979166666666 0.5703125 0.5598958333333334 0.5598958333333334 0.5625 0.5559895833333334
3 0.48046875 0.5 0.4856770833333333 0.5 0.4895833333333333 0.5052083333333334 0.4869791666666667 0.5169270833333334 0.4830729166666667 0.5182291666666666 0.48046875 0.515625 0.48046875 0.5013020833333334
3 0.5052083333333334 0.6002604166666666 0.5091145833333334 0.6028645833333334 0.5091145833333334 0.6184895833333334 0.5052083333333334 0.6263020833333334 0.5013020833333334 0.6197916666666666 0.5013020833333334 0.6119791666666666 0.5052083333333334 0.6015625
3 0.453125 0.24088541666666666 0.4622395833333333 0.23828125 0.46484375 0.24739583333333334 0.46484375 0.2565104166666667 0.4596354166666667 0.2630208333333333 0.453125 0.2421875
3 0.4283854166666667 0.5416666666666666 0.4322916666666667 0.5455729166666666 0.4322916666666667 0.5611979166666666 0.4283854166666667 0.5611979166666666 0.421875 0.55078125 0.4283854166666667 0.54296875
3 0.5403645833333334 0.2630208333333333 0.5442708333333334 0.2682291666666667 0.5442708333333334 0.2747395833333333 0.5403645833333334 0.28515625 0.5364583333333334 0.2838541666666667 0.5338541666666666 0.2734375 0.53515625 0.2643229166666667 0.5390625 0.2630208333333333
3 0.6471354166666666 0.51953125 0.6575520833333334 0.5208333333333334 0.6588541666666666 0.5260416666666666 0.6575520833333334 0.53515625 0.6510416666666666 0.54296875 0.6484375 0.5377604166666666 0.6471354166666666 0.5208333333333334
3 0.41796875 0.7473958333333334 0.4192708333333333 0.7630208333333334 0.4153645833333333 0.7682291666666666 0.4088541666666667 0.76171875 0.4088541666666667 0.7552083333333334 0.4166666666666667 0.7473958333333334
3 0.4440104166666667 0.4153645833333333 0.4466145833333333 0.4192708333333333 0.4466145833333333 0.4348958333333333 0.4427083333333333 0.43359375 0.4375 0.4231770833333333 0.4375 0.4192708333333333 0.4427083333333333 0.4153645833333333
3 0.36328125 0.3606770833333333 0.3697916666666667 0.3671875 0.3697916666666667 0.3802083333333333 0.3658854166666667 0.3815104166666667 0.36328125 0.37890625 0.3619791666666667 0.3619791666666667
3 0.48359375 0.44027777734375 0.47734375 0.43888888932291664 0.4734375 0.44722222265624995 0.47265625 0.45277777734375 0.4765625 0.45972222265625 0.48593749999999997 0.45972222265625 0.48359375 0.44027777734375
3 0.4921875 0.6888888893229167 0.49140625 0.6986111106770833 0.49765624999999997 0.7180555559895834 0.5 0.7111111106770833 0.49765624999999997 0.6875 0.4921875 0.6888888893229167