1 0.4296875 0.85972222265625 0.43203125000000003 0.85972222265625 0.4328125 0.8583333333333334 0.4328125 0.8527777773437499 0.43203125000000003 0.8513888893229167 0.42890625 0.8513888893229167 0.42812500000000003 0.8555555559895834 0.4296875 0.85972222265625
0 0.9986979166666666 0.4114583333333333 0.9986979166666666 0.41796875 0.91015625 0.4205729166666667 0.8984375 0.42578125 0.8854166666666666 0.4375 0.8854166666666666 0.4401041666666667 0.875 0.453125 0.86328125 0.4856770833333333 0.8606770833333334 0.5299479166666666 0.8658854166666666 0.5651041666666666 0.87890625 0.5950520833333334 0.8958333333333334 0.6145833333333334 0.9088541666666666 0.62109375 0.9986979166666666 0.6197916666666666 0.9986979166666666 0.6236979166666666 0.9908854166666666 0.6236979166666666 0.9895833333333334 0.6263020833333334 0.9479166666666666 0.6276041666666666 0.9049479166666666 0.6263020833333334 0.9036458333333334 0.6236979166666666 0.890625 0.6171875 0.875 0.59765625 0.8684895833333334 0.5859375 0.859375 0.55078125 0.8580729166666666 0.5078125 0.8619791666666666 0.4791666666666667 0.8723958333333334 0.44921875 0.8880208333333334 0.4270833333333333 0.90234375 0.4166666666666667 0.91015625 0.4140625 0.9322916666666666 0.4127604166666667 0.9453125 0.4140625 0.9973958333333334 0.4114583333333333
0 0.14453125 0.4440104166666667 0.15494791666666666 0.4466145833333333 0.17057291666666666 0.45703125 0.17057291666666666 0.4596354166666667 0.18359375 0.4765625 0.1953125 0.5104166666666666 0.19791666666666666 0.5260416666666666 0.19791666666666666 0.5598958333333334 0.1953125 0.55859375 0.1953125 0.5247395833333334 0.1875 0.4947916666666667 0.17578125 0.4713541666666667 0.15885416666666666 0.4544270833333333 0.14713541666666666 0.44921875 0.07552083333333333 0.4518229166666667 0.03125 0.4505208333333333 0.03515625 0.4466145833333333 0.14322916666666666 0.4440104166666667
2 0.5247395833333334 0.12109375 0.52734375 0.3177083333333333 0.5260416666666666 0.4466145833333333 0.5286458333333334 0.4505208333333333 0.52734375 0.5325520833333334 0.5299479166666666 0.6002604166666666 0.53125 0.8502604166666666 0.5338541666666666 0.8658854166666666 0.5338541666666666 0.9466145833333334 0.53125 0.9466145833333334 0.5299479166666666 0.9296875 0.5286458333333334 0.8776041666666666 0.5286458333333334 0.7057291666666666 0.52734375 0.6328125 0.5247395833333334 0.6276041666666666 0.5247395833333334 0.4583333333333333 0.5221354166666666 0.4440104166666667 0.5221354166666666 0.4348958333333333 0.5247395833333334 0.4283854166666667 0.5247395833333334 0.3072916666666667 0.5221354166666666 0.20963541666666666 0.5234375 0.12239583333333333
3 0.3932291666666667 0.234375 0.3971354166666667 0.2552083333333333 0.39453125 0.2591145833333333 0.3893229166666667 0.2565104166666667 0.38671875 0.24609375 0.38671875 0.23828125 0.3919270833333333 0.234375
3 0.515625 0.4596354166666667 0.5130208333333334 0.4440104166666667 0.5169270833333334 0.4322916666666667 0.5169270833333334 0.4205729166666667 0.5234375 0.4205729166666667 0.5208333333333334 0.4479166666666667 0.515625 0.4583333333333333
3 0.3645833333333333 0.7552083333333334 0.3697916666666667 0.7604166666666666 0.3697916666666667 0.7734375 0.3671875 0.77734375 0.3645833333333333 0.796875 0.3619791666666667 0.7942708333333334 0.3606770833333333 0.7682291666666666 0.3645833333333333 0.7565104166666666
3 0.3307291666666667 0.55859375 0.3346354166666667 0.5598958333333334 0.3372395833333333 0.5703125 0.3372395833333333 0.5768229166666666 0.33203125 0.58984375 0.33203125 0.59765625 0.328125 0.5924479166666666 0.3294270833333333 0.5598958333333334
3 0.6197916666666666 0.83984375 0.6276041666666666 0.8463541666666666 0.6276041666666666 0.859375 0.62109375 0.86328125 0.6184895833333334 0.8619791666666666 0.6184895833333334 0.8489583333333334 0.6158854166666666 0.8424479166666666 0.6158854166666666 0.83984375 0.6184895833333334 0.83984375
3 0.7356770833333334 0.3645833333333333 0.7447916666666666 0.3658854166666667 0.74609375 0.3684895833333333 0.74609375 0.3776041666666667 0.73828125 0.3815104166666667 0.734375 0.37890625 0.7356770833333334 0.3658854166666667
3 0.5 0.18229166666666666 0.5065104166666666 0.18229166666666666 0.5091145833333334 0.1875 0.5078125 0.203125 0.50390625 0.2109375 0.5013020833333334 0.2109375 0.4973958333333333 0.20182291666666666 0.4973958333333333 0.18619791666666666 0.5 0.18359375
3 0.78515625 0.18359375 0.7877604166666666 0.18489583333333334 0.7877604166666666 0.1953125 0.78125 0.2109375 0.77734375 0.21354166666666666 0.7734375 0.2109375 0.7734375 0.20703125 0.77734375 0.19401041666666666 0.7838541666666666 0.18489583333333334
3 0.91015625 0.5052083333333334 0.91015625 0.49609375 0.9127604166666666 0.4934895833333333 0.921875 0.4934895833333333 0.9244791666666666 0.5013020833333334 0.9205729166666666 0.5091145833333334 0.9114583333333334 0.5052083333333334
3 0.1875 0.5559895833333334 0.1953125 0.5598958333333334 0.1953125 0.5716145833333334 0.1875 0.578125 0.18359375 0.578125 0.1796875 0.57421875 0.17838541666666666 0.5677083333333334 0.18098958333333334 0.55859375 0.18619791666666666 0.5559895833333334
3 0.5453125 0.6819444440104167 0.5453125 0.6861111106770833 0.5437500000000001 0.69027777734375 0.5437500000000001 0.6930555559895833 0.546875 0.7000000000000001 0.5499999999999999 0.6958333333333333 0.55078125 0.6958333333333333 0.55078125 0.6944444440104167 0.55234375 0.6916666666666668 0.553125 0.6888888893229167 0.553125 0.68472222265625 0.55234375 0.6819444440104167 0.5476562500000001 0.67777777734375 0.5460937499999999 0.6791666666666667 0.5453125 0.6819444440104167
3 0.42681484374999995 0.8922013893229166 0.43331328125 0.8932055559895833 0.434584375 0.8901930559895833 0.431759375 0.8881861106770833 0.43486718750000003 0.8756361106770832 0.42653203125 0.8676055559895833 0.421446875 0.8801541666666667 0.42681484374999995 0.8922013893229166