1 0.38203125 0.6986111106770833 0.38203125 0.6916666666666668 0.3796875 0.6888888893229167 0.378125 0.6916666666666668 0.378125 0.69722222265625 0.37890625 0.6986111106770833 0.38203125 0.6986111106770833
0 0 0.4166666666666667 0.08854166666666667 0.4192708333333333 0.10286458333333333 0.421875 0.11458333333333333 0.4283854166666667 0.12369791666666667 0.4375 0.13020833333333334 0.4479166666666667 0.14192708333333334 0.47265625 0.14713541666666666 0.4947916666666667 0.14973958333333334 0.5247395833333334 0.14583333333333334 0.5651041666666666 0.13802083333333334 0.58984375 0.12760416666666666 0.609375 0.109375 0.6263020833333334 0.09635416666666667 0.6315104166666666 0.026041666666666668 0.6302083333333334 0 0.6276041666666666 0 0.6223958333333334 0.08984375 0.625 0.10026041666666667 0.6236979166666666 0.11458333333333333 0.6158854166666666 0.12369791666666667 0.60546875 0.13541666666666666 0.5846354166666666 0.14322916666666666 0.55859375 0.14583333333333334 0.5221354166666666 0.14322916666666666 0.4908854166666667 0.13541666666666666 0.4661458333333333 0.125 0.4479166666666667 0.11067708333333333 0.4322916666666667 0.09635416666666667 0.42578125 0 0.4231770833333333 0 0.41796875
0 0.9700520833333334 0.4505208333333333 0.9739583333333334 0.4518229166666667 0.9739583333333334 0.4544270833333333 0.9713541666666666 0.4557291666666667 0.8997395833333334 0.453125 0.8515625 0.4544270833333333 0.8346354166666666 0.4674479166666667 0.8255208333333334 0.4791666666666667 0.8151041666666666 0.5026041666666666 0.8072916666666666 0.5390625 0.8072916666666666 0.56640625 0.8098958333333334 0.5859375 0.8190104166666666 0.6145833333333334 0.8216145833333334 0.6158854166666666 0.8307291666666666 0.6341145833333334 0.8463541666666666 0.6484375 0.859375 0.6536458333333334 0.96875 0.6575520833333334 0.9700520833333334 0.6614583333333334 0.96484375 0.6627604166666666 0.8619791666666666 0.6588541666666666 0.8502604166666666 0.65625 0.8385416666666666 0.6497395833333334 0.82421875 0.6328125 0.8125 0.609375 0.8072916666666666 0.5885416666666666 0.8046875 0.5520833333333334 0.8072916666666666 0.51953125 0.81640625 0.48828125 0.828125 0.4674479166666667 0.8359375 0.4583333333333333 0.84765625 0.4505208333333333 0.85546875 0.4479166666666667 0.96875 0.4505208333333333
2 0.48046875 0.125 0.48046875 0.2760416666666667 0.4830729166666667 0.2799479166666667 0.48046875 0.2916666666666667 0.4817708333333333 0.3190104166666667 0.4791666666666667 0.4127604166666667 0.4778645833333333 0.6888020833333334 0.4739583333333333 0.86328125 0.4752604166666667 0.9270833333333334 0.4739583333333333 0.94921875 0.4713541666666667 0.9479166666666666 0.4739583333333333 0.7252604166666666 0.47265625 0.65625 0.4752604166666667 0.64453125 0.4739583333333333 0.6002604166666666 0.4765625 0.515625 0.4765625 0.2799479166666667 0.48046875 0.12630208333333334
3 0.37890625 0.5677083333333334 0.3776041666666667 0.5625 0.3828125 0.5520833333333334 0.38671875 0.5572916666666666 0.3880208333333333 0.5677083333333334 0.3841145833333333 0.5703125 0.3802083333333333 0.5677083333333334
3 0.5299479166666666 0.49609375 0.5325520833333334 0.49609375 0.5338541666666666 0.4986979166666667 0.5338541666666666 0.5104166666666666 0.53125 0.5143229166666666 0.5286458333333334 0.5143229166666666 0.5260416666666666 0.5052083333333334 0.5299479166666666 0.4973958333333333
3 0.48828125 0.26953125 0.4934895833333333 0.2760416666666667 0.4934895833333333 0.296875 0.49609375 0.3046875 0.4947916666666667 0.3177083333333333 0.4908854166666667 0.3151041666666667 0.4908854166666667 0.3111979166666667 0.48828125 0.30859375 0.48828125 0.2916666666666667 0.4869791666666667 0.28125 0.484375 0.27734375 0.4869791666666667 0.2708333333333333
3 0.6171875 0.515625 0.6197916666666666 0.5182291666666666 0.62109375 0.53125 0.6197916666666666 0.53515625 0.6158854166666666 0.5364583333333334 0.61328125 0.53515625 0.6106770833333334 0.5260416666666666 0.6119791666666666 0.5182291666666666 0.6158854166666666 0.515625
3 0.4114583333333333 0.4713541666666667 0.41015625 0.4583333333333333 0.4049479166666667 0.4505208333333333 0.4036458333333333 0.4427083333333333 0.4036458333333333 0.43359375 0.40625 0.4309895833333333 0.4127604166666667 0.4375 0.4127604166666667 0.4479166666666667 0.4153645833333333 0.4518229166666667 0.4153645833333333 0.46875 0.4127604166666667 0.4713541666666667
3 0.3177083333333333 0.3489583333333333 0.3229166666666667 0.36328125 0.3216145833333333 0.3893229166666667 0.31640625 0.3841145833333333 0.3151041666666667 0.3684895833333333 0.30859375 0.359375 0.30859375 0.3502604166666667 0.3111979166666667 0.34765625 0.31640625 0.3489583333333333
3 0.3802083333333333 0.6901041666666666 0.3854166666666667 0.703125 0.3841145833333333 0.7317708333333334 0.3815104166666667 0.7356770833333334 0.375 0.7330729166666666 0.3723958333333333 0.7278645833333334 0.3736979166666667 0.71484375 0.37890625 0.7044270833333334 0.37890625 0.69140625
3 0.453125 0.22005208333333334 0.4596354166666667 0.2265625 0.4609375 0.23177083333333334 0.4609375 0.24609375 0.4635416666666667 0.2565104166666667 0.4622395833333333 0.265625 0.4596354166666667 0.2682291666666667 0.45703125 0.2643229166666667 0.4518229166666667 0.234375 0.4518229166666667 0.22135416666666666
3 0.33984375 0.6067708333333334 0.3385416666666667 0.6276041666666666 0.3346354166666667 0.6341145833333334 0.328125 0.6263020833333334 0.32421875 0.6158854166666666 0.3385416666666667 0.6067708333333334
3 0.45390625 0.7000000000000001 0.4484375 0.6958333333333333 0.44609375 0.7013888893229167 0.4453125 0.7083333333333334 0.45468749999999997 0.7208333333333333 0.45625 0.7083333333333334 0.45390625 0.7000000000000001
3 0.465625 0.6236111106770833 0.46640624999999997 0.6361111106770834 0.47031249999999997 0.6388888893229167 0.47109375000000003 0.6263888893229167 0.465625 0.6236111106770833
3 0.46171875 0.46527777734375 0.45937500000000003 0.45972222265625 0.44921875 0.4666666666666666 0.4484375 0.47361111067708334 0.45625 0.4875 0.4609375 0.48333333333333334 0.46171875 0.46527777734375