1 0.33369609375 0.3746180559895833 0.3319265625 0.3712986106770833 0.3291984375 0.37294722265625 0.32927265625 0.3789833333333333 0.331828125 0.38195277734375005 0.3340890625 0.3791583333333333 0.33369609375 0.3746180559895833
0 0 0.4322916666666667 0.08333333333333333 0.4348958333333333 0.09505208333333333 0.4375 0.09635416666666667 0.4401041666666667 0.10677083333333333 0.4453125 0.11848958333333333 0.4583333333333333 0.13411458333333334 0.4908854166666667 0.13932291666666666 0.51953125 0.140625 0.5455729166666666 0.13802083333333334 0.5768229166666666 0.13020833333333334 0.60546875 0.12239583333333333 0.6197916666666666 0.11979166666666667 0.62109375 0.11848958333333333 0.6263020833333334 0.10286458333333333 0.6419270833333334 0.09505208333333333 0.64453125 0.09114583333333333 0.6484375 0.06901041666666667 0.6497395833333334 0 0.6471354166666666 0 0.640625 0.08984375 0.6419270833333334 0.09895833333333333 0.6380208333333334 0.11197916666666667 0.6263020833333334 0.11197916666666667 0.6236979166666666 0.11979166666666667 0.6145833333333334 0.12760416666666666 0.5989583333333334 0.13671875 0.5638020833333334 0.13671875 0.5234375 0.13151041666666666 0.49609375 0.125 0.4791666666666667 0.11588541666666667 0.4635416666666667 0.10286458333333333 0.44921875 0.08854166666666667 0.4427083333333333 0 0.4401041666666667 0 0.43359375
0 0.9309895833333334 0.46484375 0.9661458333333334 0.4661458333333333 0.9674479166666666 0.4713541666666667 0.8515625 0.46875 0.8359375 0.4765625 0.8229166666666666 0.4908854166666667 0.8111979166666666 0.5130208333333334 0.8033854166666666 0.5455729166666666 0.8033854166666666 0.5924479166666666 0.8072916666666666 0.6028645833333334 0.8072916666666666 0.6119791666666666 0.8151041666666666 0.6328125 0.8229166666666666 0.6471354166666666 0.8411458333333334 0.6640625 0.8580729166666666 0.6705729166666666 0.96484375 0.6744791666666666 0.96484375 0.6796875 0.8684895833333334 0.6770833333333334 0.8541666666666666 0.67578125 0.8372395833333334 0.6692708333333334 0.8190104166666666 0.6497395833333334 0.80859375 0.6276041666666666 0.80078125 0.5963541666666666 0.80078125 0.5442708333333334 0.8033854166666666 0.5286458333333334 0.8125 0.5 0.828125 0.4765625 0.8359375 0.4700520833333333 0.8515625 0.4635416666666667 0.9296875 0.46484375
2 0.4700520833333333 0.5208333333333334 0.4700520833333333 0.83984375 0.4674479166666667 0.89453125 0.4674479166666667 0.9674479166666666 0.46484375 0.9674479166666666 0.4635416666666667 0.9427083333333334 0.4674479166666667 0.7864583333333334 0.4674479166666667 0.63671875 0.4700520833333333 0.5221354166666666
3 0.666015625 0.2799479166666667 0.013020833333333334 0.0234375
3 0.6614583333333334 0.5677083333333334 0.6640625 0.5794270833333334 0.6588541666666666 0.5846354166666666 0.6510416666666666 0.5794270833333334 0.6510416666666666 0.5716145833333334 0.65234375 0.5690104166666666 0.66015625 0.5677083333333334
3 0.54296875 0.3098958333333333 0.5481770833333334 0.3111979166666667 0.5494791666666666 0.3151041666666667 0.5481770833333334 0.3268229166666667 0.54296875 0.33203125 0.5390625 0.3229166666666667 0.5390625 0.31640625 0.54296875 0.3111979166666667
3 0.515625 0.4231770833333333 0.51171875 0.4140625 0.51171875 0.4010416666666667 0.515625 0.3932291666666667 0.5221354166666666 0.3932291666666667 0.5247395833333334 0.3984375 0.5247395833333334 0.4114583333333333 0.5221354166666666 0.4140625 0.5208333333333334 0.4231770833333333 0.5169270833333334 0.4231770833333333
3 0.5924479166666666 0.6432291666666666 0.6067708333333334 0.6458333333333334 0.6067708333333334 0.6588541666666666 0.6041666666666666 0.6627604166666666 0.6015625 0.6627604166666666 0.5924479166666666 0.64453125
3 0.5768229166666666 0.7220052083333334 0.011067708333333334 0.024739583333333332
3 0.4388020833333333 0.22395833333333334 0.4427083333333333 0.22916666666666666 0.4427083333333333 0.24609375 0.4388020833333333 0.24869791666666666 0.4361979166666667 0.24479166666666666 0.43359375 0.22786458333333334 0.4375 0.22526041666666666
3 0.4427083333333333 0.3190104166666667 0.4466145833333333 0.3190104166666667 0.4505208333333333 0.3255208333333333 0.4505208333333333 0.33984375 0.4466145833333333 0.34375 0.4401041666666667 0.3359375 0.4401041666666667 0.3268229166666667 0.4427083333333333 0.3203125
3 0.4635416666666667 0.4856770833333333 0.4700520833333333 0.4869791666666667 0.4739583333333333 0.4921875 0.4700520833333333 0.5078125 0.4661458333333333 0.5078125 0.4635416666666667 0.5065104166666666 0.4609375 0.49609375 0.4635416666666667 0.4869791666666667
3 0.7786458333333334 0.4739583333333333 0.7825520833333334 0.4778645833333333 0.7838541666666666 0.4830729166666667 0.7838541666666666 0.4895833333333333 0.7786458333333334 0.4947916666666667 0.7734375 0.4947916666666667 0.7669270833333334 0.4908854166666667 0.7734375 0.48046875 0.7734375 0.4765625 0.77734375 0.4739583333333333
3 0.32046640625 0.36971527734375 0.32029375 0.3652625 0.32634375 0.3644944440104167 0.324096875 0.3488319440104167 0.3208125 0.34975277734375004 0.31744218750000003 0.34591527734375 0.31523828125000003 0.34862222265625004 0.3166640625 0.3546666666666667 0.31484921875 0.3620375 0.31770078125 0.36925416666666666 0.32046640625 0.36971527734375
3 0.51261015625 0.8848347226562501 0.5178984375 0.8746111106770833 0.51354375 0.8605180559895834 0.5104328125 0.8630055559895834 0.5077890625 0.8647888893229166 0.50965546875 0.8715708333333333 0.5082554687499999 0.8762680559895833 0.50903359375 0.8859388893229166 0.51261015625 0.8848347226562501