1 0.5812499999999999 0.8347222226562501 0.58359375 0.8263888893229167 0.58046875 0.8263888893229167 0.5812499999999999 0.8347222226562501
0 0 0.4114583333333333 0.08723958333333333 0.4140625 0.09635416666666667 0.4166666666666667 0.11067708333333333 0.4270833333333333 0.11848958333333333 0.4361979166666667 0.11979166666666667 0.44140625 0.12239583333333333 0.4427083333333333 0.13020833333333334 0.45703125 0.13932291666666666 0.4895833333333333 0.14192708333333334 0.5182291666666666 0.13932291666666666 0.5546875 0.13020833333333334 0.5872395833333334 0.11979166666666667 0.60546875 0.10677083333333333 0.6184895833333334 0.08984375 0.6276041666666666 0 0.6263020833333334 0 0.6197916666666666 0.09114583333333333 0.62109375 0.1015625 0.6158854166666666 0.11328125 0.60546875 0.125 0.5872395833333334 0.13541666666666666 0.5572916666666666 0.13671875 0.5364583333333334 0.13932291666666666 0.5299479166666666 0.13541666666666666 0.484375 0.12630208333333334 0.4583333333333333 0.11067708333333333 0.43359375 0.10026041666666667 0.42578125 0.08723958333333333 0.4205729166666667 0.052083333333333336 0.4205729166666667 0.029947916666666668 0.41796875 0.014322916666666666 0.4192708333333333 0 0.41796875 0 0.4127604166666667
0 0.9192708333333334 0.4453125 0.9622395833333334 0.4466145833333333 0.9674479166666666 0.44921875 0.9661458333333334 0.4518229166666667 0.8528645833333334 0.44921875 0.83984375 0.4544270833333333 0.8255208333333334 0.46875 0.8151041666666666 0.4856770833333333 0.8072916666666666 0.5078125 0.8072916666666666 0.5143229166666666 0.8033854166666666 0.5247395833333334 0.8033854166666666 0.5651041666666666 0.80078125 0.5677083333333334 0.80078125 0.5260416666666666 0.8033854166666666 0.5104166666666666 0.81640625 0.4739583333333333 0.828125 0.4583333333333333 0.84375 0.4466145833333333 0.85546875 0.4440104166666667 0.91796875 0.4453125
2 0.4713541666666667 0.44921875 0.4752604166666667 0.4505208333333333 0.4739583333333333 0.62890625 0.4713541666666667 0.640625 0.4700520833333333 0.9140625 0.46875 0.9440104166666666 0.4661458333333333 0.9466145833333334 0.46484375 0.9348958333333334 0.4674479166666667 0.8919270833333334 0.4674479166666667 0.6796875 0.4713541666666667 0.5559895833333334 0.4713541666666667 0.4505208333333333
3 0.26171875 0.3580729166666667 0.2669270833333333 0.3736979166666667 0.2669270833333333 0.3776041666666667 0.26171875 0.3841145833333333 0.2578125 0.3736979166666667 0.25390625 0.3697916666666667 0.25390625 0.3619791666666667 0.2604166666666667 0.3580729166666667
3 0.6106770833333334 0.22135416666666666 0.6145833333333334 0.2265625 0.6145833333333334 0.23046875 0.609375 0.24348958333333334 0.60546875 0.24348958333333334 0.6041666666666666 0.23177083333333334 0.60546875 0.22265625 0.609375 0.22135416666666666
3 0.66796875 0.5794270833333334 0.6640625 0.5677083333333334 0.6692708333333334 0.5611979166666666 0.671875 0.5625 0.6744791666666666 0.5716145833333334 0.6731770833333334 0.5807291666666666 0.6692708333333334 0.5794270833333334
3 0.5885416666666666 0.8736979166666666 0.5911458333333334 0.8854166666666666 0.5872395833333334 0.90234375 0.58203125 0.9036458333333334 0.58203125 0.89453125 0.5794270833333334 0.8880208333333334 0.58203125 0.8776041666666666 0.5872395833333334 0.875
3 0.4986979166666667 0.17838541666666666 0.5026041666666666 0.18619791666666666 0.5026041666666666 0.19401041666666666 0.5013020833333334 0.19921875 0.4973958333333333 0.20182291666666666 0.4921875 0.19921875 0.4895833333333333 0.19270833333333334 0.4908854166666667 0.18098958333333334 0.4934895833333333 0.17838541666666666 0.4973958333333333 0.17838541666666666
3 0.4583333333333333 0.6809895833333334 0.4622395833333333 0.6861979166666666 0.4635416666666667 0.6927083333333334 0.4596354166666667 0.6979166666666666 0.4544270833333333 0.6966145833333334 0.4518229166666667 0.6927083333333334 0.4518229166666667 0.6822916666666666 0.45703125 0.6809895833333334
3 0.21614583333333334 0.18359375 0.22395833333333334 0.20182291666666666 0.22395833333333334 0.20703125 0.21744791666666666 0.20703125 0.20703125 0.19010416666666666 0.20703125 0.18489583333333334 0.20963541666666666 0.18229166666666666 0.21484375 0.18359375
3 0.07942708333333333 0.4895833333333333 0.09114583333333333 0.4934895833333333 0.09244791666666667 0.5013020833333334 0.08854166666666667 0.5052083333333334 0.08463541666666667 0.5026041666666666 0.078125 0.5065104166666666 0.07421875 0.50390625 0.07421875 0.4908854166666667 0.078125 0.4895833333333333
3 0.8072916666666666 0.5677083333333334 0.8111979166666666 0.5651041666666666 0.8125 0.5598958333333334 0.81640625 0.5559895833333334 0.8216145833333334 0.5572916666666666 0.82421875 0.5651041666666666 0.8229166666666666 0.5729166666666666 0.8203125 0.5755208333333334 0.8151041666666666 0.5755208333333334 0.8072916666666666 0.5716145833333334 0.8072916666666666 0.5690104166666666
3 0.6328125 0.7486979166666666 0.6341145833333334 0.7552083333333334 0.6393229166666666 0.76171875 0.6380208333333334 0.7864583333333334 0.6341145833333334 0.7890625 0.62890625 0.7760416666666666 0.62890625 0.7552083333333334 0.6315104166666666 0.75
3 0.37734375000000003 0.8555555559895834 0.38359375 0.8583333333333334 0.38359375 0.8402777773437501 0.3828125 0.8388888893229166 0.3796875 0.8388888893229166 0.37656249999999997 0.8430555559895834 0.37578125 0.8472222226562499 0.37578125 0.8513888893229167 0.37656249999999997 0.8541666666666666 0.37734375000000003 0.8555555559895834
3 0.48359375 0.44722222265624995 0.484375 0.4458333333333333 0.48203124999999997 0.4319444440104167 0.48281250000000003 0.43055555598958334 0.48359375 0.4236111106770833 0.4796875 0.4236111106770833 0.47578125 0.4291666666666667 0.47500000000000003 0.4319444440104167 0.4796875 0.44722222265624995 0.48046875 0.44861111067708337 0.48359375 0.44722222265624995