1 0.56875 0.6541666666666667 0.5695312499999999 0.6541666666666667 0.5710937500000001 0.6569444440104167 0.5734374999999999 0.6569444440104167 0.5750000000000001 0.65 0.57265625 0.6458333333333334 0.5703125 0.64722222265625 0.56875 0.65 0.56875 0.6541666666666667
0 0.9986979166666666 0.4114583333333333 0.9986979166666666 0.41796875 0.9908854166666666 0.4192708333333333 0.9791666666666666 0.41796875 0.9075520833333334 0.421875 0.88671875 0.4361979166666667 0.88671875 0.4388020833333333 0.8776041666666666 0.44921875 0.8658854166666666 0.4778645833333333 0.8619791666666666 0.4986979166666667 0.8619791666666666 0.546875 0.8736979166666666 0.5859375 0.88671875 0.6067708333333334 0.8984375 0.6171875 0.91015625 0.6223958333333334 0.9986979166666666 0.6197916666666666 0.9986979166666666 0.6263020833333334 0.9309895833333334 0.62890625 0.9114583333333334 0.62890625 0.8971354166666666 0.6223958333333334 0.8802083333333334 0.6067708333333334 0.8684895833333334 0.5859375 0.8606770833333334 0.55859375 0.8580729166666666 0.5338541666666666 0.859375 0.49609375 0.8645833333333334 0.4700520833333333 0.8684895833333334 0.4583333333333333 0.8802083333333334 0.4375 0.8919270833333334 0.4244791666666667 0.90234375 0.4192708333333333 0.9036458333333334 0.4166666666666667 0.9140625 0.4140625 0.9973958333333334 0.4114583333333333
0 0.15104166666666666 0.4466145833333333 0.16666666666666666 0.4557291666666667 0.16796875 0.4596354166666667 0.17838541666666666 0.4700520833333333 0.19010416666666666 0.49609375 0.1953125 0.5169270833333334 0.1953125 0.5286458333333334 0.19791666666666666 0.53515625 0.19791666666666666 0.5677083333333334 0.1953125 0.5859375 0.19010416666666666 0.6067708333333334 0.17838541666666666 0.6315104166666666 0.16276041666666666 0.6484375 0.14583333333333334 0.65625 0.0390625 0.6614583333333334 0.032552083333333336 0.6575520833333334 0.046875 0.6549479166666666 0.14713541666666666 0.6510416666666666 0.15364583333333334 0.6484375 0.16666666666666666 0.6380208333333334 0.1796875 0.6197916666666666 0.19140625 0.58984375 0.19270833333333334 0.5729166666666666 0.1953125 0.5677083333333334 0.1953125 0.5520833333333334 0.19270833333333334 0.5208333333333334 0.1875 0.4986979166666667 0.1796875 0.4817708333333333 0.17708333333333334 0.48046875 0.17708333333333334 0.4765625 0.16927083333333334 0.4661458333333333 0.15885416666666666 0.45703125 0.14713541666666666 0.4505208333333333 0.029947916666666668 0.453125 0.03125 0.44921875 0.036458333333333336 0.4479166666666667 0.11067708333333333 0.4453125 0.14973958333333334 0.4466145833333333
2 0.53125 0.9479166666666666 0.53125 0.9244791666666666 0.5286458333333334 0.9075520833333334 0.52734375 0.6341145833333334 0.5247395833333334 0.62890625 0.5234375 0.2682291666666667 0.5208333333333334 0.265625 0.5208333333333334 0.2604166666666667 0.5234375 0.2565104166666667 0.5260416666666666 0.265625 0.5247395833333334 0.2747395833333333 0.52734375 0.32421875 0.52734375 0.5651041666666666 0.5299479166666666 0.6041666666666666 0.53125 0.8854166666666666 0.5338541666666666 0.9205729166666666 0.53125 0.94921875
3 0.7395833333333334 0.4635416666666667 0.7369791666666666 0.4596354166666667 0.7369791666666666 0.4479166666666667 0.7395833333333334 0.4453125 0.74609375 0.4453125 0.7526041666666666 0.4518229166666667 0.75 0.4596354166666667 0.7408854166666666 0.4635416666666667
3 0.6861979166666666 0.8307291666666666 0.6888020833333334 0.8385416666666666 0.6861979166666666 0.8489583333333334 0.6796875 0.8489583333333334 0.67578125 0.8372395833333334 0.6770833333333334 0.8294270833333334 0.6848958333333334 0.8307291666666666
3 0.5182291666666666 0.23567708333333334 0.5221354166666666 0.23958333333333334 0.5234375 0.24479166666666666 0.5182291666666666 0.265625 0.5143229166666666 0.2643229166666667 0.51171875 0.25390625 0.51171875 0.23958333333333334 0.5169270833333334 0.23567708333333334
3 0.37890625 0.5338541666666666 0.37890625 0.54296875 0.3736979166666667 0.5546875 0.3684895833333333 0.5559895833333334 0.3671875 0.5377604166666666 0.3684895833333333 0.53515625 0.3776041666666667 0.53515625
3 0.578125 0.6341145833333334 0.5846354166666666 0.6393229166666666 0.5872395833333334 0.6458333333333334 0.5859375 0.6549479166666666 0.58203125 0.6588541666666666 0.5755208333333334 0.6549479166666666 0.57421875 0.6354166666666666 0.5768229166666666 0.6341145833333334
3 0.66796875 0.390625 0.671875 0.390625 0.6744791666666666 0.3932291666666667 0.6744791666666666 0.3997395833333333 0.671875 0.40234375 0.6705729166666666 0.41015625 0.6666666666666666 0.4140625 0.6614583333333334 0.4075520833333333 0.6614583333333334 0.4036458333333333 0.66796875 0.3971354166666667 0.66796875 0.3919270833333333
3 0.44921875 0.6731770833333334 0.4440104166666667 0.6861979166666666 0.4440104166666667 0.6966145833333334 0.44140625 0.7018229166666666 0.4348958333333333 0.6940104166666666 0.4348958333333333 0.68359375 0.4388020833333333 0.67578125 0.4479166666666667 0.6731770833333334
3 0.513671875 0.8365885416666666 0.010416666666666666 0.029296875
3 0.76953125 0.20572916666666666 0.7721354166666666 0.20703125 0.7721354166666666 0.21744791666666666 0.7643229166666666 0.23307291666666666 0.7591145833333334 0.23046875 0.7578125 0.22265625 0.76171875 0.21223958333333334 0.7682291666666666 0.20572916666666666
3 0.921875 0.51953125 0.9375 0.51953125 0.9401041666666666 0.5234375 0.9401041666666666 0.5325520833333334 0.9375 0.5364583333333334 0.9270833333333334 0.53515625 0.921875 0.5377604166666666 0.921875 0.5208333333333334
3 0.22005208333333334 0.5299479166666666 0.2265625 0.53515625 0.2265625 0.546875 0.22526041666666666 0.55078125 0.22135416666666666 0.5520833333333334 0.21614583333333334 0.55078125 0.21354166666666666 0.5442708333333334 0.21484375 0.5325520833333334 0.21875 0.5299479166666666
3 0.4283854166666667 0.2981770833333333 0.4322916666666667 0.3059895833333333 0.4283854166666667 0.3216145833333333 0.4231770833333333 0.31640625 0.4231770833333333 0.3020833333333333 0.4270833333333333 0.2981770833333333