1 0.509375 0.8388888893229166 0.509375 0.8333333333333334 0.5085937500000001 0.8319444440104166 0.5070312499999999 0.8319444440104166 0.50546875 0.8333333333333334 0.50546875 0.8375 0.50625 0.8388888893229166 0.509375 0.8388888893229166
0 0 0.4114583333333333 0.08463541666666667 0.4140625 0.09505208333333333 0.4166666666666667 0.11458333333333333 0.4322916666666667 0.13020833333333334 0.4583333333333333 0.13802083333333334 0.48828125 0.140625 0.5169270833333334 0.13802083333333334 0.55859375 0.13020833333333334 0.5859375 0.11848958333333333 0.6067708333333334 0.10677083333333333 0.6184895833333334 0.09635416666666667 0.6236979166666666 0.09505208333333333 0.6263020833333334 0.0859375 0.62890625 0 0.6263020833333334 0 0.6197916666666666 0.08854166666666667 0.6223958333333334 0.10026041666666667 0.6171875 0.11197916666666667 0.6067708333333334 0.11197916666666667 0.6041666666666666 0.12369791666666667 0.58984375 0.13671875 0.546875 0.13541666666666666 0.48828125 0.125 0.45703125 0.11067708333333333 0.4348958333333333 0.09895833333333333 0.42578125 0.08854166666666667 0.421875 0 0.4192708333333333 0 0.4127604166666667
0 0.9010416666666666 0.4453125 0.96484375 0.4479166666666667 0.9674479166666666 0.4505208333333333 0.9596354166666666 0.453125 0.8567708333333334 0.44921875 0.8463541666666666 0.4518229166666667 0.8372395833333334 0.45703125 0.8268229166666666 0.4674479166666667 0.8190104166666666 0.4791666666666667 0.8072916666666666 0.5078125 0.8033854166666666 0.5520833333333334 0.8033854166666666 0.5690104166666666 0.8059895833333334 0.57421875 0.8072916666666666 0.59375 0.8229166666666666 0.6276041666666666 0.83203125 0.6380208333333334 0.8463541666666666 0.6484375 0.8541666666666666 0.6510416666666666 0.9505208333333334 0.6536458333333334 0.9635416666666666 0.6549479166666666 0.9635416666666666 0.6588541666666666 0.87890625 0.6575520833333334 0.8580729166666666 0.65625 0.8424479166666666 0.65234375 0.8229166666666666 0.6354166666666666 0.81640625 0.6263020833333334 0.8072916666666666 0.60546875 0.80078125 0.5755208333333334 0.80078125 0.5533854166666666 0.8033854166666666 0.5494791666666666 0.8033854166666666 0.5442708333333334 0.80078125 0.5403645833333334 0.80078125 0.5286458333333334 0.8072916666666666 0.49609375 0.81640625 0.4752604166666667 0.828125 0.4583333333333333 0.8450520833333334 0.4466145833333333 0.8997395833333334 0.4453125
2 0.4739583333333333 0.12239583333333333 0.4765625 0.125 0.4739583333333333 0.24088541666666666 0.4739583333333333 0.6197916666666666 0.4713541666666667 0.6315104166666666 0.4700520833333333 0.8723958333333334 0.4674479166666667 0.9479166666666666 0.46484375 0.9466145833333334 0.46484375 0.8658854166666666 0.4674479166666667 0.8424479166666666 0.46875 0.5768229166666666 0.4713541666666667 0.5182291666666666 0.4700520833333333 0.3893229166666667 0.47265625 0.3567708333333333 0.4713541666666667 0.296875 0.4739583333333333 0.12369791666666667
3 0.4947916666666667 0.21354166666666666 0.4986979166666667 0.21875 0.4986979166666667 0.23307291666666666 0.4973958333333333 0.2421875 0.4934895833333333 0.24609375 0.4908854166666667 0.24348958333333334 0.4908854166666667 0.23697916666666666 0.4869791666666667 0.22786458333333334 0.48828125 0.21744791666666666 0.4934895833333333 0.21354166666666666
3 0.07291666666666667 0.5234375 0.08854166666666667 0.5234375 0.08854166666666667 0.5377604166666666 0.07421875 0.5377604166666666 0.07161458333333333 0.5338541666666666 0.07291666666666667 0.5247395833333334
3 0.796875 0.5390625 0.7994791666666666 0.5442708333333334 0.7994791666666666 0.5520833333333334 0.7942708333333334 0.55859375 0.7903645833333334 0.55859375 0.78515625 0.5546875 0.78515625 0.5403645833333334 0.7903645833333334 0.5403645833333334 0.79296875 0.5377604166666666 0.7955729166666666 0.5390625
3 0.5924479166666666 0.3098958333333333 0.58984375 0.3072916666666667 0.5924479166666666 0.30078125 0.5924479166666666 0.2838541666666667 0.5963541666666666 0.28125 0.6002604166666666 0.2890625 0.6002604166666666 0.2955729166666667 0.59375 0.30859375
3 0.34375 0.8541666666666666 0.34453125 0.8555555559895834 0.34453125 0.8624999999999999 0.34609375000000003 0.8624999999999999 0.34765625 0.8513888893229167 0.3484375 0.8513888893229167 0.34921874999999997 0.8458333333333333 0.34765625 0.8430555559895834 0.34218750000000003 0.8375 0.3390625 0.8402777773437501 0.33828125000000003 0.8444444440104166 0.33828125000000003 0.8527777773437499 0.3390625 0.8541666666666666 0.34375 0.8541666666666666
3 0.42812500000000003 0.6805555559895833 0.42890625 0.6819444440104167 0.4328125 0.6791666666666667 0.43359375 0.67777777734375 0.43359375 0.6736111106770833 0.4328125 0.67222222265625 0.4328125 0.6638888893229167 0.43124999999999997 0.6611111106770834 0.425 0.6611111106770834 0.42421875000000003 0.6625 0.42421875000000003 0.6708333333333334 0.42578125 0.67222222265625 0.42812500000000003 0.6805555559895833
3 0.6015625 0.7374999999999999 0.6023437500000001 0.74027777734375 0.60390625 0.7416666666666667 0.6062500000000001 0.7416666666666667 0.6085937499999999 0.7374999999999999 0.6085937499999999 0.7236111106770834 0.60546875 0.7208333333333333 0.6015625 0.7208333333333333 0.6007812499999999 0.7222222226562499 0.6007812499999999 0.725 0.6015625 0.7263888893229167 0.6015625 0.7374999999999999
3 0.521975 0.8562916666666666 0.5205890625 0.8489055559895834 0.5100945312499999 0.8479638893229167 0.5122726562500001 0.8569958333333334 0.50752109375 0.8591069440104167 0.514253125 0.86719722265625 0.521975 0.8562916666666666
3 0.6437499999999999 0.5541666666666667 0.6437499999999999 0.56527777734375 0.65078125 0.5625 0.6492187500000001 0.5499999999999999 0.6437499999999999 0.5541666666666667
3 0.4609375 0.4069444440104167 0.45468749999999997 0.40277777734375 0.44921875 0.39027777734375 0.44296874999999997 0.4055555559895833 0.44921875 0.41527777734375 0.45625 0.41527777734375 0.4609375 0.4069444440104167
3 0.26484375 0.4069444440104167 0.25703125 0.4083333333333334 0.25546874999999997 0.41527777734375 0.2578125 0.41944444401041664 0.26640625 0.42222222265625 0.26484375 0.4069444440104167
3 0.22890625 0.20972222265624998 0.2203125 0.2041666666666667 0.21953124999999998 0.2138888893229167 0.22734374999999998 0.22777777734375002 0.23203125 0.22777777734375002 0.22890625 0.20972222265624998