1 0.43593750000000003 0.67777777734375 0.43593750000000003 0.67222222265625 0.43515624999999997 0.6708333333333334 0.43203125000000003 0.6708333333333334 0.43203125000000003 0.6791666666666667 0.43515624999999997 0.6791666666666667 0.43593750000000003 0.67777777734375
0 0 0.4140625 0.09375 0.4166666666666667 0.09505208333333333 0.4192708333333333 0.10677083333333333 0.4231770833333333 0.11848958333333333 0.4322916666666667 0.13411458333333334 0.45703125 0.14192708333333334 0.4830729166666667 0.14322916666666666 0.5013020833333334 0.14583333333333334 0.5065104166666666 0.14583333333333334 0.5390625 0.14192708333333334 0.5677083333333334 0.13411458333333334 0.5911458333333334 0.11458333333333333 0.6184895833333334 0.09505208333333333 0.6302083333333334 0 0.6276041666666666 0 0.62109375 0.09505208333333333 0.6236979166666666 0.10416666666666667 0.6197916666666666 0.11979166666666667 0.60546875 0.13151041666666666 0.5859375 0.13932291666666666 0.5611979166666666 0.140625 0.5416666666666666 0.14322916666666666 0.53515625 0.14322916666666666 0.5091145833333334 0.13671875 0.4752604166666667 0.12369791666666667 0.4479166666666667 0.11067708333333333 0.4322916666666667 0.09244791666666667 0.4231770833333333 0 0.4205729166666667 0 0.4153645833333333
0 0.9192708333333334 0.4479166666666667 0.9752604166666666 0.4505208333333333 0.9765625 0.453125 0.9739583333333334 0.4557291666666667 0.86328125 0.4518229166666667 0.8489583333333334 0.45703125 0.8333333333333334 0.4713541666666667 0.8190104166666666 0.4973958333333333 0.8111979166666666 0.5286458333333334 0.8098958333333334 0.5651041666666666 0.8151041666666666 0.5963541666666666 0.8177083333333334 0.5989583333333334 0.8190104166666666 0.609375 0.8307291666666666 0.6315104166666666 0.8515625 0.6510416666666666 0.87109375 0.6549479166666666 0.9622395833333334 0.6575520833333334 0.9739583333333334 0.66015625 0.9713541666666666 0.6627604166666666 0.8971354166666666 0.6614583333333334 0.8541666666666666 0.6575520833333334 0.83984375 0.6497395833333334 0.8385416666666666 0.6458333333333334 0.828125 0.6354166666666666 0.81640625 0.61328125 0.8125 0.6002604166666666 0.8072916666666666 0.5703125 0.8072916666666666 0.5377604166666666 0.8151041666666666 0.4986979166666667 0.8268229166666666 0.47265625 0.8411458333333334 0.4557291666666667 0.85546875 0.4479166666666667 0.91796875 0.4479166666666667
2 0.48046875 0.12239583333333333 0.4817708333333333 0.2994791666666667 0.4791666666666667 0.4309895833333333 0.4791666666666667 0.6315104166666666 0.4752604166666667 0.7578125 0.4752604166666667 0.9270833333333334 0.4739583333333333 0.9505208333333334 0.4713541666666667 0.9505208333333334 0.4700520833333333 0.92578125 0.47265625 0.8880208333333334 0.47265625 0.7174479166666666 0.4752604166666667 0.6549479166666666 0.4739583333333333 0.6184895833333334 0.4765625 0.52734375 0.4765625 0.3450520833333333 0.4791666666666667 0.3033854166666667 0.4778645833333333 0.2760416666666667 0.48046875 0.12369791666666667
3 0.3971354166666667 0.21875 0.3971354166666667 0.21484375 0.3932291666666667 0.20963541666666666 0.3932291666666667 0.19661458333333334 0.4010416666666667 0.19791666666666666 0.4036458333333333 0.20833333333333334 0.4036458333333333 0.21744791666666666 0.3984375 0.21875
3 0.5651041666666666 0.4127604166666667 0.5716145833333334 0.4166666666666667 0.5729166666666666 0.421875 0.5716145833333334 0.4309895833333333 0.56640625 0.4322916666666667 0.5625 0.4283854166666667 0.5625 0.4192708333333333 0.5651041666666666 0.4140625
3 0.44921875 0.2421875 0.4557291666666667 0.24739583333333334 0.4557291666666667 0.2643229166666667 0.453125 0.2669270833333333 0.44921875 0.2669270833333333 0.4453125 0.2591145833333333 0.4440104166666667 0.24739583333333334 0.4479166666666667 0.2421875
3 0.3515625 0.6067708333333334 0.3567708333333333 0.6067708333333334 0.3606770833333333 0.6197916666666666 0.3580729166666667 0.6223958333333334 0.3502604166666667 0.62109375 0.3515625 0.6080729166666666
3 0.22786458333333334 0.67578125 0.23177083333333334 0.6796875 0.23177083333333334 0.68359375 0.22786458333333334 0.6861979166666666 0.21484375 0.6848958333333334 0.21484375 0.6783854166666666 0.21875 0.671875 0.22265625 0.671875 0.2265625 0.67578125
3 0.3450520833333333 0.5026041666666666 0.3489583333333333 0.5143229166666666 0.3489583333333333 0.51953125 0.3463541666666667 0.5221354166666666 0.3424479166666667 0.5221354166666666 0.3424479166666667 0.51953125 0.33984375 0.5182291666666666 0.33984375 0.5065104166666666 0.34375 0.5026041666666666
3 0.546875 0.6315104166666666 0.5494791666666666 0.6328125 0.5533854166666666 0.6419270833333334 0.5533854166666666 0.6536458333333334 0.5494791666666666 0.65625 0.5455729166666666 0.65234375 0.5455729166666666 0.6328125
3 0.390625 0.845703125 0.011067708333333334 0.024739583333333332
3 0.45156250000000003 0.7513888893229167 0.45078124999999997 0.7541666666666668 0.45234375 0.7569444440104167 0.45625 0.7583333333333333 0.45625 0.74722222265625 0.45703125 0.7458333333333332 0.45703125 0.74027777734375 0.45625 0.7388888893229167 0.45625 0.7277777773437499 0.453125 0.7333333333333334 0.45156250000000003 0.7319444440104167 0.44921875 0.7319444440104167 0.44609375 0.7374999999999999 0.44609375 0.74027777734375 0.44921875 0.7430555559895833 0.45156250000000003 0.7513888893229167
3 0.390625 0.50972222265625 0.38671875 0.5069444440104166 0.3796875 0.5125000000000001 0.37890625 0.5208333333333334 0.38359375 0.5319444440104167 0.39218749999999997 0.5263888893229166 0.390625 0.50972222265625
3 0.425 0.39027777734375 0.41875 0.3888888893229167 0.4171875 0.3958333333333333 0.421875 0.41111111067708334 0.4265625 0.4083333333333334 0.425 0.39027777734375
3 0.2265625 0.4805555559895833 0.22734374999999998 0.4875 0.23750000000000002 0.49027777734375005 0.23750000000000002 0.47500000000000003 0.2265625 0.4805555559895833