0 0 0.41015625 0.0859375 0.4140625 0.10286458333333333 0.4244791666666667 0.11848958333333333 0.4453125 0.12630208333333334 0.4635416666666667 0.13411458333333334 0.4947916666666667 0.13541666666666666 0.515625 0.13411458333333334 0.5494791666666666 0.13020833333333334 0.5611979166666666 0.13020833333333334 0.5690104166666666 0.12760416666666666 0.5716145833333334 0.12369791666666667 0.5859375 0.11197916666666667 0.6067708333333334 0.10286458333333333 0.6171875 0.09895833333333333 0.6184895833333334 0.09765625 0.61328125 0.10677083333333333 0.60546875 0.11979166666666667 0.5846354166666666 0.12760416666666666 0.5638020833333334 0.13151041666666666 0.54296875 0.13151041666666666 0.5026041666666666 0.12760416666666666 0.4778645833333333 0.11979166666666667 0.45703125 0.10807291666666667 0.4375 0.09765625 0.4270833333333333 0.08854166666666667 0.421875 0.08072916666666667 0.4192708333333333 0 0.41796875 0 0.4114583333333333
0 0.8723958333333334 0.4453125 0.9518229166666666 0.4479166666666667 0.9661458333333334 0.44921875 0.9661458333333334 0.453125 0.8502604166666666 0.4505208333333333 0.83203125 0.4622395833333333 0.8229166666666666 0.4713541666666667 0.8111979166666666 0.4934895833333333 0.8033854166666666 0.5208333333333334 0.8020833333333334 0.5716145833333334 0.8033854166666666 0.5846354166666666 0.8072916666666666 0.5924479166666666 0.8098958333333334 0.6067708333333334 0.8229166666666666 0.6315104166666666 0.8346354166666666 0.6432291666666666 0.8463541666666666 0.6510416666666666 0.8671875 0.6536458333333334 0.9505208333333334 0.65625 0.9635416666666666 0.6575520833333334 0.9635416666666666 0.6614583333333334 0.92578125 0.6614583333333334 0.8463541666666666 0.65625 0.83203125 0.6484375 0.8203125 0.6354166666666666 0.8125 0.6223958333333334 0.80078125 0.5872395833333334 0.7994791666666666 0.57421875 0.7994791666666666 0.5299479166666666 0.8046875 0.5 0.81640625 0.4739583333333333 0.83203125 0.4544270833333333 0.8463541666666666 0.4466145833333333 0.87109375 0.4466145833333333
3 0.1640625 0.8190104166666666 0.16666666666666666 0.8190104166666666 0.16927083333333334 0.83203125 0.16145833333333334 0.83984375 0.15494791666666666 0.8411458333333334 0.15625 0.83203125 0.1640625 0.8203125
3 0.4401041666666667 0.3216145833333333 0.4440104166666667 0.3255208333333333 0.4466145833333333 0.3359375 0.4453125 0.3463541666666667 0.44140625 0.3463541666666667 0.4388020833333333 0.3346354166666667 0.4401041666666667 0.3229166666666667
3 0.3932291666666667 0.3151041666666667 0.3971354166666667 0.3203125 0.3971354166666667 0.3424479166666667 0.3919270833333333 0.34765625 0.3893229166666667 0.34765625 0.3880208333333333 0.3450520833333333 0.3841145833333333 0.3307291666666667 0.3841145833333333 0.3216145833333333 0.3880208333333333 0.31640625 0.3919270833333333 0.3151041666666667
3 0.19270833333333334 0.41015625 0.19401041666666666 0.4205729166666667 0.19270833333333334 0.4270833333333333 0.19010416666666666 0.4283854166666667 0.18229166666666666 0.42578125 0.18229166666666666 0.4153645833333333 0.18619791666666666 0.4114583333333333 0.19140625 0.41015625
3 0.09505208333333333 0.6119791666666666 0.09635416666666667 0.62109375 0.09244791666666667 0.6354166666666666 0.08333333333333333 0.6380208333333334 0.078125 0.63671875 0.078125 0.6276041666666666 0.08072916666666667 0.6223958333333334 0.08854166666666667 0.62109375 0.09375 0.61328125
3 0.4322916666666667 0.6575520833333334 0.4388020833333333 0.6614583333333334 0.4388020833333333 0.66796875 0.4322916666666667 0.67578125 0.4283854166666667 0.6731770833333334 0.4270833333333333 0.6692708333333334 0.4270833333333333 0.6614583333333334 0.4309895833333333 0.6588541666666666
3 0.4739583333333333 0.4921875 0.4817708333333333 0.5052083333333334 0.4778645833333333 0.5143229166666666 0.4739583333333333 0.5143229166666666 0.46875 0.5052083333333334 0.46875 0.4973958333333333 0.47265625 0.4934895833333333
3 0.22395833333333334 0.2109375 0.22786458333333334 0.2109375 0.23697916666666666 0.22265625 0.23697916666666666 0.23046875 0.23177083333333334 0.23046875 0.22265625 0.21875 0.22395833333333334 0.21223958333333334
3 0.0390625 0.5625 0.04296875 0.5625 0.04296875 0.5755208333333334 0.037760416666666664 0.578125 0.026041666666666668 0.578125 0.024739583333333332 0.5755208333333334 0.024739583333333332 0.5716145833333334 0.028645833333333332 0.56640625 0.033854166666666664 0.5651041666666666 0.036458333333333336 0.5677083333333334 0.0390625 0.5638020833333334
3 0.35546875 0.6575520833333334 0.359375 0.671875 0.3567708333333333 0.6783854166666666 0.3515625 0.6783854166666666 0.3502604166666667 0.67578125 0.3502604166666667 0.6666666666666666 0.3541666666666667 0.6588541666666666
3 0.76171875 0.51953125 0.7669270833333334 0.52734375 0.7643229166666666 0.5377604166666666 0.76171875 0.5403645833333334 0.7565104166666666 0.5403645833333334 0.75390625 0.5364583333333334 0.7526041666666666 0.5247395833333334 0.7604166666666666 0.5208333333333334
3 0.3841145833333333 0.8125 0.3893229166666667 0.8125 0.3919270833333333 0.81640625 0.3919270833333333 0.8307291666666666 0.3893229166666667 0.8372395833333334 0.3802083333333333 0.828125 0.3802083333333333 0.8216145833333334 0.3841145833333333 0.8138020833333334
2 0.4674479166666667 0.5169270833333334 0.4713541666666667 0.51953125 0.4713541666666667 0.5299479166666666 0.4700520833333333 0.6302083333333334 0.4674479166666667 0.6653645833333334 0.4661458333333333 0.92578125 0.4635416666666667 0.9505208333333334 0.4609375 0.9322916666666666 0.4635416666666667 0.890625 0.4622395833333333 0.8723958333333334 0.4674479166666667 0.5182291666666666