1 0.45390625 0.7875 0.45390625 0.7833333333333333 0.45 0.7833333333333333 0.45 0.7888888893229167 0.453125 0.7888888893229167 0.45390625 0.7875
0 0.9049479166666666 0.4166666666666667 0.9986979166666666 0.4127604166666667 0.9986979166666666 0.4192708333333333 0.9205729166666666 0.4231770833333333 0.91015625 0.421875 0.8997395833333334 0.42578125 0.8854166666666666 0.4375 0.87109375 0.4583333333333333 0.8697916666666666 0.4674479166666667 0.86328125 0.4778645833333333 0.86328125 0.4895833333333333 0.859375 0.4973958333333333 0.8580729166666666 0.5299479166666666 0.86328125 0.5638020833333334 0.8697916666666666 0.5846354166666666 0.8828125 0.60546875 0.8919270833333334 0.6145833333333334 0.9075520833333334 0.6223958333333334 0.9986979166666666 0.6197916666666666 0.9986979166666666 0.6263020833333334 0.9765625 0.6276041666666666 0.90234375 0.6276041666666666 0.8919270833333334 0.62109375 0.8763020833333334 0.60546875 0.8645833333333334 0.58203125 0.859375 0.5638020833333334 0.85546875 0.5325520833333334 0.8567708333333334 0.4934895833333333 0.8606770833333334 0.484375 0.8606770833333334 0.4765625 0.8684895833333334 0.4544270833333333 0.87109375 0.453125 0.8802083333333334 0.4348958333333333 0.8880208333333334 0.4270833333333333 0.9049479166666666 0.41796875
0 0.14713541666666666 0.44921875 0.16145833333333334 0.4557291666666667 0.17447916666666666 0.46875 0.18619791666666666 0.4895833333333333 0.19140625 0.50390625 0.19791666666666666 0.5377604166666666 0.19791666666666666 0.5703125 0.1953125 0.5911458333333334 0.19140625 0.5989583333333334 0.19270833333333334 0.5768229166666666 0.1953125 0.5703125 0.1953125 0.5364583333333334 0.19270833333333334 0.53125 0.19140625 0.515625 0.18619791666666666 0.4986979166666667 0.17578125 0.4778645833333333 0.1640625 0.46484375 0.14713541666666666 0.4544270833333333 0.046875 0.45703125 0.045572916666666664 0.4596354166666667 0.03125 0.4596354166666667 0.029947916666666668 0.45703125 0.03125 0.453125 0.044270833333333336 0.4518229166666667 0.14583333333333334 0.44921875
2 0.5221354166666666 0.2734375 0.5247395833333334 0.2734375 0.5234375 0.2942708333333333 0.5260416666666666 0.32421875 0.52734375 0.4739583333333333 0.5260416666666666 0.49609375 0.5286458333333334 0.515625 0.5247395833333334 0.5247395833333334 0.5247395833333334 0.5364583333333334 0.5234375 0.3268229166666667 0.5208333333333334 0.3020833333333333 0.5221354166666666 0.2747395833333333
3 0.6875 0.8072916666666666 0.6888020833333334 0.8190104166666666 0.6848958333333334 0.82421875 0.6770833333333334 0.8216145833333334 0.6770833333333334 0.8111979166666666 0.6744791666666666 0.8033854166666666 0.6809895833333334 0.8072916666666666 0.6861979166666666 0.8072916666666666
3 0.4622395833333333 0.7669270833333334 0.46484375 0.796875 0.4557291666666667 0.7981770833333334 0.453125 0.7916666666666666 0.44921875 0.7890625 0.44921875 0.7838541666666666 0.4609375 0.7747395833333334 0.4622395833333333 0.7682291666666666
3 0.5338541666666666 0.5182291666666666 0.5377604166666666 0.52734375 0.5377604166666666 0.5338541666666666 0.5286458333333334 0.5546875 0.5260416666666666 0.55078125 0.52734375 0.5325520833333334 0.5247395833333334 0.5286458333333334 0.5247395833333334 0.5234375 0.5299479166666666 0.5169270833333334 0.5325520833333334 0.5182291666666666
3 0.56640625 0.44140625 0.5703125 0.44921875 0.5703125 0.4635416666666667 0.56640625 0.4674479166666667 0.5625 0.4674479166666667 0.55859375 0.4622395833333333 0.55859375 0.44921875 0.5651041666666666 0.44140625
3 0.517578125 0.2682291666666667 0.013020833333333334 0.030598958333333332
3 0.73046875 0.2552083333333333 0.734375 0.2578125 0.734375 0.2682291666666667 0.73046875 0.27734375 0.7265625 0.2786458333333333 0.72265625 0.2760416666666667 0.72265625 0.2669270833333333 0.7291666666666666 0.2565104166666667
3 0.17708333333333334 0.58984375 0.18619791666666666 0.58984375 0.19010416666666666 0.5950520833333334 0.19010416666666666 0.6015625 0.18489583333333334 0.6028645833333334 0.18098958333333334 0.6067708333333334 0.17578125 0.60546875 0.17447916666666666 0.5950520833333334 0.17708333333333334 0.5911458333333334
3 0.87890625 0.4661458333333333 0.8815104166666666 0.4674479166666667 0.8802083333333334 0.48046875 0.8684895833333334 0.484375 0.8684895833333334 0.46875 0.8776041666666666 0.4661458333333333
3 0.41015625 0.43359375 0.4140625 0.4348958333333333 0.4166666666666667 0.4427083333333333 0.4166666666666667 0.44921875 0.41015625 0.453125 0.4075520833333333 0.4453125 0.41015625 0.4348958333333333
3 0.45468749999999997 0.69027777734375 0.46171875 0.6819444440104167 0.46171875 0.6736111106770833 0.45078124999999997 0.67222222265625 0.45 0.68472222265625 0.45468749999999997 0.69027777734375
3 0.58046875 0.8347222226562501 0.5789062500000001 0.82222222265625 0.5734374999999999 0.82777777734375 0.5750000000000001 0.8416666666666667 0.58046875 0.8347222226562501
3 0.51953125 0.74722222265625 0.52890625 0.74027777734375 0.52890625 0.7305555559895834 0.52578125 0.7263888893229167 0.52109375 0.7291666666666666 0.51953125 0.74722222265625