1 0.43124999999999997 0.69027777734375 0.43203125000000003 0.6916666666666668 0.434375 0.6916666666666668 0.43515624999999997 0.6875 0.434375 0.68472222265625 0.4328125 0.6833333333333332 0.43124999999999997 0.6861111106770833 0.43124999999999997 0.69027777734375
0 0.9036458333333334 0.4166666666666667 0.9140625 0.4140625 0.9622395833333334 0.4140625 0.9986979166666666 0.4114583333333333 0.9986979166666666 0.4192708333333333 0.9127604166666666 0.4205729166666667 0.8984375 0.42578125 0.88671875 0.4348958333333333 0.8723958333333334 0.45703125 0.86328125 0.4830729166666667 0.8619791666666666 0.50390625 0.859375 0.5091145833333334 0.859375 0.5364583333333334 0.8619791666666666 0.5416666666666666 0.86328125 0.55859375 0.8697916666666666 0.5794270833333334 0.87890625 0.5963541666666666 0.8958333333333334 0.6158854166666666 0.9114583333333334 0.6223958333333334 0.9986979166666666 0.6197916666666666 0.9986979166666666 0.6263020833333334 0.90625 0.6276041666666666 0.90234375 0.6236979166666666 0.8919270833333334 0.6197916666666666 0.8802083333333334 0.6080729166666666 0.8684895833333334 0.5885416666666666 0.8606770833333334 0.5638020833333334 0.8567708333333334 0.5364583333333334 0.8567708333333334 0.5130208333333334 0.8606770833333334 0.4817708333333333 0.8684895833333334 0.4557291666666667 0.87890625 0.4375 0.8880208333333334 0.4270833333333333 0.9036458333333334 0.41796875
0 0.15234375 0.4453125 0.16666666666666666 0.4544270833333333 0.17838541666666666 0.46875 0.19010416666666666 0.4934895833333333 0.19140625 0.50390625 0.19401041666666666 0.5078125 0.19791666666666666 0.5325520833333334 0.19791666666666666 0.5611979166666666 0.19401041666666666 0.5924479166666666 0.18619791666666666 0.6145833333333334 0.171875 0.6380208333333334 0.16276041666666666 0.6471354166666666 0.1484375 0.6536458333333334 0.12760416666666666 0.65625 0.05078125 0.6588541666666666 0.033854166666666664 0.6588541666666666 0.033854166666666664 0.6536458333333334 0.13151041666666666 0.6510416666666666 0.14453125 0.6497395833333334 0.16015625 0.6419270833333334 0.17317708333333334 0.62890625 0.17708333333333334 0.6197916666666666 0.1796875 0.6184895833333334 0.19140625 0.5885416666666666 0.1953125 0.5638020833333334 0.1953125 0.53125 0.18489583333333334 0.4895833333333333 0.17317708333333334 0.46875 0.15885416666666666 0.4544270833333333 0.14713541666666666 0.44921875 0.03125 0.4518229166666667 0.03125 0.4479166666666667 0.109375 0.4440104166666667 0.15104166666666666 0.4453125
2 0.5221354166666666 0.12239583333333333 0.5247395833333334 0.12239583333333333 0.5260416666666666 0.14322916666666666 0.5247395833333334 0.24479166666666666 0.52734375 0.4348958333333333 0.5260416666666666 0.4752604166666667 0.5247395833333334 0.4778645833333333 0.5234375 0.4661458333333333 0.5234375 0.2643229166666667 0.5208333333333334 0.20052083333333334 0.5221354166666666 0.12369791666666667
3 0.375 0.16536458333333334 0.3815104166666667 0.16536458333333334 0.3854166666666667 0.18098958333333334 0.3841145833333333 0.18880208333333334 0.37890625 0.19140625 0.3723958333333333 0.17317708333333334 0.375 0.16666666666666666
3 0.3958333333333333 0.8815104166666666 0.3997395833333333 0.8854166666666666 0.3971354166666667 0.9114583333333334 0.3919270833333333 0.9127604166666666 0.3880208333333333 0.9088541666666666 0.3880208333333333 0.8932291666666666 0.39453125 0.8828125
3 0.15885416666666666 0.5260416666666666 0.16796875 0.53515625 0.16015625 0.5442708333333334 0.15364583333333334 0.5442708333333334 0.1484375 0.5390625 0.1484375 0.5338541666666666 0.15755208333333334 0.5260416666666666
3 0.5520833333333334 0.6419270833333334 0.5546875 0.64453125 0.5533854166666666 0.66015625 0.5481770833333334 0.66015625 0.546875 0.6575520833333334 0.5481770833333334 0.6458333333333334 0.55078125 0.6432291666666666
3 0.7369791666666666 0.3177083333333333 0.7408854166666666 0.31640625 0.74609375 0.3216145833333333 0.7447916666666666 0.3307291666666667 0.7356770833333334 0.3385416666666667 0.7369791666666666 0.3190104166666667
3 0.51171875 0.14453125 0.515625 0.14583333333333334 0.515625 0.14973958333333334 0.5182291666666666 0.15234375 0.5182291666666666 0.16796875 0.5143229166666666 0.17057291666666666 0.51171875 0.18229166666666666 0.5091145833333334 0.18229166666666666 0.5065104166666666 0.17838541666666666 0.5052083333333334 0.16796875 0.5052083333333334 0.15104166666666666 0.5104166666666666 0.14583333333333334
3 0.7981770833333334 0.15494791666666666 0.7994791666666666 0.16276041666666666 0.796875 0.16927083333333334 0.7955729166666666 0.171875 0.7890625 0.17447916666666666 0.78515625 0.171875 0.7864583333333334 0.15755208333333334 0.7942708333333334 0.15364583333333334 0.796875 0.15494791666666666
3 0.9036458333333334 0.4778645833333333 0.90625 0.4817708333333333 0.9166666666666666 0.4791666666666667 0.9192708333333334 0.48828125 0.91796875 0.4934895833333333 0.9140625 0.49609375 0.9010416666666666 0.4895833333333333 0.8997395833333334 0.4778645833333333 0.90234375 0.4778645833333333
3 0.32187499999999997 0.5791666666666667 0.32656250000000003 0.57222222265625 0.32578124999999997 0.5569444440104167 0.32109375 0.5569444440104167 0.31796874999999997 0.5638888893229167 0.32187499999999997 0.5791666666666667
3 0.5242187500000001 0.4805555559895833 0.525 0.47361111067708334 0.51953125 0.47222222265625 0.51953125 0.4791666666666667 0.5242187500000001 0.4805555559895833
3 0.3078125 0.75277777734375 0.31328125 0.7416666666666667 0.3125 0.7291666666666666 0.30703125000000003 0.7263888893229167 0.3046875 0.7319444440104167 0.3078125 0.75277777734375
3 0.61328125 0.8819444440104167 0.6179687500000001 0.8736111106770833 0.6171875 0.86527777734375 0.6062500000000001 0.85972222265625 0.6078125 0.875 0.61328125 0.8819444440104167