1 0.49374999999999997 0.7013888893229167 0.4953125 0.70277777734375 0.496875 0.7000000000000001 0.496875 0.6958333333333333 0.49609375 0.6944444440104167 0.49453125000000003 0.6944444440104167 0.49296875 0.6986111106770833 0.49374999999999997 0.7013888893229167
0 0.9049479166666666 0.4166666666666667 0.9986979166666666 0.4140625 0.9986979166666666 0.4205729166666667 0.90625 0.4231770833333333 0.8958333333333334 0.4270833333333333 0.8828125 0.4375 0.87109375 0.4544270833333333 0.8619791666666666 0.4752604166666667 0.8619791666666666 0.4817708333333333 0.8580729166666666 0.4908854166666667 0.8580729166666666 0.5026041666666666 0.85546875 0.5078125 0.85546875 0.5377604166666666 0.86328125 0.5755208333333334 0.87109375 0.59375 0.8736979166666666 0.5950520833333334 0.87890625 0.60546875 0.8893229166666666 0.6158854166666666 0.9049479166666666 0.6236979166666666 0.9986979166666666 0.62109375 0.9986979166666666 0.6276041666666666 0.98828125 0.62890625 0.98046875 0.6276041666666666 0.9557291666666666 0.6302083333333334 0.90234375 0.6302083333333334 0.89453125 0.6263020833333334 0.8763020833333334 0.6106770833333334 0.8619791666666666 0.5846354166666666 0.8567708333333334 0.5677083333333334 0.8515625 0.5260416666666666 0.8567708333333334 0.4830729166666667 0.8645833333333334 0.45703125 0.8763020833333334 0.4375 0.8841145833333334 0.4283854166666667 0.9049479166666666 0.41796875
0 0.13671875 0.4466145833333333 0.15104166666666666 0.4518229166666667 0.15885416666666666 0.45703125 0.16796875 0.4674479166666667 0.17578125 0.4791666666666667 0.17578125 0.4830729166666667 0.18359375 0.4986979166666667 0.18359375 0.50390625 0.18619791666666666 0.5065104166666666 0.19140625 0.5364583333333334 0.19140625 0.5729166666666666 0.18229166666666666 0.61328125 0.16796875 0.6393229166666666 0.15885416666666666 0.6497395833333334 0.15104166666666666 0.6549479166666666 0.13020833333333334 0.66015625 0.05859375 0.6627604166666666 0.028645833333333332 0.6627604166666666 0.024739583333333332 0.6614583333333334 0.02734375 0.6588541666666666 0.140625 0.6536458333333334 0.14713541666666666 0.6510416666666666 0.16015625 0.640625 0.16796875 0.6315104166666666 0.17578125 0.6171875 0.18489583333333334 0.5911458333333334 0.18880208333333334 0.56640625 0.1875 0.5286458333333334 0.1796875 0.4973958333333333 0.17057291666666666 0.4791666666666667 0.15885416666666666 0.46484375 0.14453125 0.4544270833333333 0.12369791666666667 0.4518229166666667 0.024739583333333332 0.4557291666666667 0.0234375 0.4518229166666667 0.044270833333333336 0.44921875 0.13541666666666666 0.4466145833333333
2 0.5221354166666666 0.71875 0.5169270833333334 0.30078125 0.51953125 0.2890625 0.5221354166666666 0.296875 0.5221354166666666 0.546875 0.5260416666666666 0.70703125 0.5247395833333334 0.71875 0.5221354166666666 0.7200520833333334
3 0.4296875 0.6822916666666666 0.4283854166666667 0.671875 0.4309895833333333 0.6640625 0.4375 0.6640625 0.4401041666666667 0.6666666666666666 0.43359375 0.6822916666666666 0.4309895833333333 0.6822916666666666
3 0.5247395833333334 0.24348958333333334 0.52734375 0.24739583333333334 0.52734375 0.2604166666666667 0.5247395833333334 0.265625 0.5247395833333334 0.2799479166666667 0.5221354166666666 0.2903645833333333 0.51953125 0.2890625 0.51953125 0.2526041666666667 0.5208333333333334 0.24609375 0.5234375 0.24479166666666666
3 0.5872395833333334 0.83203125 0.5924479166666666 0.83203125 0.59375 0.8359375 0.59375 0.8463541666666666 0.5911458333333334 0.8502604166666666 0.5859375 0.8424479166666666 0.5872395833333334 0.8333333333333334
3 0.609375 0.20833333333333334 0.6119791666666666 0.20833333333333334 0.609375 0.23567708333333334 0.6067708333333334 0.23697916666666666 0.6028645833333334 0.23307291666666666 0.6028645833333334 0.21875 0.609375 0.20963541666666666
3 0.5904947916666666 0.5358072916666666 0.013020833333333334 0.027994791666666668
3 0.453125 0.4283854166666667 0.4557291666666667 0.4296875 0.45703125 0.4427083333333333 0.44921875 0.4713541666666667 0.4466145833333333 0.4713541666666667 0.4453125 0.4674479166666667 0.4479166666666667 0.4479166666666667 0.4466145833333333 0.4361979166666667 0.44921875 0.4296875 0.4518229166666667 0.4283854166666667
3 0.6067708333333334 0.6380208333333334 0.6145833333333334 0.6328125 0.6184895833333334 0.63671875 0.6158854166666666 0.65234375 0.609375 0.6510416666666666 0.60546875 0.640625 0.6067708333333334 0.6393229166666666
3 0.63671875 0.5377604166666666 0.64453125 0.5390625 0.6432291666666666 0.55078125 0.6380208333333334 0.5559895833333334 0.6328125 0.5546875 0.6328125 0.5455729166666666 0.63671875 0.5390625
3 0.76171875 0.7044270833333334 0.7682291666666666 0.70703125 0.76953125 0.71875 0.7578125 0.71875 0.7578125 0.7083333333333334 0.7604166666666666 0.7057291666666666
3 0.5638020833333334 0.435546875 0.012369791666666666 0.045572916666666664
3 0.5382812499999999 0.7263888893229167 0.5375 0.7152777773437501 0.53125 0.7125 0.53125 0.7277777773437499 0.5382812499999999 0.7263888893229167
3 0.78359375 0.5291666666666667 0.7828125 0.5208333333333334 0.7726562499999999 0.5180555559895833 0.7726562499999999 0.525 0.78359375 0.5291666666666667