1 0.26875 0.49305555598958334 0.26953125 0.4944444440104167 0.27109374999999997 0.4944444440104167 0.27265625 0.4916666666666667 0.27265625 0.49027777734375005 0.27109374999999997 0.4875 0.26953125 0.4875 0.26875 0.48888888932291663 0.26875 0.49305555598958334
3 0.24739583333333334 0.4505208333333333 0.24739583333333334 0.4427083333333333 0.25390625 0.43359375 0.2565104166666667 0.4348958333333333 0.2578125 0.45703125 0.25390625 0.4622395833333333 0.25390625 0.4583333333333333 0.24869791666666666 0.4505208333333333
3 0.3958333333333333 0.7486979166666666 0.3893229166666667 0.7903645833333334 0.3815104166666667 0.7747395833333334 0.3815104166666667 0.7591145833333334 0.39453125 0.7486979166666666
3 0.4563802083333333 0.53515625 0.011067708333333334 0.037760416666666664
0 0.1578125 0.65 0.13515625 0.6569444440104167 0.0328125 0.65972222265625 0.032031250000000004 0.6638888893229167 0.14531249999999998 0.6611111106770834 0.16171875 0.6541666666666667 0.17578125 0.6388888893229167 0.18984375 0.6111111106770833 0.19609374999999998 0.58472222265625 0.196875 0.5513888893229166 0.19140625 0.59027777734375 0.18437499999999998 0.61527777734375 0.1578125 0.65
3 0.12369791666666667 0.515625 0.13020833333333334 0.5169270833333334 0.12890625 0.5403645833333334 0.125 0.5403645833333334 0.1171875 0.53125 0.11848958333333333 0.5182291666666666 0.12239583333333333 0.515625
3 0.4088541666666667 0.6608072916666666 0.014973958333333334 0.024739583333333332
3 0.3606770833333333 0.30078125 0.3671875 0.3072916666666667 0.3736979166666667 0.3098958333333333 0.3736979166666667 0.3177083333333333 0.3671875 0.3216145833333333 0.3619791666666667 0.3216145833333333 0.359375 0.3138020833333333 0.3606770833333333 0.3020833333333333
3 0.8723958333333334 0.4661458333333333 0.8776041666666666 0.46875 0.8776041666666666 0.48046875 0.8684895833333334 0.4856770833333333 0.8645833333333334 0.484375 0.8645833333333334 0.4700520833333333 0.87109375 0.4674479166666667
3 0.7018229166666666 0.2591145833333333 0.7044270833333334 0.265625 0.6979166666666666 0.2825520833333333 0.6927083333333334 0.2825520833333333 0.6888020833333334 0.2682291666666667 0.6901041666666666 0.265625 0.7005208333333334 0.2604166666666667
3 0.2708333333333333 0.6236979166666666 0.2760416666666667 0.62890625 0.27734375 0.6380208333333334 0.2838541666666667 0.6484375 0.2825520833333333 0.6510416666666666 0.2734375 0.6510416666666666 0.2708333333333333 0.6484375 0.2682291666666667 0.63671875 0.2708333333333333 0.625
3 0.5125000000000001 0.4666666666666666 0.5203125000000001 0.4708333333333334 0.5242187500000001 0.4611111106770833 0.5234375 0.45277777734375 0.515625 0.44722222265624995 0.5109374999999999 0.45555555598958336 0.5125000000000001 0.4666666666666666
3 0.53359375 0.8236111106770833 0.5296875 0.8125 0.525 0.8111111106770833 0.5226562499999999 0.8416666666666667 0.53359375 0.8236111106770833
3 0.6546875 0.7694444440104166 0.66171875 0.7625000000000001 0.66171875 0.7513888893229167 0.6570312500000001 0.74722222265625 0.65390625 0.7541666666666668 0.6546875 0.7694444440104166
2 0.5182291666666666 0.12760416666666666 0.5208333333333334 0.12890625 0.5221354166666666 0.14583333333333334 0.5234375 0.45703125 0.52734375 0.6158854166666666 0.52734375 0.76953125 0.5299479166666666 0.8046875 0.5286458333333334 0.8138020833333334 0.5247395833333334 0.8098958333333334 0.51953125 0.1953125 0.5169270833333334 0.15234375 0.5182291666666666 0.12890625
0 1 0.4138888893229167 0.9796874999999999 0.4138888893229167 0.90078125 0.41944444401041664 0.88671875 0.42777777734375005 0.8664062499999999 0.45972222265625 0.8703124999999999 0.4611111106770833 0.8835937500000001 0.43888888932291664 0.9015624999999999 0.425 1 0.41944444401041664 1 0.4138888893229167
0 0.14276395572916667 0.45158666015625 0.09012908723958334 0.45342142578125005 0.10546875 0.4569444440104167 0.14276395572916667 0.45158666015625
0 0.0859375 0.4569444440104167 0.08707651302083334 0.4535278333333333 0.028906249999999998 0.45555555598958336 0.07187500000000001 0.4583333333333333 0.0859375 0.4569444440104167
0 0.19609374999999998 0.5375 0.19296875 0.5125000000000001 0.17500000000000002 0.47222222265625 0.15859375 0.45555555598958336 0.1484375 0.4513888893229167 0.14433867708333334 0.4515317669270833 0.17109375000000002 0.4708333333333334 0.18515625 0.49583333333333335 0.19296875 0.53472222265625 0.19609374999999998 0.5375
0 1 0.6208333333333333 0.8976562499999999 0.6208333333333333 0.8742187499999999 0.5944444440104167 0.86484375 0.57222222265625 0.8562500000000001 0.5361111106770834 0.8585937499999999 0.56527777734375 0.8664062499999999 0.5888888893229166 0.87890625 0.60972222265625 0.89296875 0.6236111106770833 0.9046875 0.6291666666666667 1 0.6263888893229167 1 0.6208333333333333