1 0.5375 0.30833333333333335 0.5375 0.3125 0.5382812499999999 0.31388888932291664 0.540625 0.31388888932291664 0.54140625 0.3125 0.5421874999999999 0.30833333333333335 0.54140625 0.30555555598958334 0.5398437500000001 0.30416666666666664 0.53671875 0.30694444401041665 0.5375 0.30833333333333335
0 0.9765625 0.4166666666666667 0.9986979166666666 0.4166666666666667 0.9986979166666666 0.4231770833333333 0.9114583333333334 0.42578125 0.9010416666666666 0.4283854166666667 0.88671875 0.4375 0.8736979166666666 0.4544270833333333 0.86328125 0.4778645833333333 0.8619791666666666 0.48828125 0.859375 0.4921875 0.8567708333333334 0.5208333333333334 0.8580729166666666 0.5533854166666666 0.859375 0.5651041666666666 0.8697916666666666 0.59375 0.8828125 0.61328125 0.8997395833333334 0.6276041666666666 0.9088541666666666 0.6302083333333334 0.9244791666666666 0.6302083333333334 0.9869791666666666 0.6276041666666666 0.98828125 0.625 0.9986979166666666 0.625 0.9986979166666666 0.6328125 0.90234375 0.6341145833333334 0.8880208333333334 0.6263020833333334 0.8763020833333334 0.61328125 0.8645833333333334 0.59375 0.85546875 0.5638020833333334 0.85546875 0.546875 0.8528645833333334 0.5338541666666666 0.85546875 0.4973958333333333 0.8645833333333334 0.4635416666666667 0.8763020833333334 0.4427083333333333 0.8880208333333334 0.4296875 0.90234375 0.421875 0.9114583333333334 0.4205729166666667 0.9765625 0.41796875
0 0.13411458333333334 0.4505208333333333 0.14713541666666666 0.4544270833333333 0.1640625 0.4700520833333333 0.17838541666666666 0.4947916666666667 0.18359375 0.5104166666666666 0.18880208333333334 0.5455729166666666 0.18880208333333334 0.5690104166666666 0.18619791666666666 0.5950520833333334 0.17838541666666666 0.62109375 0.1640625 0.6471354166666666 0.14453125 0.6614583333333334 0.12109375 0.6653645833333334 0.07161458333333333 0.6653645833333334 0.0703125 0.66796875 0.04296875 0.6692708333333334 0.0234375 0.6692708333333334 0.020833333333333332 0.6640625 0.08333333333333333 0.66015625 0.125 0.66015625 0.13932291666666666 0.6575520833333334 0.15494791666666666 0.6484375 0.171875 0.6263020833333334 0.1796875 0.60546875 0.18489583333333334 0.58203125 0.18489583333333334 0.5338541666666666 0.17578125 0.4986979166666667 0.16015625 0.47265625 0.14713541666666666 0.4622395833333333 0.1328125 0.4557291666666667 0.09114583333333333 0.45703125 0.08984375 0.4596354166666667 0.08203125 0.4596354166666667 0.08072916666666667 0.45703125 0.07421875 0.45703125 0.07291666666666667 0.4596354166666667 0.01953125 0.4596354166666667 0.020833333333333332 0.4544270833333333 0.03515625 0.453125 0.1328125 0.4505208333333333
2 0.5182291666666666 0.5625 0.5182291666666666 0.56640625 0.5221354166666666 0.5690104166666666 0.5234375 0.6041666666666666 0.5234375 0.7356770833333334 0.52734375 0.9348958333333334 0.5260416666666666 0.95703125 0.5234375 0.94921875 0.5234375 0.8229166666666666 0.51953125 0.6575520833333334 0.5208333333333334 0.5703125 0.5182291666666666 0.5677083333333334 0.5182291666666666 0.5638020833333334
3 0.60546875 0.5338541666666666 0.6080729166666666 0.5364583333333334 0.6080729166666666 0.5442708333333334 0.6015625 0.55078125 0.5989583333333334 0.5481770833333334 0.5989583333333334 0.5390625 0.6041666666666666 0.5338541666666666
3 0.4244791666666667 0.4244791666666667 0.4322916666666667 0.4322916666666667 0.4322916666666667 0.4388020833333333 0.4283854166666667 0.4453125 0.4231770833333333 0.4453125 0.4205729166666667 0.4401041666666667 0.4192708333333333 0.4296875 0.4205729166666667 0.42578125 0.4231770833333333 0.42578125
3 0.5299479166666666 0.5260416666666666 0.53515625 0.5286458333333334 0.5364583333333334 0.5325520833333334 0.53515625 0.5442708333333334 0.5299479166666666 0.5520833333333334 0.5247395833333334 0.5494791666666666 0.5234375 0.5442708333333334 0.5247395833333334 0.5299479166666666 0.5286458333333334 0.5260416666666666
3 0.4752604166666667 0.20182291666666666 0.009114583333333334 0.026692708333333332
3 0.71875 0.7200520833333334 0.7278645833333334 0.73828125 0.7265625 0.7421875 0.71875 0.7434895833333334 0.7161458333333334 0.7408854166666666 0.71875 0.7213541666666666
3 0.5625 0.609375 0.56640625 0.6158854166666666 0.5625 0.6263020833333334 0.55859375 0.6263020833333334 0.55859375 0.6158854166666666 0.5611979166666666 0.6106770833333334
3 0.6432291666666666 0.2552083333333333 0.6471354166666666 0.2643229166666667 0.6471354166666666 0.2734375 0.6432291666666666 0.2786458333333333 0.63671875 0.2747395833333333 0.63671875 0.2669270833333333 0.6419270833333334 0.2565104166666667
3 0.3932291666666667 0.703125 0.3958333333333333 0.7057291666666666 0.3958333333333333 0.7109375 0.3893229166666667 0.7213541666666666 0.3828125 0.7213541666666666 0.3815104166666667 0.7057291666666666 0.3854166666666667 0.703125 0.3919270833333333 0.703125
3 0.5130208333333334 0.390625 0.5182291666666666 0.390625 0.5208333333333334 0.3984375 0.51953125 0.4049479166666667 0.51171875 0.4088541666666667 0.5104166666666666 0.3997395833333333 0.5130208333333334 0.3919270833333333
3 0.8484375000000001 0.5513888893229166 0.8351562499999999 0.55972222265625 0.8484375000000001 0.5666666666666667 0.8484375000000001 0.5513888893229166
3 0.5515625000000001 0.7805555559895834 0.546875 0.80277777734375 0.5546875 0.79722222265625 0.5515625000000001 0.7805555559895834
3 0.50070546875 0.77193472265625 0.5025625 0.7555972226562501 0.497590625 0.7540569440104167 0.49016406250000005 0.7634208333333333 0.50070546875 0.77193472265625