1 0.49453125000000003 0.40972222265625 0.4953125 0.4083333333333334 0.4953125 0.4055555559895833 0.49453125000000003 0.4041666666666666 0.49062500000000003 0.4041666666666666 0.49062500000000003 0.4083333333333334 0.49140625 0.40972222265625 0.49453125000000003 0.40972222265625
0 0 0.4140625 0.09114583333333333 0.4166666666666667 0.09244791666666667 0.4192708333333333 0.10026041666666667 0.4205729166666667 0.11458333333333333 0.4283854166666667 0.13411458333333334 0.45703125 0.14192708333333334 0.4817708333333333 0.14713541666666666 0.5182291666666666 0.14583333333333334 0.546875 0.13802083333333334 0.58203125 0.12630208333333334 0.60546875 0.11458333333333333 0.6197916666666666 0.09635416666666667 0.6302083333333334 0.0390625 0.6302083333333334 0 0.6276041666666666 0 0.62109375 0.044270833333333336 0.6236979166666666 0.09635416666666667 0.6236979166666666 0.10286458333333333 0.62109375 0.11979166666666667 0.6067708333333334 0.13151041666666666 0.5872395833333334 0.13932291666666666 0.5638020833333334 0.14322916666666666 0.5377604166666666 0.14322916666666666 0.5065104166666666 0.13671875 0.4752604166666667 0.12369791666666667 0.4479166666666667 0.11067708333333333 0.4322916666666667 0.09114583333333333 0.4231770833333333 0 0.4205729166666667 0 0.4153645833333333
0 0.9388020833333334 0.44921875 0.96875 0.4505208333333333 0.9752604166666666 0.4518229166666667 0.9752604166666666 0.4557291666666667 0.8580729166666666 0.453125 0.8385416666666666 0.4661458333333333 0.8229166666666666 0.4895833333333333 0.8138020833333334 0.515625 0.8098958333333334 0.5416666666666666 0.8111979166666666 0.578125 0.8138020833333334 0.58203125 0.8177083333333334 0.60546875 0.8268229166666666 0.6263020833333334 0.8463541666666666 0.6484375 0.8645833333333334 0.6549479166666666 0.9700520833333334 0.6588541666666666 0.9739583333333334 0.66015625 0.9739583333333334 0.6627604166666666 0.9674479166666666 0.6640625 0.8619791666666666 0.66015625 0.84765625 0.6549479166666666 0.8372395833333334 0.6471354166666666 0.82421875 0.6302083333333334 0.8151041666666666 0.609375 0.80859375 0.5807291666666666 0.8072916666666666 0.5403645833333334 0.8125 0.5078125 0.8203125 0.4856770833333333 0.83203125 0.4661458333333333 0.8424479166666666 0.4557291666666667 0.859375 0.4479166666666667 0.9375 0.44921875
2 0.4778645833333333 0.4283854166666667 0.4817708333333333 0.44921875 0.4791666666666667 0.46875 0.48046875 0.546875 0.4778645833333333 0.71484375 0.4752604166666667 0.7565104166666666 0.4752604166666667 0.9322916666666666 0.4739583333333333 0.953125 0.4713541666666667 0.9505208333333334 0.4700520833333333 0.92578125 0.47265625 0.9140625 0.4713541666666667 0.7825520833333334 0.4739583333333333 0.7447916666666666 0.4739583333333333 0.6184895833333334 0.4765625 0.5638020833333334 0.4752604166666667 0.5299479166666666 0.4778645833333333 0.4296875
3 0.3912760416666667 0.5833333333333334 0.011067708333333334 0.024739583333333332
3 0.5846354166666666 0.43359375 0.5872395833333334 0.4401041666666667 0.5846354166666666 0.4596354166666667 0.5807291666666666 0.4557291666666667 0.578125 0.44140625 0.578125 0.4361979166666667 0.5833333333333334 0.4348958333333333
3 0.4322916666666667 0.6067708333333334 0.4361979166666667 0.6145833333333334 0.4361979166666667 0.6263020833333334 0.4322916666666667 0.62890625 0.4322916666666667 0.625 0.4283854166666667 0.6197916666666666 0.4309895833333333 0.6080729166666666
3 0.5208333333333334 0.24739583333333334 0.5247395833333334 0.25390625 0.5208333333333334 0.26953125 0.515625 0.2682291666666667 0.5143229166666666 0.2630208333333333 0.5143229166666666 0.2526041666666667 0.515625 0.24869791666666666 0.51953125 0.24739583333333334
3 0.2760416666666667 0.7109375 0.2786458333333333 0.7109375 0.2786458333333333 0.7330729166666666 0.2760416666666667 0.7356770833333334 0.26953125 0.7330729166666666 0.2669270833333333 0.7265625 0.2682291666666667 0.71875 0.2760416666666667 0.7122395833333334
3 0.19661458333333334 0.5651041666666666 0.20052083333333334 0.5703125 0.19661458333333334 0.5768229166666666 0.19140625 0.5755208333333334 0.1875 0.5716145833333334 0.19140625 0.5651041666666666 0.1953125 0.5651041666666666
3 0.3697916666666667 0.2526041666666667 0.3723958333333333 0.2565104166666667 0.3736979166666667 0.2760416666666667 0.3697916666666667 0.2786458333333333 0.36328125 0.2643229166666667 0.36328125 0.2591145833333333 0.3684895833333333 0.25390625
3 0.4596354166666667 0.5260416666666666 0.4661458333333333 0.5338541666666666 0.4661458333333333 0.5442708333333334 0.4622395833333333 0.5533854166666666 0.4596354166666667 0.5533854166666666 0.453125 0.546875 0.453125 0.5299479166666666 0.4583333333333333 0.5260416666666666
3 0.5618489583333334 0.6790364583333334 0.01171875 0.01953125
3 0.4908854166666667 0.4010416666666667 0.4947916666666667 0.4049479166666667 0.4947916666666667 0.4114583333333333 0.4895833333333333 0.4140625 0.4895833333333333 0.4192708333333333 0.4856770833333333 0.42578125 0.48046875 0.4244791666666667 0.4791666666666667 0.41015625 0.4830729166666667 0.4036458333333333 0.4895833333333333 0.4010416666666667
3 0.4401041666666667 0.8515625 0.4427083333333333 0.8528645833333334 0.4479166666666667 0.8684895833333334 0.4466145833333333 0.8802083333333334 0.44140625 0.8776041666666666 0.4401041666666667 0.8528645833333334
3 0.46015625 0.7569444440104167 0.45937500000000003 0.76527777734375 0.46718750000000003 0.7833333333333333 0.46484375 0.7569444440104167 0.46015625 0.7569444440104167