1 0.6171875 0.74722222265625 0.6203124999999999 0.74722222265625 0.62109375 0.7458333333333332 0.62109375 0.7416666666666667 0.6203124999999999 0.74027777734375 0.6171875 0.7416666666666667 0.6164062499999999 0.7458333333333332 0.6171875 0.74722222265625
0 0.9986979166666666 0.4205729166666667 0.9986979166666666 0.42578125 0.9934895833333334 0.4244791666666667 0.9375 0.4283854166666667 0.9010416666666666 0.4283854166666667 0.8919270833333334 0.4309895833333333 0.8841145833333334 0.4361979166666667 0.87109375 0.4505208333333333 0.859375 0.47265625 0.8502604166666666 0.5182291666666666 0.8515625 0.5520833333333334 0.8619791666666666 0.5885416666666666 0.87109375 0.60546875 0.87890625 0.6145833333333334 0.88671875 0.62109375 0.8971354166666666 0.625 0.8984375 0.6276041666666666 0.9322916666666666 0.6276041666666666 0.93359375 0.625 0.94140625 0.6276041666666666 0.9427083333333334 0.625 0.9986979166666666 0.6236979166666666 0.9986979166666666 0.6315104166666666 0.9934895833333334 0.6302083333333334 0.9127604166666666 0.6341145833333334 0.8958333333333334 0.6328125 0.88671875 0.62890625 0.8684895833333334 0.6106770833333334 0.8567708333333334 0.5885416666666666 0.8567708333333334 0.5833333333333334 0.8515625 0.5716145833333334 0.84765625 0.5455729166666666 0.8489583333333334 0.4986979166666667 0.8567708333333334 0.46875 0.8645833333333334 0.4518229166666667 0.875 0.4375 0.890625 0.42578125 0.9088541666666666 0.421875 0.9973958333333334 0.4205729166666667
0 0.13932291666666666 0.44921875 0.15625 0.4557291666666667 0.17057291666666666 0.4700520833333333 0.18229166666666666 0.4908854166666667 0.19010416666666666 0.515625 0.19270833333333334 0.5377604166666666 0.19270833333333334 0.5716145833333334 0.19010416666666666 0.5950520833333334 0.1875 0.59765625 0.18619791666666666 0.609375 0.18229166666666666 0.6197916666666666 0.17838541666666666 0.6236979166666666 0.17447916666666666 0.6341145833333334 0.1640625 0.6471354166666666 0.15885416666666666 0.65234375 0.14583333333333334 0.6588541666666666 0.12369791666666667 0.6614583333333334 0.041666666666666664 0.6640625 0.03125 0.6640625 0.028645833333333332 0.6614583333333334 0.03125 0.6588541666666666 0.13932291666666666 0.6549479166666666 0.15104166666666666 0.6510416666666666 0.16796875 0.6354166666666666 0.18098958333333334 0.6119791666666666 0.18880208333333334 0.5859375 0.19140625 0.5611979166666666 0.18880208333333334 0.5260416666666666 0.18098958333333334 0.4973958333333333 0.171875 0.4791666666666667 0.15885416666666666 0.46484375 0.13932291666666666 0.4544270833333333 0.024739583333333332 0.45703125 0.024739583333333332 0.453125 0.040364583333333336 0.4518229166666667 0.13802083333333334 0.44921875
2 0.5169270833333334 0.13020833333333334 0.51953125 0.19270833333333334 0.51953125 0.3984375 0.5221354166666666 0.42578125 0.5221354166666666 0.4322916666666667 0.5182291666666666 0.4361979166666667 0.5182291666666666 0.4466145833333333 0.5169270833333334 0.40234375 0.5169270833333334 0.13151041666666666
3 0.5416666666666666 0.23567708333333334 0.5455729166666666 0.23697916666666666 0.5455729166666666 0.24348958333333334 0.5416666666666666 0.25390625 0.5390625 0.2552083333333333 0.53515625 0.25390625 0.53515625 0.24479166666666666 0.5364583333333334 0.23567708333333334 0.5403645833333334 0.23567708333333334
3 0.4401041666666667 0.5442708333333334 0.4440104166666667 0.55078125 0.44140625 0.5611979166666666 0.4361979166666667 0.5598958333333334 0.4348958333333333 0.5520833333333334 0.4348958333333333 0.546875 0.4388020833333333 0.5442708333333334
3 0.5234375 0.6705729166666666 0.5299479166666666 0.67578125 0.5221354166666666 0.6940104166666666 0.5182291666666666 0.69140625 0.51953125 0.671875 0.5221354166666666 0.6705729166666666
3 0.4973958333333333 0.6080729166666666 0.50390625 0.6067708333333334 0.5065104166666666 0.609375 0.5065104166666666 0.6158854166666666 0.5026041666666666 0.6223958333333334 0.5 0.6223958333333334 0.4973958333333333 0.6184895833333334 0.4973958333333333 0.609375
3 0.3580729166666667 0.4765625 0.359375 0.4895833333333333 0.36328125 0.4947916666666667 0.3619791666666667 0.4986979166666667 0.3541666666666667 0.4986979166666667 0.3515625 0.4947916666666667 0.3528645833333333 0.4791666666666667 0.3567708333333333 0.4765625
3 0.66015625 0.3697916666666667 0.6627604166666666 0.3723958333333333 0.6627604166666666 0.3828125 0.66015625 0.3893229166666667 0.65625 0.3932291666666667 0.65234375 0.3893229166666667 0.65234375 0.3802083333333333 0.6588541666666666 0.37109375
3 0.5611979166666666 0.4427083333333333 0.5638020833333334 0.4479166666666667 0.5638020833333334 0.4557291666666667 0.5598958333333334 0.4609375 0.5572916666666666 0.4609375 0.5546875 0.45703125 0.5546875 0.4466145833333333 0.5598958333333334 0.4427083333333333
3 0.6184895833333334 0.7408854166666666 0.6223958333333334 0.75390625 0.62109375 0.76171875 0.6158854166666666 0.7643229166666666 0.6106770833333334 0.76171875 0.6106770833333334 0.7486979166666666 0.6171875 0.7421875
3 0.5846354166666666 0.57421875 0.5859375 0.5859375 0.5807291666666666 0.5911458333333334 0.5755208333333334 0.58984375 0.57421875 0.5807291666666666 0.5794270833333334 0.57421875 0.5833333333333334 0.57421875
3 0.58203125 0.5377604166666666 0.5885416666666666 0.5403645833333334 0.5885416666666666 0.55078125 0.5833333333333334 0.5546875 0.5768229166666666 0.5442708333333334 0.5768229166666666 0.5403645833333334 0.5807291666666666 0.5377604166666666
3 0.4765625 0.2552083333333333 0.4791666666666667 0.2565104166666667 0.4791666666666667 0.2760416666666667 0.4765625 0.2786458333333333 0.4739583333333333 0.27734375 0.47265625 0.265625 0.4752604166666667 0.2565104166666667
3 0.525 0.4583333333333333 0.5304687499999999 0.4513888893229167 0.53125 0.43472222265625 0.52109375 0.43472222265625 0.51953125 0.45555555598958336 0.525 0.4583333333333333