1 0.5007359375 0.4137861106770833 0.5012093750000001 0.41714999999999997 0.50329296875 0.4188319440104167 0.5048078125000001 0.41630833333333334 0.50523359375 0.4099541666666667 0.50376640625 0.4070555559895834 0.5023460937500001 0.4070555559895834 0.50158828125 0.40991666666666665 0.5007359375 0.4137861106770833
0 0.91015625 0.4166666666666667 0.9986979166666666 0.4140625 0.9986979166666666 0.4205729166666667 0.9075520833333334 0.4231770833333333 0.890625 0.4309895833333333 0.8828125 0.4375 0.8828125 0.4401041666666667 0.8697916666666666 0.45703125 0.8697916666666666 0.4609375 0.8619791666666666 0.4765625 0.8580729166666666 0.50390625 0.85546875 0.5091145833333334 0.85546875 0.5338541666666666 0.86328125 0.5755208333333334 0.8697916666666666 0.5911458333333334 0.8880208333333334 0.6158854166666666 0.90234375 0.6236979166666666 0.9986979166666666 0.6223958333333334 0.9986979166666666 0.62890625 0.90234375 0.6302083333333334 0.8932291666666666 0.6263020833333334 0.8763020833333334 0.6106770833333334 0.86328125 0.5885416666666666 0.8567708333333334 0.5677083333333334 0.85546875 0.5481770833333334 0.8528645833333334 0.5403645833333334 0.8528645833333334 0.5065104166666666 0.85546875 0.5026041666666666 0.85546875 0.4895833333333333 0.859375 0.4739583333333333 0.8645833333333334 0.4583333333333333 0.87890625 0.4348958333333333 0.890625 0.4244791666666667 0.91015625 0.41796875
0 0.140625 0.4479166666666667 0.15885416666666666 0.45703125 0.16796875 0.4674479166666667 0.17447916666666666 0.4765625 0.17447916666666666 0.48046875 0.1796875 0.48828125 0.18619791666666666 0.5065104166666666 0.19140625 0.53515625 0.19140625 0.57421875 0.18619791666666666 0.6015625 0.17057291666666666 0.63671875 0.15885416666666666 0.6497395833333334 0.15104166666666666 0.6549479166666666 0.13541666666666666 0.66015625 0.06901041666666667 0.6627604166666666 0.02734375 0.6627604166666666 0.024739583333333332 0.6614583333333334 0.028645833333333332 0.6588541666666666 0.13411458333333334 0.6549479166666666 0.15234375 0.6484375 0.16536458333333334 0.6354166666666666 0.1796875 0.6106770833333334 0.1875 0.5794270833333334 0.18880208333333334 0.5377604166666666 0.18489583333333334 0.5143229166666666 0.18098958333333334 0.5065104166666666 0.1796875 0.4973958333333333 0.16796875 0.4752604166666667 0.15885416666666666 0.46484375 0.140625 0.453125 0.0234375 0.4557291666666667 0.0234375 0.4518229166666667 0.09635416666666667 0.4479166666666667 0.13932291666666666 0.4479166666666667
2 0.5182291666666666 0.12239583333333333 0.5260416666666666 0.7604166666666666 0.5247395833333334 0.76171875 0.5221354166666666 0.7513020833333334 0.5234375 0.73828125 0.5208333333333334 0.6653645833333334 0.5208333333333334 0.53515625 0.5182291666666666 0.4609375 0.5208333333333334 0.4075520833333333 0.5169270833333334 0.3997395833333333 0.5169270833333334 0.12369791666666667
3 0.5390625 0.5260416666666666 0.54296875 0.5286458333333334 0.5455729166666666 0.5364583333333334 0.5416666666666666 0.5481770833333334 0.53515625 0.5533854166666666 0.53125 0.5442708333333334 0.53125 0.5325520833333334 0.5377604166666666 0.5260416666666666
3 0.48046875 0.24479166666666666 0.484375 0.24869791666666666 0.484375 0.2552083333333333 0.4830729166666667 0.2630208333333333 0.4791666666666667 0.2669270833333333 0.4765625 0.265625 0.4752604166666667 0.2604166666666667 0.4752604166666667 0.24869791666666666 0.4791666666666667 0.24479166666666666
3 0.5143229166666666 0.3997395833333333 0.5182291666666666 0.4075520833333333 0.5182291666666666 0.421875 0.515625 0.4231770833333333 0.5104166666666666 0.4231770833333333 0.5065104166666666 0.4153645833333333 0.5065104166666666 0.4049479166666667 0.5091145833333334 0.4010416666666667 0.5130208333333334 0.3997395833333333
3 0.7200520833333334 0.7057291666666666 0.72265625 0.7083333333333334 0.72265625 0.7122395833333334 0.7265625 0.7161458333333334 0.73046875 0.7161458333333334 0.73046875 0.7278645833333334 0.7291666666666666 0.73046875 0.72265625 0.7317708333333334 0.71875 0.7265625 0.7200520833333334 0.70703125
3 0.52734375 0.75390625 0.5325520833333334 0.75390625 0.5377604166666666 0.7604166666666666 0.53125 0.7760416666666666 0.5286458333333334 0.7734375 0.5247395833333334 0.7591145833333334 0.52734375 0.7552083333333334
3 0.8072916666666666 0.56640625 0.8125 0.5716145833333334 0.8125 0.5755208333333334 0.8033854166666666 0.5833333333333334 0.8020833333333334 0.5872395833333334 0.80078125 0.5794270833333334 0.7981770833333334 0.578125 0.7981770833333334 0.5703125 0.8020833333333334 0.56640625 0.8059895833333334 0.56640625
3 0.56640625 0.6028645833333334 0.5690104166666666 0.6028645833333334 0.5716145833333334 0.6119791666666666 0.5716145833333334 0.6158854166666666 0.56640625 0.6236979166666666 0.5625 0.62109375 0.5625 0.61328125 0.56640625 0.6041666666666666
3 0.62890625 0.25390625 0.6315104166666666 0.25390625 0.63671875 0.2591145833333333 0.6328125 0.2747395833333333 0.6263020833333334 0.2760416666666667 0.625 0.2682291666666667 0.62890625 0.2552083333333333
3 0.60546875 0.5716145833333334 0.6119791666666666 0.578125 0.6119791666666666 0.5885416666666666 0.609375 0.5924479166666666 0.6067708333333334 0.59375 0.6041666666666666 0.5911458333333334 0.6041666666666666 0.5729166666666666
3 0.4153645833333333 0.4322916666666667 0.41796875 0.453125 0.4140625 0.4557291666666667 0.4114583333333333 0.4544270833333333 0.4114583333333333 0.43359375 0.4140625 0.4322916666666667
3 0.44140625 0.6666666666666666 0.44140625 0.6744791666666666 0.4375 0.6809895833333334 0.4361979166666667 0.6888020833333334 0.4309895833333333 0.6888020833333334 0.4296875 0.6861979166666666 0.4309895833333333 0.6731770833333334 0.44140625 0.66796875
3 0.5559895833333334 0.8541666666666666 0.55859375 0.8567708333333334 0.5572916666666666 0.8763020833333334 0.5546875 0.8802083333333334 0.5520833333333334 0.8802083333333334 0.55078125 0.8776041666666666 0.55078125 0.8658854166666666 0.5559895833333334 0.85546875