1 0.37578125 0.1875 0.378125 0.1875 0.3796875 0.18611111067708333 0.3796875 0.1805555559895833 0.37656249999999997 0.17777777734375 0.375 0.1805555559895833 0.375 0.18611111067708333 0.37578125 0.1875
0 0 0.4192708333333333 0.08984375 0.4231770833333333 0.10546875 0.4283854166666667 0.11588541666666667 0.4375 0.11588541666666667 0.4401041666666667 0.13020833333333334 0.4583333333333333 0.13671875 0.4765625 0.14322916666666666 0.5065104166666666 0.14322916666666666 0.5338541666666666 0.140625 0.5338541666666666 0.13932291666666666 0.4973958333333333 0.13671875 0.4947916666666667 0.13151041666666666 0.47265625 0.12369791666666667 0.4557291666666667 0.11588541666666667 0.4453125 0.10286458333333333 0.43359375 0.08463541666666667 0.4283854166666667 0 0.42578125 0 0.4205729166666667
0 0.9036458333333334 0.4557291666666667 0.9739583333333334 0.4583333333333333 0.98046875 0.4635416666666667 0.9309895833333334 0.46484375 0.86328125 0.4622395833333333 0.84375 0.47265625 0.8268229166666666 0.4947916666666667 0.8151041666666666 0.5299479166666666 0.8125 0.5703125 0.8151041666666666 0.5963541666666666 0.8177083333333334 0.5989583333333334 0.8190104166666666 0.6119791666666666 0.8294270833333334 0.6354166666666666 0.8385416666666666 0.6458333333333334 0.8385416666666666 0.6484375 0.859375 0.6627604166666666 0.9583333333333334 0.6666666666666666 0.9596354166666666 0.6692708333333334 0.97265625 0.6692708333333334 0.9765625 0.671875 0.9752604166666666 0.6744791666666666 0.8854166666666666 0.671875 0.8567708333333334 0.66796875 0.85546875 0.6653645833333334 0.84375 0.66015625 0.83203125 0.6484375 0.81640625 0.6158854166666666 0.8111979166666666 0.58984375 0.8098958333333334 0.5481770833333334 0.8151041666666666 0.515625 0.82421875 0.4908854166666667 0.8359375 0.47265625 0.859375 0.4557291666666667 0.90234375 0.4557291666666667
2 0.4765625 0.5052083333333334 0.4791666666666667 0.5247395833333334 0.4791666666666667 0.6419270833333334 0.4765625 0.72265625 0.4778645833333333 0.7747395833333334 0.4752604166666667 0.7994791666666666 0.4752604166666667 0.9427083333333334 0.4739583333333333 0.9609375 0.4713541666666667 0.9609375 0.4700520833333333 0.9361979166666666 0.47265625 0.9010416666666666 0.4713541666666667 0.8802083333333334 0.4739583333333333 0.79296875 0.47265625 0.7552083333333334 0.4752604166666667 0.7044270833333334 0.4765625 0.5065104166666666
3 0.3971354166666667 0.5377604166666666 0.3997395833333333 0.5442708333333334 0.3997395833333333 0.5546875 0.39453125 0.5533854166666666 0.390625 0.5455729166666666 0.3932291666666667 0.5390625 0.3958333333333333 0.5377604166666666
3 0.5247395833333334 0.20442708333333334 0.009114583333333334 0.024739583333333332
3 0.3658854166666667 0.140625 0.3697916666666667 0.14453125 0.37109375 0.16015625 0.3671875 0.16145833333333334 0.3619791666666667 0.15234375 0.3619791666666667 0.14322916666666666 0.3645833333333333 0.14192708333333334
3 0.14192708333333334 0.5325520833333334 0.14453125 0.56640625 0.14322916666666666 0.5703125 0.13932291666666666 0.5651041666666666 0.13671875 0.5481770833333334 0.12760416666666666 0.5455729166666666 0.125 0.5390625 0.125 0.53515625 0.12890625 0.5299479166666666 0.13671875 0.5338541666666666 0.140625 0.5325520833333334
3 0.4231770833333333 0.6002604166666666 0.42578125 0.6067708333333334 0.42578125 0.61328125 0.4231770833333333 0.6171875 0.41796875 0.6158854166666666 0.41796875 0.6015625 0.421875 0.6002604166666666
3 0.2578125 0.7057291666666666 0.2630208333333333 0.7239583333333334 0.2604166666666667 0.7265625 0.25390625 0.7265625 0.25 0.7213541666666666 0.2526041666666667 0.7135416666666666 0.2578125 0.70703125
3 0.4869791666666667 0.7434895833333334 0.4908854166666667 0.75 0.4908854166666667 0.7630208333333334 0.4869791666666667 0.7643229166666666 0.4830729166666667 0.7591145833333334 0.4856770833333333 0.7447916666666666
3 0.4329427083333333 0.4016927083333333 0.008463541666666666 0.016927083333333332
3 0.4817708333333333 0.4765625 0.4856770833333333 0.4817708333333333 0.4869791666666667 0.48828125 0.4856770833333333 0.5026041666666666 0.4830729166666667 0.50390625 0.4778645833333333 0.5013020833333334 0.4752604166666667 0.4947916666666667 0.4765625 0.4791666666666667 0.48046875 0.4765625
3 0.5989583333333334 0.359375 0.6015625 0.359375 0.6028645833333334 0.3619791666666667 0.6015625 0.3776041666666667 0.5989583333333334 0.3815104166666667 0.59375 0.3776041666666667 0.5989583333333334 0.3606770833333333
3 0.58984375 0.6783854166666666 0.5950520833333334 0.6796875 0.59765625 0.6848958333333334 0.5963541666666666 0.6979166666666666 0.5924479166666666 0.7005208333333334 0.5885416666666666 0.6940104166666666 0.58984375 0.6796875
3 0.4244791666666667 0.7395833333333334 0.4270833333333333 0.7421875 0.4270833333333333 0.75390625 0.4244791666666667 0.7604166666666666 0.41796875 0.7604166666666666 0.4166666666666667 0.7565104166666666 0.41796875 0.7473958333333334 0.4231770833333333 0.7408854166666666