1 0.5304687499999999 0.5208333333333334 0.5328125 0.5208333333333334 0.53359375 0.5194444440104167 0.53359375 0.5138888893229167 0.5328125 0.5125000000000001 0.53125 0.5125000000000001 0.5296875 0.51527777734375 0.5304687499999999 0.5208333333333334
3 0.4869791666666667 0.7220052083333334 0.008463541666666666 0.022135416666666668
3 0.4375 0.5546875 0.4401041666666667 0.55859375 0.4401041666666667 0.56640625 0.4348958333333333 0.5716145833333334 0.4322916666666667 0.5611979166666666 0.43359375 0.5559895833333334 0.4361979166666667 0.5546875
3 0.4622395833333333 0.28515625 0.4583333333333333 0.28125 0.4583333333333333 0.265625 0.4622395833333333 0.2630208333333333 0.4661458333333333 0.265625 0.4661458333333333 0.27734375 0.4635416666666667 0.2838541666666667
3 0.4934895833333333 0.62109375 0.4973958333333333 0.6197916666666666 0.5 0.6236979166666666 0.5 0.6328125 0.4986979166666667 0.6380208333333334 0.49609375 0.6393229166666666 0.4921875 0.6341145833333334 0.4934895833333333 0.6223958333333334
3 0.5768229166666666 0.5833333333333334 0.5807291666666666 0.58984375 0.578125 0.6002604166666666 0.5729166666666666 0.5989583333333334 0.57421875 0.5859375 0.5768229166666666 0.5846354166666666
3 0.5559895833333334 0.4075520833333333 0.5638020833333334 0.4075520833333333 0.5638020833333334 0.4127604166666667 0.5598958333333334 0.4205729166666667 0.5559895833333334 0.4192708333333333 0.5559895833333334 0.4088541666666667
3 0.62890625 0.32421875 0.6328125 0.3229166666666667 0.63671875 0.3268229166666667 0.63671875 0.3346354166666667 0.62890625 0.33984375 0.6263020833333334 0.3359375 0.6263020833333334 0.328125 0.62890625 0.3255208333333333
3 0.5625 0.40625 0.5638020833333334 0.4127604166666667 0.5572916666666666 0.44140625 0.5546875 0.4453125 0.5520833333333334 0.4388020833333333 0.5546875 0.4114583333333333 0.5572916666666666 0.40625 0.5611979166666666 0.40625
3 0.5950520833333334 0.7682291666666666 0.6002604166666666 0.7708333333333334 0.6002604166666666 0.7799479166666666 0.59765625 0.78515625 0.59375 0.78515625 0.58984375 0.7799479166666666 0.58984375 0.7734375 0.59375 0.76953125
3 0.5403645833333334 0.23828125 0.5455729166666666 0.23958333333333334 0.546875 0.24348958333333334 0.5416666666666666 0.2591145833333333 0.5390625 0.2604166666666667 0.53515625 0.2565104166666667 0.5364583333333334 0.23958333333333334 0.5390625 0.23828125
3 0.3346354166666667 0.5729166666666666 0.3372395833333333 0.5729166666666666 0.3424479166666667 0.578125 0.3411458333333333 0.5963541666666666 0.33984375 0.5989583333333334 0.3359375 0.5989583333333334 0.3333333333333333 0.58984375 0.3346354166666667 0.57421875
3 0.4765625 0.4622395833333333 0.4791666666666667 0.46875 0.4765625 0.4817708333333333 0.47265625 0.48046875 0.47265625 0.4661458333333333 0.4752604166666667 0.4635416666666667
3 0.51796875 0.44027777734375 0.515625 0.44444444401041666 0.515625 0.44861111067708337 0.5148437499999999 0.45 0.5148437499999999 0.4583333333333333 0.5164062500000001 0.4611111106770833 0.5187499999999999 0.4611111106770833 0.51953125 0.46249999999999997 0.52578125 0.45972222265625 0.52734375 0.4569444440104167 0.5281250000000001 0.45277777734375 0.5281250000000001 0.44444444401041666 0.52734375 0.44166666666666665 0.5242187500000001 0.43888888932291664 0.51953125 0.43888888932291664 0.51796875 0.44027777734375
0 1 0.42222222265625 0.9828125 0.42222222265625 0.89609375 0.42638888932291663 0.8734375 0.4430555559895833 0.859375 0.4666666666666666 0.85 0.5 0.84921875 0.5555555559895834 0.8585937499999999 0.5930555559895833 0.87265625 0.6166666666666667 0.896875 0.63472222265625 1 0.6333333333333333 1 0.62777777734375 0.89296875 0.62777777734375 0.8679687500000001 0.6013888893229167 0.85703125 0.5750000000000001 0.8523437500000001 0.5499999999999999 0.8507812499999999 0.5263888893229166 0.8546874999999999 0.49583333333333335 0.8640625000000001 0.4680555559895833 0.8835937500000001 0.44027777734375 0.9054687499999999 0.4319444440104167 1 0.42777777734375005 1 0.42222222265625
0 0.15 0.45416666666666666 0.0265625 0.45555555598958336 0.02734375 0.45972222265625 0.1421875 0.4569444440104167 0.15234375 0.4611111106770833 0.16953125 0.4763888893229167 0.178125 0.49027777734375005 0.18515625 0.5069444440104166 0.19218749999999998 0.5430555559895833 0.19140625 0.57222222265625 0.18437499999999998 0.6083333333333333 0.16953125 0.6375000000000001 0.15078125 0.6541666666666667 0.028906249999999998 0.6638888893229167 0.12421875 0.6638888893229167 0.14765625000000002 0.6611111106770834 0.16015625 0.6541666666666667 0.17265624999999998 0.6416666666666667 0.18984375 0.60277777734375 0.19453125000000002 0.5750000000000001 0.19375 0.5333333333333333 0.18281250000000002 0.49027777734375005 0.16718750000000002 0.4666666666666666 0.15 0.45416666666666666
2 0.5208333333333334 0.4713541666666667 0.5234375 0.6184895833333334 0.5221354166666666 0.67578125 0.52734375 0.9270833333333334 0.5247395833333334 0.953125 0.5221354166666666 0.9231770833333334 0.5234375 0.89453125 0.5182291666666666 0.56640625 0.51953125 0.5143229166666666 0.5169270833333334 0.4934895833333333 0.5208333333333334 0.4817708333333333 0.5208333333333334 0.47265625