1 0.23124999999999998 0.55972222265625 0.234375 0.5583333333333333 0.234375 0.55277777734375 0.23203125 0.5513888893229166 0.23046875 0.55277777734375 0.23046875 0.5583333333333333 0.23124999999999998 0.55972222265625
0 0.9986979166666666 0.4244791666666667 0.9986979166666666 0.4296875 0.91015625 0.4322916666666667 0.9010416666666666 0.4361979166666667 0.8815104166666666 0.4557291666666667 0.87109375 0.4752604166666667 0.8697916666666666 0.484375 0.8658854166666666 0.4921875 0.8619791666666666 0.5143229166666666 0.86328125 0.5638020833333334 0.875 0.5989583333333334 0.8828125 0.6119791666666666 0.8958333333333334 0.6263020833333334 0.8997395833333334 0.6302083333333334 0.91015625 0.6341145833333334 0.9986979166666666 0.6328125 0.9986979166666666 0.6380208333333334 0.94921875 0.6393229166666666 0.91015625 0.6393229166666666 0.8984375 0.6354166666666666 0.8880208333333334 0.6276041666666666 0.8684895833333334 0.5963541666666666 0.8606770833333334 0.56640625 0.8580729166666666 0.5364583333333334 0.859375 0.51171875 0.8645833333333334 0.4830729166666667 0.87890625 0.4518229166666667 0.8919270833333334 0.4361979166666667 0.90234375 0.4296875 0.9205729166666666 0.42578125 0.9973958333333334 0.4244791666666667
0 0.033854166666666664 0.4583333333333333 0.0703125 0.4583333333333333 0.09895833333333333 0.4557291666666667 0.14713541666666666 0.4557291666666667 0.15364583333333334 0.4583333333333333 0.17057291666666666 0.4713541666666667 0.18619791666666666 0.4973958333333333 0.19401041666666666 0.5247395833333334 0.19791666666666666 0.55078125 0.1953125 0.5950520833333334 0.19140625 0.6119791666666666 0.18229166666666666 0.6354166666666666 0.16666666666666666 0.65625 0.15494791666666666 0.6640625 0.13671875 0.6692708333333334 0.032552083333333336 0.6731770833333334 0.03125 0.6666666666666666 0.14192708333333334 0.6627604166666666 0.15885416666666666 0.65625 0.16796875 0.6484375 0.16796875 0.6458333333333334 0.17578125 0.63671875 0.1875 0.6119791666666666 0.19270833333333334 0.58984375 0.1953125 0.5546875 0.19140625 0.5260416666666666 0.18359375 0.5 0.17057291666666666 0.4791666666666667 0.15364583333333334 0.46484375 0.13932291666666666 0.4609375 0.0703125 0.46484375 0.028645833333333332 0.46484375 0.028645833333333332 0.4609375 0.033854166666666664 0.4596354166666667
2 0.5234375 0.13411458333333334 0.5260416666666666 0.15364583333333334 0.52734375 0.5651041666666666 0.5299479166666666 0.6015625 0.53125 0.8424479166666666 0.5338541666666666 0.8671875 0.5338541666666666 0.9609375 0.53125 0.9622395833333334 0.5299479166666666 0.9309895833333334 0.52734375 0.6458333333333334 0.5247395833333334 0.640625 0.5247395833333334 0.3255208333333333 0.5221354166666666 0.21354166666666666 0.5234375 0.13541666666666666
3 0.14322916666666666 0.5481770833333334 0.15364583333333334 0.55078125 0.15494791666666666 0.56640625 0.14583333333333334 0.5677083333333334 0.14192708333333334 0.5651041666666666 0.13802083333333334 0.5546875 0.14192708333333334 0.5494791666666666
3 0.27734375 0.4583333333333333 0.28515625 0.46484375 0.2864583333333333 0.46875 0.28515625 0.48046875 0.2786458333333333 0.4869791666666667 0.2734375 0.4817708333333333 0.2734375 0.4778645833333333 0.2708333333333333 0.4752604166666667 0.2708333333333333 0.4661458333333333 0.27734375 0.4596354166666667
3 0.22135416666666666 0.6536458333333334 0.2265625 0.6588541666666666 0.22265625 0.6627604166666666 0.22135416666666666 0.6692708333333334 0.21614583333333334 0.6731770833333334 0.20963541666666666 0.66796875 0.20833333333333334 0.66015625 0.21223958333333334 0.6549479166666666 0.22005208333333334 0.6536458333333334
3 0.06380208333333333 0.5716145833333334 0.06510416666666667 0.57421875 0.057291666666666664 0.58203125 0.057291666666666664 0.5846354166666666 0.053385416666666664 0.5859375 0.044270833333333336 0.5794270833333334 0.044270833333333336 0.5716145833333334 0.052083333333333336 0.5651041666666666 0.0625 0.5716145833333334
3 0.16015625 0.82421875 0.1640625 0.828125 0.1640625 0.859375 0.16015625 0.86328125 0.15755208333333334 0.8606770833333334 0.15494791666666666 0.84765625 0.15104166666666666 0.8424479166666666 0.15364583333333334 0.83203125 0.15885416666666666 0.8255208333333334
3 0.19921875 0.9114583333333334 0.20963541666666666 0.9192708333333334 0.203125 0.9322916666666666 0.20182291666666666 0.9440104166666666 0.19921875 0.9375 0.19270833333333334 0.9309895833333334 0.19270833333333334 0.9244791666666666 0.19791666666666666 0.9127604166666666
3 0.6041666666666666 0.23697916666666666 0.6067708333333334 0.24088541666666666 0.6041666666666666 0.2565104166666667 0.5989583333333334 0.2565104166666667 0.5989583333333334 0.24479166666666666 0.6028645833333334 0.23828125
3 0.84375 0.4739583333333333 0.84765625 0.4765625 0.84765625 0.4869791666666667 0.83984375 0.4921875 0.8346354166666666 0.4895833333333333 0.8333333333333334 0.4817708333333333 0.8424479166666666 0.4739583333333333
3 0.285709375 0.5551069440104167 0.28538984375 0.5604111106770834 0.28816171875 0.5626833333333333 0.29242578125 0.56647222265625 0.294878125 0.56590277734375 0.296796875 0.5641986106770833 0.2971171875 0.5554861106770833 0.29391875 0.55435 0.28848124999999997 0.5520763893229167 0.285709375 0.5551069440104167
3 0.276328125 0.54847777734375 0.27611484375 0.5554861106770833 0.2778203125 0.5594638893229167 0.28069921875 0.5581375000000001 0.28176484375 0.5617361106770834 0.28475 0.5619263893229166 0.28443046875 0.5583263893229167 0.285603125 0.55340277734375 0.28805546875 0.5509402773437501 0.28677578125 0.5468402773437501 0.283684375 0.5458263893229166 0.28133828125 0.5448791666666667 0.27920625 0.54790972265625 0.276328125 0.54847777734375
3 0.366828125 0.7493 0.364453125 0.7525208333333334 0.36157812500000003 0.75785 0.363265625 0.7636250000000001 0.365078125 0.7651791666666666 0.36639062499999997 0.7703986106770833 0.36995312500000005 0.7677333333333333 0.370390625 0.7624027773437501 0.373203125 0.7551666666666667 0.370828125 0.7532972226562501 0.36976562500000004 0.7489666666666667 0.366828125 0.7493
3 0.476765625 0.52195 0.474453125 0.5241708333333334 0.474515625 0.5256138893229166 0.471390625 0.5343861106770833 0.471390625 0.5408263893229167 0.473203125 0.5410486106770833 0.474453125 0.54015972265625 0.476515625 0.5384944440104167 0.47757812499999996 0.53882777734375 0.478453125 0.5431583333333333 0.480203125 0.5466 0.481640625 0.5452680559895834 0.482140625 0.543825 0.482265625 0.5393833333333333 0.482640625 0.5357180559895833 0.482015625 0.5333861106770833 0.48151562499999995 0.5286125 0.48132812500000005 0.52447222265625 0.480578125 0.52361527734375 0.47876562500000003 0.5241708333333334 0.476765625 0.52195