1 0.5226562499999999 0.5361111106770834 0.5234375 0.5375 0.5265624999999999 0.5375 0.52734375 0.53472222265625 0.52734375 0.5305555559895833 0.5265624999999999 0.52777777734375 0.5234375 0.52777777734375 0.5226562499999999 0.5291666666666667 0.5226562499999999 0.5361111106770834
0 0.9075520833333334 0.4166666666666667 0.9986979166666666 0.4140625 0.9986979166666666 0.4205729166666667 0.9075520833333334 0.4231770833333333 0.8932291666666666 0.4296875 0.8841145833333334 0.4375 0.87109375 0.45703125 0.86328125 0.4752604166666667 0.8580729166666666 0.5026041666666666 0.8580729166666666 0.5481770833333334 0.8619791666666666 0.55859375 0.86328125 0.5703125 0.87109375 0.58984375 0.8880208333333334 0.61328125 0.89453125 0.6184895833333334 0.9075520833333334 0.6236979166666666 0.9986979166666666 0.62109375 0.9986979166666666 0.6276041666666666 0.9192708333333334 0.6302083333333334 0.90234375 0.62890625 0.8958333333333334 0.6263020833333334 0.87890625 0.6106770833333334 0.8645833333333334 0.5872395833333334 0.8567708333333334 0.5598958333333334 0.8541666666666666 0.5299479166666666 0.85546875 0.4986979166666667 0.8606770833333334 0.47265625 0.8684895833333334 0.453125 0.8841145833333334 0.4296875 0.8958333333333334 0.421875 0.9075520833333334 0.41796875
0 0.14713541666666666 0.4453125 0.15625 0.44921875 0.16796875 0.4583333333333333 0.16796875 0.4609375 0.17838541666666666 0.47265625 0.19010416666666666 0.5 0.1953125 0.5286458333333334 0.1953125 0.5729166666666666 0.19140625 0.5950520833333334 0.1875 0.6028645833333334 0.18619791666666666 0.6119791666666666 0.17838541666666666 0.6276041666666666 0.15885416666666666 0.6497395833333334 0.13932291666666666 0.65625 0.08854166666666667 0.6588541666666666 0.03125 0.6588541666666666 0.03125 0.6549479166666666 0.14322916666666666 0.6510416666666666 0.16276041666666666 0.6393229166666666 0.17317708333333334 0.6276041666666666 0.18359375 0.6080729166666666 0.18880208333333334 0.5924479166666666 0.19270833333333334 0.5677083333333334 0.19270833333333334 0.53515625 0.19010416666666666 0.5299479166666666 0.1875 0.5065104166666666 0.18489583333333334 0.5026041666666666 0.18359375 0.4921875 0.16927083333333334 0.4674479166666667 0.15885416666666666 0.45703125 0.14322916666666666 0.44921875 0.08203125 0.4518229166666667 0.028645833333333332 0.4518229166666667 0.02734375 0.44921875 0.036458333333333336 0.4466145833333333 0.14583333333333334 0.4453125
2 0.5234375 0.5455729166666666 0.5260416666666666 0.546875 0.52734375 0.5989583333333334 0.52734375 0.7526041666666666 0.53125 0.921875 0.5299479166666666 0.9466145833333334 0.52734375 0.9466145833333334 0.5234375 0.546875
3 0.375 0.1640625 0.37890625 0.16276041666666666 0.3828125 0.16927083333333334 0.3828125 0.18229166666666666 0.37890625 0.18619791666666666 0.3723958333333333 0.17317708333333334 0.375 0.16536458333333334
3 0.3125 0.55078125 0.3177083333333333 0.5572916666666666 0.31640625 0.5677083333333334 0.3125 0.5716145833333334 0.3098958333333333 0.5690104166666666 0.3098958333333333 0.5559895833333334 0.3125 0.5520833333333334
3 0.5234375 0.5143229166666666 0.5260416666666666 0.5325520833333334 0.5247395833333334 0.5377604166666666 0.5208333333333334 0.5377604166666666 0.5169270833333334 0.52734375 0.5169270833333334 0.5182291666666666 0.5221354166666666 0.5143229166666666
3 0.3997395833333333 0.8463541666666666 0.40234375 0.8463541666666666 0.4049479166666667 0.8502604166666666 0.4049479166666667 0.8619791666666666 0.40234375 0.8645833333333334 0.4010416666666667 0.8723958333333334 0.3971354166666667 0.8723958333333334 0.3958333333333333 0.8567708333333334 0.3997395833333333 0.84765625
3 0.5143229166666666 0.14453125 0.5169270833333334 0.14583333333333334 0.51953125 0.15494791666666666 0.5182291666666666 0.17057291666666666 0.5143229166666666 0.17578125 0.5078125 0.17578125 0.5078125 0.16536458333333334 0.5052083333333334 0.15885416666666666 0.5091145833333334 0.14583333333333334 0.5130208333333334 0.14583333333333334
3 0.6015625 0.8645833333333334 0.6041666666666666 0.87109375 0.6041666666666666 0.8815104166666666 0.6015625 0.8841145833333334 0.5989583333333334 0.8841145833333334 0.59375 0.87890625 0.59375 0.8723958333333334 0.6002604166666666 0.8645833333333334
3 0.72265625 0.23697916666666666 0.7291666666666666 0.23567708333333334 0.7330729166666666 0.23958333333333334 0.7330729166666666 0.24739583333333334 0.7265625 0.2578125 0.72265625 0.2604166666666667 0.71875 0.2526041666666667 0.71875 0.24479166666666666 0.72265625 0.23828125
3 0.29296875 0.7109375 0.296875 0.7122395833333334 0.296875 0.7161458333333334 0.2942708333333333 0.7252604166666666 0.2890625 0.7330729166666666 0.2864583333333333 0.7278645833333334 0.28515625 0.7135416666666666 0.2877604166666667 0.7109375 0.2916666666666667 0.7109375
3 0.8932291666666666 0.4739583333333333 0.8958333333333334 0.4765625 0.9049479166666666 0.4778645833333333 0.90625 0.4895833333333333 0.9036458333333334 0.4934895833333333 0.8997395833333334 0.4934895833333333 0.8971354166666666 0.4895833333333333 0.8893229166666666 0.48828125 0.8893229166666666 0.4739583333333333 0.8919270833333334 0.4739583333333333
3 0.5559895833333334 0.640625 0.55859375 0.640625 0.5611979166666666 0.64453125 0.5611979166666666 0.6510416666666666 0.5559895833333334 0.6588541666666666 0.5533854166666666 0.65625 0.5559895833333334 0.6419270833333334
3 0.17057291666666666 0.5091145833333334 0.17838541666666666 0.5182291666666666 0.17708333333333334 0.5260416666666666 0.1796875 0.5325520833333334 0.16536458333333334 0.5325520833333334 0.1640625 0.5182291666666666 0.16927083333333334 0.5104166666666666
3 0.7955729166666666 0.13671875 0.7981770833333334 0.14322916666666666 0.796875 0.15104166666666666 0.7877604166666666 0.15755208333333334 0.78125 0.15494791666666666 0.78125 0.1484375 0.7825520833333334 0.14453125 0.7942708333333334 0.13671875