1 0.46249999999999997 0.6541666666666667 0.46328125000000003 0.6555555559895833 0.46640624999999997 0.6541666666666667 0.46640624999999997 0.6486111106770833 0.465625 0.64722222265625 0.46328125000000003 0.64722222265625 0.46249999999999997 0.6486111106770833 0.46249999999999997 0.6541666666666667
0 0.8880208333333334 0.4375 0.90234375 0.4322916666666667 0.9986979166666666 0.4296875 0.9986979166666666 0.4348958333333333 0.9908854166666666 0.4361979166666667 0.9075520833333334 0.4388020833333333 0.8919270833333334 0.4427083333333333 0.8841145833333334 0.4479166666666667 0.8736979166666666 0.4583333333333333 0.86328125 0.4765625 0.8580729166666666 0.4973958333333333 0.85546875 0.5 0.8515625 0.5299479166666666 0.8515625 0.5494791666666666 0.859375 0.5885416666666666 0.87109375 0.61328125 0.88671875 0.6315104166666666 0.90234375 0.6380208333333334 0.9986979166666666 0.6354166666666666 0.9986979166666666 0.640625 0.9869791666666666 0.6419270833333334 0.8997395833333334 0.6432291666666666 0.8802083333333334 0.6328125 0.8619791666666666 0.6067708333333334 0.8567708333333334 0.5950520833333334 0.85546875 0.5833333333333334 0.8528645833333334 0.5807291666666666 0.8489583333333334 0.5533854166666666 0.8489583333333334 0.5247395833333334 0.8515625 0.5052083333333334 0.85546875 0.48828125 0.8645833333333334 0.46484375 0.87109375 0.4544270833333333 0.8880208333333334 0.4388020833333333
0 0.140625 0.45703125 0.15364583333333334 0.4635416666666667 0.17057291666666666 0.4791666666666667 0.1796875 0.49609375 0.1875 0.51953125 0.19140625 0.5403645833333334 0.19140625 0.5872395833333334 0.18619791666666666 0.61328125 0.18098958333333334 0.6276041666666666 0.17057291666666666 0.6471354166666666 0.15885416666666666 0.6588541666666666 0.15104166666666666 0.6640625 0.14453125 0.6653645833333334 0.14322916666666666 0.66796875 0.12369791666666667 0.6705729166666666 0.0546875 0.6731770833333334 0.028645833333333332 0.6731770833333334 0.026041666666666668 0.671875 0.028645833333333332 0.6666666666666666 0.03125 0.6692708333333334 0.032552083333333336 0.6666666666666666 0.13151041666666666 0.6640625 0.14453125 0.6614583333333334 0.15494791666666666 0.65625 0.1640625 0.6471354166666666 0.17708333333333334 0.6263020833333334 0.1875 0.5924479166666666 0.1875 0.5325520833333334 0.18359375 0.515625 0.17578125 0.4973958333333333 0.1640625 0.4791666666666667 0.15104166666666666 0.4674479166666667 0.14192708333333334 0.4635416666666667 0.0234375 0.46484375 0.0234375 0.4609375 0.049479166666666664 0.4609375 0.05078125 0.4583333333333333 0.13932291666666666 0.45703125
2 0.5182291666666666 0.4622395833333333 0.5221354166666666 0.4661458333333333 0.5221354166666666 0.6380208333333334 0.5260416666666666 0.8177083333333334 0.5260416666666666 0.9609375 0.5247395833333334 0.9622395833333334 0.5234375 0.9596354166666666 0.5182291666666666 0.4635416666666667
3 0.53515625 0.24609375 0.5390625 0.24609375 0.5416666666666666 0.25 0.5416666666666666 0.2643229166666667 0.5390625 0.2682291666666667 0.53515625 0.2682291666666667 0.53515625 0.24739583333333334
3 0.3919270833333333 0.2591145833333333 0.39453125 0.2591145833333333 0.3984375 0.26953125 0.3984375 0.2786458333333333 0.390625 0.2786458333333333 0.3893229166666667 0.2760416666666667 0.3919270833333333 0.2604166666666667
3 0.4830729166666667 0.7005208333333334 0.48828125 0.7109375 0.4830729166666667 0.73046875 0.48046875 0.7278645833333334 0.4817708333333333 0.7018229166666666
3 0.6015625 0.3385416666666667 0.60546875 0.3411458333333333 0.6067708333333334 0.3489583333333333 0.6015625 0.3658854166666667 0.59765625 0.3697916666666667 0.59765625 0.36328125 0.5950520833333334 0.359375 0.59765625 0.3411458333333333 0.6002604166666666 0.33984375
3 0.3776041666666667 0.5208333333333334 0.38671875 0.5286458333333334 0.3854166666666667 0.53515625 0.3828125 0.5377604166666666 0.37890625 0.5377604166666666 0.375 0.53125 0.3776041666666667 0.5221354166666666
3 0.4524739583333333 0.66796875 0.010416666666666666 0.01953125
3 0.54296875 0.5651041666666666 0.5455729166666666 0.5651041666666666 0.5494791666666666 0.5729166666666666 0.5494791666666666 0.5794270833333334 0.5455729166666666 0.58203125 0.5416666666666666 0.5807291666666666 0.5403645833333334 0.5703125 0.54296875 0.56640625
3 0.5494791666666666 0.8125 0.5520833333333334 0.8125 0.5533854166666666 0.83203125 0.5494791666666666 0.83984375 0.5442708333333334 0.83203125 0.5442708333333334 0.8268229166666666 0.5494791666666666 0.8138020833333334
3 0.2578125 0.578125 0.26171875 0.5794270833333334 0.26171875 0.5963541666666666 0.2552083333333333 0.5989583333333334 0.2513020833333333 0.5950520833333334 0.25390625 0.5833333333333334 0.2578125 0.5794270833333334
3 0.5325520833333334 0.3359375 0.5338541666666666 0.3489583333333333 0.53125 0.35546875 0.5286458333333334 0.35546875 0.5234375 0.3463541666666667 0.5234375 0.3411458333333333 0.53125 0.3359375
3 0.4739583333333333 0.4505208333333333 0.4778645833333333 0.44921875 0.4830729166666667 0.453125 0.4830729166666667 0.46484375 0.4791666666666667 0.4700520833333333 0.4765625 0.4700520833333333 0.47265625 0.4622395833333333 0.4739583333333333 0.4518229166666667
3 0.5171875 0.43472222265625 0.5226562499999999 0.43611111067708336 0.5265624999999999 0.43055555598958334 0.5242187500000001 0.4138888893229167 0.5164062500000001 0.4138888893229167 0.5148437499999999 0.4291666666666667 0.5171875 0.43472222265625