1 0.496875 0.3555555559895833 0.49609375 0.36388888932291663 0.49921875 0.3666666666666667 0.5 0.35833333333333334 0.496875 0.3555555559895833
0 0 0.4166666666666667 0.006510416666666667 0.4166666666666667 0.0078125 0.4192708333333333 0.09114583333333333 0.421875 0.10026041666666667 0.4244791666666667 0.11067708333333333 0.4309895833333333 0.13020833333333334 0.45703125 0.13671875 0.4739583333333333 0.14322916666666666 0.50390625 0.14453125 0.5299479166666666 0.14192708333333334 0.5651041666666666 0.13411458333333334 0.5924479166666666 0.12239583333333333 0.61328125 0.109375 0.6276041666666666 0.09244791666666667 0.6354166666666666 0 0.6328125 0 0.625 0.0026041666666666665 0.6276041666666666 0.061197916666666664 0.6302083333333334 0.09244791666666667 0.6302083333333334 0.09895833333333333 0.6276041666666666 0.11588541666666667 0.61328125 0.12760416666666666 0.5950520833333334 0.13541666666666666 0.5755208333333334 0.140625 0.55078125 0.140625 0.5104166666666666 0.13671875 0.4869791666666667 0.12369791666666667 0.4544270833333333 0.10677083333333333 0.4348958333333333 0.08854166666666667 0.4270833333333333 0 0.4244791666666667 0 0.41796875
0 0.9036458333333334 0.4518229166666667 0.9739583333333334 0.4544270833333333 0.9778645833333334 0.4557291666666667 0.9778645833333334 0.4609375 0.8828125 0.4596354166666667 0.8815104166666666 0.45703125 0.859375 0.45703125 0.8580729166666666 0.4596354166666667 0.8463541666666666 0.46484375 0.8333333333333334 0.4778645833333333 0.8255208333333334 0.4908854166666667 0.8151041666666666 0.51953125 0.8111979166666666 0.55078125 0.8111979166666666 0.5703125 0.8190104166666666 0.6106770833333334 0.8307291666666666 0.6354166666666666 0.8450520833333334 0.6510416666666666 0.85546875 0.6575520833333334 0.8684895833333334 0.66015625 0.9752604166666666 0.6640625 0.9739583333333334 0.6692708333333334 0.92578125 0.66796875 0.9244791666666666 0.6653645833333334 0.8736979166666666 0.6653645833333334 0.85546875 0.6627604166666666 0.8359375 0.6497395833333334 0.82421875 0.6328125 0.8151041666666666 0.609375 0.80859375 0.5716145833333334 0.80859375 0.546875 0.81640625 0.50390625 0.828125 0.4778645833333333 0.8515625 0.4544270833333333 0.859375 0.4518229166666667 0.90234375 0.4518229166666667
2 0.48046875 0.125 0.4830729166666667 0.1484375 0.48046875 0.3046875 0.4817708333333333 0.3567708333333333 0.48046875 0.3984375 0.4778645833333333 0.4075520833333333 0.48046875 0.4205729166666667 0.48046875 0.46484375 0.4791666666666667 0.54296875 0.4778645833333333 0.546875 0.4752604166666667 0.5390625 0.48046875 0.12630208333333334
3 0.4635416666666667 0.52734375 0.4674479166666667 0.52734375 0.4713541666666667 0.5325520833333334 0.4713541666666667 0.5494791666666666 0.4674479166666667 0.5533854166666666 0.4609375 0.5455729166666666 0.4609375 0.53125 0.4635416666666667 0.5286458333333334
3 0.3932291666666667 0.55078125 0.390625 0.546875 0.3919270833333333 0.53515625 0.3958333333333333 0.53515625 0.3984375 0.5416666666666666 0.3984375 0.5494791666666666 0.39453125 0.55078125
3 0.5247395833333334 0.1953125 0.5286458333333334 0.20052083333333334 0.5286458333333334 0.21223958333333334 0.5260416666666666 0.21744791666666666 0.5234375 0.21744791666666666 0.51953125 0.20572916666666666 0.51953125 0.19661458333333334 0.5234375 0.1953125
3 0.4908854166666667 0.3919270833333333 0.4947916666666667 0.4010416666666667 0.4921875 0.4127604166666667 0.48828125 0.4127604166666667 0.484375 0.4049479166666667 0.484375 0.3984375 0.4895833333333333 0.3919270833333333
3 0.27734375 0.7356770833333334 0.2799479166666667 0.7356770833333334 0.2864583333333333 0.7434895833333334 0.2864583333333333 0.7513020833333334 0.2825520833333333 0.7565104166666666 0.2799479166666667 0.7565104166666666 0.26953125 0.7447916666666666 0.27734375 0.7369791666666666
3 0.60546875 0.7018229166666666 0.6106770833333334 0.70703125 0.609375 0.73828125 0.60546875 0.73828125 0.6041666666666666 0.72265625 0.59765625 0.70703125 0.5989583333333334 0.7005208333333334 0.6041666666666666 0.7018229166666666
3 0.4361979166666667 0.6028645833333334 0.4401041666666667 0.6158854166666666 0.4388020833333333 0.6223958333333334 0.4322916666666667 0.6197916666666666 0.4322916666666667 0.6041666666666666 0.4348958333333333 0.6028645833333334
3 0.5716145833333334 0.4244791666666667 0.5716145833333334 0.4479166666666667 0.5651041666666666 0.4440104166666667 0.56640625 0.4270833333333333 0.5703125 0.4244791666666667
3 0.15885416666666666 0.5533854166666666 0.16927083333333334 0.5598958333333334 0.16927083333333334 0.5703125 0.15494791666666666 0.5677083333333334 0.15364583333333334 0.55859375 0.15755208333333334 0.5533854166666666
3 0.35234375 0.26388888932291665 0.3515625 0.2694444440104167 0.36171875000000003 0.2819444440104167 0.36171875000000003 0.2625 0.35234375 0.26388888932291665
3 0.44921875 0.7958333333333334 0.44609375 0.80972222265625 0.45468749999999997 0.8291666666666666 0.45625 0.80972222265625 0.44921875 0.7958333333333334
3 0.50703046875 0.7826291666666667 0.5015625 0.74722222265625 0.492715625 0.7638083333333333 0.50703046875 0.7826291666666667