1 0.31640625 0.49305555598958334 0.31953125 0.49305555598958334 0.3203125 0.49027777734375005 0.31875000000000003 0.48472222265625 0.31796874999999997 0.48333333333333334 0.315625 0.48333333333333334 0.31484375000000003 0.48472222265625 0.31484375000000003 0.48888888932291663 0.315625 0.4916666666666667 0.31640625 0.49305555598958334
0 0 0.4140625 0.09244791666666667 0.4166666666666667 0.09375 0.4192708333333333 0.09895833333333333 0.4192708333333333 0.11458333333333333 0.4283854166666667 0.13411458333333334 0.4557291666666667 0.14322916666666666 0.4869791666666667 0.14713541666666666 0.5182291666666666 0.14583333333333334 0.546875 0.14322916666666666 0.5520833333333334 0.14192708333333334 0.5690104166666666 0.13541666666666666 0.5885416666666666 0.12239583333333333 0.6106770833333334 0.10286458333333333 0.6276041666666666 0.09505208333333333 0.6302083333333334 0 0.6276041666666666 0 0.62109375 0.06640625 0.6236979166666666 0.09375 0.6236979166666666 0.10286458333333333 0.62109375 0.11979166666666667 0.6067708333333334 0.12109375 0.6015625 0.13151041666666666 0.5872395833333334 0.140625 0.55859375 0.14322916666666666 0.5390625 0.14322916666666666 0.50390625 0.13932291666666666 0.4830729166666667 0.13671875 0.48046875 0.13671875 0.4752604166666667 0.12760416666666666 0.453125 0.11458333333333333 0.4348958333333333 0.09375 0.4231770833333333 0 0.4205729166666667 0 0.4153645833333333
0 0.8958333333333334 0.4466145833333333 0.9609375 0.44921875 0.9739583333333334 0.4505208333333333 0.9752604166666666 0.4544270833333333 0.9674479166666666 0.4557291666666667 0.8580729166666666 0.4518229166666667 0.83984375 0.4635416666666667 0.8268229166666666 0.4791666666666667 0.8190104166666666 0.4947916666666667 0.8111979166666666 0.5208333333333334 0.8098958333333334 0.5729166666666666 0.8190104166666666 0.6106770833333334 0.8307291666666666 0.6315104166666666 0.84765625 0.6484375 0.8567708333333334 0.65234375 0.96875 0.6575520833333334 0.97265625 0.6614583333333334 0.96484375 0.6627604166666666 0.8763020833333334 0.66015625 0.8515625 0.65625 0.8424479166666666 0.6510416666666666 0.83203125 0.640625 0.82421875 0.6302083333333334 0.8151041666666666 0.6106770833333334 0.8072916666666666 0.5768229166666666 0.8072916666666666 0.5286458333333334 0.8125 0.50390625 0.8190104166666666 0.4856770833333333 0.8307291666666666 0.4661458333333333 0.84375 0.453125 0.859375 0.4466145833333333 0.89453125 0.4466145833333333
3 0.5807291666666666 0.4661458333333333 0.5885416666666666 0.4778645833333333 0.5859375 0.4869791666666667 0.578125 0.4869791666666667 0.5768229166666666 0.4778645833333333 0.5807291666666666 0.4674479166666667
3 0.4010416666666667 0.4934895833333333 0.4036458333333333 0.4947916666666667 0.4075520833333333 0.5065104166666666 0.4049479166666667 0.5182291666666666 0.4010416666666667 0.51953125 0.39453125 0.5169270833333334 0.3932291666666667 0.5143229166666666 0.3932291666666667 0.4986979166666667 0.3958333333333333 0.4947916666666667 0.3997395833333333 0.4934895833333333
3 0.5104166666666666 0.58984375 0.5182291666666666 0.5924479166666666 0.5182291666666666 0.5963541666666666 0.5208333333333334 0.5989583333333334 0.5182291666666666 0.6106770833333334 0.515625 0.6106770833333334 0.5104166666666666 0.60546875 0.5065104166666666 0.5924479166666666 0.5091145833333334 0.58984375
3 0.21744791666666666 0.6549479166666666 0.21484375 0.6497395833333334 0.21484375 0.6419270833333334 0.22786458333333334 0.6354166666666666 0.22786458333333334 0.65625 0.21744791666666666 0.65625
3 0.3515625 0.5625 0.011067708333333334 0.022135416666666668
3 0.4752604166666667 0.25 0.4778645833333333 0.2526041666666667 0.4778645833333333 0.2721354166666667 0.4739583333333333 0.2721354166666667 0.4713541666666667 0.26171875 0.47265625 0.2526041666666667 0.4752604166666667 0.2513020833333333
3 0.4479166666666667 0.3697916666666667 0.4518229166666667 0.37109375 0.4544270833333333 0.3776041666666667 0.453125 0.38671875 0.44921875 0.38671875 0.4479166666666667 0.37109375
3 0.359375 0.4348958333333333 0.3658854166666667 0.4375 0.3645833333333333 0.4622395833333333 0.359375 0.4596354166666667 0.35546875 0.44921875 0.3580729166666667 0.4361979166666667
3 0.4108072916666667 0.21028645833333334 0.011067708333333334 0.026692708333333332
3 0.390625 0.8307291666666666 0.390625 0.85546875 0.38671875 0.8567708333333334 0.3815104166666667 0.84765625 0.3828125 0.8411458333333334 0.3893229166666667 0.8346354166666666 0.3893229166666667 0.83203125
2 0.4778645833333333 0.2786458333333333 0.48046875 0.2799479166666667 0.4817708333333333 0.2864583333333333 0.4778645833333333 0.5494791666666666 0.4791666666666667 0.6315104166666666 0.4752604166666667 0.7434895833333334 0.4752604166666667 0.92578125 0.4739583333333333 0.9505208333333334 0.4713541666666667 0.94921875 0.4700520833333333 0.92578125 0.47265625 0.8645833333333334 0.47265625 0.71875 0.4752604166666667 0.6640625 0.4739583333333333 0.6171875 0.4778645833333333 0.2799479166666667
3 0.2609375 0.41944444401041664 0.26328124999999997 0.41944444401041664 0.265625 0.4166666666666667 0.265625 0.41250000000000003 0.26484375 0.41111111067708334 0.26171875 0.4083333333333334 0.25937499999999997 0.4083333333333334 0.2578125 0.4069444440104167 0.25625000000000003 0.4083333333333334 0.25625000000000003 0.41111111067708334 0.25937499999999997 0.4180555559895833 0.2609375 0.41944444401041664
3 0.43906249999999997 0.75 0.440625 0.74722222265625 0.440625 0.7416666666666667 0.43984375000000003 0.74027777734375 0.43906249999999997 0.7319444440104167 0.4375 0.7305555559895834 0.43515624999999997 0.7305555559895834 0.434375 0.7319444440104167 0.43203125000000003 0.7388888893229167 0.43203125000000003 0.7430555559895833 0.43671875 0.7486111106770833 0.43906249999999997 0.75