1 0.5390625 0.78515625 0.54296875 0.7903645833333334 0.5416666666666666 0.7942708333333334 0.5390625 0.79296875 0.5390625 0.7864583333333334
0 0 0.4127604166666667 0.08854166666666667 0.4153645833333333 0.09505208333333333 0.4166666666666667 0.09635416666666667 0.4192708333333333 0.10546875 0.4231770833333333 0.11848958333333333 0.4348958333333333 0.13151041666666666 0.4583333333333333 0.13802083333333334 0.4778645833333333 0.13802083333333334 0.4869791666666667 0.14192708333333334 0.4947916666666667 0.140625 0.4973958333333333 0.14322916666666666 0.5169270833333334 0.14192708333333334 0.546875 0.13802083333333334 0.5677083333333334 0.13020833333333334 0.5911458333333334 0.11848958333333333 0.609375 0.09895833333333333 0.6263020833333334 0.08984375 0.62890625 0 0.6263020833333334 0 0.6197916666666666 0.08984375 0.6223958333333334 0.10286458333333333 0.6171875 0.11458333333333333 0.60546875 0.12760416666666666 0.5859375 0.1328125 0.56640625 0.13541666666666666 0.5638020833333334 0.13671875 0.5481770833333334 0.13932291666666666 0.5442708333333334 0.13932291666666666 0.4973958333333333 0.13541666666666666 0.48828125 0.13541666666666666 0.4765625 0.1328125 0.4739583333333333 0.1328125 0.4700520833333333 0.12890625 0.4674479166666667 0.12760416666666666 0.4583333333333333 0.11979166666666667 0.4453125 0.10677083333333333 0.4309895833333333 0.08854166666666667 0.421875 0 0.4192708333333333 0 0.4140625
0 0.8958333333333334 0.44921875 0.9674479166666666 0.453125 0.9674479166666666 0.4596354166666667 0.95703125 0.4596354166666667 0.9557291666666666 0.45703125 0.8515625 0.4544270833333333 0.8346354166666666 0.46484375 0.8229166666666666 0.4778645833333333 0.8125 0.4986979166666667 0.8072916666666666 0.515625 0.8059895833333334 0.53125 0.8033854166666666 0.5364583333333334 0.8033854166666666 0.5703125 0.8059895833333334 0.5755208333333334 0.8072916666666666 0.5885416666666666 0.8046875 0.5924479166666666 0.80078125 0.5729166666666666 0.80078125 0.5390625 0.80859375 0.4986979166666667 0.8203125 0.4739583333333333 0.8346354166666666 0.45703125 0.84375 0.4518229166666667 0.8515625 0.44921875 0.89453125 0.44921875
2 0.4739583333333333 0.2734375 0.4752604166666667 0.28515625 0.4778645833333333 0.2877604166666667 0.4752604166666667 0.3216145833333333 0.4752604166666667 0.5403645833333334 0.4713541666666667 0.7265625 0.46875 0.7252604166666666 0.4739583333333333 0.2747395833333333
3 0.4739583333333333 0.25 0.4791666666666667 0.2682291666666667 0.4778645833333333 0.296875 0.4739583333333333 0.2942708333333333 0.47265625 0.2903645833333333 0.4713541666666667 0.2734375 0.4635416666666667 0.265625 0.4635416666666667 0.2578125 0.4739583333333333 0.2513020833333333
3 0.5234375 0.7760416666666666 0.5260416666666666 0.7760416666666666 0.52734375 0.7799479166666666 0.5325520833333334 0.78125 0.53515625 0.7877604166666666 0.5403645833333334 0.7838541666666666 0.5403645833333334 0.7903645833333334 0.5364583333333334 0.7955729166666666 0.5325520833333334 0.8111979166666666 0.5169270833333334 0.796875 0.5234375 0.79296875 0.5234375 0.77734375
3 0.4635416666666667 0.51953125 0.4674479166666667 0.5325520833333334 0.46875 0.5572916666666666 0.4661458333333333 0.5572916666666666 0.4609375 0.5494791666666666 0.4583333333333333 0.5260416666666666 0.4596354166666667 0.5208333333333334 0.4622395833333333 0.51953125
3 0.5364583333333334 0.703125 0.5299479166666666 0.6953125 0.5247395833333334 0.6731770833333334 0.5299479166666666 0.6640625 0.5338541666666666 0.6640625 0.5364583333333334 0.6666666666666666 0.5364583333333334 0.7018229166666666
3 0.8138020833333334 0.58984375 0.8190104166666666 0.59375 0.8203125 0.59765625 0.8177083333333334 0.6184895833333334 0.8138020833333334 0.6263020833333334 0.8111979166666666 0.6263020833333334 0.8072916666666666 0.6119791666666666 0.8020833333333334 0.6028645833333334 0.8033854166666666 0.5950520833333334 0.80859375 0.58984375 0.8125 0.58984375
3 0.125 0.4661458333333333 0.13151041666666666 0.4713541666666667 0.13020833333333334 0.4830729166666667 0.11979166666666667 0.4817708333333333 0.1171875 0.4778645833333333 0.1171875 0.4674479166666667 0.12369791666666667 0.4661458333333333
3 0.5677083333333334 0.4557291666666667 0.5638020833333334 0.4505208333333333 0.5638020833333334 0.4453125 0.5690104166666666 0.4348958333333333 0.5716145833333334 0.43359375 0.5729166666666666 0.4427083333333333 0.5716145833333334 0.453125 0.5690104166666666 0.4544270833333333
3 0.4700520833333333 0.7265625 0.47265625 0.7356770833333334 0.4700520833333333 0.7513020833333334 0.4674479166666667 0.7513020833333334 0.4674479166666667 0.7486979166666666 0.45703125 0.7356770833333334 0.4609375 0.7291666666666666 0.46875 0.7265625
3 0.41562499999999997 0.8208333333333333 0.41328125 0.8236111106770833 0.41640625000000003 0.8361111106770833 0.425 0.8527777773437499 0.425 0.8250000000000001 0.41562499999999997 0.8208333333333333
3 0.31328125 0.8250000000000001 0.31484375000000003 0.8138888893229167 0.30859375 0.8111111106770833 0.30703125000000003 0.8236111106770833 0.31328125 0.8250000000000001
3 0.43359375 0.44166666666666665 0.42734374999999997 0.44166666666666665 0.425 0.44722222265624995 0.4265625 0.4611111106770833 0.43203125000000003 0.46249999999999997 0.43515624999999997 0.4569444440104167 0.43359375 0.44166666666666665
3 0.26171875 0.25416666666666665 0.2609375 0.26527777734374997 0.26875 0.27777777734375003 0.27187500000000003 0.27638888932291666 0.27499999999999997 0.26666666666666666 0.26171875 0.25416666666666665