1 0.16093749999999998 0.8888888893229167 0.16328125000000002 0.8930555559895833 0.165625 0.8944444440104166 0.165625 0.8888888893229167 0.16328125000000002 0.88472222265625 0.16171875 0.88472222265625 0.16093749999999998 0.8861111106770833 0.16093749999999998 0.8888888893229167
0 0.9986979166666666 0.4231770833333333 0.9986979166666666 0.4283854166666667 0.91015625 0.4309895833333333 0.8971354166666666 0.4361979166666667 0.8776041666666666 0.45703125 0.8671875 0.4791666666666667 0.8671875 0.484375 0.8619791666666666 0.4973958333333333 0.8619791666666666 0.5104166666666666 0.859375 0.5169270833333334 0.859375 0.5494791666666666 0.8619791666666666 0.5546875 0.86328125 0.5716145833333334 0.87109375 0.59375 0.87890625 0.6080729166666666 0.8997395833333334 0.6302083333333334 0.9075520833333334 0.6328125 0.9986979166666666 0.6302083333333334 0.9986979166666666 0.6354166666666666 0.953125 0.6380208333333334 0.90625 0.6380208333333334 0.8893229166666666 0.62890625 0.8763020833333334 0.61328125 0.86328125 0.5846354166666666 0.8567708333333334 0.5520833333333334 0.8567708333333334 0.5130208333333334 0.859375 0.49609375 0.8645833333333334 0.4752604166666667 0.8723958333333334 0.4609375 0.8723958333333334 0.45703125 0.88671875 0.4375 0.89453125 0.4309895833333333 0.9088541666666666 0.42578125 0.921875 0.4244791666666667 0.9973958333333334 0.4231770833333333
0 0.1484375 0.45703125 0.16276041666666666 0.4661458333333333 0.171875 0.4752604166666667 0.18229166666666666 0.4934895833333333 0.19140625 0.5208333333333334 0.1953125 0.5481770833333334 0.1953125 0.5729166666666666 0.19401041666666666 0.58984375 0.18359375 0.6276041666666666 0.171875 0.64453125 0.17057291666666666 0.6497395833333334 0.15234375 0.6640625 0.125 0.6692708333333334 0.09244791666666667 0.6692708333333334 0.04296875 0.6731770833333334 0.028645833333333332 0.671875 0.028645833333333332 0.6692708333333334 0.03125 0.6692708333333334 0.032552083333333336 0.6666666666666666 0.05078125 0.6666666666666666 0.052083333333333336 0.6692708333333334 0.055989583333333336 0.6640625 0.13932291666666666 0.6627604166666666 0.15625 0.65625 0.17317708333333334 0.6380208333333334 0.1875 0.60546875 0.19140625 0.5885416666666666 0.19140625 0.53515625 0.1875 0.5169270833333334 0.18098958333333334 0.50390625 0.1796875 0.49609375 0.16927083333333334 0.4791666666666667 0.15885416666666666 0.46875 0.14973958333333334 0.4635416666666667 0.14322916666666666 0.4609375 0.12760416666666666 0.4609375 0.09765625 0.4635416666666667 0.028645833333333332 0.46484375 0.02734375 0.4583333333333333 0.13541666666666666 0.4544270833333333 0.14713541666666666 0.45703125
2 0.5208333333333334 0.1328125 0.5234375 0.16015625 0.5260416666666666 0.5716145833333334 0.5286458333333334 0.62890625 0.52734375 0.7122395833333334 0.53125 0.859375 0.53125 0.9609375 0.5286458333333334 0.9609375 0.52734375 0.9466145833333334 0.5286458333333334 0.88671875 0.5234375 0.6315104166666666 0.51953125 0.171875 0.5208333333333334 0.13411458333333334
3 0.14973958333333334 0.55859375 0.15104166666666666 0.5611979166666666 0.14583333333333334 0.5598958333333334 0.14322916666666666 0.5638020833333334 0.14192708333333334 0.5611979166666666 0.13151041666666666 0.5559895833333334 0.1328125 0.5494791666666666 0.13932291666666666 0.5455729166666666 0.14192708333333334 0.5403645833333334 0.14453125 0.5416666666666666 0.14583333333333334 0.5546875 0.1484375 0.55859375
3 0.33203125 0.4830729166666667 0.3372395833333333 0.4908854166666667 0.3359375 0.5078125 0.3294270833333333 0.5078125 0.3255208333333333 0.5026041666666666 0.3255208333333333 0.4869791666666667 0.3307291666666667 0.4830729166666667
3 0.240234375 0.74609375 0.016276041666666668 0.024739583333333332
3 0.140625 0.8841145833333334 0.14322916666666666 0.8932291666666666 0.14322916666666666 0.9049479166666666 0.13541666666666666 0.90625 0.13020833333333334 0.9049479166666666 0.12890625 0.8997395833333334 0.13020833333333334 0.89453125 0.13932291666666666 0.8841145833333334
3 0.4993489583333333 0.611328125 0.008463541666666666 0.022135416666666668
3 0.15364583333333334 0.9309895833333334 0.15625 0.9309895833333334 0.15625 0.93359375 0.15494791666666666 0.9466145833333334 0.15104166666666666 0.95703125 0.14583333333333334 0.9557291666666666 0.14322916666666666 0.9505208333333334 0.14453125 0.9427083333333334 0.15364583333333334 0.9322916666666666
3 0.048177083333333336 0.625 0.061197916666666664 0.625 0.061197916666666664 0.6302083333333334 0.0546875 0.6380208333333334 0.045572916666666664 0.6419270833333334 0.040364583333333336 0.640625 0.0390625 0.6341145833333334 0.048177083333333336 0.6263020833333334
3 0.8359375 0.4778645833333333 0.8463541666666666 0.4791666666666667 0.8489583333333334 0.484375 0.84765625 0.4934895833333333 0.83984375 0.4934895833333333 0.8359375 0.4908854166666667 0.8359375 0.4791666666666667
3 0.4015625 0.775 0.40546875 0.75972222265625 0.40234375 0.74722222265625 0.3984375 0.7458333333333332 0.39765625 0.7611111106770833 0.4015625 0.775
3 0.61328125 0.24722222265625002 0.6109375 0.23888888932291666 0.60546875 0.24166666666666667 0.603125 0.2611111106770833 0.61328125 0.24722222265625002
3 0.2827546875 0.5636222226562501 0.28797578125 0.5628486106770834 0.29167421875 0.5655541666666667 0.29602578125 0.56130277734375 0.29482890624999997 0.5522194440104167 0.28928125 0.5508666666666667 0.28253671875 0.5531861106770833 0.2827546875 0.5636222226562501
3 0.28144921875 0.5636222226562501 0.28340703125 0.55125277734375 0.2775328125 0.5520263893229167 0.2747046875 0.5547319440104167 0.27688046875 0.5620763893229167 0.28144921875 0.5636222226562501