1 0.46718750000000003 0.5208333333333334 0.46796875 0.5208333333333334 0.47031249999999997 0.5180555559895833 0.47031249999999997 0.51527777734375 0.46718750000000003 0.5125000000000001 0.465625 0.51527777734375 0.465625 0.5180555559895833 0.46718750000000003 0.5208333333333334
0 0 0.4244791666666667 0.09114583333333333 0.42578125 0.10286458333333333 0.4270833333333333 0.11197916666666667 0.4309895833333333 0.13411458333333334 0.4544270833333333 0.14583333333333334 0.484375 0.15104166666666666 0.5130208333333334 0.15104166666666666 0.5520833333333334 0.14713541666666666 0.5755208333333334 0.14322916666666666 0.5833333333333334 0.14192708333333334 0.5924479166666666 0.13411458333333334 0.6080729166666666 0.1171875 0.62890625 0.10026041666666667 0.63671875 0 0.6341145833333334 0 0.62890625 0.10677083333333333 0.62890625 0.109375 0.625 0.11979166666666667 0.6184895833333334 0.13541666666666666 0.5950520833333334 0.14322916666666666 0.57421875 0.1484375 0.546875 0.14713541666666666 0.5065104166666666 0.13932291666666666 0.4765625 0.12760416666666666 0.453125 0.109375 0.4361979166666667 0.10026041666666667 0.4322916666666667 0.0625 0.4322916666666667 0.033854166666666664 0.4296875 0 0.4309895833333333 0 0.42578125
0 0.8736979166666666 0.4518229166666667 0.9583333333333334 0.4544270833333333 0.97265625 0.4557291666666667 0.97265625 0.4596354166666667 0.9127604166666666 0.4609375 0.875 0.4596354166666667 0.8736979166666666 0.45703125 0.8606770833333334 0.45703125 0.859375 0.4596354166666667 0.84765625 0.4622395833333333 0.8294270833333334 0.4778645833333333 0.8177083333333334 0.4986979166666667 0.8177083333333334 0.50390625 0.8111979166666666 0.5182291666666666 0.8072916666666666 0.5442708333333334 0.8072916666666666 0.5729166666666666 0.8098958333333334 0.5807291666666666 0.8098958333333334 0.5911458333333334 0.8177083333333334 0.6158854166666666 0.8268229166666666 0.6328125 0.8385416666666666 0.6471354166666666 0.84765625 0.6536458333333334 0.8580729166666666 0.6575520833333334 0.9674479166666666 0.6614583333333334 0.9674479166666666 0.6653645833333334 0.875 0.6640625 0.8528645833333334 0.6614583333333334 0.8359375 0.65234375 0.8177083333333334 0.6263020833333334 0.8111979166666666 0.609375 0.8111979166666666 0.6028645833333334 0.80859375 0.6002604166666666 0.8046875 0.57421875 0.8046875 0.546875 0.80859375 0.515625 0.81640625 0.4921875 0.828125 0.4713541666666667 0.8489583333333334 0.4544270833333333 0.8723958333333334 0.4518229166666667
2 0.4778645833333333 0.47265625 0.4778645833333333 0.4830729166666667 0.48046875 0.4908854166666667 0.4765625 0.75 0.4778645833333333 0.7734375 0.4752604166666667 0.9505208333333334 0.47265625 0.953125 0.4713541666666667 0.9322916666666666 0.4778645833333333 0.4739583333333333
3 0.51171875 0.7122395833333334 0.5143229166666666 0.71484375 0.515625 0.7239583333333334 0.5130208333333334 0.7330729166666666 0.5091145833333334 0.7317708333333334 0.5078125 0.7200520833333334 0.51171875 0.7135416666666666
3 0.5618489583333334 0.5631510416666666 0.008463541666666666 0.014973958333333334
3 0.5364583333333334 0.2740885416666667 0.010416666666666666 0.0234375
3 0.5 0.6197916666666666 0.5052083333333334 0.62109375 0.5065104166666666 0.6302083333333334 0.5052083333333334 0.63671875 0.5026041666666666 0.6393229166666666 0.5 0.6380208333333334 0.5 0.62109375
3 0.421875 0.5833333333333334 0.42578125 0.59375 0.42578125 0.5989583333333334 0.4231770833333333 0.6015625 0.41796875 0.5963541666666666 0.41796875 0.5872395833333334 0.421875 0.5846354166666666
3 0.4401041666666667 0.40625 0.4427083333333333 0.4088541666666667 0.4427083333333333 0.4192708333333333 0.4401041666666667 0.421875 0.43359375 0.4127604166666667 0.43359375 0.4075520833333333 0.4388020833333333 0.40625
3 0.3658854166666667 0.33984375 0.3606770833333333 0.33203125 0.3606770833333333 0.3268229166666667 0.36328125 0.3229166666666667 0.3671875 0.3229166666666667 0.3723958333333333 0.3307291666666667 0.3697916666666667 0.3385416666666667 0.3671875 0.33984375
3 0.4049479166666667 0.76953125 0.4088541666666667 0.7747395833333334 0.4075520833333333 0.78515625 0.4049479166666667 0.7890625 0.3984375 0.7825520833333334 0.3971354166666667 0.77734375 0.3984375 0.7708333333333334 0.4036458333333333 0.76953125
3 0.4609375 0.23828125 0.4635416666666667 0.2578125 0.4596354166666667 0.26171875 0.45703125 0.26171875 0.4518229166666667 0.24479166666666666 0.453125 0.23958333333333334 0.4596354166666667 0.23828125
3 0.6614583333333334 0.56640625 0.6653645833333334 0.5833333333333334 0.6627604166666666 0.59765625 0.6588541666666666 0.5989583333333334 0.65625 0.5963541666666666 0.65625 0.5768229166666666 0.66015625 0.5729166666666666 0.66015625 0.5677083333333334
3 0.5221354166666666 0.4622395833333333 0.5247395833333334 0.4635416666666667 0.5247395833333334 0.4817708333333333 0.5221354166666666 0.4830729166666667 0.51953125 0.4778645833333333 0.5208333333333334 0.4635416666666667
3 0.471875 0.4430555559895833 0.47109375000000003 0.45277777734375 0.47421874999999997 0.4611111106770833 0.484375 0.45972222265625 0.48125 0.44027777734375 0.471875 0.4430555559895833