1 0.540625 0.4319444440104167 0.54140625 0.43055555598958334 0.54140625 0.425 0.540625 0.4236111106770833 0.5390625 0.4236111106770833 0.5375 0.42638888932291663 0.5375 0.43055555598958334 0.5382812499999999 0.4319444440104167 0.540625 0.4319444440104167
0 0 0.4153645833333333 0.06380208333333333 0.4166666666666667 0.06510416666666667 0.4192708333333333 0.06770833333333333 0.4166666666666667 0.06901041666666667 0.4192708333333333 0.09244791666666667 0.4192708333333333 0.10807291666666667 0.4244791666666667 0.12239583333333333 0.4375 0.13411458333333334 0.4557291666666667 0.14192708333333334 0.4791666666666667 0.14713541666666666 0.5104166666666666 0.14583333333333334 0.5559895833333334 0.14322916666666666 0.5598958333333334 0.14322916666666666 0.5677083333333334 0.13932291666666666 0.5768229166666666 0.13802083333333334 0.5872395833333334 0.12760416666666666 0.6067708333333334 0.11328125 0.6223958333333334 0.109375 0.6236979166666666 0.10677083333333333 0.6276041666666666 0.09635416666666667 0.6315104166666666 0.041666666666666664 0.6315104166666666 0 0.62890625 0 0.6223958333333334 0.09635416666666667 0.625 0.10546875 0.62109375 0.11588541666666667 0.61328125 0.13151041666666666 0.58984375 0.13932291666666666 0.5677083333333334 0.14322916666666666 0.5481770833333334 0.14322916666666666 0.50390625 0.13932291666666666 0.4830729166666667 0.13671875 0.48046875 0.13541666666666666 0.4713541666666667 0.12760416666666666 0.4544270833333333 0.11197916666666667 0.43359375 0.09114583333333333 0.4244791666666667 0.0026041666666666665 0.421875 0 0.4205729166666667 0 0.4166666666666667
0 0.83203125 0.640625 0.82421875 0.62890625 0.82421875 0.625 0.81640625 0.6106770833333334 0.80859375 0.5716145833333334 0.80859375 0.5390625 0.8111979166666666 0.53125 0.8125 0.5130208333333334 0.8190104166666666 0.4921875 0.8307291666666666 0.4700520833333333 0.84375 0.4557291666666667 0.8567708333333334 0.44921875 0.8658854166666666 0.4479166666666667 0.9635416666666666 0.4505208333333333 0.9778645833333334 0.4518229166666667 0.9778645833333334 0.4557291666666667 0.9635416666666666 0.45703125 0.8619791666666666 0.453125 0.8528645833333334 0.45703125 0.8346354166666666 0.47265625 0.8229166666666666 0.4921875 0.8216145833333334 0.5013020833333334 0.8151041666666666 0.5130208333333334 0.8138020833333334 0.53125 0.8111979166666666 0.5377604166666666 0.8111979166666666 0.5690104166666666 0.8151041666666666 0.59375 0.8294270833333334 0.62890625 0.8463541666666666 0.6484375 0.859375 0.6549479166666666 0.9596354166666666 0.6588541666666666 0.9739583333333334 0.66015625 0.9752604166666666 0.6627604166666666 0.9309895833333334 0.6640625 0.9127604166666666 0.6614583333333334 0.8671875 0.6614583333333334 0.84765625 0.6549479166666666 0.83984375 0.6497395833333334 0.8333333333333334 0.640625
2 0.48046875 0.125 0.4830729166666667 0.125 0.4817708333333333 0.46484375 0.4791666666666667 0.5 0.4817708333333333 0.5572916666666666 0.4791666666666667 0.55859375 0.4791666666666667 0.5494791666666666 0.4752604166666667 0.5364583333333334 0.4791666666666667 0.3880208333333333 0.48046875 0.12630208333333334
3 0.3971354166666667 0.5572916666666666 0.3997395833333333 0.5598958333333334 0.4010416666666667 0.5690104166666666 0.3997395833333333 0.5794270833333334 0.3932291666666667 0.5768229166666666 0.3932291666666667 0.5651041666666666 0.3958333333333333 0.55859375
3 0.4635416666666667 0.546875 0.4596354166666667 0.53515625 0.4609375 0.5260416666666666 0.4635416666666667 0.5234375 0.4674479166666667 0.5234375 0.4713541666666667 0.5299479166666666 0.4713541666666667 0.5455729166666666 0.4700520833333333 0.5481770833333334 0.46484375 0.546875
3 0.5234375 0.22526041666666666 0.5299479166666666 0.22526041666666666 0.5325520833333334 0.23177083333333334 0.5299479166666666 0.24609375 0.5260416666666666 0.24739583333333334 0.5234375 0.2421875 0.5234375 0.2265625
3 0.2799479166666667 0.7057291666666666 0.2825520833333333 0.7083333333333334 0.2825520833333333 0.7135416666666666 0.2864583333333333 0.7174479166666666 0.2825520833333333 0.7278645833333334 0.27734375 0.7278645833333334 0.2734375 0.72265625 0.2734375 0.7174479166666666 0.2786458333333333 0.70703125
3 0.48828125 0.7669270833333334 0.48046875 0.7578125 0.4830729166666667 0.75 0.4856770833333333 0.7473958333333334 0.4895833333333333 0.7473958333333334 0.4908854166666667 0.75 0.4895833333333333 0.765625
3 0.3658854166666667 0.24739583333333334 0.3658854166666667 0.2526041666666667 0.3697916666666667 0.2565104166666667 0.3684895833333333 0.26953125 0.3658854166666667 0.26953125 0.359375 0.2630208333333333 0.3645833333333333 0.24869791666666666
3 0.4283854166666667 0.5833333333333334 0.4322916666666667 0.5833333333333334 0.4348958333333333 0.5872395833333334 0.4348958333333333 0.59765625 0.4322916666666667 0.6002604166666666 0.42578125 0.5924479166666666 0.4283854166666667 0.5846354166666666
3 0.5859375 0.4322916666666667 0.5885416666666666 0.4322916666666667 0.58984375 0.4361979166666667 0.58984375 0.4505208333333333 0.5872395833333334 0.4544270833333333 0.58203125 0.453125 0.5859375 0.43359375
3 0.5833333333333334 0.6901041666666666 0.5859375 0.6927083333333334 0.5846354166666666 0.7096354166666666 0.5807291666666666 0.7096354166666666 0.5729166666666666 0.6966145833333334 0.57421875 0.69140625 0.58203125 0.6901041666666666
3 0.18619791666666666 0.56640625 0.19401041666666666 0.5768229166666666 0.19270833333333334 0.58203125 0.18229166666666666 0.58203125 0.1796875 0.5794270833333334 0.1796875 0.5677083333333334 0.18489583333333334 0.56640625
3 0.5052083333333334 0.4055989583333333 0.011067708333333334 0.024739583333333332
3 0.4518229166666667 0.8372395833333334 0.4544270833333333 0.8463541666666666 0.4544270833333333 0.8606770833333334 0.4518229166666667 0.8619791666666666 0.4466145833333333 0.8567708333333334 0.4466145833333333 0.8463541666666666 0.4518229166666667 0.8385416666666666