1 0.509375 0.5444444440104167 0.5109374999999999 0.54722222265625 0.51328125 0.54722222265625 0.5140625 0.5430555559895833 0.51328125 0.54027777734375 0.51171875 0.5388888893229167 0.509375 0.5416666666666666 0.509375 0.5444444440104167
0 0.9986979166666666 0.4322916666666667 0.9986979166666666 0.4388020833333333 0.9895833333333334 0.4401041666666667 0.90625 0.44140625 0.8971354166666666 0.4440104166666667 0.8880208333333334 0.44921875 0.87890625 0.4583333333333333 0.8671875 0.4765625 0.8658854166666666 0.484375 0.859375 0.4973958333333333 0.8541666666666666 0.5364583333333334 0.85546875 0.5611979166666666 0.86328125 0.5950520833333334 0.87109375 0.6119791666666666 0.8828125 0.625 0.8828125 0.6276041666666666 0.8919270833333334 0.6354166666666666 0.90625 0.640625 0.9544270833333334 0.6380208333333334 0.98046875 0.6393229166666666 0.9986979166666666 0.63671875 0.9986979166666666 0.6432291666666666 0.9375 0.64453125 0.9361979166666666 0.6471354166666666 0.9036458333333334 0.6471354166666666 0.90234375 0.64453125 0.890625 0.640625 0.875 0.6263020833333334 0.8645833333333334 0.609375 0.859375 0.5911458333333334 0.8567708333333334 0.5885416666666666 0.8515625 0.5572916666666666 0.8515625 0.5260416666666666 0.8567708333333334 0.4947916666666667 0.86328125 0.4752604166666667 0.875 0.4557291666666667 0.89453125 0.4375 0.9153645833333334 0.43359375 0.9973958333333334 0.4322916666666667
0 0.14713541666666666 0.4622395833333333 0.16796875 0.4752604166666667 0.18229166666666666 0.4973958333333333 0.19010416666666666 0.51953125 0.19401041666666666 0.5416666666666666 0.1953125 0.5716145833333334 0.19401041666666666 0.5924479166666666 0.18619791666666666 0.6263020833333334 0.17057291666666666 0.6536458333333334 0.16276041666666666 0.6614583333333334 0.15364583333333334 0.6653645833333334 0.15104166666666666 0.6692708333333334 0.13541666666666666 0.6731770833333334 0.0625 0.67578125 0.03125 0.67578125 0.029947916666666668 0.671875 0.05078125 0.671875 0.06640625 0.6692708333333334 0.07421875 0.6705729166666666 0.08333333333333333 0.6692708333333334 0.08463541666666667 0.6666666666666666 0.13932291666666666 0.6666666666666666 0.15104166666666666 0.6627604166666666 0.16927083333333334 0.6471354166666666 0.18359375 0.62109375 0.19140625 0.58984375 0.19140625 0.5455729166666666 0.18880208333333334 0.5286458333333334 0.18489583333333334 0.5143229166666666 0.17317708333333334 0.4908854166666667 0.15885416666666666 0.4739583333333333 0.14713541666666666 0.4674479166666667 0.11848958333333333 0.4661458333333333 0.028645833333333332 0.46875 0.02734375 0.46484375 0.1015625 0.4609375 0.14583333333333334 0.4622395833333333
2 0.5208333333333334 0.140625 0.5234375 0.2825520833333333 0.5221354166666666 0.39453125 0.5247395833333334 0.4583333333333333 0.5247395833333334 0.5924479166666666 0.52734375 0.6432291666666666 0.52734375 0.8385416666666666 0.5247395833333334 0.8385416666666666 0.5234375 0.6302083333333334 0.5208333333333334 0.5611979166666666 0.51953125 0.14192708333333334
3 0.3671875 0.24088541666666666 0.3697916666666667 0.24479166666666666 0.3671875 0.2643229166666667 0.3645833333333333 0.2643229166666667 0.3606770833333333 0.2552083333333333 0.3619791666666667 0.24348958333333334 0.3658854166666667 0.24088541666666666
3 0.359375 0.53515625 0.3658854166666667 0.5390625 0.3658854166666667 0.5442708333333334 0.3619791666666667 0.5520833333333334 0.3567708333333333 0.5520833333333334 0.3541666666666667 0.5442708333333334 0.35546875 0.5364583333333334 0.3580729166666667 0.53515625
3 0.4973958333333333 0.3020833333333333 0.5 0.3020833333333333 0.5013020833333334 0.3059895833333333 0.5013020833333334 0.31640625 0.4973958333333333 0.3216145833333333 0.4934895833333333 0.3138020833333333 0.4973958333333333 0.3033854166666667
3 0.5143229166666666 0.3841145833333333 0.515625 0.3971354166666667 0.5104166666666666 0.40625 0.50390625 0.4049479166666667 0.50390625 0.390625 0.5091145833333334 0.3841145833333333 0.5130208333333334 0.3841145833333333
3 0.41796875 0.6380208333333334 0.4192708333333333 0.6184895833333334 0.4231770833333333 0.6184895833333334 0.4244791666666667 0.625 0.4244791666666667 0.63671875 0.4205729166666667 0.6393229166666666 0.4192708333333333 0.6380208333333334
3 0.5520833333333334 0.23958333333333334 0.5546875 0.2421875 0.5546875 0.2513020833333333 0.55078125 0.2578125 0.5481770833333334 0.2578125 0.546875 0.2552083333333333 0.546875 0.24348958333333334 0.55078125 0.23958333333333334
3 0.5703125 0.5182291666666666 0.5729166666666666 0.51953125 0.5755208333333334 0.5286458333333334 0.57421875 0.5403645833333334 0.5729166666666666 0.54296875 0.5703125 0.54296875 0.5677083333333334 0.5364583333333334 0.5703125 0.51953125
3 0.6041666666666666 0.3372395833333333 0.6067708333333334 0.3411458333333333 0.6067708333333334 0.34765625 0.6015625 0.3580729166666667 0.59765625 0.3567708333333333 0.5963541666666666 0.3424479166666667 0.5989583333333334 0.3372395833333333 0.6028645833333334 0.3372395833333333
3 0.24479166666666666 0.53125 0.24869791666666666 0.5442708333333334 0.24479166666666666 0.5520833333333334 0.24088541666666666 0.5533854166666666 0.23567708333333334 0.5481770833333334 0.23567708333333334 0.5390625 0.23828125 0.5338541666666666 0.24348958333333334 0.53125
3 0.55859375 0.4427083333333333 0.5611979166666666 0.4427083333333333 0.5625 0.4479166666666667 0.56640625 0.44921875 0.5651041666666666 0.4596354166666667 0.5598958333333334 0.46484375 0.5559895833333334 0.46484375 0.5520833333333334 0.45703125 0.5520833333333334 0.4505208333333333 0.55859375 0.4440104166666667
3 0.5247395833333334 0.8385416666666666 0.52734375 0.8450520833333334 0.5260416666666666 0.85546875 0.5208333333333334 0.85546875 0.5169270833333334 0.8489583333333334 0.5169270833333334 0.8450520833333334 0.5234375 0.83984375
3 0.47421874999999997 0.7097222226562501 0.47421874999999997 0.6958333333333333 0.46718750000000003 0.7000000000000001 0.47109375000000003 0.7097222226562501 0.47421874999999997 0.7097222226562501