1 0.58203125 0.6888888893229167 0.578125 0.6888888893229167 0.578125 0.69722222265625 0.5812499999999999 0.69722222265625 0.58203125 0.6888888893229167
0 0.9986979166666666 0.4114583333333333 0.9986979166666666 0.41796875 0.9309895833333334 0.4192708333333333 0.9114583333333334 0.4205729166666667 0.9036458333333334 0.4231770833333333 0.88671875 0.4375 0.875 0.4544270833333333 0.86328125 0.4921875 0.86328125 0.55078125 0.87109375 0.578125 0.8828125 0.6002604166666666 0.8958333333333334 0.6145833333333334 0.9114583333333334 0.6223958333333334 0.9986979166666666 0.6197916666666666 0.9986979166666666 0.6263020833333334 0.9596354166666666 0.6276041666666666 0.9088541666666666 0.6276041666666666 0.89453125 0.6197916666666666 0.8802083333333334 0.60546875 0.87890625 0.6002604166666666 0.8684895833333334 0.5846354166666666 0.8606770833333334 0.5533854166666666 0.859375 0.5065104166666666 0.8619791666666666 0.484375 0.8684895833333334 0.4609375 0.8763020833333334 0.4453125 0.8880208333333334 0.4283854166666667 0.9036458333333334 0.4166666666666667 0.9114583333333334 0.4140625 0.9973958333333334 0.4114583333333333
0 0.15234375 0.4466145833333333 0.16666666666666666 0.4557291666666667 0.17838541666666666 0.4700520833333333 0.18619791666666666 0.4856770833333333 0.19401041666666666 0.5091145833333334 0.19791666666666666 0.5377604166666666 0.19791666666666666 0.5690104166666666 0.19010416666666666 0.6067708333333334 0.17447916666666666 0.63671875 0.15625 0.65234375 0.13671875 0.6575520833333334 0.07421875 0.66015625 0.03515625 0.66015625 0.032552083333333336 0.6588541666666666 0.033854166666666664 0.65625 0.14713541666666666 0.6510416666666666 0.16015625 0.6432291666666666 0.17317708333333334 0.6302083333333334 0.18489583333333334 0.6106770833333334 0.19270833333333334 0.58203125 0.1953125 0.5559895833333334 0.19140625 0.5130208333333334 0.1875 0.4986979166666667 0.17578125 0.4739583333333333 0.15494791666666666 0.453125 0.14713541666666666 0.4505208333333333 0.03125 0.453125 0.029947916666666668 0.4505208333333333 0.032552083333333336 0.4479166666666667 0.059895833333333336 0.4466145833333333 0.15104166666666666 0.4466145833333333
2 0.5247395833333334 0.265625 0.52734375 0.28515625 0.5260416666666666 0.3984375 0.53125 0.7122395833333334 0.53125 0.8619791666666666 0.5286458333333334 0.8606770833333334 0.52734375 0.6223958333333334 0.5247395833333334 0.6197916666666666 0.5247395833333334 0.2669270833333333
3 0.7513020833333334 0.4700520833333333 0.7643229166666666 0.4700520833333333 0.76953125 0.4778645833333333 0.7682291666666666 0.4830729166666667 0.7591145833333334 0.4830729166666667 0.75390625 0.4856770833333333 0.7513020833333334 0.48046875 0.7513020833333334 0.4713541666666667
3 0.3880208333333333 0.51953125 0.39453125 0.5208333333333334 0.3932291666666667 0.5364583333333334 0.3880208333333333 0.53515625 0.3880208333333333 0.5208333333333334
3 0.7057291666666666 0.8294270833333334 0.7057291666666666 0.8463541666666666 0.7005208333333334 0.8450520833333334 0.6966145833333334 0.8385416666666666 0.6953125 0.8307291666666666 0.6953125 0.828125 0.7044270833333334 0.8294270833333334
3 0.4674479166666667 0.65625 0.4700520833333333 0.6575520833333334 0.4700520833333333 0.671875 0.4661458333333333 0.6770833333333334 0.4622395833333333 0.6744791666666666 0.4622395833333333 0.6575520833333334 0.4661458333333333 0.65625
3 0.5807291666666666 0.6380208333333334 0.5833333333333334 0.6393229166666666 0.5859375 0.6510416666666666 0.5846354166666666 0.6627604166666666 0.5807291666666666 0.6640625 0.5768229166666666 0.66015625 0.5755208333333334 0.6549479166666666 0.5807291666666666 0.6393229166666666
3 0.5286458333333334 0.24479166666666666 0.5338541666666666 0.24869791666666666 0.53515625 0.2526041666666667 0.5338541666666666 0.2721354166666667 0.53125 0.2734375 0.5234375 0.2682291666666667 0.5234375 0.25 0.52734375 0.24609375
3 0.5130208333333334 0.8450520833333334 0.5182291666666666 0.8541666666666666 0.5182291666666666 0.8658854166666666 0.5143229166666666 0.8736979166666666 0.5091145833333334 0.8763020833333334 0.5078125 0.8658854166666666 0.5130208333333334 0.8463541666666666
3 0.7330729166666666 0.3815104166666667 0.734375 0.3932291666666667 0.73046875 0.39453125 0.7265625 0.3997395833333333 0.7239583333333334 0.3971354166666667 0.7213541666666666 0.38671875 0.72265625 0.3841145833333333 0.7317708333333334 0.3815104166666667
3 0.7604166666666666 0.23046875 0.7578125 0.2265625 0.7578125 0.22005208333333334 0.76171875 0.21354166666666666 0.76171875 0.20833333333333334 0.7669270833333334 0.20182291666666666 0.76953125 0.203125 0.7721354166666666 0.2109375 0.7682291666666666 0.22395833333333334 0.765625 0.22526041666666666 0.7643229166666666 0.23046875 0.76171875 0.23046875
3 0.9361979166666666 0.5065104166666666 0.9401041666666666 0.5130208333333334 0.9361979166666666 0.5247395833333334 0.9309895833333334 0.5247395833333334 0.9270833333333334 0.5221354166666666 0.921875 0.5247395833333334 0.9192708333333334 0.5182291666666666 0.9231770833333334 0.51171875 0.9296875 0.5104166666666666 0.9348958333333334 0.5065104166666666
3 0.2109375 0.5364583333333334 0.21614583333333334 0.5364583333333334 0.21875 0.54296875 0.2265625 0.546875 0.2265625 0.55078125 0.22135416666666666 0.5546875 0.21744791666666666 0.5572916666666666 0.21223958333333334 0.5572916666666666 0.20703125 0.5494791666666666 0.20833333333333334 0.5403645833333334 0.2109375 0.5377604166666666
3 0.44140625 0.3059895833333333 0.4453125 0.3098958333333333 0.4453125 0.32421875 0.44140625 0.3268229166666667 0.4375 0.3216145833333333 0.4401041666666667 0.3072916666666667