1 0.38018749999999996 0.72607777734375 0.37875 0.7293333333333334 0.37925000000000003 0.7338513893229166 0.38275 0.7337402773437499 0.3826875 0.7285208333333334 0.38018749999999996 0.72607777734375
0 0.01171875 0.4166666666666667 0.013020833333333334 0.4192708333333333 0.09244791666666667 0.4205729166666667 0.11458333333333333 0.4270833333333333 0.13020833333333334 0.4440104166666667 0.13802083333333334 0.45703125 0.14583333333333334 0.4791666666666667 0.15104166666666666 0.51171875 0.14973958333333334 0.5572916666666666 0.14192708333333334 0.5872395833333334 0.13020833333333334 0.609375 0.11197916666666667 0.6276041666666666 0.10286458333333333 0.6315104166666666 0 0.62890625 0 0.6223958333333334 0.09895833333333333 0.625 0.11197916666666667 0.6197916666666666 0.125 0.6067708333333334 0.13671875 0.5872395833333334 0.14713541666666666 0.5520833333333334 0.1484375 0.5299479166666666 0.14713541666666666 0.50390625 0.13932291666666666 0.4713541666666667 0.125 0.4453125 0.11458333333333333 0.4348958333333333 0.10677083333333333 0.4296875 0.09114583333333333 0.42578125 0 0.4231770833333333 0 0.4192708333333333 0.01171875 0.41796875
0 0.8880208333333334 0.4479166666666667 0.9674479166666666 0.4505208333333333 0.9752604166666666 0.453125 0.9739583333333334 0.4557291666666667 0.9661458333333334 0.45703125 0.8580729166666666 0.453125 0.8424479166666666 0.4622395833333333 0.8268229166666666 0.4791666666666667 0.8190104166666666 0.4947916666666667 0.8111979166666666 0.51953125 0.80859375 0.5559895833333334 0.8098958333333334 0.5768229166666666 0.8177083333333334 0.609375 0.8307291666666666 0.6328125 0.8463541666666666 0.6484375 0.8580729166666666 0.6536458333333334 0.9674479166666666 0.6575520833333334 0.9713541666666666 0.66015625 0.9674479166666666 0.6627604166666666 0.8736979166666666 0.66015625 0.8541666666666666 0.6575520833333334 0.8359375 0.6471354166666666 0.81640625 0.6171875 0.80859375 0.58984375 0.8059895833333334 0.5638020833333334 0.8072916666666666 0.52734375 0.81640625 0.4908854166666667 0.8268229166666666 0.4713541666666667 0.8450520833333334 0.453125 0.859375 0.4479166666666667 0.88671875 0.4479166666666667
2 0.48046875 0.4830729166666667 0.48046875 0.5703125 0.4778645833333333 0.6223958333333334 0.4791666666666667 0.7135416666666666 0.4765625 0.7994791666666666 0.4778645833333333 0.8671875 0.4752604166666667 0.8893229166666666 0.4752604166666667 0.9466145833333334 0.4739583333333333 0.94921875 0.47265625 0.9479166666666666 0.4713541666666667 0.921875 0.4752604166666667 0.7747395833333334 0.4765625 0.640625 0.4739583333333333 0.6315104166666666 0.4765625 0.6276041666666666 0.4765625 0.4908854166666667 0.48046875 0.48828125 0.48046875 0.484375
3 0.546875 0.52734375 0.5494791666666666 0.52734375 0.5546875 0.53515625 0.5546875 0.5455729166666666 0.55078125 0.5494791666666666 0.546875 0.5390625 0.546875 0.5286458333333334
3 0.3776041666666667 0.7434895833333334 0.012369791666666666 0.034505208333333336
3 0.5091145833333334 0.28125 0.5026041666666666 0.2760416666666667 0.5065104166666666 0.2643229166666667 0.5065104166666666 0.2565104166666667 0.5091145833333334 0.2552083333333333 0.5143229166666666 0.2630208333333333 0.5130208333333334 0.27734375 0.5104166666666666 0.2799479166666667
3 0.48828125 0.6119791666666666 0.4908854166666667 0.6119791666666666 0.4934895833333333 0.6158854166666666 0.4934895833333333 0.6276041666666666 0.4921875 0.6302083333333334 0.48828125 0.6302083333333334 0.48828125 0.61328125
3 0.42578125 0.4401041666666667 0.4309895833333333 0.44140625 0.4361979166666667 0.4518229166666667 0.4361979166666667 0.4557291666666667 0.4296875 0.4596354166666667 0.42578125 0.4505208333333333 0.42578125 0.44140625
3 0.63671875 0.4895833333333333 0.640625 0.4947916666666667 0.640625 0.5052083333333334 0.6380208333333334 0.5091145833333334 0.6276041666666666 0.5065104166666666 0.6315104166666666 0.4934895833333333 0.6354166666666666 0.4895833333333333
3 0.38671875 0.5833333333333334 0.3919270833333333 0.58984375 0.3919270833333333 0.59765625 0.3854166666666667 0.6028645833333334 0.3828125 0.6015625 0.37890625 0.5924479166666666 0.3815104166666667 0.5833333333333334 0.3854166666666667 0.5833333333333334
3 0.328125 0.3658854166666667 0.3333333333333333 0.3671875 0.3385416666666667 0.3776041666666667 0.3385416666666667 0.3828125 0.3359375 0.3854166666666667 0.33203125 0.3841145833333333 0.33203125 0.3815104166666667 0.3268229166666667 0.3763020833333333 0.328125 0.3671875
3 0.4596354166666667 0.22916666666666666 0.4622395833333333 0.234375 0.4635416666666667 0.2526041666666667 0.4596354166666667 0.2552083333333333 0.45703125 0.2526041666666667 0.453125 0.24088541666666666 0.453125 0.23567708333333334 0.4596354166666667 0.23046875
3 0.4010416666666667 0.5481770833333334 0.4049479166666667 0.5494791666666666 0.4075520833333333 0.5533854166666666 0.4049479166666667 0.56640625 0.3971354166666667 0.55859375 0.3971354166666667 0.5494791666666666 0.3997395833333333 0.5494791666666666
3 0.46484375 0.67578125 0.4713541666666667 0.6770833333333334 0.4700520833333333 0.6953125 0.4674479166666667 0.6966145833333334 0.4635416666666667 0.6927083333333334 0.46484375 0.6770833333333334
3 0.47500000000000003 0.44027777734375 0.4734375 0.43888888932291664 0.47031249999999997 0.43888888932291664 0.46640624999999997 0.44166666666666665 0.46484375 0.44722222265624995 0.46484375 0.45416666666666666 0.46640624999999997 0.4569444440104167 0.46718750000000003 0.4569444440104167 0.46953125 0.4611111106770833 0.471875 0.46249999999999997 0.47578125 0.46249999999999997 0.47812499999999997 0.45972222265625 0.47812499999999997 0.4458333333333333 0.47500000000000003 0.44027777734375