1 0.26953125 0.3833333333333333 0.27187500000000003 0.37916666666666665 0.26796875000000003 0.375 0.26953125 0.3833333333333333
0 0 0.4166666666666667 0.09635416666666667 0.4205729166666667 0.11328125 0.4270833333333333 0.12239583333333333 0.4348958333333333 0.13802083333333334 0.4609375 0.14192708333333334 0.4700520833333333 0.14322916666666666 0.4817708333333333 0.14583333333333334 0.484375 0.14973958333333334 0.5091145833333334 0.14973958333333334 0.5442708333333334 0.14322916666666666 0.578125 0.13020833333333334 0.6080729166666666 0.11067708333333333 0.6276041666666666 0.09505208333333333 0.6328125 0 0.6302083333333334 0 0.6223958333333334 0.08333333333333333 0.625 0.08463541666666667 0.6276041666666666 0.09505208333333333 0.6276041666666666 0.09635416666666667 0.625 0.109375 0.62109375 0.11979166666666667 0.6119791666666666 0.13541666666666666 0.5885416666666666 0.14322916666666666 0.5651041666666666 0.14713541666666666 0.5390625 0.14713541666666666 0.5130208333333334 0.13932291666666666 0.4739583333333333 0.12890625 0.4518229166666667 0.11328125 0.43359375 0.09635416666666667 0.42578125 0 0.4231770833333333 0 0.41796875
0 0.9127604166666666 0.44921875 0.9765625 0.4518229166666667 0.9778645833333334 0.4557291666666667 0.8893229166666666 0.4557291666666667 0.8671875 0.453125 0.859375 0.4544270833333333 0.8450520833333334 0.4635416666666667 0.8333333333333334 0.4752604166666667 0.8268229166666666 0.4856770833333333 0.8151041666666666 0.515625 0.8111979166666666 0.5572916666666666 0.8151041666666666 0.5924479166666666 0.8229166666666666 0.6158854166666666 0.8307291666666666 0.6302083333333334 0.8463541666666666 0.6484375 0.8567708333333334 0.6536458333333334 0.8697916666666666 0.65625 0.9622395833333334 0.6588541666666666 0.9739583333333334 0.66015625 0.9739583333333334 0.6640625 0.8697916666666666 0.6614583333333334 0.85546875 0.6588541666666666 0.8385416666666666 0.6484375 0.8385416666666666 0.6458333333333334 0.82421875 0.62890625 0.82421875 0.625 0.8151041666666666 0.6067708333333334 0.80859375 0.5690104166666666 0.80859375 0.546875 0.8125 0.5143229166666666 0.8203125 0.4895833333333333 0.828125 0.4739583333333333 0.8450520833333334 0.4557291666666667 0.8580729166666666 0.44921875 0.9114583333333334 0.44921875
2 0.4765625 0.62890625 0.48046875 0.62890625 0.4765625 0.875 0.4778645833333333 0.9244791666666666 0.4752604166666667 0.9283854166666666 0.4752604166666667 0.9518229166666666 0.47265625 0.9505208333333334 0.47265625 0.8697916666666666 0.4752604166666667 0.8268229166666666 0.4765625 0.6302083333333334
3 0.5703125 0.5299479166666666 0.578125 0.5390625 0.5768229166666666 0.5481770833333334 0.5716145833333334 0.55078125 0.5677083333333334 0.546875 0.5703125 0.53125
3 0.4401041666666667 0.7317708333333334 0.4427083333333333 0.73828125 0.4427083333333333 0.7473958333333334 0.4388020833333333 0.7526041666666666 0.43359375 0.7447916666666666 0.43359375 0.7395833333333334 0.4361979166666667 0.7330729166666666 0.4388020833333333 0.7317708333333334
3 0.4817708333333333 0.5729166666666666 0.4830729166666667 0.5885416666666666 0.48046875 0.5911458333333334 0.4765625 0.5846354166666666 0.4765625 0.5755208333333334 0.48046875 0.5729166666666666
3 0.4322916666666667 0.20703125 0.4322916666666667 0.21223958333333334 0.4361979166666667 0.22005208333333334 0.4348958333333333 0.2265625 0.4283854166666667 0.2265625 0.42578125 0.22395833333333334 0.42578125 0.21354166666666666 0.4309895833333333 0.20703125
3 0.36328125 0.5625 0.3684895833333333 0.5598958333333334 0.3723958333333333 0.5625 0.3736979166666667 0.56640625 0.3736979166666667 0.57421875 0.3684895833333333 0.5768229166666666 0.36328125 0.5729166666666666 0.36328125 0.5638020833333334
3 0.265625 0.3411458333333333 0.2682291666666667 0.3411458333333333 0.2682291666666667 0.34375 0.2734375 0.3489583333333333 0.2760416666666667 0.3619791666666667 0.2760416666666667 0.3671875 0.2708333333333333 0.3684895833333333 0.2721354166666667 0.3802083333333333 0.26953125 0.3841145833333333 0.2682291666666667 0.3828125 0.2643229166666667 0.35546875 0.265625 0.3424479166666667
3 0.23177083333333334 0.6171875 0.23307291666666666 0.6276041666666666 0.23046875 0.6302083333333334 0.22265625 0.62890625 0.22005208333333334 0.6236979166666666 0.22005208333333334 0.6197916666666666 0.22395833333333334 0.6145833333333334 0.22786458333333334 0.6145833333333334 0.23046875 0.6171875
3 0.41796875 0.4791666666666667 0.421875 0.4791666666666667 0.4270833333333333 0.48828125 0.4270833333333333 0.5026041666666666 0.4244791666666667 0.5052083333333334 0.41796875 0.50390625 0.4140625 0.4973958333333333 0.4140625 0.4869791666666667 0.41796875 0.48046875
3 0.4765625 0.3932291666666667 0.011067708333333334 0.024739583333333332
3 0.38671875 0.8216145833333334 0.3893229166666667 0.8255208333333334 0.390625 0.8385416666666666 0.3854166666666667 0.8450520833333334 0.3815104166666667 0.8450520833333334 0.37890625 0.8424479166666666 0.38671875 0.8229166666666666
3 0.5006510416666666 0.2643229166666667 0.0078125 0.026692708333333332
3 0.38984375 0.41527777734375 0.38984375 0.41111111067708334 0.38906250000000003 0.4083333333333334 0.38671875 0.4041666666666666 0.38437499999999997 0.4055555559895833 0.3828125 0.4069444440104167 0.3828125 0.41250000000000003 0.38671875 0.4166666666666667 0.38984375 0.41527777734375