3 0.26015625000000003 0.5625 0.2734375 0.5625 0.27265625 0.5569444440104167 0.2625 0.5416666666666666 0.25546874999999997 0.54722222265625 0.26015625000000003 0.5625
3 0.571875 0.5291666666666667 0.57578125 0.5208333333333334 0.5750000000000001 0.5111111106770834 0.571875 0.5083333333333333 0.56484375 0.52222222265625 0.571875 0.5291666666666667
3 0.58203125 0.37361111067708336 0.5851562499999999 0.375 0.5890624999999999 0.36527777734375005 0.5890624999999999 0.3541666666666667 0.5851562499999999 0.3513888893229167 0.5828125000000001 0.3555555559895833 0.58203125 0.37361111067708336
3 0.61953125 0.39305555598958336 0.63046875 0.39166666666666666 0.6335937500000001 0.37777777734375 0.6242187499999999 0.37222222265625 0.61953125 0.3833333333333333 0.61953125 0.39305555598958336
3 0.7726562499999999 0.4583333333333333 0.7828125 0.44861111067708337 0.78125 0.4375 0.7640625 0.44444444401041666 0.76328125 0.45 0.7726562499999999 0.4583333333333333
3 0.821875 0.6486111106770833 0.8273437499999999 0.6555555559895833 0.8359375 0.6541666666666667 0.8406250000000001 0.64722222265625 0.83828125 0.64027777734375 0.83203125 0.6361111106770834 0.8234374999999999 0.6416666666666667 0.821875 0.6486111106770833
3 0.9421875000000001 0.54027777734375 0.95546875 0.5319444440104167 0.9562499999999999 0.52222222265625 0.9484374999999999 0.5236111106770833 0.9375 0.5166666666666667 0.9421875000000001 0.54027777734375
3 0.7890625 0.8708333333333332 0.79453125 0.8694444440104167 0.79453125 0.8555555559895834 0.7804687499999999 0.8527777773437499 0.7820312500000001 0.86527777734375 0.7890625 0.8708333333333332
3 0.6515624999999999 0.8402777773437501 0.6546875 0.8472222226562499 0.6578125 0.8458333333333333 0.66015625 0.8291666666666666 0.665625 0.8291666666666666 0.6625 0.8166666666666668 0.6578125 0.8083333333333332 0.65390625 0.8125 0.6515624999999999 0.8402777773437501
3 0.6632812499999999 0.6736111106770833 0.665625 0.6694444440104167 0.6640625 0.65972222265625 0.6554687499999999 0.6611111106770834 0.65390625 0.6708333333333334 0.6632812499999999 0.6736111106770833
3 0.6609375000000001 0.6430555559895833 0.66171875 0.63472222265625 0.6546875 0.6319444440104166 0.6515624999999999 0.6416666666666667 0.6609375000000001 0.6430555559895833
1 0.81015625 0.5333333333333333 0.8093750000000001 0.5291666666666667 0.8046875 0.5319444440104167 0.8054687500000001 0.5361111106770834 0.81015625 0.5333333333333333
0 1 0.4083333333333334 0.98203125 0.4083333333333334 0.9093749999999999 0.4138888893229167 0.8875000000000001 0.43333333333333335 0.8734375 0.45972222265625 0.86484375 0.5041666666666667 0.865625 0.5458333333333333 0.8734375 0.57777777734375 0.8875000000000001 0.6041666666666666 0.9140625 0.625 1 0.6236111106770833 1 0.6180555559895834 0.9171874999999999 0.6208333333333333 0.9054687499999999 0.61527777734375 0.8820312499999999 0.5861111106770833 0.8718750000000001 0.55972222265625 0.86875 0.5375 0.8671875 0.5083333333333333 0.8718750000000001 0.47777777734375 0.87890625 0.4569444440104167 0.8992187500000001 0.42638888932291663 0.9109375000000001 0.41944444401041664 1 0.4138888893229167 1 0.4083333333333334
0 0.15625 0.4458333333333333 0.034374999999999996 0.44861111067708337 0.034374999999999996 0.45416666666666666 0.15703124999999998 0.45277777734375 0.1734375 0.46527777734375 0.18828124999999998 0.49027777734375005 0.19921875 0.5361111106770834 0.19921875 0.5680555559895833 0.19218749999999998 0.5958333333333333 0.18359375 0.6194444440104167 0.1703125 0.6388888893229167 0.14375000000000002 0.6513888893229166 0.03671875 0.6541666666666667 0.0375 0.6611111106770834 0.14609375 0.6569444440104167 0.16874999999999998 0.64722222265625 0.18437499999999998 0.6291666666666667 0.19765625 0.5958333333333333 0.2015625 0.5666666666666667 0.19999999999999998 0.5180555559895833 0.19609374999999998 0.49861111067708336 0.18281250000000002 0.4694444440104167 0.15625 0.4458333333333333
2 0.5265624999999999 0.125 0.5320312500000001 0.8611111106770833 0.53359375 0.9249999999999999 0.53515625 0.9444444440104167 0.5375 0.9458333333333333 0.5390625 0.85972222265625 0.5343749999999999 0.44861111067708337 0.53125 0.38472222265624995 0.5296875 0.14027777734375 0.5265624999999999 0.125