1 0.4578125 0.7166666666666667 0.45937500000000003 0.7166666666666667 0.46015625 0.7152777773437501 0.46015625 0.7097222226562501 0.45937500000000003 0.7083333333333334 0.45625 0.7083333333333334 0.45625 0.7152777773437501 0.4578125 0.7166666666666667
0 0 0.4140625 0.09375 0.4166666666666667 0.09505208333333333 0.4192708333333333 0.09895833333333333 0.4192708333333333 0.11458333333333333 0.4283854166666667 0.13411458333333334 0.4557291666666667 0.14322916666666666 0.4869791666666667 0.14713541666666666 0.5182291666666666 0.14583333333333334 0.5494791666666666 0.14322916666666666 0.5546875 0.14192708333333334 0.5703125 0.13411458333333334 0.5924479166666666 0.11458333333333333 0.6197916666666666 0.09635416666666667 0.6302083333333334 0.0390625 0.6302083333333334 0 0.6276041666666666 0 0.62109375 0.0625 0.6236979166666666 0.09375 0.6236979166666666 0.10286458333333333 0.62109375 0.11979166666666667 0.6067708333333334 0.12890625 0.5924479166666666 0.13541666666666666 0.5768229166666666 0.13671875 0.5677083333333334 0.13932291666666666 0.5651041666666666 0.14322916666666666 0.5403645833333334 0.14322916666666666 0.5052083333333334 0.13541666666666666 0.4700520833333333 0.12760416666666666 0.453125 0.109375 0.4309895833333333 0.09244791666666667 0.4231770833333333 0.006510416666666667 0.4205729166666667 0 0.4192708333333333 0 0.4153645833333333
0 0.9739583333333334 0.4505208333333333 0.9778645833333334 0.453125 0.9739583333333334 0.4557291666666667 0.8736979166666666 0.4518229166666667 0.8580729166666666 0.453125 0.8515625 0.4557291666666667 0.8489583333333334 0.4596354166666667 0.8385416666666666 0.4661458333333333 0.8268229166666666 0.4830729166666667 0.8190104166666666 0.4986979166666667 0.8111979166666666 0.5325520833333334 0.8111979166666666 0.5729166666666666 0.8190104166666666 0.6080729166666666 0.8294270833333334 0.62890625 0.84765625 0.6484375 0.8645833333333334 0.6549479166666666 0.9557291666666666 0.6575520833333334 0.9700520833333334 0.6588541666666666 0.9739583333333334 0.66015625 0.97265625 0.6627604166666666 0.8671875 0.66015625 0.8580729166666666 0.6588541666666666 0.84375 0.65234375 0.8268229166666666 0.6328125 0.81640625 0.6119791666666666 0.80859375 0.5768229166666666 0.8072916666666666 0.5598958333333334 0.80859375 0.5325520833333334 0.81640625 0.49609375 0.828125 0.4713541666666667 0.84375 0.4544270833333333 0.8541666666666666 0.44921875 0.8658854166666666 0.4466145833333333 0.97265625 0.4505208333333333
2 0.48046875 0.12239583333333333 0.4830729166666667 0.125 0.48046875 0.3333333333333333 0.4817708333333333 0.4557291666666667 0.4791666666666667 0.4739583333333333 0.4791666666666667 0.6419270833333334 0.4765625 0.7122395833333334 0.4778645833333333 0.7330729166666666 0.4752604166666667 0.8125 0.4752604166666667 0.9348958333333334 0.4739583333333333 0.9518229166666666 0.4713541666666667 0.9505208333333334 0.48046875 0.12369791666666667
3 0.40234375 0.20052083333333334 0.4049479166666667 0.21354166666666666 0.4010416666666667 0.22005208333333334 0.39453125 0.20703125 0.39453125 0.20182291666666666 0.4010416666666667 0.20052083333333334
3 0.38671875 0.53515625 0.38671875 0.5208333333333334 0.390625 0.515625 0.39453125 0.515625 0.3971354166666667 0.5182291666666666 0.4010416666666667 0.53125 0.39453125 0.54296875 0.3880208333333333 0.53515625
3 0.45703125 0.24088541666666666 0.4622395833333333 0.24088541666666666 0.4635416666666667 0.2565104166666667 0.4661458333333333 0.2591145833333333 0.4661458333333333 0.2630208333333333 0.4635416666666667 0.265625 0.45703125 0.2591145833333333 0.45703125 0.2421875
3 0.42578125 0.39453125 0.4296875 0.3984375 0.4283854166666667 0.4140625 0.42578125 0.4140625 0.421875 0.40625 0.421875 0.3997395833333333 0.4244791666666667 0.3958333333333333
3 0.23046875 0.6783854166666666 0.23307291666666666 0.6796875 0.234375 0.69921875 0.22265625 0.7005208333333334 0.22135416666666666 0.6979166666666666 0.22265625 0.6901041666666666 0.22916666666666666 0.6796875
3 0.36328125 0.6197916666666666 0.3684895833333333 0.62109375 0.3697916666666667 0.6263020833333334 0.3736979166666667 0.62890625 0.3723958333333333 0.6380208333333334 0.3697916666666667 0.640625 0.3658854166666667 0.6393229166666666 0.3619791666666667 0.6341145833333334 0.36328125 0.62109375
3 0.45703125 0.7083333333333334 0.4596354166666667 0.7083333333333334 0.4596354166666667 0.7174479166666666 0.4635416666666667 0.7291666666666666 0.4635416666666667 0.75390625 0.45703125 0.7513020833333334 0.4544270833333333 0.74609375 0.4557291666666667 0.7369791666666666 0.4518229166666667 0.7317708333333334 0.4518229166666667 0.7265625 0.4557291666666667 0.7200520833333334 0.45703125 0.7096354166666666
3 0.3463541666666667 0.515625 0.3528645833333333 0.5169270833333334 0.3567708333333333 0.5260416666666666 0.35546875 0.5325520833333334 0.3528645833333333 0.53515625 0.3502604166666667 0.5338541666666666 0.3450520833333333 0.5234375 0.3463541666666667 0.5169270833333334
3 0.5572916666666666 0.4127604166666667 0.5598958333333334 0.4140625 0.5638020833333334 0.4244791666666667 0.5625 0.43359375 0.5572916666666666 0.4348958333333333 0.5533854166666666 0.42578125 0.5572916666666666 0.4140625
3 0.546875 0.6510416666666666 0.5520833333333334 0.6510416666666666 0.5572916666666666 0.6627604166666666 0.5572916666666666 0.671875 0.5533854166666666 0.6731770833333334 0.55078125 0.6705729166666666 0.546875 0.65234375
3 0.40234375 0.8359375 0.4049479166666667 0.8372395833333334 0.4049479166666667 0.8697916666666666 0.40234375 0.8684895833333334 0.3932291666666667 0.8463541666666666 0.3932291666666667 0.8372395833333334 0.4010416666666667 0.8359375
3 0.22265625 0.4944444440104167 0.2203125 0.5 0.23124999999999998 0.5111111106770834 0.2328125 0.4944444440104167 0.22890625 0.49027777734375005 0.22265625 0.4944444440104167