1 0.46718750000000003 0.5208333333333334 0.47031249999999997 0.5208333333333334 0.47031249999999997 0.51527777734375 0.46953125 0.5138888893229167 0.46718750000000003 0.5138888893229167 0.46640624999999997 0.51527777734375 0.46640624999999997 0.5194444440104167 0.46718750000000003 0.5208333333333334
0 0 0.4244791666666667 0.1015625 0.4270833333333333 0.11848958333333333 0.4348958333333333 0.13151041666666666 0.4505208333333333 0.14192708333333334 0.4700520833333333 0.14973958333333334 0.49609375 0.15234375 0.5286458333333334 0.15104166666666666 0.5611979166666666 0.14583333333333334 0.5846354166666666 0.13671875 0.60546875 0.11848958333333333 0.62890625 0.10286458333333333 0.63671875 0 0.6341145833333334 0 0.62890625 0.09895833333333333 0.6315104166666666 0.11067708333333333 0.6276041666666666 0.13151041666666666 0.60546875 0.14322916666666666 0.5794270833333334 0.1484375 0.5559895833333334 0.1484375 0.5091145833333334 0.14453125 0.4895833333333333 0.13151041666666666 0.4583333333333333 0.125 0.44921875 0.11067708333333333 0.4361979166666667 0.09895833333333333 0.4322916666666667 0.033854166666666664 0.4296875 0.00390625 0.4296875 0 0.4322916666666667 0 0.42578125
0 0.97265625 0.45703125 0.9739583333333334 0.4609375 0.9713541666666666 0.4622395833333333 0.8619791666666666 0.4596354166666667 0.84765625 0.4635416666666667 0.8333333333333334 0.4752604166666667 0.8190104166666666 0.4986979166666667 0.8111979166666666 0.5247395833333334 0.8072916666666666 0.5520833333333334 0.8098958333333334 0.5872395833333334 0.8151041666666666 0.6080729166666666 0.8268229166666666 0.6328125 0.8411458333333334 0.6497395833333334 0.8515625 0.65625 0.86328125 0.6588541666666666 0.96875 0.6627604166666666 0.9700520833333334 0.66796875 0.9427083333333334 0.66796875 0.94140625 0.6653645833333334 0.8776041666666666 0.6653645833333334 0.85546875 0.6627604166666666 0.8424479166666666 0.6575520833333334 0.8307291666666666 0.6471354166666666 0.8307291666666666 0.64453125 0.82421875 0.6380208333333334 0.8125 0.6119791666666666 0.8111979166666666 0.6002604166666666 0.8072916666666666 0.5911458333333334 0.8059895833333334 0.5455729166666666 0.80859375 0.5208333333333334 0.81640625 0.4947916666666667 0.828125 0.4739583333333333 0.8450520833333334 0.4583333333333333 0.859375 0.453125 0.9713541666666666 0.45703125
2 0.4778645833333333 0.4791666666666667 0.4817708333333333 0.4895833333333333 0.4765625 0.875 0.4778645833333333 0.92578125 0.4752604166666667 0.9283854166666666 0.4752604166666667 0.9518229166666666 0.47265625 0.9518229166666666 0.4778645833333333 0.48046875
3 0.5611979166666666 0.5559895833333334 0.56640625 0.55859375 0.56640625 0.5703125 0.5651041666666666 0.5729166666666666 0.5625 0.5729166666666666 0.5598958333333334 0.5677083333333334 0.5611979166666666 0.5572916666666666
3 0.5364583333333334 0.2643229166666667 0.5403645833333334 0.265625 0.54296875 0.2734375 0.5403645833333334 0.2838541666666667 0.5364583333333334 0.28515625 0.5338541666666666 0.2799479166666667 0.53515625 0.265625
3 0.5026041666666666 0.6119791666666666 0.5078125 0.6184895833333334 0.5065104166666666 0.6302083333333334 0.5026041666666666 0.6315104166666666 0.5 0.6276041666666666 0.5013020833333334 0.61328125
3 0.5013020833333334 0.69921875 0.5065104166666666 0.7044270833333334 0.5065104166666666 0.7122395833333334 0.50390625 0.71484375 0.4986979166666667 0.7122395833333334 0.5 0.7005208333333334
3 0.42578125 0.55859375 0.4283854166666667 0.5598958333333334 0.4309895833333333 0.57421875 0.4283854166666667 0.5768229166666666 0.42578125 0.5755208333333334 0.421875 0.5690104166666666 0.4244791666666667 0.5598958333333334
3 0.3723958333333333 0.3515625 0.3776041666666667 0.3606770833333333 0.3776041666666667 0.3645833333333333 0.3736979166666667 0.3684895833333333 0.3658854166666667 0.3619791666666667 0.3658854166666667 0.3528645833333333 0.37109375 0.3515625
3 0.4427083333333333 0.4088541666666667 0.4440104166666667 0.4205729166666667 0.4401041666666667 0.4244791666666667 0.4375 0.4244791666666667 0.43359375 0.41796875 0.43359375 0.4127604166666667 0.4375 0.4088541666666667 0.44140625 0.4088541666666667
3 0.4127604166666667 0.7578125 0.4153645833333333 0.7630208333333334 0.4153645833333333 0.7747395833333334 0.4114583333333333 0.77734375 0.40625 0.76953125 0.40625 0.7643229166666666 0.4114583333333333 0.7578125
3 0.453125 0.24088541666666666 0.4622395833333333 0.24088541666666666 0.46484375 0.25390625 0.4622395833333333 0.26171875 0.4596354166666667 0.2630208333333333 0.453125 0.24739583333333334 0.453125 0.2421875
3 0.65234375 0.5364583333333334 0.6614583333333334 0.5494791666666666 0.65625 0.5638020833333334 0.6510416666666666 0.5598958333333334 0.65234375 0.5377604166666666
3 0.5065104166666666 0.4895833333333333 0.5104166666666666 0.4934895833333333 0.5091145833333334 0.5104166666666666 0.5026041666666666 0.5091145833333334 0.5013020833333334 0.4934895833333333 0.5052083333333334 0.4895833333333333
3 0.48203124999999997 0.44027777734375 0.47734375 0.44027777734375 0.47421874999999997 0.4458333333333333 0.4734375 0.44861111067708337 0.47265625 0.45416666666666666 0.47578125 0.4611111106770833 0.4796875 0.46388888932291666 0.48203124999999997 0.46388888932291666 0.48593749999999997 0.4611111106770833 0.48671875000000003 0.4583333333333333 0.48671875000000003 0.4513888893229167 0.48593749999999997 0.44722222265624995 0.48515625 0.44444444401041666 0.48203124999999997 0.44027777734375