1 0.30078125 0.37916666666666665 0.3015625 0.3805555559895833 0.3046875 0.3805555559895833 0.30546875 0.37916666666666665 0.3046875 0.375 0.30312500000000003 0.37361111067708336 0.3015625 0.375 0.30078125 0.37638888932291664 0.30078125 0.37916666666666665
0 0 0.4166666666666667 0.09635416666666667 0.4205729166666667 0.11328125 0.4270833333333333 0.13020833333333334 0.4466145833333333 0.14192708333333334 0.4713541666666667 0.14713541666666666 0.4921875 0.14713541666666666 0.5052083333333334 0.14973958333333334 0.515625 0.14713541666666666 0.5598958333333334 0.140625 0.5846354166666666 0.13020833333333334 0.6067708333333334 0.109375 0.6276041666666666 0.09895833333333333 0.6315104166666666 0 0.62890625 0 0.6223958333333334 0.09895833333333333 0.625 0.11197916666666667 0.6184895833333334 0.12369791666666667 0.6067708333333334 0.13541666666666666 0.5872395833333334 0.13541666666666666 0.58203125 0.14322916666666666 0.5638020833333334 0.14583333333333334 0.5390625 0.14453125 0.4973958333333333 0.13932291666666666 0.4752604166666667 0.12760416666666666 0.4505208333333333 0.11458333333333333 0.4348958333333333 0.09635416666666667 0.42578125 0.006510416666666667 0.4231770833333333 0 0.421875 0 0.41796875
0 0.890625 0.4479166666666667 0.9596354166666666 0.4505208333333333 0.9739583333333334 0.4518229166666667 0.9752604166666666 0.4544270833333333 0.9739583333333334 0.45703125 0.9544270833333334 0.45703125 0.859375 0.453125 0.8515625 0.4557291666666667 0.8307291666666666 0.4739583333333333 0.8177083333333334 0.4986979166666667 0.8098958333333334 0.5299479166666666 0.8098958333333334 0.578125 0.8190104166666666 0.61328125 0.8333333333333334 0.63671875 0.84765625 0.6497395833333334 0.8567708333333334 0.6536458333333334 0.9192708333333334 0.6575520833333334 0.9596354166666666 0.6575520833333334 0.96875 0.6588541666666666 0.9713541666666666 0.66015625 0.9700520833333334 0.6627604166666666 0.8828125 0.6614583333333334 0.85546875 0.6588541666666666 0.8359375 0.6471354166666666 0.828125 0.6380208333333334 0.81640625 0.6171875 0.8072916666666666 0.5846354166666666 0.8059895833333334 0.5611979166666666 0.80859375 0.5182291666666666 0.81640625 0.4921875 0.828125 0.4700520833333333 0.83984375 0.45703125 0.84765625 0.4518229166666667 0.8619791666666666 0.4479166666666667 0.8893229166666666 0.4479166666666667
2 0.4778645833333333 0.2890625 0.4817708333333333 0.2903645833333333 0.4817708333333333 0.4557291666666667 0.4791666666666667 0.4830729166666667 0.4752604166666667 0.9348958333333334 0.4739583333333333 0.9505208333333334 0.4713541666666667 0.9322916666666666 0.4765625 0.62890625 0.4752604166666667 0.56640625 0.4791666666666667 0.3216145833333333 0.4778645833333333 0.2903645833333333
3 0.5078125 0.46875 0.5130208333333334 0.46875 0.515625 0.4765625 0.5143229166666666 0.4869791666666667 0.5091145833333334 0.4869791666666667 0.5065104166666666 0.48046875 0.5078125 0.4700520833333333
3 0.4869791666666667 0.2734375 0.4908854166666667 0.27734375 0.4908854166666667 0.2903645833333333 0.4869791666666667 0.2903645833333333 0.484375 0.2864583333333333 0.4856770833333333 0.2747395833333333
3 0.29296875 0.3203125 0.296875 0.3203125 0.2994791666666667 0.3307291666666667 0.2994791666666667 0.3346354166666667 0.296875 0.3372395833333333 0.2903645833333333 0.3346354166666667 0.2890625 0.3268229166666667 0.29296875 0.3216145833333333
3 0.4479166666666667 0.7350260416666666 0.011067708333333334 0.01953125
3 0.43359375 0.4700520833333333 0.4401041666666667 0.46875 0.4440104166666667 0.4713541666666667 0.4453125 0.4830729166666667 0.4440104166666667 0.4895833333333333 0.4361979166666667 0.4921875 0.4322916666666667 0.4869791666666667 0.43359375 0.4713541666666667
3 0.3033854166666667 0.6106770833333334 0.3033854166666667 0.6223958333333334 0.2994791666666667 0.6263020833333334 0.2916666666666667 0.6197916666666666 0.2916666666666667 0.6119791666666666 0.3020833333333333 0.6106770833333334
3 0.5989583333333334 0.5390625 0.6041666666666666 0.5442708333333334 0.6067708333333334 0.5533854166666666 0.60546875 0.5559895833333334 0.59765625 0.5638020833333334 0.5950520833333334 0.5638020833333334 0.59375 0.5533854166666666 0.59765625 0.5403645833333334
3 0.38671875 0.5520833333333334 0.3893229166666667 0.55859375 0.38671875 0.5677083333333334 0.3828125 0.5677083333333334 0.37890625 0.5611979166666666 0.37890625 0.5546875 0.3828125 0.55078125 0.3854166666666667 0.5520833333333334
3 0.3736979166666667 0.7291666666666666 0.3763020833333333 0.7291666666666666 0.3776041666666667 0.7317708333333334 0.3776041666666667 0.75390625 0.3723958333333333 0.7552083333333334 0.3697916666666667 0.7526041666666666 0.3697916666666667 0.7395833333333334 0.3736979166666667 0.73046875
3 0.39453125 0.4309895833333333 0.3997395833333333 0.4361979166666667 0.3997395833333333 0.4479166666666667 0.3958333333333333 0.44921875 0.3919270833333333 0.4440104166666667 0.390625 0.4375 0.3932291666666667 0.4322916666666667
3 0.44921875 0.22265625 0.4518229166666667 0.22786458333333334 0.4518229166666667 0.24088541666666666 0.44921875 0.2421875 0.4466145833333333 0.23697916666666666 0.4479166666666667 0.22395833333333334
3 0.45625 0.6263888893229167 0.45859374999999997 0.6166666666666667 0.45234375 0.60277777734375 0.44921875 0.6194444440104167 0.45625 0.6263888893229167