1 0.35234375 0.55972222265625 0.3546875 0.5569444440104167 0.35390625000000003 0.5541666666666667 0.35390625000000003 0.5499999999999999 0.3515625 0.5444444440104167 0.35000000000000003 0.5458333333333333 0.3484375 0.5486111106770833 0.3484375 0.5499999999999999 0.35000000000000003 0.5555555559895834 0.35234375 0.55972222265625
0 0 0.4140625 0.09244791666666667 0.4166666666666667 0.09375 0.4192708333333333 0.10286458333333333 0.4205729166666667 0.11197916666666667 0.42578125 0.12239583333333333 0.4361979166666667 0.13541666666666666 0.4583333333333333 0.14192708333333334 0.4778645833333333 0.14713541666666666 0.5104166666666666 0.14583333333333334 0.5533854166666666 0.14322916666666666 0.5559895833333334 0.14192708333333334 0.5716145833333334 0.13020833333333334 0.6002604166666666 0.11458333333333333 0.6197916666666666 0.09635416666666667 0.6302083333333334 0 0.6276041666666666 0 0.62109375 0.06640625 0.6236979166666666 0.09505208333333333 0.6236979166666666 0.10286458333333333 0.62109375 0.12109375 0.60546875 0.13151041666666666 0.5885416666666666 0.13671875 0.5690104166666666 0.13932291666666666 0.56640625 0.140625 0.5520833333333334 0.14322916666666666 0.546875 0.14322916666666666 0.50390625 0.13932291666666666 0.4817708333333333 0.12760416666666666 0.453125 0.11458333333333333 0.4348958333333333 0.10546875 0.4283854166666667 0.09244791666666667 0.4231770833333333 0 0.4205729166666667 0 0.4153645833333333
0 0.8763020833333334 0.4466145833333333 0.9544270833333334 0.44921875 0.9739583333333334 0.4505208333333333 0.9765625 0.453125 0.9739583333333334 0.4557291666666667 0.9466145833333334 0.4557291666666667 0.8658854166666666 0.4518229166666667 0.8541666666666666 0.4544270833333333 0.83984375 0.46484375 0.8307291666666666 0.4752604166666667 0.8190104166666666 0.4973958333333333 0.8111979166666666 0.5299479166666666 0.8098958333333334 0.56640625 0.8190104166666666 0.609375 0.8307291666666666 0.6315104166666666 0.8515625 0.6510416666666666 0.8697916666666666 0.6549479166666666 0.8841145833333334 0.6536458333333334 0.9244791666666666 0.6575520833333334 0.9596354166666666 0.6575520833333334 0.9713541666666666 0.6588541666666666 0.9739583333333334 0.6614583333333334 0.9700520833333334 0.6627604166666666 0.859375 0.6588541666666666 0.84375 0.65234375 0.8372395833333334 0.6471354166666666 0.8229166666666666 0.6276041666666666 0.8229166666666666 0.6236979166666666 0.81640625 0.61328125 0.8072916666666666 0.5716145833333334 0.8072916666666666 0.5377604166666666 0.81640625 0.4934895833333333 0.8203125 0.484375 0.8229166666666666 0.4830729166666667 0.82421875 0.4765625 0.83984375 0.45703125 0.8567708333333334 0.4479166666666667 0.875 0.4466145833333333
2 0.48046875 0.12239583333333333 0.4830729166666667 0.13020833333333334 0.4830729166666667 0.15494791666666666 0.4791666666666667 0.6302083333333334 0.4752604166666667 0.7799479166666666 0.4752604166666667 0.9322916666666666 0.4739583333333333 0.9505208333333334 0.4713541666666667 0.94921875 0.48046875 0.12369791666666667
3 0.5924479166666666 0.4114583333333333 0.59375 0.4205729166666667 0.5911458333333334 0.4309895833333333 0.5846354166666666 0.4309895833333333 0.5846354166666666 0.4205729166666667 0.5911458333333334 0.4127604166666667
3 0.4453125 0.24739583333333334 0.4505208333333333 0.25 0.453125 0.2591145833333333 0.44921875 0.2721354166666667 0.4440104166666667 0.2669270833333333 0.4453125 0.24869791666666666
3 0.3971354166666667 0.19791666666666666 0.4036458333333333 0.20703125 0.4036458333333333 0.21744791666666666 0.3997395833333333 0.21875 0.3971354166666667 0.21484375 0.3958333333333333 0.19921875
3 0.5403645833333334 0.6080729166666666 0.5442708333333334 0.6119791666666666 0.5455729166666666 0.6171875 0.5455729166666666 0.6223958333333334 0.54296875 0.6263020833333334 0.5390625 0.6263020833333334 0.5377604166666666 0.6184895833333334 0.53515625 0.6158854166666666 0.53515625 0.609375 0.5390625 0.6080729166666666
3 0.22135416666666666 0.65625 0.22135416666666666 0.66796875 0.21354166666666666 0.671875 0.20963541666666666 0.6705729166666666 0.20963541666666666 0.6588541666666666 0.21354166666666666 0.65625 0.22005208333333334 0.65625
3 0.3359375 0.5872395833333334 0.33984375 0.5859375 0.3489583333333333 0.5924479166666666 0.3489583333333333 0.5989583333333334 0.3463541666666667 0.6015625 0.3424479166666667 0.6015625 0.3359375 0.5950520833333334 0.3359375 0.5885416666666666
3 0.4401041666666667 0.7473958333333334 0.4427083333333333 0.7473958333333334 0.4427083333333333 0.7526041666666666 0.4453125 0.7565104166666666 0.4453125 0.765625 0.4401041666666667 0.7669270833333334 0.4361979166666667 0.7643229166666666 0.4361979166666667 0.7565104166666666 0.4401041666666667 0.7486979166666666
3 0.4283854166666667 0.375 0.4322916666666667 0.3880208333333333 0.4322916666666667 0.3971354166666667 0.4283854166666667 0.4010416666666667 0.42578125 0.3893229166666667 0.42578125 0.37890625 0.4283854166666667 0.3763020833333333
3 0.3880208333333333 0.8359375 0.3880208333333333 0.85546875 0.3828125 0.85546875 0.3776041666666667 0.8502604166666666 0.37890625 0.8411458333333334 0.38671875 0.8359375
3 0.24765625 0.4680555559895833 0.24921875000000002 0.4666666666666666 0.25 0.46249999999999997 0.25 0.45277777734375 0.2484375 0.4513888893229167 0.24609375 0.4513888893229167 0.24531250000000002 0.45 0.23984375 0.45 0.23828125 0.4513888893229167 0.23750000000000002 0.45416666666666666 0.23906249999999998 0.4583333333333333 0.24687499999999998 0.46527777734375 0.24765625 0.4680555559895833
3 0.33437500000000003 0.5236111106770833 0.34140624999999997 0.5333333333333333 0.34218750000000003 0.5333333333333333 0.34296875 0.5291666666666667 0.34296875 0.52222222265625 0.34218750000000003 0.5180555559895833 0.33984375 0.51527777734375 0.33125 0.5138888893229167 0.33125 0.5166666666666667 0.33437500000000003 0.52222222265625 0.33437500000000003 0.5236111106770833
3 0.37890625 0.5194444440104167 0.3796875 0.5208333333333334 0.3828125 0.5208333333333334 0.38515625000000003 0.5194444440104167 0.38671875 0.5166666666666667 0.38671875 0.5069444440104166 0.38437499999999997 0.50277777734375 0.38437499999999997 0.5013888893229167 0.3796875 0.49722222265625 0.37578125 0.49861111067708336 0.37265624999999997 0.5041666666666667 0.37265624999999997 0.5138888893229167 0.37578125 0.5194444440104167 0.37890625 0.5194444440104167