1 0.157625 0.93022222265625 0.15893749999999998 0.9357736106770833 0.16043749999999998 0.9319986106770833 0.1606875 0.9272236106770834 0.158359375 0.9228055559895832 0.154875 0.9282222226562501 0.156 0.9313319440104166 0.157625 0.93022222265625
0 0.9986979166666666 0.4231770833333333 0.9986979166666666 0.4296875 0.9778645833333334 0.4283854166666667 0.9114583333333334 0.4309895833333333 0.8997395833333334 0.4348958333333333 0.8971354166666666 0.4388020833333333 0.8880208333333334 0.4440104166666667 0.8776041666666666 0.45703125 0.8671875 0.4791666666666667 0.8619791666666666 0.4973958333333333 0.8619791666666666 0.5091145833333334 0.859375 0.515625 0.859375 0.5520833333333334 0.8671875 0.5859375 0.8776041666666666 0.6067708333333334 0.8971354166666666 0.62890625 0.91015625 0.6341145833333334 0.9986979166666666 0.6315104166666666 0.9986979166666666 0.63671875 0.9557291666666666 0.6380208333333334 0.9036458333333334 0.6380208333333334 0.8919270833333334 0.6315104166666666 0.875 0.6119791666666666 0.8645833333333334 0.5911458333333334 0.8567708333333334 0.5533854166666666 0.8567708333333334 0.51171875 0.859375 0.4947916666666667 0.8645833333333334 0.4752604166666667 0.8763020833333334 0.4518229166666667 0.8828125 0.4427083333333333 0.8997395833333334 0.4283854166666667 0.91015625 0.42578125 0.9973958333333334 0.4231770833333333
0 0.14453125 0.4557291666666667 0.15234375 0.4583333333333333 0.171875 0.4752604166666667 0.18359375 0.49609375 0.19140625 0.51953125 0.1953125 0.5455729166666666 0.1953125 0.5794270833333334 0.19140625 0.60546875 0.18229166666666666 0.6315104166666666 0.171875 0.6484375 0.16276041666666666 0.6575520833333334 0.15234375 0.6640625 0.14322916666666666 0.6653645833333334 0.14192708333333334 0.66796875 0.044270833333333336 0.6731770833333334 0.03125 0.6731770833333334 0.028645833333333332 0.671875 0.03125 0.6666666666666666 0.05078125 0.6666666666666666 0.052083333333333336 0.6692708333333334 0.055989583333333336 0.6653645833333334 0.14583333333333334 0.6614583333333334 0.15494791666666666 0.6575520833333334 0.16276041666666666 0.6510416666666666 0.1796875 0.6276041666666666 0.19140625 0.58984375 0.19270833333333334 0.5520833333333334 0.18880208333333334 0.5208333333333334 0.18098958333333334 0.50390625 0.1796875 0.49609375 0.16927083333333334 0.4791666666666667 0.15625 0.4674479166666667 0.14453125 0.4622395833333333 0.0703125 0.46484375 0.02734375 0.4635416666666667 0.028645833333333332 0.4583333333333333 0.029947916666666668 0.4609375 0.032552083333333336 0.4609375 0.033854166666666664 0.4583333333333333 0.14322916666666666 0.4557291666666667
2 0.5208333333333334 0.13411458333333334 0.5234375 0.16145833333333334 0.5260416666666666 0.5690104166666666 0.5286458333333334 0.6302083333333334 0.52734375 0.7317708333333334 0.5299479166666666 0.7643229166666666 0.5286458333333334 0.77734375 0.53125 0.8645833333333334 0.53125 0.9596354166666666 0.5286458333333334 0.9596354166666666 0.52734375 0.9453125 0.52734375 0.7955729166666666 0.5247395833333334 0.7486979166666666 0.5234375 0.45703125 0.51953125 0.1953125 0.5208333333333334 0.13541666666666666
3 0.24609375 0.75 0.24869791666666666 0.75 0.2565104166666667 0.7591145833333334 0.2565104166666667 0.765625 0.25390625 0.76953125 0.24739583333333334 0.7747395833333334 0.24348958333333334 0.7734375 0.24088541666666666 0.765625 0.24348958333333334 0.7526041666666666 0.24609375 0.7513020833333334
3 0.3515625 0.48828125 0.3580729166666667 0.4934895833333333 0.359375 0.50390625 0.35546875 0.5130208333333334 0.34765625 0.5169270833333334 0.3450520833333333 0.515625 0.34375 0.5104166666666666 0.34375 0.4934895833333333 0.3502604166666667 0.48828125
3 0.40625 0.765625 0.4088541666666667 0.765625 0.4114583333333333 0.77734375 0.41015625 0.7890625 0.4036458333333333 0.7903645833333334 0.40234375 0.78125 0.40625 0.7747395833333334 0.40625 0.7669270833333334
3 0.8372395833333334 0.4778645833333333 0.8463541666666666 0.4778645833333333 0.8502604166666666 0.484375 0.84765625 0.4921875 0.8372395833333334 0.4921875 0.8372395833333334 0.4791666666666667
3 0.1328125 0.8411458333333334 0.13541666666666666 0.84375 0.13541666666666666 0.8763020833333334 0.1328125 0.87890625 0.12630208333333334 0.87890625 0.12109375 0.8736979166666666 0.12109375 0.8645833333333334 0.13020833333333334 0.8502604166666666 0.13151041666666666 0.8424479166666666
3 0.2877604166666667 0.5755208333333334 0.01171875 0.0234375
3 0.15885416666666666 0.92578125 0.15885416666666666 0.9322916666666666 0.15625 0.9361979166666666 0.15104166666666666 0.9596354166666666 0.14583333333333334 0.9635416666666666 0.14192708333333334 0.9609375 0.140625 0.9505208333333334 0.1484375 0.9427083333333334 0.15494791666666666 0.9270833333333334 0.15755208333333334 0.92578125
3 0.13802083333333334 0.52734375 0.14322916666666666 0.5364583333333334 0.14322916666666666 0.5442708333333334 0.140625 0.5455729166666666 0.1328125 0.5455729166666666 0.12630208333333334 0.5364583333333334 0.12630208333333334 0.53125 0.13020833333333334 0.52734375 0.13671875 0.52734375
3 0.2760416666666667 0.5494791666666666 0.2786458333333333 0.5572916666666666 0.2786458333333333 0.5651041666666666 0.2760416666666667 0.5677083333333334 0.265625 0.5598958333333334 0.265625 0.5559895833333334 0.2747395833333333 0.5494791666666666
3 0.5104166666666666 0.6276041666666666 0.51171875 0.6380208333333334 0.5078125 0.64453125 0.50390625 0.6432291666666666 0.50390625 0.6328125 0.5091145833333334 0.6276041666666666
3 0.053385416666666664 0.625 0.061197916666666664 0.625 0.061197916666666664 0.6315104166666666 0.05078125 0.640625 0.044270833333333336 0.6419270833333334 0.040364583333333336 0.6380208333333334 0.040364583333333336 0.6328125 0.044270833333333336 0.62890625 0.053385416666666664 0.6263020833333334
3 0.6023437500000001 0.24583333333333335 0.6015625 0.25 0.6015625 0.2611111106770833 0.6023437500000001 0.2625 0.6062500000000001 0.26527777734374997 0.609375 0.25416666666666665 0.6085937499999999 0.24861111067708333 0.6062500000000001 0.24444444401041665 0.603125 0.24444444401041665 0.6023437500000001 0.24583333333333335