1 0.55234375 0.5791666666666667 0.5546875 0.5805555559895833 0.55625 0.57777777734375 0.55625 0.5736111106770834 0.5554687500000001 0.57222222265625 0.553125 0.57222222265625 0.55234375 0.5736111106770834 0.55234375 0.5791666666666667
0 0.8763020833333334 0.4375 0.8880208333333334 0.4283854166666667 0.90234375 0.4244791666666667 0.9986979166666666 0.421875 0.9986979166666666 0.4283854166666667 0.9296875 0.4309895833333333 0.9166666666666666 0.4296875 0.8997395833333334 0.4309895833333333 0.8880208333333334 0.4348958333333333 0.87109375 0.4518229166666667 0.86328125 0.46484375 0.8541666666666666 0.4908854166666667 0.8502604166666666 0.515625 0.8502604166666666 0.5481770833333334 0.85546875 0.57421875 0.8671875 0.6015625 0.8802083333333334 0.6184895833333334 0.8893229166666666 0.6236979166666666 0.8919270833333334 0.6276041666666666 0.9036458333333334 0.6302083333333334 0.9947916666666666 0.6276041666666666 0.99609375 0.625 0.9986979166666666 0.625 0.9986979166666666 0.6328125 0.8984375 0.6354166666666666 0.8815104166666666 0.6276041666666666 0.86328125 0.60546875 0.8489583333333334 0.5651041666666666 0.84765625 0.5065104166666666 0.8489583333333334 0.4947916666666667 0.8567708333333334 0.4700520833333333 0.8645833333333334 0.453125 0.8763020833333334 0.4388020833333333
0 0.13932291666666666 0.4518229166666667 0.15234375 0.4557291666666667 0.17057291666666666 0.47265625 0.18619791666666666 0.5052083333333334 0.19010416666666666 0.51953125 0.19270833333333334 0.5442708333333334 0.19140625 0.5885416666666666 0.18619791666666666 0.609375 0.17838541666666666 0.62890625 0.16666666666666666 0.6471354166666666 0.14713541666666666 0.66015625 0.11588541666666667 0.6640625 0.0625 0.6653645833333334 0.03125 0.6653645833333334 0.028645833333333332 0.6640625 0.03125 0.6614583333333334 0.13932291666666666 0.6575520833333334 0.15364583333333334 0.6510416666666666 0.16927083333333334 0.6354166666666666 0.18359375 0.6067708333333334 0.18880208333333334 0.5859375 0.19140625 0.5559895833333334 0.1875 0.5208333333333334 0.1796875 0.4973958333333333 0.16536458333333334 0.4739583333333333 0.15494791666666666 0.46484375 0.140625 0.4596354166666667 0.13932291666666666 0.45703125 0.12109375 0.45703125 0.11979166666666667 0.4596354166666667 0.024739583333333332 0.4609375 0.024739583333333332 0.4557291666666667 0.13802083333333334 0.4518229166666667
2 0.5182291666666666 0.4674479166666667 0.5221354166666666 0.4765625 0.5221354166666666 0.7096354166666666 0.5260416666666666 0.859375 0.5260416666666666 0.9518229166666666 0.5234375 0.9518229166666666 0.5208333333333334 0.8697916666666666 0.5208333333333334 0.71875 0.5182291666666666 0.6393229166666666 0.51953125 0.5716145833333334 0.5169270833333334 0.54296875 0.5169270833333334 0.4895833333333333 0.5208333333333334 0.4739583333333333 0.5182291666666666 0.46875
3 0.5390625 0.23697916666666666 0.5455729166666666 0.23958333333333334 0.5416666666666666 0.2578125 0.5390625 0.2604166666666667 0.53515625 0.2578125 0.5338541666666666 0.25390625 0.5377604166666666 0.23828125
3 0.5872395833333334 0.75 0.59375 0.7578125 0.5924479166666666 0.7669270833333334 0.5872395833333334 0.76953125 0.5833333333333334 0.7643229166666666 0.5872395833333334 0.7513020833333334
3 0.43359375 0.5716145833333334 0.4309895833333333 0.5625 0.4348958333333333 0.5546875 0.4388020833333333 0.5572916666666666 0.4388020833333333 0.56640625 0.4348958333333333 0.5716145833333334
3 0.4622395833333333 0.26171875 0.46484375 0.265625 0.4635416666666667 0.2838541666666667 0.4609375 0.28515625 0.45703125 0.2825520833333333 0.4557291666666667 0.2747395833333333 0.4557291666666667 0.2682291666666667 0.4583333333333333 0.2630208333333333 0.4609375 0.2630208333333333
3 0.5078125 0.6927083333333334 0.5065104166666666 0.6822916666666666 0.5091145833333334 0.6783854166666666 0.5130208333333334 0.6783854166666666 0.515625 0.6822916666666666 0.5143229166666666 0.69140625 0.51171875 0.6940104166666666 0.5091145833333334 0.6927083333333334
3 0.4895833333333333 0.6171875 0.4908854166666667 0.6002604166666666 0.49609375 0.6015625 0.49609375 0.6171875 0.4934895833333333 0.6197916666666666 0.4908854166666667 0.6171875
3 0.3515625 0.5026041666666666 0.3515625 0.52734375 0.34765625 0.5260416666666666 0.34375 0.5182291666666666 0.34375 0.5091145833333334 0.3502604166666667 0.50390625
3 0.5677083333333334 0.5364583333333334 0.5729166666666666 0.5377604166666666 0.5729166666666666 0.5520833333333334 0.5690104166666666 0.55859375 0.56640625 0.55859375 0.5651041666666666 0.5533854166666666 0.5677083333333334 0.5377604166666666
3 0.6432291666666666 0.3697916666666667 0.64453125 0.37890625 0.63671875 0.3880208333333333 0.6328125 0.3841145833333333 0.6328125 0.3776041666666667 0.6380208333333334 0.37109375 0.6419270833333334 0.3697916666666667
3 0.55078125 0.42578125 0.5572916666666666 0.4270833333333333 0.55859375 0.4322916666666667 0.5559895833333334 0.4440104166666667 0.5520833333333334 0.4440104166666667 0.5494791666666666 0.44140625 0.55078125 0.4270833333333333
3 0.5247395833333334 0.5182291666666666 0.53515625 0.5143229166666666 0.5338541666666666 0.5338541666666666 0.5286458333333334 0.5338541666666666 0.5247395833333334 0.5260416666666666 0.5247395833333334 0.51953125
3 0.5203125000000001 0.4611111106770833 0.52734375 0.45416666666666666 0.5242187500000001 0.43888888932291664 0.515625 0.44166666666666665 0.515625 0.45972222265625 0.5203125000000001 0.4611111106770833