1 0.2114265625 0.45955138932291667 0.21386796875 0.4659444440104166 0.21748984375 0.4599694440104167 0.21555 0.4549125 0.2114265625 0.45955138932291667
0 0 0.4088541666666667 0.08072916666666667 0.4114583333333333 0.09635416666666667 0.4166666666666667 0.11588541666666667 0.4375 0.12630208333333334 0.4583333333333333 0.13411458333333334 0.48828125 0.13671875 0.5182291666666666 0.13411458333333334 0.5520833333333334 0.13020833333333334 0.5703125 0.12760416666666666 0.5729166666666666 0.12239583333333333 0.58984375 0.11197916666666667 0.6067708333333334 0.10286458333333333 0.6158854166666666 0.09244791666666667 0.6223958333333334 0.08463541666666667 0.6236979166666666 0.08333333333333333 0.6263020833333334 0.0546875 0.6263020833333334 0.053385416666666664 0.6236979166666666 0 0.6236979166666666 0 0.6184895833333334 0.0859375 0.6197916666666666 0.09895833333333333 0.61328125 0.11588541666666667 0.5924479166666666 0.12369791666666667 0.5768229166666666 0.1328125 0.53515625 0.1328125 0.50390625 0.12760416666666666 0.47265625 0.11197916666666667 0.4401041666666667 0.09895833333333333 0.42578125 0.08723958333333333 0.4192708333333333 0.0625 0.41796875 0.061197916666666664 0.4153645833333333 0.05859375 0.41796875 0.0546875 0.41796875 0.053385416666666664 0.4153645833333333 0 0.4153645833333333 0 0.41015625
0 0.953125 0.4479166666666667 0.96484375 0.44921875 0.9661458333333334 0.453125 0.8489583333333334 0.4505208333333333 0.8359375 0.45703125 0.8229166666666666 0.4700520833333333 0.8111979166666666 0.4908854166666667 0.8033854166666666 0.515625 0.80078125 0.55859375 0.8033854166666666 0.5859375 0.8098958333333334 0.6080729166666666 0.8229166666666666 0.6315104166666666 0.8424479166666666 0.6484375 0.8606770833333334 0.65234375 0.9505208333333334 0.6549479166666666 0.9622395833333334 0.65625 0.9635416666666666 0.6588541666666666 0.9596354166666666 0.6614583333333334 0.8606770833333334 0.6575520833333334 0.8450520833333334 0.6549479166666666 0.8359375 0.6510416666666666 0.81640625 0.6302083333333334 0.8072916666666666 0.6106770833333334 0.80078125 0.58984375 0.7981770833333334 0.5611979166666666 0.7994791666666666 0.5260416666666666 0.8046875 0.4973958333333333 0.8203125 0.4661458333333333 0.8307291666666666 0.4544270833333333 0.8489583333333334 0.4453125 0.9518229166666666 0.4479166666666667
2 0.46875 0.28515625 0.4713541666666667 0.2265625 0.4713541666666667 0.12239583333333333 0.4739583333333333 0.12109375 0.4700520833333333 0.6393229166666666 0.4674479166666667 0.6861979166666666 0.4661458333333333 0.9296875 0.46484375 0.9466145833333334 0.4609375 0.9466145833333334 0.4635416666666667 0.9036458333333334 0.4635416666666667 0.7643229166666666 0.4661458333333333 0.6692708333333334 0.46484375 0.65625 0.4674479166666667 0.6119791666666666 0.4700520833333333 0.2864583333333333
3 0.23046875 0.8502604166666666 0.23046875 0.8606770833333334 0.22786458333333334 0.8671875 0.22395833333333334 0.8697916666666666 0.21875 0.8671875 0.21875 0.8528645833333334 0.22395833333333334 0.8489583333333334 0.22916666666666666 0.8502604166666666
3 0.4153645833333333 0.51171875 0.4192708333333333 0.5169270833333334 0.4205729166666667 0.5494791666666666 0.41796875 0.5494791666666666 0.4114583333333333 0.5221354166666666 0.4140625 0.5130208333333334
3 0.328125 0.6549479166666666 0.3333333333333333 0.6575520833333334 0.3333333333333333 0.66796875 0.3307291666666667 0.6705729166666666 0.32421875 0.6705729166666666 0.3216145833333333 0.6627604166666666 0.328125 0.65625
3 0.20963541666666666 0.44140625 0.21614583333333334 0.4427083333333333 0.22005208333333334 0.4479166666666667 0.22005208333333334 0.4622395833333333 0.21744791666666666 0.46484375 0.21354166666666666 0.46484375 0.20963541666666666 0.4544270833333333 0.20963541666666666 0.4427083333333333
3 0.7513020833333334 0.5377604166666666 0.7552083333333334 0.5442708333333334 0.7552083333333334 0.5546875 0.7526041666666666 0.5572916666666666 0.7447916666666666 0.5533854166666666 0.7408854166666666 0.5403645833333334 0.75 0.5377604166666666
3 0.3697916666666667 0.375 0.375 0.375 0.3802083333333333 0.3815104166666667 0.3802083333333333 0.3997395833333333 0.3763020833333333 0.40234375 0.3697916666666667 0.3984375 0.3671875 0.3932291666666667 0.3658854166666667 0.3841145833333333 0.3697916666666667 0.3763020833333333
3 0.06380208333333333 0.5026041666666666 0.06640625 0.5052083333333334 0.07421875 0.5052083333333334 0.07421875 0.515625 0.06510416666666667 0.5234375 0.061197916666666664 0.5221354166666666 0.0546875 0.51171875 0.0546875 0.5052083333333334 0.0625 0.5026041666666666
3 0.171875 0.6380208333333334 0.171875 0.6302083333333334 0.17447916666666666 0.625 0.1875 0.6158854166666666 0.18880208333333334 0.6223958333333334 0.18489583333333334 0.6393229166666666 0.17317708333333334 0.6380208333333334
3 0.40390624999999997 0.35277777734375 0.40468750000000003 0.3541666666666667 0.40781249999999997 0.3541666666666667 0.409375 0.3513888893229167 0.409375 0.3333333333333333 0.40703125 0.33055555598958336 0.40625 0.3319444440104167 0.40390624999999997 0.3319444440104167 0.40078125000000003 0.33472222265625 0.39999999999999997 0.34027777734375 0.40078125000000003 0.3430555559895833 0.4015625 0.3430555559895833 0.40390624999999997 0.35277777734375
3 0.225 0.21944444401041666 0.2265625 0.22222222265625 0.22890625 0.22222222265625 0.23124999999999998 0.225 0.2359375 0.225 0.23671875 0.2236111106770833 0.23671875 0.22222222265625 0.23046875 0.2125 0.22968750000000002 0.2125 0.228125 0.20972222265624998 0.225 0.20972222265624998 0.22343749999999998 0.2125 0.22343749999999998 0.21805555598958334 0.22421875 0.21944444401041666 0.225 0.21944444401041666
3 0.34531249999999997 0.6388888893229167 0.34765625 0.6361111106770834 0.34765625 0.6319444440104166 0.34531249999999997 0.6263888893229167 0.34531249999999997 0.625 0.34218750000000003 0.62222222265625 0.33749999999999997 0.6236111106770833 0.33515625 0.62777777734375 0.33515625 0.6333333333333333 0.34218750000000003 0.6388888893229167 0.34531249999999997 0.6388888893229167
3 0.34375 0.8416666666666667 0.34531249999999997 0.8416666666666667 0.34531249999999997 0.8375 0.34765625 0.8347222226562501 0.346875 0.8263888893229167 0.34609375000000003 0.8236111106770833 0.34218750000000003 0.8166666666666668 0.33984375 0.8166666666666668 0.33749999999999997 0.8263888893229167 0.33515625 0.8305555559895833 0.33515625 0.8333333333333334 0.34375 0.8416666666666667