1 0.6062500000000001 0.42222222265625 0.603125 0.42222222265625 0.603125 0.4291666666666667 0.6062500000000001 0.42777777734375005 0.6062500000000001 0.42222222265625
0 0.9986979166666666 0.43359375 0.9986979166666666 0.4401041666666667 0.9140625 0.4427083333333333 0.8984375 0.4466145833333333 0.8841145833333334 0.4583333333333333 0.875 0.4713541666666667 0.86328125 0.5 0.859375 0.51953125 0.859375 0.56640625 0.87109375 0.6067708333333334 0.8841145833333334 0.6263020833333334 0.8932291666666666 0.6354166666666666 0.9049479166666666 0.6419270833333334 0.9986979166666666 0.6393229166666666 0.9986979166666666 0.6471354166666666 0.9309895833333334 0.6497395833333334 0.9036458333333334 0.6484375 0.890625 0.640625 0.87890625 0.62890625 0.8671875 0.609375 0.859375 0.5846354166666666 0.85546875 0.5546875 0.8567708333333334 0.515625 0.8606770833333334 0.49609375 0.8671875 0.4765625 0.8802083333333334 0.4544270833333333 0.8880208333333334 0.4466145833333333 0.9010416666666666 0.4401041666666667 0.90234375 0.4375 0.91796875 0.4348958333333333 0.9973958333333334 0.43359375
0 0.14973958333333334 0.46484375 0.1640625 0.47265625 0.17057291666666666 0.4791666666666667 0.18229166666666666 0.49609375 0.19140625 0.51953125 0.19791666666666666 0.55859375 0.19791666666666666 0.5703125 0.19401041666666666 0.6080729166666666 0.19140625 0.6119791666666666 0.19010416666666666 0.6223958333333334 0.17838541666666666 0.6484375 0.15885416666666666 0.6692708333333334 0.15364583333333334 0.671875 0.13802083333333334 0.67578125 0.07552083333333333 0.6783854166666666 0.03125 0.6783854166666666 0.03125 0.6744791666666666 0.13932291666666666 0.6705729166666666 0.15494791666666666 0.6640625 0.16927083333333334 0.65234375 0.18489583333333334 0.6263020833333334 0.19140625 0.6028645833333334 0.19401041666666666 0.5859375 0.19401041666666666 0.5559895833333334 0.19140625 0.5338541666666666 0.1875 0.5182291666666666 0.17578125 0.4934895833333333 0.16276041666666666 0.4778645833333333 0.14973958333333334 0.4700520833333333 0.11848958333333333 0.46875 0.028645833333333332 0.4713541666666667 0.028645833333333332 0.4674479166666667 0.1015625 0.4635416666666667 0.1484375 0.46484375
2 0.5221354166666666 0.14192708333333334 0.5247395833333334 0.14322916666666666 0.52734375 0.6276041666666666 0.5299479166666666 0.6861979166666666 0.5299479166666666 0.8411458333333334 0.5325520833333334 0.9348958333333334 0.53125 0.9674479166666666 0.5286458333333334 0.9674479166666666 0.52734375 0.94140625 0.5286458333333334 0.8736979166666666 0.52734375 0.7291666666666666 0.5247395833333334 0.6809895833333334 0.5234375 0.2825520833333333 0.5208333333333334 0.17838541666666666 0.5221354166666666 0.14322916666666666
3 0.3580729166666667 0.24739583333333334 0.359375 0.2526041666666667 0.3658854166666667 0.2578125 0.3619791666666667 0.2682291666666667 0.3580729166666667 0.2721354166666667 0.35546875 0.2721354166666667 0.3528645833333333 0.2604166666666667 0.3528645833333333 0.25 0.3567708333333333 0.24739583333333334
3 0.33984375 0.5755208333333334 0.3372395833333333 0.5703125 0.3372395833333333 0.5572916666666666 0.33984375 0.5559895833333334 0.3489583333333333 0.5651041666666666 0.3463541666666667 0.5729166666666666 0.3411458333333333 0.5755208333333334
3 0.4830729166666667 0.3046875 0.4869791666666667 0.3098958333333333 0.4869791666666667 0.3229166666666667 0.4830729166666667 0.328125 0.4778645833333333 0.3255208333333333 0.4778645833333333 0.3072916666666667 0.4817708333333333 0.3046875
3 0.5520833333333334 0.24088541666666666 0.5572916666666666 0.24088541666666666 0.55859375 0.24479166666666666 0.5572916666666666 0.2552083333333333 0.5520833333333334 0.2578125 0.5520833333333334 0.2421875
3 0.5 0.4069010416666667 0.012369791666666666 0.030598958333333332
3 0.4192708333333333 0.6328125 0.4231770833333333 0.63671875 0.4166666666666667 0.6497395833333334 0.4140625 0.6510416666666666 0.4114583333333333 0.6497395833333334 0.41015625 0.6354166666666666 0.4127604166666667 0.6315104166666666 0.41796875 0.6328125
3 0.61328125 0.408203125 0.012369791666666666 0.022135416666666668
3 0.453125 0.7057291666666666 0.4557291666666667 0.7083333333333334 0.4583333333333333 0.70703125 0.4596354166666667 0.7122395833333334 0.4518229166666667 0.7265625 0.4479166666666667 0.7213541666666666 0.44921875 0.70703125 0.4518229166666667 0.7057291666666666
3 0.23828125 0.5143229166666666 0.23828125 0.5338541666666666 0.22786458333333334 0.5338541666666666 0.2265625 0.53125 0.22786458333333334 0.5182291666666666 0.23307291666666666 0.5143229166666666 0.23697916666666666 0.5143229166666666
3 0.5846354166666666 0.328125 0.5846354166666666 0.34765625 0.5807291666666666 0.34765625 0.5768229166666666 0.3424479166666667 0.5833333333333334 0.3294270833333333
3 0.5638020833333334 0.5130208333333334 0.56640625 0.5143229166666666 0.5651041666666666 0.53125 0.5598958333333334 0.53125 0.5598958333333334 0.5182291666666666 0.5625 0.5143229166666666
3 0.5130208333333334 0.8515625 0.5130208333333334 0.8658854166666666 0.5078125 0.8763020833333334 0.50390625 0.8723958333333334 0.5026041666666666 0.859375 0.5078125 0.8528645833333334 0.51171875 0.8515625