1 0.8585937499999999 0.94722222265625 0.8601562500000001 0.9444444440104167 0.8601562500000001 0.9416666666666668 0.859375 0.9388888893229167 0.8562500000000001 0.9388888893229167 0.85546875 0.94027777734375 0.85546875 0.9458333333333333 0.8578125 0.9458333333333333 0.8585937499999999 0.94722222265625
0 0 0.42578125 0.08723958333333333 0.4283854166666667 0.09895833333333333 0.4309895833333333 0.11067708333333333 0.4375 0.12239583333333333 0.4518229166666667 0.13411458333333334 0.4739583333333333 0.140625 0.4947916666666667 0.14453125 0.5325520833333334 0.14192708333333334 0.5690104166666666 0.13411458333333334 0.59765625 0.12630208333333334 0.61328125 0.10807291666666667 0.6341145833333334 0.09505208333333333 0.640625 0 0.6393229166666666 0 0.6328125 0.09244791666666667 0.6354166666666666 0.10286458333333333 0.6315104166666666 0.12109375 0.6119791666666666 0.13151041666666666 0.5924479166666666 0.13671875 0.5690104166666666 0.13932291666666666 0.56640625 0.140625 0.5546875 0.140625 0.515625 0.13541666666666666 0.4895833333333333 0.11979166666666667 0.4557291666666667 0.10677083333333333 0.4427083333333333 0.09244791666666667 0.4348958333333333 0.009114583333333334 0.4322916666666667 0 0.4309895833333333 0 0.4270833333333333
0 0.82421875 0.4830729166666667 0.8359375 0.4700520833333333 0.83984375 0.46875 0.8424479166666666 0.4739583333333333 0.8346354166666666 0.4778645833333333 0.8268229166666666 0.4869791666666667 0.8190104166666666 0.5 0.8177083333333334 0.5078125 0.8111979166666666 0.5208333333333334 0.8072916666666666 0.5390625 0.8072916666666666 0.5911458333333334 0.8151041666666666 0.62109375 0.8294270833333334 0.6471354166666666 0.84375 0.66015625 0.86328125 0.6666666666666666 0.9088541666666666 0.6666666666666666 0.91015625 0.6692708333333334 0.9309895833333334 0.6692708333333334 0.94140625 0.6705729166666666 0.9453125 0.6731770833333334 0.953125 0.6705729166666666 0.9700520833333334 0.671875 0.9674479166666666 0.67578125 0.8567708333333334 0.671875 0.8463541666666666 0.66796875 0.828125 0.6536458333333334 0.8151041666666666 0.6315104166666666 0.8072916666666666 0.6067708333333334 0.8033854166666666 0.5807291666666666 0.8033854166666666 0.55078125 0.80859375 0.5182291666666666 0.8151041666666666 0.5 0.82421875 0.484375
2 0.4778645833333333 0.13802083333333334 0.48046875 0.13932291666666666 0.48046875 0.16796875 0.4778645833333333 0.28125 0.4778645833333333 0.4765625 0.4739583333333333 0.6666666666666666 0.4739583333333333 0.8138020833333334 0.4713541666666667 0.8515625 0.4713541666666667 0.9609375 0.46875 0.9622395833333334 0.4674479166666667 0.9401041666666666 0.4713541666666667 0.7864583333333334 0.4713541666666667 0.6158854166666666 0.4739583333333333 0.5104166666666666 0.47265625 0.4635416666666667 0.4752604166666667 0.40625 0.4739583333333333 0.3932291666666667 0.4778645833333333 0.13932291666666666
3 0.7122395833333334 0.7916666666666666 0.7200520833333334 0.80078125 0.7174479166666666 0.8307291666666666 0.7135416666666666 0.83203125 0.7096354166666666 0.80859375 0.7096354166666666 0.7955729166666666 0.7122395833333334 0.79296875
3 0.9388020833333334 0.6315104166666666 0.9557291666666666 0.6341145833333334 0.9622395833333334 0.6393229166666666 0.9622395833333334 0.64453125 0.9583333333333334 0.64453125 0.95703125 0.6471354166666666 0.9557291666666666 0.64453125 0.9479166666666666 0.64453125 0.9440104166666666 0.6419270833333334 0.9375 0.6341145833333334 0.9388020833333334 0.6328125
3 0.3697916666666667 0.2591145833333333 0.3736979166666667 0.2591145833333333 0.3776041666666667 0.265625 0.3802083333333333 0.2838541666666667 0.3802083333333333 0.3020833333333333 0.3776041666666667 0.30078125 0.375 0.2864583333333333 0.3697916666666667 0.2799479166666667 0.3684895833333333 0.2734375 0.3697916666666667 0.2604166666666667
3 0.7486979166666666 0.5520833333333334 0.7513020833333334 0.5520833333333334 0.75390625 0.5559895833333334 0.7486979166666666 0.58984375 0.74609375 0.5885416666666666 0.7447916666666666 0.5716145833333334 0.73828125 0.5625 0.734375 0.5611979166666666 0.7486979166666666 0.5533854166666666
3 0.4427083333333333 0.6861979166666666 0.44921875 0.6927083333333334 0.4466145833333333 0.69921875 0.4466145833333333 0.72265625 0.44140625 0.71875 0.4401041666666667 0.7083333333333334 0.4375 0.7057291666666666 0.4375 0.6901041666666666 0.44140625 0.6861979166666666
3 0.8489583333333334 0.4557291666666667 0.8541666666666666 0.4583333333333333 0.85546875 0.46484375 0.8463541666666666 0.4765625 0.84375 0.4765625 0.8424479166666666 0.4739583333333333 0.8385416666666666 0.4557291666666667 0.84765625 0.4557291666666667
3 0.5846354166666666 0.4765625 0.5885416666666666 0.4830729166666667 0.5885416666666666 0.4895833333333333 0.5833333333333334 0.5013020833333334 0.5794270833333334 0.5013020833333334 0.57421875 0.4908854166666667 0.5768229166666666 0.4791666666666667 0.5794270833333334 0.4765625 0.5833333333333334 0.4765625
3 0.57421875 0.8489583333333334 0.5703125 0.8255208333333334 0.56640625 0.8216145833333334 0.56640625 0.8177083333333334 0.5729166666666666 0.8151041666666666 0.5768229166666666 0.8190104166666666 0.578125 0.8489583333333334 0.5755208333333334 0.8489583333333334
3 0.15546875000000002 0.4763888893229167 0.1484375 0.4805555559895833 0.14765625000000002 0.4875 0.16171875 0.49722222265625 0.16171875 0.4805555559895833 0.15546875000000002 0.4763888893229167
3 0.69296875 0.6416666666666667 0.6960937500000001 0.66527777734375 0.69921875 0.66527777734375 0.703125 0.6444444440104167 0.69296875 0.6416666666666667
3 0.88671875 0.7819444440104166 0.88671875 0.7944444440104167 0.9015624999999999 0.7944444440104167 0.896875 0.7833333333333333 0.88671875 0.7819444440104166
3 0.87265625 0.95277777734375 0.8640625000000001 0.9541666666666666 0.865625 0.9763888893229167 0.87734375 0.9694444440104166 0.8765625 0.9583333333333334 0.87265625 0.95277777734375