1 0.278884375 0.34075000000000005 0.2772453125 0.3373319440104167 0.27603359375 0.3358125 0.274359375 0.33892222265625 0.27482265624999996 0.3423958333333333 0.27610546875 0.3437888893229167 0.27810078125 0.34315555598958336 0.278884375 0.34075000000000005
0 0 0.4166666666666667 0.013020833333333334 0.4166666666666667 0.014322916666666666 0.4192708333333333 0.08854166666666667 0.4205729166666667 0.10026041666666667 0.421875 0.11458333333333333 0.4283854166666667 0.13020833333333334 0.4466145833333333 0.14192708333333334 0.4700520833333333 0.14322916666666666 0.48046875 0.14713541666666666 0.4895833333333333 0.15104166666666666 0.5299479166666666 0.14973958333333334 0.55078125 0.14192708333333334 0.5846354166666666 0.13020833333333334 0.6080729166666666 0.11197916666666667 0.6276041666666666 0.09895833333333333 0.6328125 0 0.6302083333333334 0 0.6236979166666666 0.048177083333333336 0.6236979166666666 0.07291666666666667 0.625 0.07421875 0.6276041666666666 0.09635416666666667 0.6276041666666666 0.09765625 0.625 0.11067708333333333 0.62109375 0.125 0.6067708333333334 0.13541666666666666 0.58984375 0.14322916666666666 0.56640625 0.14713541666666666 0.5442708333333334 0.14713541666666666 0.51171875 0.14322916666666666 0.4869791666666667 0.140625 0.484375 0.13932291666666666 0.4752604166666667 0.13151041666666666 0.45703125 0.11588541666666667 0.4361979166666667 0.09895833333333333 0.4270833333333333 0.013020833333333334 0.4244791666666667 0 0.4231770833333333 0 0.41796875
0 0.8958333333333334 0.44921875 0.9244791666666666 0.4518229166666667 0.9661458333333334 0.4518229166666667 0.9778645833333334 0.453125 0.9778645833333334 0.45703125 0.9765625 0.4596354166666667 0.9635416666666666 0.4596354166666667 0.9622395833333334 0.45703125 0.86328125 0.4544270833333333 0.84375 0.46484375 0.8333333333333334 0.4752604166666667 0.8229166666666666 0.4921875 0.8216145833333334 0.5013020833333334 0.8138020833333334 0.51953125 0.8138020833333334 0.5299479166666666 0.8111979166666666 0.5364583333333334 0.8111979166666666 0.5716145833333334 0.8190104166666666 0.6080729166666666 0.8268229166666666 0.6263020833333334 0.8333333333333334 0.6354166666666666 0.84765625 0.6497395833333334 0.8580729166666666 0.6549479166666666 0.9505208333333334 0.6588541666666666 0.9752604166666666 0.6614583333333334 0.9752604166666666 0.6640625 0.8828125 0.6627604166666666 0.8567708333333334 0.66015625 0.84765625 0.65625 0.8372395833333334 0.6471354166666666 0.82421875 0.6302083333333334 0.81640625 0.6119791666666666 0.80859375 0.5755208333333334 0.80859375 0.5364583333333334 0.8111979166666666 0.5299479166666666 0.8125 0.5130208333333334 0.8203125 0.4895833333333333 0.8346354166666666 0.4661458333333333 0.84765625 0.4544270833333333 0.8619791666666666 0.44921875 0.89453125 0.44921875
2 0.4830729166666667 0.12890625 0.4830729166666667 0.3619791666666667 0.4817708333333333 0.41796875 0.4791666666666667 0.4205729166666667 0.4817708333333333 0.4479166666666667 0.4817708333333333 0.5611979166666666 0.4778645833333333 0.71484375 0.4778645833333333 0.9231770833333334 0.4752604166666667 0.9283854166666666 0.4752604166666667 0.9518229166666666 0.47265625 0.9518229166666666 0.47265625 0.8697916666666666 0.4752604166666667 0.8177083333333334 0.4765625 0.5651041666666666 0.4791666666666667 0.484375 0.4765625 0.4114583333333333 0.4791666666666667 0.4075520833333333 0.4817708333333333 0.13020833333333334
3 0.3841145833333333 0.8294270833333334 0.375 0.8151041666666666 0.3815104166666667 0.7994791666666666 0.3841145833333333 0.7981770833333334 0.38671875 0.80859375 0.38671875 0.8216145833333334 0.3841145833333333 0.828125
3 0.4986979166666667 0.26171875 0.5026041666666666 0.265625 0.5026041666666666 0.2825520833333333 0.4986979166666667 0.2838541666666667 0.49609375 0.2799479166666667 0.49609375 0.2669270833333333 0.4986979166666667 0.2630208333333333
3 0.4596354166666667 0.5885416666666666 0.45703125 0.5846354166666666 0.45703125 0.57421875 0.4635416666666667 0.5677083333333334 0.4661458333333333 0.5703125 0.4661458333333333 0.5872395833333334 0.4635416666666667 0.58984375 0.4609375 0.5885416666666666
3 0.4388020833333333 0.7317708333333334 0.4427083333333333 0.7395833333333334 0.4427083333333333 0.7473958333333334 0.4388020833333333 0.7513020833333334 0.43359375 0.7473958333333334 0.43359375 0.7395833333333334 0.4375 0.7330729166666666
3 0.2552083333333333 0.58984375 0.2565104166666667 0.5924479166666666 0.2526041666666667 0.6145833333333334 0.25 0.6145833333333334 0.24869791666666666 0.6106770833333334 0.24088541666666666 0.60546875 0.24088541666666666 0.59765625 0.25390625 0.58984375
3 0.3776041666666667 0.5546875 0.3802083333333333 0.55859375 0.3802083333333333 0.57421875 0.3776041666666667 0.5755208333333334 0.37109375 0.5677083333333334 0.37109375 0.5598958333333334 0.3763020833333333 0.5546875
3 0.2799479166666667 0.3216145833333333 0.2825520833333333 0.32421875 0.2825520833333333 0.3385416666666667 0.2799479166666667 0.34375 0.2760416666666667 0.34375 0.2708333333333333 0.3255208333333333 0.2721354166666667 0.3190104166666667 0.2760416666666667 0.3190104166666667 0.2786458333333333 0.3216145833333333
3 0.3958333333333333 0.41015625 0.3984375 0.4205729166666667 0.3971354166666667 0.4270833333333333 0.3932291666666667 0.4270833333333333 0.390625 0.4244791666666667 0.390625 0.4114583333333333 0.39453125 0.41015625
3 0.443359375 0.22721354166666666 0.010416666666666666 0.0234375
3 0.5703125 0.55859375 0.5755208333333334 0.5611979166666666 0.5755208333333334 0.5755208333333334 0.5716145833333334 0.5794270833333334 0.5690104166666666 0.578125 0.56640625 0.5716145833333334 0.5703125 0.5598958333333334
3 0.48828125 0.4114583333333333 0.4921875 0.4153645833333333 0.4908854166666667 0.4270833333333333 0.4869791666666667 0.4283854166666667 0.4830729166666667 0.42578125 0.484375 0.4166666666666667 0.48828125 0.4127604166666667
3 0.43124999999999997 0.47777777734375 0.42812500000000003 0.4583333333333333 0.41953124999999997 0.46249999999999997 0.41796875 0.47222222265625 0.42109375 0.4805555559895833 0.42890625 0.48194444401041664 0.43124999999999997 0.47777777734375