1 0.359375 0.6944444440104167 0.36093749999999997 0.69027777734375 0.36015625 0.6861111106770833 0.359375 0.68472222265625 0.35625 0.6861111106770833 0.35546875 0.6875 0.35625 0.6916666666666668 0.359375 0.6944444440104167
0 0.1328125 0.4713541666666667 0.13802083333333334 0.4895833333333333 0.13802083333333334 0.5520833333333334 0.12760416666666666 0.5872395833333334 0.11067708333333333 0.61328125 0.10026041666666667 0.62109375 0.09114583333333333 0.6236979166666666 0.08984375 0.6263020833333334 0.0546875 0.6263020833333334 0.053385416666666664 0.6236979166666666 0 0.6236979166666666 0 0.6184895833333334 0.08463541666666667 0.62109375 0.09895833333333333 0.6158854166666666 0.109375 0.6067708333333334 0.109375 0.6041666666666666 0.11979166666666667 0.5924479166666666 0.12369791666666667 0.5846354166666666 0.13541666666666666 0.546875 0.13671875 0.5052083333333334 0.13541666666666666 0.4908854166666667 0.13151041666666666 0.484375 0.1328125 0.47265625
0 0.9427083333333334 0.44921875 0.96484375 0.4505208333333333 0.9661458333333334 0.4544270833333333 0.9622395833333334 0.4557291666666667 0.8515625 0.4518229166666667 0.84375 0.4544270833333333 0.83203125 0.4635416666666667 0.8216145833333334 0.4752604166666667 0.8111979166666666 0.4947916666666667 0.8033854166666666 0.5234375 0.8033854166666666 0.5846354166666666 0.8111979166666666 0.6106770833333334 0.8190104166666666 0.6263020833333334 0.8307291666666666 0.640625 0.8424479166666666 0.6497395833333334 0.8502604166666666 0.65234375 0.87890625 0.6549479166666666 0.9609375 0.6575520833333334 0.9635416666666666 0.6588541666666666 0.9635416666666666 0.6614583333333334 0.875 0.66015625 0.8424479166666666 0.6549479166666666 0.8346354166666666 0.6510416666666666 0.81640625 0.6302083333333334 0.8072916666666666 0.6106770833333334 0.80078125 0.5872395833333334 0.80078125 0.5208333333333334 0.8046875 0.50390625 0.80859375 0.4921875 0.8151041666666666 0.4817708333333333 0.8151041666666666 0.4778645833333333 0.8294270833333334 0.4583333333333333 0.8359375 0.453125 0.8515625 0.4466145833333333 0.94140625 0.44921875
2 0.4739583333333333 0.12109375 0.4739583333333333 0.45703125 0.4713541666666667 0.4700520833333333 0.47265625 0.5065104166666666 0.4700520833333333 0.76171875 0.4674479166666667 0.8072916666666666 0.4661458333333333 0.9466145833333334 0.4635416666666667 0.9479166666666666 0.4635416666666667 0.8645833333333334 0.46484375 0.7604166666666666 0.4674479166666667 0.7317708333333334 0.47265625 0.12239583333333333
3 0.3151041666666667 0.58984375 0.3177083333333333 0.58984375 0.3216145833333333 0.6002604166666666 0.3216145833333333 0.6067708333333334 0.3190104166666667 0.6106770833333334 0.3125 0.6106770833333334 0.3125 0.5963541666666666 0.3151041666666667 0.5911458333333334
3 0.3763020833333333 0.22786458333333334 0.3815104166666667 0.23567708333333334 0.3802083333333333 0.2526041666666667 0.3776041666666667 0.2552083333333333 0.3736979166666667 0.2526041666666667 0.3736979166666667 0.24609375 0.3697916666666667 0.23697916666666666 0.37109375 0.22916666666666666 0.375 0.22786458333333334
3 0.3463541666666667 0.5481770833333334 0.3489583333333333 0.5481770833333334 0.3528645833333333 0.5572916666666666 0.3528645833333333 0.5729166666666666 0.3502604166666667 0.5755208333333334 0.34765625 0.57421875 0.3424479166666667 0.5611979166666666 0.3463541666666667 0.5494791666666666
3 0.34375 0.48828125 0.3463541666666667 0.48828125 0.3541666666666667 0.49609375 0.35546875 0.50390625 0.35546875 0.5091145833333334 0.3528645833333333 0.51171875 0.34765625 0.5091145833333334 0.34375 0.50390625 0.34375 0.4895833333333333
3 0.2766927083333333 0.849609375 0.011067708333333334 0.026692708333333332
3 0.3385416666666667 0.6796875 0.3411458333333333 0.6809895833333334 0.3411458333333333 0.6861979166666666 0.3450520833333333 0.6927083333333334 0.3424479166666667 0.7044270833333334 0.3372395833333333 0.703125 0.3359375 0.6901041666666666 0.3385416666666667 0.6809895833333334
3 0.23307291666666666 0.21614583333333334 0.24348958333333334 0.2265625 0.24348958333333334 0.23697916666666666 0.24088541666666666 0.23958333333333334 0.22916666666666666 0.2265625 0.22916666666666666 0.21744791666666666 0.23177083333333334 0.21614583333333334
3 0.74609375 0.515625 0.7552083333333334 0.515625 0.76171875 0.5208333333333334 0.7643229166666666 0.5260416666666666 0.76171875 0.5299479166666666 0.75390625 0.53125 0.75 0.5286458333333334 0.74609375 0.5169270833333334
3 0.3997395833333333 0.5078125 0.3997395833333333 0.5260416666666666 0.3971354166666667 0.5286458333333334 0.39453125 0.5286458333333334 0.390625 0.5234375 0.390625 0.5091145833333334 0.3932291666666667 0.5065104166666666 0.3984375 0.5078125
3 0.1171875 0.4557291666666667 0.12369791666666667 0.4583333333333333 0.12760416666666666 0.4661458333333333 0.11458333333333333 0.4713541666666667 0.109375 0.4700520833333333 0.109375 0.4609375 0.11197916666666667 0.4557291666666667 0.11588541666666667 0.4557291666666667
3 0.390625 0.40972222265625 0.38515625000000003 0.3958333333333333 0.378125 0.39999999999999997 0.37734375000000003 0.40972222265625 0.38046874999999997 0.41527777734375 0.3859375 0.4166666666666667 0.390625 0.40972222265625
3 0.37343750000000003 0.8138888893229167 0.37421875 0.7958333333333334 0.36953125000000003 0.7819444440104166 0.3640625 0.79722222265625 0.37343750000000003 0.8138888893229167