1 0.5203125000000001 0.64722222265625 0.5226562499999999 0.64722222265625 0.5234375 0.6444444440104167 0.5226562499999999 0.64027777734375 0.5203125000000001 0.64027777734375 0.5187499999999999 0.6430555559895833 0.51953125 0.6458333333333334 0.5203125000000001 0.64722222265625
0 0 0.4283854166666667 0.09895833333333333 0.4309895833333333 0.109375 0.4348958333333333 0.12630208333333334 0.4505208333333333 0.13802083333333334 0.4713541666666667 0.14583333333333334 0.4947916666666667 0.14973958333333334 0.51953125 0.14973958333333334 0.5546875 0.14192708333333334 0.59375 0.13020833333333334 0.6171875 0.11848958333333333 0.6315104166666666 0.10807291666666667 0.6380208333333334 0.09375 0.6419270833333334 0 0.6393229166666666 0 0.6341145833333334 0.09505208333333333 0.63671875 0.11197916666666667 0.6302083333333334 0.125 0.6158854166666666 0.13541666666666666 0.59765625 0.14322916666666666 0.5755208333333334 0.14713541666666666 0.55078125 0.14713541666666666 0.5247395833333334 0.14322916666666666 0.4986979166666667 0.13671875 0.4830729166666667 0.13671875 0.4778645833333333 0.11848958333333333 0.44921875 0.10416666666666667 0.4401041666666667 0.09635416666666667 0.4388020833333333 0.09505208333333333 0.4361979166666667 0.0078125 0.4348958333333333 0 0.43359375 0 0.4296875
0 0.8645833333333334 0.4544270833333333 0.9635416666666666 0.45703125 0.9739583333333334 0.4583333333333333 0.9752604166666666 0.4622395833333333 0.9283854166666666 0.4635416666666667 0.859375 0.4609375 0.8450520833333334 0.4674479166666667 0.8333333333333334 0.4778645833333333 0.8229166666666666 0.4947916666666667 0.8190104166666666 0.5078125 0.8151041666666666 0.5130208333333334 0.8098958333333334 0.5390625 0.8098958333333334 0.5846354166666666 0.8151041666666666 0.6080729166666666 0.8177083333333334 0.6106770833333334 0.8229166666666666 0.6276041666666666 0.8385416666666666 0.6497395833333334 0.85546875 0.66015625 0.9661458333333334 0.6640625 0.97265625 0.6666666666666666 0.97265625 0.6692708333333334 0.9700520833333334 0.6705729166666666 0.9036458333333334 0.6692708333333334 0.8828125 0.66796875 0.8815104166666666 0.6653645833333334 0.8528645833333334 0.6640625 0.83984375 0.6575520833333334 0.8307291666666666 0.6484375 0.8203125 0.6315104166666666 0.8151041666666666 0.6145833333333334 0.8125 0.6119791666666666 0.8072916666666666 0.5872395833333334 0.8072916666666666 0.5377604166666666 0.8111979166666666 0.5169270833333334 0.8203125 0.4908854166666667 0.8307291666666666 0.4739583333333333 0.8489583333333334 0.4583333333333333 0.86328125 0.4544270833333333
2 0.4765625 0.4700520833333333 0.48046875 0.4817708333333333 0.4752604166666667 0.8841145833333334 0.4765625 0.9075520833333334 0.4752604166666667 0.95703125 0.4739583333333333 0.9596354166666666 0.47265625 0.95703125 0.4765625 0.4713541666666667
3 0.4635416666666667 0.2421875 0.4661458333333333 0.24479166666666666 0.4674479166666667 0.26171875 0.4635416666666667 0.2669270833333333 0.45703125 0.2578125 0.45703125 0.24739583333333334 0.4622395833333333 0.2421875
3 0.5911458333333334 0.24739583333333334 0.5924479166666666 0.2669270833333333 0.58984375 0.26953125 0.5859375 0.26953125 0.5807291666666666 0.26171875 0.5807291666666666 0.2591145833333333 0.5859375 0.25390625 0.5859375 0.25 0.58984375 0.24739583333333334
3 0.6067708333333334 0.51953125 0.6067708333333334 0.5364583333333334 0.6028645833333334 0.5364583333333334 0.6002604166666666 0.5325520833333334 0.6002604166666666 0.5260416666666666 0.60546875 0.51953125
3 0.51171875 0.7109375 0.515625 0.7109375 0.5143229166666666 0.7317708333333334 0.5091145833333334 0.7330729166666666 0.5065104166666666 0.7213541666666666 0.5078125 0.7161458333333334 0.51171875 0.7122395833333334
3 0.51953125 0.640625 0.5221354166666666 0.640625 0.5234375 0.6497395833333334 0.5299479166666666 0.6536458333333334 0.5338541666666666 0.6614583333333334 0.5325520833333334 0.6705729166666666 0.5299479166666666 0.6731770833333334 0.5260416666666666 0.6731770833333334 0.51953125 0.6575520833333334 0.51953125 0.6419270833333334
3 0.4361979166666667 0.8033854166666666 0.4401041666666667 0.8033854166666666 0.4466145833333333 0.8098958333333334 0.4453125 0.8190104166666666 0.4427083333333333 0.8229166666666666 0.4388020833333333 0.8229166666666666 0.4348958333333333 0.8151041666666666 0.4361979166666667 0.8046875
3 0.4518229166666667 0.5794270833333334 0.4557291666666667 0.5794270833333334 0.4583333333333333 0.5859375 0.45703125 0.59765625 0.453125 0.6002604166666666 0.4479166666666667 0.58984375 0.4518229166666667 0.5807291666666666
3 0.7174479166666666 0.60546875 0.7174479166666666 0.5989583333333334 0.7265625 0.5872395833333334 0.7330729166666666 0.59375 0.7330729166666666 0.6028645833333334 0.73046875 0.6067708333333334 0.71875 0.60546875
3 0.453125 0.36328125 0.4518229166666667 0.3515625 0.4544270833333333 0.3424479166666667 0.4609375 0.3528645833333333 0.4596354166666667 0.36328125 0.4544270833333333 0.36328125
3 0.3971354166666667 0.3372395833333333 0.4010416666666667 0.33984375 0.4036458333333333 0.34765625 0.4010416666666667 0.3671875 0.3984375 0.3658854166666667 0.3932291666666667 0.35546875 0.3932291666666667 0.33984375 0.3958333333333333 0.3385416666666667
3 0.5338541666666666 0.4505208333333333 0.0078125 0.0234375
3 0.4734375 0.43055555598958334 0.471875 0.44027777734375 0.47578125 0.4513888893229167 0.48515625 0.44861111067708337 0.48281250000000003 0.43055555598958334 0.4734375 0.43055555598958334