1 0.57865703125 0.44577916666666667 0.5787828125 0.44130833333333336 0.58066953125 0.44130833333333336 0.57922265625 0.4367263893229167 0.57654921875 0.4356291666666667 0.57475625 0.43951944401041665 0.57576328125 0.4443263893229166 0.57765 0.4470083333333333 0.57865703125 0.44577916666666667
0 0 0.4153645833333333 0.041666666666666664 0.4166666666666667 0.04296875 0.4192708333333333 0.0859375 0.4192708333333333 0.10286458333333333 0.4231770833333333 0.11848958333333333 0.4348958333333333 0.13020833333333334 0.453125 0.13802083333333334 0.4713541666666667 0.14322916666666666 0.4921875 0.14322916666666666 0.5052083333333334 0.14583333333333334 0.5091145833333334 0.14583333333333334 0.5455729166666666 0.14322916666666666 0.55078125 0.14322916666666666 0.5611979166666666 0.13802083333333334 0.58203125 0.12369791666666667 0.6106770833333334 0.10677083333333333 0.6276041666666666 0.09505208333333333 0.6328125 0 0.6302083333333334 0 0.6236979166666666 0.06901041666666667 0.625 0.0703125 0.6276041666666666 0.09375 0.6276041666666666 0.09505208333333333 0.625 0.10677083333333333 0.62109375 0.11979166666666667 0.6080729166666666 0.13151041666666666 0.5885416666666666 0.13932291666666666 0.5638020833333334 0.14322916666666666 0.53125 0.140625 0.4973958333333333 0.13541666666666666 0.4739583333333333 0.125 0.4518229166666667 0.109375 0.43359375 0.09505208333333333 0.42578125 0.009114583333333334 0.4231770833333333 0 0.421875 0 0.4166666666666667
0 0.89453125 0.44921875 0.9270833333333334 0.4518229166666667 0.9661458333333334 0.4518229166666667 0.9765625 0.453125 0.9778645833333334 0.45703125 0.9752604166666666 0.4596354166666667 0.9609375 0.4596354166666667 0.9596354166666666 0.45703125 0.859375 0.4544270833333333 0.83984375 0.4674479166666667 0.8307291666666666 0.4778645833333333 0.8229166666666666 0.4921875 0.8151041666666666 0.5130208333333334 0.8111979166666666 0.5338541666666666 0.8111979166666666 0.578125 0.8190104166666666 0.6106770833333334 0.8268229166666666 0.6276041666666666 0.8346354166666666 0.6380208333333334 0.8424479166666666 0.64453125 0.84375 0.6484375 0.85546875 0.6549479166666666 0.8671875 0.6575520833333334 0.9596354166666666 0.66015625 0.9739583333333334 0.6614583333333334 0.9739583333333334 0.6640625 0.9700520833333334 0.6653645833333334 0.859375 0.6614583333333334 0.8515625 0.6588541666666666 0.8359375 0.6484375 0.8359375 0.6458333333333334 0.82421875 0.6315104166666666 0.81640625 0.6145833333333334 0.80859375 0.5807291666666666 0.8072916666666666 0.55078125 0.8111979166666666 0.5169270833333334 0.8203125 0.48828125 0.83203125 0.46875 0.84765625 0.4544270833333333 0.8606770833333334 0.44921875 0.8932291666666666 0.44921875
2 0.48046875 0.12369791666666667 0.4830729166666667 0.14583333333333334 0.4791666666666667 0.44921875 0.48046875 0.5572916666666666 0.4778645833333333 0.55859375 0.48046875 0.5703125 0.4778645833333333 0.578125 0.4778645833333333 0.6809895833333334 0.4752604166666667 0.7486979166666666 0.4752604166666667 0.9322916666666666 0.4739583333333333 0.9544270833333334 0.4713541666666667 0.953125 0.47265625 0.7408854166666666 0.4752604166666667 0.671875 0.4739583333333333 0.6171875 0.4752604166666667 0.5755208333333334 0.4778645833333333 0.5638020833333334 0.4752604166666667 0.5260416666666666 0.48046875 0.125
3 0.39453125 0.5690104166666666 0.390625 0.5638020833333334 0.390625 0.5572916666666666 0.3984375 0.5520833333333334 0.4010416666666667 0.5520833333333334 0.4010416666666667 0.5677083333333334 0.3997395833333333 0.5703125 0.3958333333333333 0.5690104166666666
3 0.4654947916666667 0.53515625 0.012369791666666666 0.026692708333333332
3 0.5260416666666666 0.2421875 0.5234375 0.23828125 0.5221354166666666 0.21614583333333334 0.52734375 0.21484375 0.5299479166666666 0.21744791666666666 0.5299479166666666 0.23828125 0.52734375 0.24088541666666666
3 0.5794270833333334 0.4361979166666667 0.5911458333333334 0.4427083333333333 0.5872395833333334 0.4609375 0.58203125 0.4609375 0.5755208333333334 0.4427083333333333 0.5755208333333334 0.4375 0.578125 0.4361979166666667
3 0.5026041666666666 0.4095052083333333 0.009114583333333334 0.024739583333333332
3 0.2838541666666667 0.7174479166666666 0.2864583333333333 0.7200520833333334 0.2838541666666667 0.7239583333333334 0.2838541666666667 0.73828125 0.28125 0.7395833333333334 0.2734375 0.7356770833333334 0.2734375 0.7265625 0.2825520833333333 0.71875
3 0.4244791666666667 0.5794270833333334 0.4283854166666667 0.5807291666666666 0.4322916666666667 0.5885416666666666 0.4322916666666667 0.59765625 0.42578125 0.59765625 0.4244791666666667 0.5807291666666666
3 0.36328125 0.24479166666666666 0.3658854166666667 0.24609375 0.3658854166666667 0.2513020833333333 0.3684895833333333 0.2552083333333333 0.3684895833333333 0.26953125 0.3658854166666667 0.2721354166666667 0.36328125 0.26953125 0.3619791666666667 0.2630208333333333 0.3580729166666667 0.2591145833333333 0.36328125 0.24609375
3 0.58203125 0.6927083333333334 0.5911458333333334 0.6979166666666666 0.5950520833333334 0.703125 0.59375 0.71484375 0.5911458333333334 0.71875 0.5885416666666666 0.71875 0.5872395833333334 0.70703125 0.58203125 0.6979166666666666 0.58203125 0.6940104166666666
3 0.48984374999999997 0.7444444440104167 0.48984374999999997 0.7541666666666668 0.49453125000000003 0.7569444440104167 0.49453125000000003 0.74027777734375 0.48984374999999997 0.7444444440104167
3 0.44921875 0.8305555559895833 0.44609375 0.8416666666666667 0.45468749999999997 0.8458333333333333 0.45234375 0.82222222265625 0.44921875 0.8305555559895833
3 0.18203125 0.5638888893229167 0.17265624999999998 0.5611111106770833 0.17109375000000002 0.5666666666666667 0.17421875 0.5750000000000001 0.18515625 0.5708333333333333 0.18203125 0.5638888893229167