1 0.6875 0.47777777734375 0.6890625 0.4805555559895833 0.68984375 0.4805555559895833 0.6921875000000001 0.4763888893229167 0.6921875000000001 0.47500000000000003 0.6906249999999999 0.47222222265625 0.6890625 0.47222222265625 0.6875 0.4763888893229167 0.6875 0.47777777734375
0 0.9075520833333334 0.4166666666666667 0.9986979166666666 0.4140625 0.9986979166666666 0.4205729166666667 0.90625 0.4231770833333333 0.8919270833333334 0.4296875 0.8828125 0.4375 0.87109375 0.453125 0.8580729166666666 0.4895833333333333 0.85546875 0.5065104166666666 0.85546875 0.5377604166666666 0.86328125 0.5755208333333334 0.87109375 0.59375 0.8880208333333334 0.6158854166666666 0.9036458333333334 0.6236979166666666 0.9986979166666666 0.62109375 0.9986979166666666 0.6276041666666666 0.9505208333333334 0.6302083333333334 0.90234375 0.6302083333333334 0.8958333333333334 0.6276041666666666 0.8932291666666666 0.6236979166666666 0.8854166666666666 0.6197916666666666 0.8723958333333334 0.60546875 0.86328125 0.5885416666666666 0.8567708333333334 0.5677083333333334 0.85546875 0.5520833333333334 0.8528645833333334 0.546875 0.8515625 0.5182291666666666 0.8567708333333334 0.4817708333333333 0.8645833333333334 0.45703125 0.8841145833333334 0.4283854166666667 0.89453125 0.421875 0.9075520833333334 0.41796875
0 0.13932291666666666 0.4466145833333333 0.15104166666666666 0.4505208333333333 0.15885416666666666 0.4557291666666667 0.17057291666666666 0.46875 0.18619791666666666 0.5026041666666666 0.19140625 0.5286458333333334 0.19140625 0.578125 0.18229166666666666 0.6158854166666666 0.17057291666666666 0.63671875 0.16145833333333334 0.6471354166666666 0.14322916666666666 0.6575520833333334 0.12369791666666667 0.66015625 0.036458333333333336 0.6627604166666666 0.02734375 0.6614583333333334 0.02734375 0.6588541666666666 0.029947916666666668 0.6575520833333334 0.13932291666666666 0.6536458333333334 0.14713541666666666 0.6510416666666666 0.1640625 0.63671875 0.1796875 0.6106770833333334 0.18880208333333334 0.57421875 0.18880208333333334 0.5299479166666666 0.1796875 0.4947916666666667 0.16536458333333334 0.4700520833333333 0.15104166666666666 0.45703125 0.140625 0.4518229166666667 0.049479166666666664 0.4557291666666667 0.0234375 0.4544270833333333 0.024739583333333332 0.4505208333333333 0.032552083333333336 0.44921875 0.13802083333333334 0.4466145833333333
2 0.5247395833333334 0.94921875 0.5182291666666666 0.4088541666666667 0.51953125 0.3463541666666667 0.5169270833333334 0.3033854166666667 0.5169270833333334 0.296875 0.5208333333333334 0.2890625 0.5234375 0.6015625 0.5260416666666666 0.6302083333333334 0.5260416666666666 0.8658854166666666 0.5286458333333334 0.9205729166666666 0.5286458333333334 0.9466145833333334 0.5260416666666666 0.94921875
3 0.5859375 0.19921875 0.58984375 0.20442708333333334 0.5885416666666666 0.21484375 0.5846354166666666 0.22135416666666666 0.5794270833333334 0.21484375 0.5807291666666666 0.20833333333333334 0.5859375 0.20052083333333334
3 0.4153645833333333 0.4817708333333333 0.421875 0.4830729166666667 0.42578125 0.4908854166666667 0.4244791666666667 0.5013020833333334 0.4166666666666667 0.5013020833333334 0.4140625 0.4934895833333333 0.4153645833333333 0.4830729166666667
3 0.5182291666666666 0.2526041666666667 0.5221354166666666 0.2565104166666667 0.5234375 0.2643229166666667 0.5208333333333334 0.2721354166666667 0.5169270833333334 0.2747395833333333 0.5130208333333334 0.26953125 0.5130208333333334 0.26171875 0.5169270833333334 0.25390625
3 0.4908854166666667 0.5872395833333334 0.4947916666666667 0.58984375 0.4934895833333333 0.60546875 0.4895833333333333 0.60546875 0.4869791666666667 0.5989583333333334 0.4895833333333333 0.5885416666666666
3 0.625 0.4244791666666667 0.6328125 0.4270833333333333 0.6354166666666666 0.4309895833333333 0.6354166666666666 0.44140625 0.6328125 0.4466145833333333 0.62890625 0.44921875 0.6263020833333334 0.4466145833333333 0.6236979166666666 0.42578125
3 0.546875 0.3684895833333333 0.5494791666666666 0.375 0.5494791666666666 0.3841145833333333 0.5455729166666666 0.3880208333333333 0.5403645833333334 0.3854166666666667 0.5403645833333334 0.375 0.5455729166666666 0.3684895833333333
3 0.78125 0.6354166666666666 0.7838541666666666 0.6393229166666666 0.7838541666666666 0.6471354166666666 0.7799479166666666 0.6510416666666666 0.7747395833333334 0.6497395833333334 0.7721354166666666 0.65234375 0.7708333333333334 0.6354166666666666 0.7799479166666666 0.6354166666666666
3 0.6471354166666666 0.5625 0.6510416666666666 0.5677083333333334 0.6510416666666666 0.57421875 0.6432291666666666 0.5768229166666666 0.6380208333333334 0.57421875 0.6380208333333334 0.5651041666666666 0.640625 0.5611979166666666 0.6458333333333334 0.5625
3 0.5625 0.7291666666666666 0.56640625 0.7356770833333334 0.56640625 0.7447916666666666 0.5598958333333334 0.7486979166666666 0.55859375 0.734375 0.5625 0.73046875
3 0.73046875 0.3958333333333333 0.7408854166666666 0.4010416666666667 0.7408854166666666 0.40625 0.734375 0.4127604166666667 0.7330729166666666 0.41796875 0.7291666666666666 0.4088541666666667 0.73046875 0.3971354166666667
3 0.6080729166666666 0.83203125 0.6171875 0.8450520833333334 0.61328125 0.85546875 0.609375 0.8567708333333334 0.6067708333333334 0.8528645833333334 0.6067708333333334 0.8333333333333334
3 0.5921875 0.5166666666666667 0.59609375 0.5180555559895833 0.6023437500000001 0.50972222265625 0.6023437500000001 0.49583333333333335 0.5953125 0.4916666666666667 0.5906250000000001 0.49722222265625 0.5921875 0.5166666666666667