1 0.37928125 0.7402569440104166 0.38115625000000003 0.74380972265625 0.38240625 0.7393680559895833 0.37959375 0.7342611106770834 0.37740625 0.7389236106770833 0.37790625000000005 0.7422555559895834 0.37928125 0.7402569440104166
0 0 0.4192708333333333 0.07682291666666667 0.4205729166666667 0.09895833333333333 0.421875 0.11067708333333333 0.42578125 0.12369791666666667 0.4361979166666667 0.12369791666666667 0.4388020833333333 0.13802083333333334 0.4583333333333333 0.14713541666666666 0.4856770833333333 0.15104166666666666 0.5130208333333334 0.14973958333333334 0.5572916666666666 0.14192708333333334 0.5872395833333334 0.13020833333333334 0.609375 0.11458333333333333 0.6263020833333334 0.09895833333333333 0.6328125 0 0.6302083333333334 0 0.6223958333333334 0.1015625 0.625 0.11458333333333333 0.6184895833333334 0.12630208333333334 0.60546875 0.13802083333333334 0.5846354166666666 0.14713541666666666 0.5520833333333334 0.1484375 0.5299479166666666 0.14713541666666666 0.5065104166666666 0.13932291666666666 0.47265625 0.12890625 0.4518229166666667 0.11588541666666667 0.4361979166666667 0.09635416666666667 0.4270833333333333 0 0.4244791666666667 0 0.4205729166666667
0 0.83203125 0.46484375 0.83984375 0.45703125 0.85546875 0.44921875 0.9739583333333334 0.4518229166666667 0.9739583333333334 0.4557291666666667 0.96875 0.45703125 0.8958333333333334 0.4557291666666667 0.8723958333333334 0.453125 0.8515625 0.4557291666666667 0.8489583333333334 0.4596354166666667 0.83984375 0.46484375 0.8268229166666666 0.4791666666666667 0.8190104166666666 0.4947916666666667 0.8111979166666666 0.5182291666666666 0.80859375 0.5390625 0.8098958333333334 0.5807291666666666 0.8177083333333334 0.6106770833333334 0.8307291666666666 0.6341145833333334 0.84765625 0.6497395833333334 0.8658854166666666 0.6549479166666666 0.9700520833333334 0.6588541666666666 0.96875 0.6627604166666666 0.8828125 0.6614583333333334 0.85546875 0.6588541666666666 0.8359375 0.6484375 0.8268229166666666 0.63671875 0.81640625 0.6184895833333334 0.80859375 0.5924479166666666 0.8059895833333334 0.5690104166666666 0.8059895833333334 0.5403645833333334 0.80859375 0.5169270833333334 0.81640625 0.4908854166666667 0.82421875 0.4752604166666667 0.83203125 0.4661458333333333
2 0.48046875 0.12890625 0.4830729166666667 0.13020833333333334 0.4817708333333333 0.4049479166666667 0.48046875 0.4466145833333333 0.4765625 0.43359375 0.4791666666666667 0.3984375 0.4778645833333333 0.34765625 0.48046875 0.13020833333333334
3 0.55078125 0.5364583333333334 0.5572916666666666 0.5364583333333334 0.5611979166666666 0.5481770833333334 0.5598958333333334 0.5533854166666666 0.5546875 0.5533854166666666 0.55078125 0.546875 0.55078125 0.5377604166666666
3 0.5169270833333334 0.2552083333333333 0.5182291666666666 0.26171875 0.5221354166666666 0.2669270833333333 0.5221354166666666 0.2734375 0.5182291666666666 0.2786458333333333 0.515625 0.2786458333333333 0.5104166666666666 0.2682291666666667 0.51171875 0.2591145833333333 0.515625 0.2552083333333333
3 0.4947916666666667 0.6067708333333334 0.4973958333333333 0.609375 0.4973958333333333 0.6263020833333334 0.4908854166666667 0.6263020833333334 0.4895833333333333 0.62109375 0.4895833333333333 0.6119791666666666 0.4908854166666667 0.6080729166666666 0.4934895833333333 0.6080729166666666
3 0.6393229166666666 0.4791666666666667 0.6432291666666666 0.484375 0.6458333333333334 0.4947916666666667 0.6432291666666666 0.5026041666666666 0.63671875 0.5013020833333334 0.6354166666666666 0.4869791666666667 0.6393229166666666 0.48046875
3 0.40234375 0.5794270833333334 0.4088541666666667 0.5859375 0.4036458333333333 0.59765625 0.4010416666666667 0.59765625 0.3971354166666667 0.5924479166666666 0.3971354166666667 0.5833333333333334 0.4010416666666667 0.5794270833333334
3 0.3385416666666667 0.3854166666666667 0.33203125 0.3802083333333333 0.33203125 0.37109375 0.3359375 0.3671875 0.3411458333333333 0.375 0.3411458333333333 0.3815104166666667 0.3385416666666667 0.3841145833333333
3 0.4348958333333333 0.4498697916666667 0.008463541666666666 0.01953125
3 0.37890625 0.7369791666666666 0.3815104166666667 0.73828125 0.3841145833333333 0.7643229166666666 0.3802083333333333 0.765625 0.3723958333333333 0.7578125 0.37890625 0.73828125
3 0.453125 0.23567708333333334 0.4609375 0.23307291666666666 0.4635416666666667 0.24348958333333334 0.4635416666666667 0.2513020833333333 0.4596354166666667 0.25390625 0.45703125 0.2526041666666667 0.453125 0.23697916666666666
3 0.4049479166666667 0.5442708333333334 0.4153645833333333 0.5455729166666666 0.4127604166666667 0.5598958333333334 0.4088541666666667 0.5638020833333334 0.40234375 0.5533854166666666 0.40234375 0.5481770833333334 0.4049479166666667 0.5455729166666666
3 0.47421874999999997 0.4319444440104167 0.47265625 0.4319444440104167 0.471875 0.43333333333333335 0.46953125 0.43333333333333335 0.46796875 0.43611111067708336 0.46718750000000003 0.43611111067708336 0.46640624999999997 0.4375 0.46640624999999997 0.44861111067708337 0.46875 0.45277777734375 0.47031249999999997 0.45416666666666666 0.47500000000000003 0.45416666666666666 0.47734375 0.45277777734375 0.47890625000000003 0.45 0.47890625000000003 0.44027777734375 0.47734375 0.43472222265625 0.47421874999999997 0.4319444440104167
3 0.46953125 0.67222222265625 0.46796875 0.6749999999999999 0.46640624999999997 0.6805555559895833 0.46640624999999997 0.68472222265625 0.4734375 0.7083333333333334 0.47500000000000003 0.7055555559895833 0.47421874999999997 0.6875 0.47421874999999997 0.6833333333333332 0.47500000000000003 0.6819444440104167 0.47421874999999997 0.67777777734375 0.47109375000000003 0.67222222265625 0.46953125 0.67222222265625