1 0.31406249999999997 0.34722222265625 0.3171875 0.34722222265625 0.31796874999999997 0.3458333333333334 0.31796874999999997 0.3430555559895833 0.3171875 0.3416666666666666 0.315625 0.34027777734375 0.31328125 0.34027777734375 0.3125 0.3430555559895833 0.31406249999999997 0.34722222265625
0 0 0.4322916666666667 0.08723958333333333 0.4348958333333333 0.10286458333333333 0.4427083333333333 0.1171875 0.4583333333333333 0.13020833333333334 0.484375 0.13671875 0.51171875 0.13932291666666666 0.5416666666666666 0.13671875 0.5755208333333334 0.13020833333333334 0.6002604166666666 0.11588541666666667 0.6276041666666666 0.10286458333333333 0.640625 0.09244791666666667 0.64453125 0.08854166666666667 0.6484375 0.0078125 0.6471354166666666 0.006510416666666667 0.64453125 0 0.6471354166666666 0 0.6393229166666666 0.08723958333333333 0.6419270833333334 0.09895833333333333 0.63671875 0.109375 0.6263020833333334 0.11979166666666667 0.6106770833333334 0.12760416666666666 0.59375 0.13541666666666666 0.5638020833333334 0.13541666666666666 0.5247395833333334 0.13151041666666666 0.5026041666666666 0.12369791666666667 0.4778645833333333 0.10677083333333333 0.453125 0.09765625 0.4466145833333333 0.08463541666666667 0.44140625 0 0.4388020833333333 0 0.43359375
0 0.82421875 0.4791666666666667 0.8346354166666666 0.4700520833333333 0.84765625 0.4635416666666667 0.9661458333333334 0.4661458333333333 0.9661458333333334 0.4713541666666667 0.8984375 0.4700520833333333 0.8697916666666666 0.4674479166666667 0.8528645833333334 0.4674479166666667 0.8424479166666666 0.4713541666666667 0.83203125 0.4778645833333333 0.8190104166666666 0.4947916666666667 0.80859375 0.5182291666666666 0.8020833333333334 0.5481770833333334 0.8020833333333334 0.5859375 0.8072916666666666 0.6145833333333334 0.8151041666666666 0.6354166666666666 0.8177083333333334 0.63671875 0.8229166666666666 0.6484375 0.8359375 0.6614583333333334 0.8502604166666666 0.6666666666666666 0.8515625 0.6692708333333334 0.9635416666666666 0.6731770833333334 0.9635416666666666 0.6783854166666666 0.8502604166666666 0.6744791666666666 0.8372395833333334 0.6692708333333334 0.82421875 0.6575520833333334 0.81640625 0.6471354166666666 0.80859375 0.6302083333333334 0.80078125 0.6028645833333334 0.7994791666666666 0.5494791666666666 0.80078125 0.53515625 0.8072916666666666 0.5104166666666666 0.8125 0.5013020833333334 0.8125 0.4973958333333333 0.82421875 0.48046875
2 0.47265625 0.140625 0.4739583333333333 0.2825520833333333 0.4713541666666667 0.32421875 0.4713541666666667 0.6484375 0.4674479166666667 0.7916666666666666 0.4674479166666667 0.9427083333333334 0.4661458333333333 0.9661458333333334 0.4635416666666667 0.9661458333333334 0.46484375 0.7395833333333334 0.4674479166666667 0.7174479166666666 0.46875 0.55859375 0.46875 0.30859375 0.4713541666666667 0.2838541666666667 0.47265625 0.14192708333333334
3 0.6783854166666666 0.2734375 0.6809895833333334 0.2747395833333333 0.6809895833333334 0.2877604166666667 0.6783854166666666 0.2916666666666667 0.6783854166666666 0.296875 0.671875 0.29296875 0.671875 0.28125 0.6783854166666666 0.2747395833333333
3 0.5572916666666666 0.2994791666666667 0.5572916666666666 0.3216145833333333 0.5494791666666666 0.3177083333333333 0.5494791666666666 0.30859375 0.5559895833333334 0.30078125
3 0.6080729166666666 0.640625 0.61328125 0.640625 0.6158854166666666 0.6458333333333334 0.6145833333333334 0.6588541666666666 0.6106770833333334 0.66015625 0.6041666666666666 0.6510416666666666 0.6080729166666666 0.6419270833333334
3 0.5182291666666666 0.8697916666666666 0.5234375 0.8723958333333334 0.5234375 0.8841145833333334 0.51953125 0.8880208333333334 0.5169270833333334 0.8828125 0.5182291666666666 0.87109375
3 0.4361979166666667 0.23958333333333334 0.4322916666666667 0.23177083333333334 0.4322916666666667 0.22395833333333334 0.4348958333333333 0.22135416666666666 0.4401041666666667 0.2265625 0.4401041666666667 0.23828125 0.4375 0.23958333333333334
3 0.4505208333333333 0.328125 0.4518229166666667 0.3190104166666667 0.44921875 0.3151041666666667 0.44921875 0.3098958333333333 0.4518229166666667 0.3072916666666667 0.4557291666666667 0.3072916666666667 0.4583333333333333 0.3111979166666667 0.4583333333333333 0.328125 0.4544270833333333 0.33203125 0.4518229166666667 0.3294270833333333
3 0.6510416666666666 0.5690104166666666 0.6575520833333334 0.5677083333333334 0.6627604166666666 0.5729166666666666 0.6627604166666666 0.578125 0.6575520833333334 0.58203125 0.6536458333333334 0.58203125 0.6484375 0.578125 0.6510416666666666 0.5703125
3 0.4739583333333333 0.4778645833333333 0.4778645833333333 0.4765625 0.4830729166666667 0.484375 0.4817708333333333 0.4934895833333333 0.4791666666666667 0.4973958333333333 0.4765625 0.4973958333333333 0.4713541666666667 0.4921875 0.4739583333333333 0.4791666666666667
3 0.578125 0.7083333333333334 0.5872395833333334 0.71484375 0.5846354166666666 0.73046875 0.5807291666666666 0.72265625 0.5807291666666666 0.7174479166666666 0.5768229166666666 0.7122395833333334 0.578125 0.7096354166666666
3 0.5299479166666666 0.390625 0.5338541666666666 0.3958333333333333 0.5338541666666666 0.4088541666666667 0.5299479166666666 0.4192708333333333 0.5260416666666666 0.41796875 0.5221354166666666 0.4075520833333333 0.5234375 0.3932291666666667 0.5286458333333334 0.390625
3 0.7799479166666666 0.4609375 0.7864583333333334 0.4661458333333333 0.7864583333333334 0.4752604166666667 0.7786458333333334 0.4778645833333333 0.7760416666666666 0.4817708333333333 0.7747395833333334 0.48046875 0.7721354166666666 0.4674479166666667 0.7786458333333334 0.4622395833333333
3 0.296875 0.3125 0.2981770833333333 0.3151041666666667 0.3033854166666667 0.31640625 0.3059895833333333 0.3268229166666667 0.3046875 0.3359375 0.296875 0.3307291666666667 0.296875 0.3138020833333333