1 0.6906249999999999 0.41111111067708334 0.6906249999999999 0.4041666666666666 0.6875 0.4041666666666666 0.6875 0.41111111067708334 0.6906249999999999 0.41111111067708334
0 0.9583333333333334 0.4166666666666667 0.9986979166666666 0.4166666666666667 0.9986979166666666 0.421875 0.90234375 0.42578125 0.8841145833333334 0.4348958333333333 0.87109375 0.4505208333333333 0.859375 0.4752604166666667 0.859375 0.4817708333333333 0.8541666666666666 0.4973958333333333 0.8528645833333334 0.5390625 0.85546875 0.5611979166666666 0.86328125 0.5859375 0.875 0.6067708333333334 0.8854166666666666 0.6171875 0.89453125 0.6223958333333334 0.90234375 0.625 0.9986979166666666 0.6223958333333334 0.9986979166666666 0.62890625 0.8997395833333334 0.6315104166666666 0.8880208333333334 0.6263020833333334 0.87109375 0.609375 0.8606770833333334 0.5911458333333334 0.8528645833333334 0.56640625 0.8489583333333334 0.5338541666666666 0.8489583333333334 0.5130208333333334 0.8567708333333334 0.4713541666666667 0.8645833333333334 0.453125 0.8763020833333334 0.4348958333333333 0.8854166666666666 0.4270833333333333 0.9010416666666666 0.4205729166666667 0.9583333333333334 0.41796875
0 0.14453125 0.44921875 0.15755208333333334 0.4557291666666667 0.17447916666666666 0.4752604166666667 0.18229166666666666 0.4908854166666667 0.19010416666666666 0.5182291666666666 0.19270833333333334 0.5455729166666666 0.19140625 0.5846354166666666 0.18229166666666666 0.6171875 0.17057291666666666 0.6380208333333334 0.16276041666666666 0.6471354166666666 0.15625 0.65234375 0.140625 0.6588541666666666 0.044270833333333336 0.6627604166666666 0.029947916666666668 0.6627604166666666 0.02734375 0.66015625 0.033854166666666664 0.6575520833333334 0.140625 0.6536458333333334 0.15104166666666666 0.6497395833333334 0.16276041666666666 0.6393229166666666 0.17317708333333334 0.6263020833333334 0.1796875 0.61328125 0.1875 0.5872395833333334 0.19010416666666666 0.5651041666666666 0.18880208333333334 0.52734375 0.18098958333333334 0.4973958333333333 0.171875 0.4791666666666667 0.15625 0.4622395833333333 0.14453125 0.4544270833333333 0.11067708333333333 0.453125 0.07682291666666667 0.4557291666666667 0.024739583333333332 0.4557291666666667 0.0234375 0.453125 0.03125 0.4505208333333333 0.10677083333333333 0.4479166666666667 0.14322916666666666 0.44921875
2 0.5169270833333334 0.2903645833333333 0.5208333333333334 0.2916666666666667 0.51953125 0.3190104166666667 0.5234375 0.5651041666666666 0.5221354166666666 0.62890625 0.52734375 0.9205729166666666 0.5260416666666666 0.94921875 0.5234375 0.9322916666666666 0.51953125 0.4713541666666667 0.5169270833333334 0.4557291666666667 0.5169270833333334 0.2916666666666667
3 0.4908854166666667 0.4700520833333333 0.4921875 0.4778645833333333 0.4869791666666667 0.4908854166666667 0.4817708333333333 0.4908854166666667 0.4817708333333333 0.4752604166666667 0.4856770833333333 0.4700520833333333 0.4895833333333333 0.4700520833333333
3 0.51171875 0.2734375 0.5143229166666666 0.2747395833333333 0.5143229166666666 0.2864583333333333 0.5104166666666666 0.29296875 0.5078125 0.2903645833333333 0.5078125 0.27734375 0.5104166666666666 0.2747395833333333
3 0.5442708333333334 0.6204427083333334 0.010416666666666666 0.018229166666666668
3 0.5520833333333334 0.7161458333333334 0.5533854166666666 0.7369791666666666 0.5494791666666666 0.7408854166666666 0.5455729166666666 0.7395833333333334 0.5455729166666666 0.7252604166666666 0.55078125 0.7174479166666666
3 0.5625 0.46875 0.5651041666666666 0.4830729166666667 0.55859375 0.4921875 0.5520833333333334 0.4908854166666667 0.55078125 0.4817708333333333 0.5546875 0.4700520833333333 0.55859375 0.4674479166666667 0.5611979166666666 0.46875
3 0.6953125 0.61328125 0.7018229166666666 0.6119791666666666 0.7044270833333334 0.6158854166666666 0.703125 0.6223958333333334 0.6953125 0.6302083333333334 0.69140625 0.6302083333333334 0.6888020833333334 0.6171875 0.6953125 0.6145833333333334
3 0.3984375 0.5377604166666666 0.3984375 0.5546875 0.3932291666666667 0.5572916666666666 0.390625 0.5481770833333334 0.3919270833333333 0.5416666666666666 0.3971354166666667 0.5377604166666666
3 0.6223958333333334 0.7213541666666666 0.625 0.72265625 0.625 0.73046875 0.6302083333333334 0.73828125 0.6302083333333334 0.7447916666666666 0.625 0.7513020833333334 0.6223958333333334 0.7513020833333334 0.6184895833333334 0.74609375 0.6223958333333334 0.72265625
3 0.6015625 0.4322916666666667 0.6067708333333334 0.43359375 0.60546875 0.4466145833333333 0.6015625 0.4505208333333333 0.5989583333333334 0.4479166666666667 0.5989583333333334 0.4361979166666667 0.6015625 0.43359375
3 0.5494791666666666 0.22135416666666666 0.5520833333333334 0.22916666666666666 0.5494791666666666 0.24348958333333334 0.546875 0.24348958333333334 0.54296875 0.23697916666666666 0.54296875 0.22916666666666666 0.546875 0.2265625 0.5481770833333334 0.22265625
3 0.6106770833333334 0.5533854166666666 0.6158854166666666 0.55078125 0.6197916666666666 0.5546875 0.6197916666666666 0.5611979166666666 0.6145833333333334 0.5690104166666666 0.6106770833333334 0.56640625 0.6106770833333334 0.5546875
3 0.70703125 0.3361111106770833 0.7062499999999999 0.32638888932291665 0.69921875 0.3236111106770833 0.6953125 0.34027777734375 0.70703125 0.3361111106770833