1 0.5125000000000001 0.5680555559895833 0.51015625 0.5708333333333333 0.51171875 0.5750000000000001 0.5125000000000001 0.5680555559895833
0 0.9986979166666666 0.4283854166666667 0.9986979166666666 0.43359375 0.921875 0.4361979166666667 0.91015625 0.4348958333333333 0.8932291666666666 0.4401041666666667 0.8841145833333334 0.4453125 0.8736979166666666 0.4557291666666667 0.86328125 0.4739583333333333 0.85546875 0.4973958333333333 0.8515625 0.5247395833333334 0.8515625 0.5494791666666666 0.85546875 0.5729166666666666 0.8671875 0.60546875 0.8880208333333334 0.6302083333333334 0.9010416666666666 0.6354166666666666 0.9986979166666666 0.6328125 0.9986979166666666 0.6380208333333334 0.9361979166666666 0.640625 0.8997395833333334 0.640625 0.8919270833333334 0.6380208333333334 0.8841145833333334 0.6341145833333334 0.8763020833333334 0.6263020833333334 0.8645833333333334 0.609375 0.8567708333333334 0.5924479166666666 0.8489583333333334 0.5546875 0.8489583333333334 0.5182291666666666 0.8528645833333334 0.4934895833333333 0.85546875 0.4908854166666667 0.859375 0.4739583333333333 0.87109375 0.4518229166666667 0.8841145833333334 0.4375 0.89453125 0.4322916666666667 0.91015625 0.4296875 0.9973958333333334 0.4283854166666667
0 0.14713541666666666 0.4557291666666667 0.15364583333333334 0.4583333333333333 0.16666666666666666 0.46875 0.17447916666666666 0.4778645833333333 0.18359375 0.49609375 0.19140625 0.51953125 0.1953125 0.5481770833333334 0.1953125 0.5716145833333334 0.19401041666666666 0.5885416666666666 0.18359375 0.6263020833333334 0.17057291666666666 0.6471354166666666 0.16276041666666666 0.6549479166666666 0.14973958333333334 0.6627604166666666 0.13671875 0.6653645833333334 0.09505208333333333 0.6653645833333334 0.09375 0.66796875 0.09244791666666667 0.6653645833333334 0.08723958333333333 0.6653645833333334 0.0859375 0.66796875 0.061197916666666664 0.6692708333333334 0.029947916666666668 0.6692708333333334 0.029947916666666668 0.6640625 0.13932291666666666 0.66015625 0.15494791666666666 0.6549479166666666 0.1640625 0.6471354166666666 0.17578125 0.6315104166666666 0.18880208333333334 0.59765625 0.19140625 0.5859375 0.19140625 0.5377604166666666 0.1875 0.5169270833333334 0.1796875 0.49609375 0.16927083333333334 0.4791666666666667 0.15885416666666666 0.46875 0.14973958333333334 0.4635416666666667 0.14192708333333334 0.4609375 0.028645833333333332 0.4635416666666667 0.02734375 0.4583333333333333 0.05078125 0.4557291666666667 0.14583333333333334 0.4557291666666667
2 0.5208333333333334 0.4700520833333333 0.5234375 0.49609375 0.5221354166666666 0.5364583333333334 0.5247395833333334 0.6080729166666666 0.5234375 0.6510416666666666 0.52734375 0.86328125 0.52734375 0.953125 0.5247395833333334 0.9557291666666666 0.5234375 0.94140625 0.5247395833333334 0.8919270833333334 0.5208333333333334 0.6927083333333334 0.5208333333333334 0.4713541666666667
3 0.5768229166666666 0.7903645833333334 0.5833333333333334 0.8020833333333334 0.58203125 0.8138020833333334 0.578125 0.81640625 0.5755208333333334 0.8151041666666666 0.5755208333333334 0.7916666666666666
3 0.4244791666666667 0.5455729166666666 0.4322916666666667 0.55859375 0.4244791666666667 0.56640625 0.421875 0.5651041666666666 0.4205729166666667 0.5494791666666666 0.4231770833333333 0.546875
3 0.5690104166666666 0.58203125 0.57421875 0.5924479166666666 0.5729166666666666 0.5963541666666666 0.5677083333333334 0.6002604166666666 0.5638020833333334 0.5989583333333334 0.5638020833333334 0.5885416666666666 0.5677083333333334 0.5833333333333334
3 0.4453125 0.23697916666666666 0.44921875 0.24869791666666666 0.4479166666666667 0.2591145833333333 0.4427083333333333 0.2565104166666667 0.4440104166666667 0.23828125
3 0.5533854166666666 0.3697916666666667 0.55859375 0.3723958333333333 0.5572916666666666 0.3854166666666667 0.5559895833333334 0.3880208333333333 0.5520833333333334 0.3880208333333333 0.5533854166666666 0.37109375
3 0.609375 0.3333333333333333 0.6119791666666666 0.3333333333333333 0.6158854166666666 0.3385416666666667 0.6145833333333334 0.3489583333333333 0.6119791666666666 0.34765625 0.6080729166666666 0.3502604166666667 0.6067708333333334 0.3385416666666667 0.609375 0.3346354166666667
3 0.490234375 0.7421875 0.010416666666666666 0.0234375
3 0.4934895833333333 0.6341145833333334 0.4986979166666667 0.6315104166666666 0.5 0.6354166666666666 0.5 0.6497395833333334 0.4973958333333333 0.6536458333333334 0.4921875 0.6497395833333334 0.4934895833333333 0.6354166666666666
3 0.5390625 0.2421875 0.5455729166666666 0.24348958333333334 0.5455729166666666 0.2513020833333333 0.5416666666666666 0.2643229166666667 0.5377604166666666 0.265625 0.53515625 0.2591145833333333 0.5377604166666666 0.24348958333333334
3 0.2942708333333333 0.5924479166666666 0.3072916666666667 0.5950520833333334 0.3033854166666667 0.6028645833333334 0.3033854166666667 0.609375 0.30078125 0.6119791666666666 0.2955729166666667 0.6119791666666666 0.29296875 0.6067708333333334 0.2942708333333333 0.59375
3 0.4518229166666667 0.46484375 0.4505208333333333 0.44921875 0.4544270833333333 0.4427083333333333 0.4583333333333333 0.4466145833333333 0.4583333333333333 0.4518229166666667 0.4557291666666667 0.4661458333333333 0.453125 0.46484375
3 0.5164062500000001 0.46249999999999997 0.5265624999999999 0.46388888932291666 0.52890625 0.44722222265624995 0.525 0.44166666666666665 0.51953125 0.4430555559895833 0.5164062500000001 0.46249999999999997