1 0.21406250000000002 0.7680555559895833 0.21406250000000002 0.7638888893229167 0.21328125 0.7611111106770833 0.21171874999999998 0.7625000000000001 0.2109375 0.7638888893229167 0.2109375 0.7666666666666666 0.21328125 0.7694444440104166 0.21406250000000002 0.7680555559895833
0 0 0.41015625 0.07942708333333333 0.4127604166666667 0.09505208333333333 0.4166666666666667 0.11197916666666667 0.4322916666666667 0.12630208333333334 0.45703125 0.13411458333333334 0.4830729166666667 0.13802083333333334 0.5208333333333334 0.13411458333333334 0.55859375 0.12630208333333334 0.5859375 0.11588541666666667 0.6015625 0.11458333333333333 0.6067708333333334 0.10286458333333333 0.6184895833333334 0.08463541666666667 0.6276041666666666 0.020833333333333332 0.6263020833333334 0.01953125 0.6236979166666666 0.014322916666666666 0.6236979166666666 0.013020833333333334 0.6263020833333334 0 0.6263020833333334 0 0.6197916666666666 0.08203125 0.6223958333333334 0.09895833333333333 0.6158854166666666 0.10807291666666667 0.6067708333333334 0.12109375 0.5859375 0.12109375 0.58203125 0.12760416666666666 0.5703125 0.13411458333333334 0.5364583333333334 0.13411458333333334 0.5065104166666666 0.12890625 0.4752604166666667 0.11979166666666667 0.4518229166666667 0.11067708333333333 0.4375 0.10026041666666667 0.4270833333333333 0.09114583333333333 0.421875 0.08072916666666667 0.4192708333333333 0.010416666666666666 0.41796875 0.009114583333333334 0.4153645833333333 0 0.4153645833333333 0 0.4114583333333333
0 0.90234375 0.4453125 0.9661458333333334 0.4479166666666667 0.9674479166666666 0.453125 0.8658854166666666 0.44921875 0.8567708333333334 0.44921875 0.84375 0.453125 0.8268229166666666 0.4674479166666667 0.8138020833333334 0.4895833333333333 0.8072916666666666 0.5091145833333334 0.8033854166666666 0.5364583333333334 0.8033854166666666 0.5130208333333334 0.80859375 0.4934895833333333 0.81640625 0.4752604166666667 0.83203125 0.4544270833333333 0.8502604166666666 0.4453125 0.9010416666666666 0.4453125
2 0.4739583333333333 0.11979166666666667 0.4739583333333333 0.390625 0.4713541666666667 0.44140625 0.47265625 0.4609375 0.4700520833333333 0.6080729166666666 0.4713541666666667 0.67578125 0.4674479166666667 0.6796875 0.4661458333333333 0.67578125 0.46875 0.5859375 0.46875 0.4361979166666667 0.4713541666666667 0.3815104166666667 0.4700520833333333 0.328125 0.47265625 0.12109375
3 0.4869791666666667 0.3229166666666667 0.4895833333333333 0.328125 0.4895833333333333 0.34765625 0.484375 0.3489583333333333 0.48046875 0.3385416666666667 0.4830729166666667 0.3255208333333333 0.4856770833333333 0.32421875
3 0.4322916666666667 0.296875 0.4361979166666667 0.3046875 0.4361979166666667 0.31640625 0.4348958333333333 0.3216145833333333 0.4309895833333333 0.3255208333333333 0.42578125 0.32421875 0.421875 0.3138020833333333 0.421875 0.3046875 0.4244791666666667 0.2994791666666667 0.4270833333333333 0.296875 0.4309895833333333 0.296875
3 0.4739583333333333 0.6770833333333334 0.4739583333333333 0.6940104166666666 0.4713541666666667 0.6953125 0.46484375 0.6888020833333334 0.4635416666666667 0.6822916666666666 0.4700520833333333 0.67578125 0.47265625 0.6770833333333334
3 0.18098958333333334 0.5533854166666666 0.18229166666666666 0.55859375 0.17708333333333334 0.5677083333333334 0.16666666666666666 0.5677083333333334 0.16536458333333334 0.5598958333333334 0.16796875 0.5559895833333334 0.1796875 0.5533854166666666
3 0.5227864583333334 0.4934895833333333 0.013020833333333334 0.020833333333333332
3 0.38671875 0.703125 0.3893229166666667 0.7044270833333334 0.3919270833333333 0.7109375 0.3880208333333333 0.7252604166666666 0.38671875 0.7265625 0.3828125 0.72265625 0.3815104166666667 0.7135416666666666 0.3828125 0.7083333333333334 0.38671875 0.7044270833333334
3 0.21354166666666666 0.4244791666666667 0.22005208333333334 0.4244791666666667 0.22395833333333334 0.4283854166666667 0.2265625 0.4375 0.2265625 0.4453125 0.22526041666666666 0.4479166666666667 0.22265625 0.4479166666666667 0.22005208333333334 0.4361979166666667 0.21354166666666666 0.4309895833333333 0.21354166666666666 0.42578125
3 0.203125 0.78515625 0.20442708333333334 0.796875 0.2109375 0.8033854166666666 0.20833333333333334 0.8138020833333334 0.203125 0.8138020833333334 0.20052083333333334 0.8072916666666666 0.20182291666666666 0.7864583333333334
3 0.4283854166666667 0.8515625 0.4348958333333333 0.8580729166666666 0.4388020833333333 0.8684895833333334 0.4388020833333333 0.8763020833333334 0.4361979166666667 0.8815104166666666 0.4322916666666667 0.8841145833333334 0.4283854166666667 0.8776041666666666 0.4283854166666667 0.8723958333333334 0.42578125 0.8684895833333334 0.4283854166666667 0.8606770833333334 0.4270833333333333 0.8528645833333334
3 0.22786458333333334 0.20572916666666666 0.23567708333333334 0.21354166666666666 0.23567708333333334 0.22526041666666666 0.23046875 0.22395833333333334 0.22265625 0.21484375 0.22395833333333334 0.20703125 0.2265625 0.20572916666666666
3 0.8111979166666666 0.53125 0.8177083333333334 0.5377604166666666 0.8177083333333334 0.5455729166666666 0.8111979166666666 0.5520833333333334 0.8046875 0.55078125 0.8020833333333334 0.546875 0.8033854166666666 0.53515625 0.8098958333333334 0.53125
3 0.0703125 0.5416666666666666 0.07291666666666667 0.5416666666666666 0.07421875 0.5442708333333334 0.07421875 0.5559895833333334 0.061197916666666664 0.5559895833333334 0.05859375 0.5533854166666666 0.059895833333333336 0.5455729166666666 0.0703125 0.54296875