1 0.6726562500000001 0.5041666666666667 0.6749999999999999 0.5069444440104166 0.67578125 0.5069444440104166 0.67734375 0.5041666666666667 0.67734375 0.5 0.67578125 0.49722222265625 0.6734375 0.49861111067708336 0.6726562500000001 0.5013888893229167 0.6726562500000001 0.5041666666666667
0 0.9986979166666666 0.4140625 0.9986979166666666 0.4205729166666667 0.90625 0.4231770833333333 0.8958333333333334 0.4270833333333333 0.8880208333333334 0.4322916666666667 0.875 0.4479166666666667 0.86328125 0.4713541666666667 0.8619791666666666 0.4817708333333333 0.859375 0.484375 0.8580729166666666 0.5026041666666666 0.85546875 0.5078125 0.85546875 0.5364583333333334 0.8580729166666666 0.5442708333333334 0.8580729166666666 0.5546875 0.86328125 0.5755208333333334 0.87109375 0.59375 0.8736979166666666 0.5950520833333334 0.87890625 0.60546875 0.8893229166666666 0.6158854166666666 0.8997395833333334 0.6223958333333334 0.90625 0.6236979166666666 0.9986979166666666 0.62109375 0.9986979166666666 0.6276041666666666 0.9479166666666666 0.6302083333333334 0.9036458333333334 0.6302083333333334 0.8841145833333334 0.6184895833333334 0.875 0.6080729166666666 0.8645833333333334 0.5911458333333334 0.85546875 0.5598958333333334 0.85546875 0.5481770833333334 0.8528645833333334 0.5390625 0.8528645833333334 0.5052083333333334 0.85546875 0.4986979166666667 0.85546875 0.48828125 0.8645833333333334 0.45703125 0.8802083333333334 0.4322916666666667 0.8919270833333334 0.4231770833333333 0.8997395833333334 0.4192708333333333 0.90625 0.4192708333333333 0.9075520833333334 0.4166666666666667 0.9973958333333334 0.4140625
0 0.14453125 0.4479166666666667 0.16276041666666666 0.4583333333333333 0.17447916666666666 0.4739583333333333 0.18229166666666666 0.4908854166666667 0.19010416666666666 0.5182291666666666 0.19270833333333334 0.5455729166666666 0.19140625 0.5807291666666666 0.18229166666666666 0.6158854166666666 0.17057291666666666 0.63671875 0.15885416666666666 0.6497395833333334 0.14713541666666666 0.65625 0.13541666666666666 0.6588541666666666 0.041666666666666664 0.6627604166666666 0.02734375 0.6614583333333334 0.03125 0.6575520833333334 0.13932291666666666 0.6536458333333334 0.15234375 0.6484375 0.171875 0.6263020833333334 0.18098958333333334 0.6080729166666666 0.18880208333333334 0.578125 0.18880208333333334 0.5286458333333334 0.18489583333333334 0.5091145833333334 0.17578125 0.4856770833333333 0.16796875 0.47265625 0.14453125 0.453125 0.109375 0.4518229166666667 0.024739583333333332 0.4557291666666667 0.0234375 0.4518229166666667 0.03125 0.44921875 0.07682291666666667 0.44921875 0.10416666666666667 0.4466145833333333 0.14322916666666666 0.4479166666666667
2 0.5182291666666666 0.12369791666666667 0.5221354166666666 0.23828125 0.5221354166666666 0.2682291666666667 0.51953125 0.2734375 0.51953125 0.2864583333333333 0.5221354166666666 0.2890625 0.5234375 0.5690104166666666 0.5260416666666666 0.62890625 0.5247395833333334 0.703125 0.52734375 0.7903645833333334 0.5260416666666666 0.86328125 0.5286458333333334 0.8697916666666666 0.5286458333333334 0.94921875 0.5247395833333334 0.94921875 0.5169270833333334 0.125
3 0.41015625 0.4544270833333333 0.4153645833333333 0.4544270833333333 0.41796875 0.4609375 0.4166666666666667 0.4713541666666667 0.41015625 0.4739583333333333 0.40625 0.4674479166666667 0.41015625 0.4557291666666667
3 0.53125 0.24739583333333334 0.53515625 0.24869791666666666 0.53515625 0.265625 0.5325520833333334 0.26953125 0.5286458333333334 0.2682291666666667 0.5286458333333334 0.2552083333333333 0.53125 0.24869791666666666
3 0.4791666666666667 0.59375 0.4830729166666667 0.6015625 0.48046875 0.6028645833333334 0.4752604166666667 0.61328125 0.4700520833333333 0.609375 0.4700520833333333 0.5989583333333334 0.4739583333333333 0.59375 0.4778645833333333 0.59375
3 0.6471354166666666 0.5520833333333334 0.65625 0.5572916666666666 0.65625 0.5677083333333334 0.6497395833333334 0.57421875 0.6471354166666666 0.5716145833333334 0.6458333333333334 0.5533854166666666
3 0.7838541666666666 0.64453125 0.7864583333333334 0.6536458333333334 0.78125 0.6627604166666666 0.7734375 0.6575520833333334 0.7734375 0.6510416666666666 0.7786458333333334 0.6419270833333334 0.7825520833333334 0.64453125
3 0.59375 0.19401041666666666 0.5963541666666666 0.19661458333333334 0.5963541666666666 0.20572916666666666 0.5924479166666666 0.21744791666666666 0.5885416666666666 0.21744791666666666 0.5885416666666666 0.20703125 0.59375 0.1953125
3 0.5494791666666666 0.3880208333333333 0.5481770833333334 0.37890625 0.5533854166666666 0.3697916666666667 0.5572916666666666 0.3697916666666667 0.55859375 0.3802083333333333 0.5546875 0.3880208333333333 0.55078125 0.3880208333333333
3 0.6145833333333334 0.8333333333333334 0.6197916666666666 0.8450520833333334 0.6197916666666666 0.8489583333333334 0.6158854166666666 0.8528645833333334 0.6119791666666666 0.8528645833333334 0.609375 0.8502604166666666 0.6106770833333334 0.8385416666666666 0.6145833333333334 0.8346354166666666
3 0.7374999999999999 0.42222222265625 0.7359375 0.4236111106770833 0.7351562500000001 0.425 0.7351562500000001 0.4319444440104167 0.7374999999999999 0.43888888932291664 0.73828125 0.44027777734375 0.7390625000000001 0.43611111067708336 0.74765625 0.4291666666666667 0.7492187499999999 0.42638888932291663 0.7484375 0.42222222265625 0.74375 0.42083333333333334 0.7429687500000001 0.42222222265625 0.7374999999999999 0.42222222265625
3 0.6453125000000001 0.4708333333333334 0.6453125000000001 0.47500000000000003 0.64453125 0.47777777734375 0.6453125000000001 0.4791666666666667 0.6453125000000001 0.48333333333333334 0.64609375 0.48472222265625 0.6484375 0.4861111106770833 0.6546875 0.47500000000000003 0.6546875 0.47361111067708334 0.65234375 0.4694444440104167 0.65078125 0.4680555559895833 0.646875 0.4680555559895833 0.6453125000000001 0.4708333333333334
3 0.603125 0.49722222265625 0.6023437500000001 0.5013888893229167 0.59921875 0.5083333333333333 0.6 0.5138888893229167 0.6015625 0.5166666666666667 0.6062500000000001 0.5208333333333334 0.6101562500000001 0.5180555559895833 0.61328125 0.5138888893229167 0.61328125 0.5125000000000001 0.61484375 0.50972222265625 0.615625 0.50277777734375 0.61484375 0.49861111067708336 0.6124999999999999 0.4944444440104167 0.6062500000000001 0.4944444440104167 0.603125 0.49722222265625
3 0.5609375 0.7361111106770833 0.56015625 0.74722222265625 0.5609375 0.7486111106770833 0.56796875 0.7486111106770833 0.56875 0.74722222265625 0.56875 0.7430555559895833 0.56484375 0.7291666666666666 0.5632812500000001 0.7305555559895834 0.5632812500000001 0.7319444440104167 0.5609375 0.7361111106770833