1 0.2890625 0.36388888932291663 0.28984375 0.3625 0.28984375 0.35833333333333334 0.28750000000000003 0.3555555559895833 0.2859375 0.3555555559895833 0.28515625 0.35694444401041664 0.28515625 0.3625 0.2859375 0.36388888932291663 0.2890625 0.36388888932291663
2 0.48046875 0.12760416666666666 0.4830729166666667 0.13020833333333334 0.48046875 0.41015625 0.4817708333333333 0.45703125 0.4791666666666667 0.5130208333333334 0.4752604166666667 0.9466145833333334 0.47265625 0.9505208333333334 0.4713541666666667 0.9309895833333334 0.4765625 0.6276041666666666 0.4752604166666667 0.5859375 0.48046875 0.12890625
0 0 0.4166666666666667 0.026041666666666668 0.4166666666666667 0.02734375 0.4192708333333333 0.09244791666666667 0.4205729166666667 0.11458333333333333 0.4283854166666667 0.13020833333333334 0.4479166666666667 0.14192708333333334 0.47265625 0.14322916666666666 0.4830729166666667 0.14583333333333334 0.4856770833333333 0.14973958333333334 0.5169270833333334 0.14713541666666666 0.5598958333333334 0.14192708333333334 0.5807291666666666 0.13020833333333334 0.6067708333333334 0.11067708333333333 0.6276041666666666 0.09375 0.6328125 0 0.6302083333333334 0 0.6223958333333334 0.09895833333333333 0.625 0.11067708333333333 0.6197916666666666 0.125 0.60546875 0.13541666666666666 0.5872395833333334 0.14322916666666666 0.5611979166666666 0.14583333333333334 0.5377604166666666 0.14453125 0.4986979166666667 0.13932291666666666 0.4765625 0.12760416666666666 0.4518229166666667 0.11197916666666667 0.43359375 0.09375 0.42578125 0 0.4231770833333333 0 0.41796875
0 0.953125 0.4505208333333333 0.9739583333333334 0.4518229166666667 0.9739583333333334 0.45703125 0.890625 0.4557291666666667 0.8658854166666666 0.453125 0.8541666666666666 0.4557291666666667 0.8424479166666666 0.4635416666666667 0.828125 0.4791666666666667 0.8151041666666666 0.5078125 0.8098958333333334 0.5338541666666666 0.8098958333333334 0.57421875 0.8190104166666666 0.6119791666666666 0.8307291666666666 0.6328125 0.84765625 0.6497395833333334 0.8619791666666666 0.6549479166666666 0.9674479166666666 0.6588541666666666 0.97265625 0.6614583333333334 0.9674479166666666 0.6640625 0.8606770833333334 0.66015625 0.8463541666666666 0.6549479166666666 0.8359375 0.6471354166666666 0.82421875 0.6315104166666666 0.8151041666666666 0.6119791666666666 0.8072916666666666 0.5768229166666666 0.8072916666666666 0.5325520833333334 0.8125 0.5065104166666666 0.82421875 0.4765625 0.8424479166666666 0.4557291666666667 0.85546875 0.44921875 0.8671875 0.4479166666666667 0.9518229166666666 0.4505208333333333
3 0.3723958333333333 0.7630208333333334 0.3763020833333333 0.765625 0.3763020833333333 0.7734375 0.37890625 0.7786458333333334 0.3776041666666667 0.7838541666666666 0.3697916666666667 0.7838541666666666 0.37109375 0.7643229166666666
3 0.5013020833333334 0.4453125 0.5052083333333334 0.4609375 0.50390625 0.46484375 0.5 0.46484375 0.4947916666666667 0.45703125 0.4947916666666667 0.44921875 0.5 0.4453125
3 0.48828125 0.2682291666666667 0.4908854166666667 0.2682291666666667 0.4947916666666667 0.2786458333333333 0.4934895833333333 0.2942708333333333 0.48828125 0.2942708333333333 0.48828125 0.26953125
3 0.44921875 0.5872395833333334 0.4557291666666667 0.5963541666666666 0.4557291666666667 0.6080729166666666 0.453125 0.6119791666666666 0.44921875 0.609375 0.4453125 0.5989583333333334 0.44921875 0.5885416666666666
3 0.4283854166666667 0.4583333333333333 0.4309895833333333 0.4583333333333333 0.4361979166666667 0.46484375 0.4361979166666667 0.4830729166666667 0.4322916666666667 0.4895833333333333 0.4283854166666667 0.4856770833333333 0.4244791666666667 0.4752604166666667 0.4244791666666667 0.46484375 0.4283854166666667 0.4596354166666667
3 0.2786458333333333 0.5885416666666666 0.28125 0.5924479166666666 0.28125 0.59765625 0.2760416666666667 0.60546875 0.2721354166666667 0.60546875 0.2682291666666667 0.6015625 0.2682291666666667 0.5963541666666666 0.2734375 0.58984375 0.27734375 0.5885416666666666
3 0.38671875 0.5716145833333334 0.3828125 0.5598958333333334 0.3828125 0.5533854166666666 0.38671875 0.5481770833333334 0.3919270833333333 0.5546875 0.3919270833333333 0.5651041666666666 0.3880208333333333 0.5716145833333334
3 0.3997395833333333 0.4283854166666667 0.3997395833333333 0.4440104166666667 0.3971354166666667 0.4466145833333333 0.3932291666666667 0.4466145833333333 0.390625 0.4440104166666667 0.390625 0.4322916666666667 0.39453125 0.4283854166666667 0.3984375 0.4283854166666667
3 0.4466145833333333 0.21744791666666666 0.4518229166666667 0.22786458333333334 0.4518229166666667 0.24348958333333334 0.44921875 0.24479166666666666 0.4440104166666667 0.23177083333333334 0.4453125 0.21875
3 0.5846354166666666 0.5520833333333334 0.5872395833333334 0.5520833333333334 0.5911458333333334 0.5625 0.5885416666666666 0.57421875 0.578125 0.5716145833333334 0.5846354166666666 0.5533854166666666
3 0.28125 0.30694444401041665 0.27499999999999997 0.30555555598958334 0.27578125000000003 0.31527777734375 0.28046875 0.31944444401041666 0.2859375 0.31527777734375 0.28125 0.30694444401041665
3 0.44765625000000003 0.7541666666666668 0.4421875 0.7305555559895834 0.43515624999999997 0.7374999999999999 0.43359375 0.7444444440104167 0.43828125 0.76527777734375 0.44296874999999997 0.76527777734375 0.44765625000000003 0.7541666666666668