1 0.8601562500000001 0.9444444440104167 0.8601562500000001 0.9416666666666668 0.8585937499999999 0.9375 0.85546875 0.9375 0.85546875 0.9430555559895833 0.859375 0.9458333333333333 0.8601562500000001 0.9444444440104167
0 0 0.4244791666666667 0.08333333333333333 0.4270833333333333 0.10026041666666667 0.4309895833333333 0.11067708333333333 0.4375 0.12630208333333334 0.4583333333333333 0.13411458333333334 0.4752604166666667 0.13932291666666666 0.4934895833333333 0.14322916666666666 0.5208333333333334 0.14192708333333334 0.5638020833333334 0.13671875 0.5859375 0.12630208333333334 0.6106770833333334 0.11067708333333333 0.6302083333333334 0.09895833333333333 0.6380208333333334 0.08854166666666667 0.640625 0 0.6380208333333334 0 0.6328125 0.08463541666666667 0.6354166666666666 0.10416666666666667 0.62890625 0.10546875 0.625 0.11197916666666667 0.62109375 0.12369791666666667 0.60546875 0.13151041666666666 0.5885416666666666 0.13671875 0.5703125 0.13671875 0.5625 0.13932291666666666 0.55859375 0.140625 0.5299479166666666 0.13932291666666666 0.5104166666666666 0.13151041666666666 0.4791666666666667 0.11979166666666667 0.4557291666666667 0.09895833333333333 0.4361979166666667 0.08854166666666667 0.4322916666666667 0.01171875 0.4309895833333333 0 0.4296875 0 0.42578125
0 0.8528645833333334 0.4583333333333333 0.9036458333333334 0.4583333333333333 0.9049479166666666 0.4609375 0.9427083333333334 0.4609375 0.9713541666666666 0.4635416666666667 0.9700520833333334 0.4674479166666667 0.9322916666666666 0.4674479166666667 0.9010416666666666 0.46484375 0.8502604166666666 0.4661458333333333 0.8333333333333334 0.4778645833333333 0.8333333333333334 0.48046875 0.8190104166666666 0.5 0.8111979166666666 0.5208333333333334 0.8072916666666666 0.5403645833333334 0.8072916666666666 0.5885416666666666 0.8177083333333334 0.6263020833333334 0.8307291666666666 0.6471354166666666 0.83984375 0.65625 0.85546875 0.6640625 0.921875 0.6666666666666666 0.9231770833333334 0.6692708333333334 0.9270833333333334 0.6692708333333334 0.9283854166666666 0.6666666666666666 0.9309895833333334 0.6666666666666666 0.9322916666666666 0.6692708333333334 0.9375 0.6692708333333334 0.9401041666666666 0.6666666666666666 0.94140625 0.6692708333333334 0.9700520833333334 0.671875 0.9674479166666666 0.6744791666666666 0.8645833333333334 0.671875 0.8515625 0.6692708333333334 0.84765625 0.6653645833333334 0.8424479166666666 0.6640625 0.82421875 0.6471354166666666 0.81640625 0.6328125 0.80859375 0.6106770833333334 0.8033854166666666 0.5729166666666666 0.8046875 0.5403645833333334 0.80859375 0.5182291666666666 0.81640625 0.49609375 0.828125 0.4765625 0.8359375 0.46875 0.8528645833333334 0.4596354166666667
2 0.4778645833333333 0.13541666666666666 0.4778645833333333 0.46875 0.4752604166666667 0.5338541666666666 0.4739583333333333 0.8020833333333334 0.4713541666666667 0.8450520833333334 0.47265625 0.8723958333333334 0.4700520833333333 0.9635416666666666 0.4674479166666667 0.9609375 0.4674479166666667 0.9127604166666666 0.4713541666666667 0.7591145833333334 0.4700520833333333 0.6953125 0.47265625 0.63671875 0.4713541666666667 0.5885416666666666 0.4739583333333333 0.5026041666666666 0.47265625 0.4622395833333333 0.4752604166666667 0.3645833333333333 0.4739583333333333 0.3216145833333333 0.4765625 0.13671875
3 0.58203125 0.80859375 0.5872395833333334 0.8111979166666666 0.5885416666666666 0.82421875 0.5846354166666666 0.828125 0.58203125 0.8268229166666666 0.5794270833333334 0.8190104166666666 0.5807291666666666 0.8098958333333334
3 0.7317708333333334 0.7877604166666666 0.7356770833333334 0.7942708333333334 0.7356770833333334 0.8059895833333334 0.7330729166666666 0.80859375 0.7213541666666666 0.7994791666666666 0.7213541666666666 0.7916666666666666 0.7265625 0.7877604166666666 0.73046875 0.7877604166666666
3 0.9544270833333334 0.6302083333333334 0.9622395833333334 0.6393229166666666 0.9596354166666666 0.6432291666666666 0.9479166666666666 0.6432291666666666 0.9388020833333334 0.6341145833333334 0.9401041666666666 0.6302083333333334 0.953125 0.6302083333333334
3 0.6959635416666666 0.6471354166666666 0.014322916666666666 0.01953125
3 0.3841145833333333 0.2591145833333333 0.38671875 0.2630208333333333 0.38671875 0.3020833333333333 0.3776041666666667 0.2682291666666667 0.3776041666666667 0.2578125 0.3802083333333333 0.2565104166666667 0.3828125 0.2591145833333333
3 0.8645833333333334 0.4739583333333333 0.8658854166666666 0.4830729166666667 0.8580729166666666 0.48828125 0.8567708333333334 0.4947916666666667 0.8541666666666666 0.4947916666666667 0.8515625 0.4895833333333333 0.8515625 0.4752604166666667 0.86328125 0.4739583333333333
3 0.88671875 0.796875 0.8919270833333334 0.8046875 0.8997395833333334 0.8098958333333334 0.90234375 0.81640625 0.90234375 0.8203125 0.8984375 0.82421875 0.8932291666666666 0.8255208333333334 0.88671875 0.8216145833333334 0.88671875 0.7981770833333334
3 0.4557291666666667 0.6731770833333334 0.4583333333333333 0.67578125 0.4596354166666667 0.68359375 0.4583333333333333 0.6901041666666666 0.4518229166666667 0.6888020833333334 0.4518229166666667 0.6744791666666666 0.4544270833333333 0.6731770833333334
3 0.75 0.546875 0.75390625 0.5559895833333334 0.7486979166666666 0.5651041666666666 0.74609375 0.5651041666666666 0.7421875 0.5598958333333334 0.7421875 0.5494791666666666 0.7447916666666666 0.546875 0.7486979166666666 0.546875
3 0.5963541666666666 0.4921875 0.015625 0.0234375
3 0.15364583333333334 0.4752604166666667 0.16145833333333334 0.4791666666666667 0.16145833333333334 0.4921875 0.15625 0.4921875 0.1484375 0.48828125 0.1484375 0.4778645833333333 0.15234375 0.4752604166666667
3 0.8601562500000001 0.9583333333333334 0.8609375 0.9597222226562501 0.8609375 0.9638888893229166 0.86171875 0.9652777773437501 0.86171875 0.9708333333333333 0.8624999999999999 0.975 0.865625 0.9791666666666666 0.8671875 0.9791666666666666 0.87109375 0.9763888893229167 0.8734375 0.9722222226562499 0.8734375 0.9694444440104166 0.8703124999999999 0.9625 0.86875 0.9555555559895833 0.859375 0.9388888893229167 0.8562500000000001 0.9388888893229167 0.85546875 0.9416666666666668 0.8562500000000001 0.9416666666666668 0.8601562500000001 0.9541666666666666 0.8601562500000001 0.9583333333333334