2 0.4640625 0.7847222226562499 0.465625 0.8513888893229167 0.46249999999999997 0.8624999999999999 0.46015625 0.8611111106770833 0.465625 0.87777777734375 0.4640625 0.9194444440104167 0.46640624999999997 0.9194444440104167 0.46875 0.82777777734375 0.46875 0.7180555559895834 0.465625 0.7166666666666667 0.46484375 0.7513888893229167 0.46796875 0.75972222265625 0.46484375 0.76527777734375 0.4640625 0.7847222226562499
2 0.4640625 0.6291666666666667 0.46953125 0.6541666666666667 0.47421874999999997 0.6166666666666667 0.471875 0.6 0.471875 0.4861111106770833 0.47500000000000003 0.3416666666666666 0.4734375 0.33055555598958336 0.47031249999999997 0.32777777734374997 0.46953125 0.3319444440104167 0.46796875 0.6041666666666666 0.46484375 0.61527777734375 0.45156250000000003 0.6180555559895834 0.4640625 0.6291666666666667
2 0.47031249999999997 0.19166666666666665 0.46484375 0.20138888932291665 0.45859374999999997 0.19999999999999998 0.46015625 0.29583333333333334 0.47031249999999997 0.30833333333333335 0.47421874999999997 0.30277777734375 0.47578125 0.17500000000000002 0.47500000000000003 0.12638888932291667 0.47421874999999997 0.12222222265625 0.471875 0.125 0.46953125 0.16944444401041667 0.46718750000000003 0.1708333333333333 0.47109375000000003 0.1805555559895833 0.47031249999999997 0.19166666666666665
0 0 0.625 0.08671875 0.6263888893229167 0.0984375 0.6208333333333333 0.11953124999999999 0.59722222265625 0.134375 0.5569444440104167 0.13749999999999998 0.5263888893229166 0.13359374999999998 0.4791666666666667 0.1265625 0.45555555598958336 0.11171874999999999 0.43055555598958334 0.08984375 0.4138888893229167 0.0265625 0.40972222265625 0 0.40972222265625 0 0.41527777734375 0.08437499999999999 0.4180555559895833 0.09999999999999999 0.425 0.11328125 0.44027777734375 0.12968749999999998 0.4791666666666667 0.13359374999999998 0.5166666666666667 0.13203125000000002 0.5513888893229166 0.11796875 0.5916666666666667 0.09921875000000001 0.61527777734375 0.08828124999999999 0.6208333333333333 0 0.6180555559895834 0 0.625
0 0.84609375 0.45 0.9679687499999999 0.44861111067708337 0.8453125 0.4458333333333333 0.8312499999999999 0.45555555598958336 0.8171875000000001 0.47361111067708334 0.80625 0.50277777734375 0.8039062499999999 0.5208333333333334 0.80703125 0.5013888893229167 0.8250000000000001 0.4680555559895833 0.84609375 0.45
0 0.86171875 0.6569444440104167 0.96640625 0.6583333333333333 0.9343750000000001 0.65277777734375 0.88625 0.65277777734375 0.883203125 0.6569444440104167 0.87734375 0.6513888893229166 0.8406250000000001 0.6458333333333334 0.81484375 0.6138888893229166 0.8078124999999999 0.5930555559895833 0.80234375 0.5583333333333333 0.80078125 0.57777777734375 0.81015625 0.6124999999999999 0.834375 0.64722222265625 0.86171875 0.6569444440104167
3 0.471875 0.33055555598958336 0.47265625 0.33055555598958336 0.47265625 0.31805555598958335 0.471875 0.31666666666666665 0.471875 0.3125 0.47031249999999997 0.30972222265625 0.46718750000000003 0.3125 0.46640624999999997 0.31666666666666665 0.46640624999999997 0.32222222265625 0.47031249999999997 0.3361111106770833 0.471875 0.33055555598958336
3 0.5109374999999999 0.5055555559895833 0.51171875 0.5041666666666667 0.5125000000000001 0.4916666666666667 0.5109374999999999 0.4875 0.509375 0.4861111106770833 0.5070312499999999 0.4861111106770833 0.50546875 0.4875 0.50234375 0.49305555598958334 0.5015625 0.49722222265625 0.5031249999999999 0.50277777734375 0.5046875000000001 0.5055555559895833 0.5109374999999999 0.5055555559895833
3 0.46015625 0.6875 0.46171875 0.6833333333333332 0.46015625 0.6749999999999999 0.45703125 0.67222222265625 0.45468749999999997 0.67222222265625 0.45390625 0.6736111106770833 0.45390625 0.67777777734375 0.45625 0.6875 0.46015625 0.6875
3 0.38515625000000003 0.7000000000000001 0.38671875 0.6958333333333333 0.3859375 0.6916666666666668 0.3796875 0.6819444440104167 0.37656249999999997 0.6819444440104167 0.37578125 0.68472222265625 0.37656249999999997 0.6986111106770833 0.3796875 0.7013888893229167 0.38515625000000003 0.7000000000000001
3 0.4140625 0.8583333333333334 0.41484375 0.8624999999999999 0.41562499999999997 0.8624999999999999 0.41796875 0.8611111106770833 0.41875 0.8583333333333334 0.41875 0.8541666666666666 0.42031250000000003 0.85 0.42031250000000003 0.8458333333333333 0.41484375 0.8333333333333334 0.41328125 0.8347222226562501 0.41250000000000003 0.8444444440104166 0.4109375 0.8458333333333333 0.4109375 0.8527777773437499 0.4140625 0.8583333333333334
3 0.17656249999999998 0.7999999999999999 0.17500000000000002 0.8111111106770833 0.18203125 0.8111111106770833 0.18281250000000002 0.7999999999999999 0.17656249999999998 0.7999999999999999
3 0.14140624999999998 0.5680555559895833 0.140625 0.57777777734375 0.15156250000000002 0.5750000000000001 0.15078125 0.55972222265625 0.14140624999999998 0.5680555559895833
3 0.04921875 0.5458333333333333 0.049999999999999996 0.55972222265625 0.06328125 0.5583333333333333 0.057812499999999996 0.5430555559895833 0.04921875 0.5458333333333333
3 0.21875 0.42777777734375005 0.209375 0.41944444401041664 0.20546875 0.4236111106770833 0.20625000000000002 0.43055555598958334 0.21562499999999998 0.4375 0.21953124999999998 0.43333333333333335 0.21875 0.42777777734375005
3 0.796875 0.5263888893229166 0.79140625 0.525 0.7804687499999999 0.5361111106770834 0.7921874999999999 0.5458333333333333 0.796875 0.5430555559895833 0.796875 0.5263888893229166
3 0.22578125000000002 0.20972222265624998 0.22421875 0.21666666666666667 0.23750000000000002 0.23472222265625 0.23906249999999998 0.2236111106770833 0.22578125000000002 0.20972222265624998
3 0.42578125 0.3236111106770833 0.421875 0.30555555598958334 0.41250000000000003 0.30555555598958334 0.41015625 0.31666666666666665 0.4140625 0.325 0.42031250000000003 0.32916666666666666 0.42578125 0.3236111106770833
1 0.14375000000000002 0.60277777734375 0.14375000000000002 0.60972222265625 0.14765625000000002 0.60972222265625 0.14765625000000002 0.60277777734375 0.14375000000000002 0.60277777734375