1 0.5703125 0.85972222265625 0.571875 0.8555555559895834 0.5710937500000001 0.8513888893229167 0.56796875 0.8513888893229167 0.5671875000000001 0.8527777773437499 0.5671875000000001 0.8583333333333334 0.56796875 0.85972222265625 0.5703125 0.85972222265625
0 0 0.4114583333333333 0.053385416666666664 0.4140625 0.06640625 0.4127604166666667 0.08854166666666667 0.4140625 0.09635416666666667 0.4166666666666667 0.11067708333333333 0.4270833333333333 0.13020833333333334 0.45703125 0.13671875 0.4791666666666667 0.140625 0.5078125 0.13932291666666666 0.55078125 0.13411458333333334 0.57421875 0.12369791666666667 0.59765625 0.10807291666666667 0.6171875 0.08984375 0.6276041666666666 0.009114583333333334 0.6263020833333334 0.0078125 0.6236979166666666 0 0.6236979166666666 0 0.6197916666666666 0.08984375 0.62109375 0.10286458333333333 0.6145833333333334 0.11197916666666667 0.60546875 0.125 0.5859375 0.13541666666666666 0.5546875 0.13802083333333334 0.5299479166666666 0.13541666666666666 0.4856770833333333 0.12369791666666667 0.453125 0.10546875 0.4296875 0.08854166666666667 0.4205729166666667 0 0.41796875 0 0.4127604166666667
0 0.8671875 0.4440104166666667 0.9635416666666666 0.4466145833333333 0.9674479166666666 0.4505208333333333 0.9231770833333334 0.4518229166666667 0.8515625 0.44921875 0.83984375 0.4544270833333333 0.8229166666666666 0.4713541666666667 0.8111979166666666 0.4947916666666667 0.8033854166666666 0.5247395833333334 0.8033854166666666 0.55859375 0.80078125 0.5598958333333334 0.80078125 0.5260416666666666 0.8033854166666666 0.5104166666666666 0.81640625 0.4739583333333333 0.828125 0.4596354166666667 0.828125 0.45703125 0.8385416666666666 0.44921875 0.8541666666666666 0.4440104166666667 0.8658854166666666 0.4440104166666667
2 0.4739583333333333 0.12109375 0.4765625 0.12369791666666667 0.4739583333333333 0.3072916666666667 0.4739583333333333 0.4283854166666667 0.4765625 0.4348958333333333 0.4765625 0.4440104166666667 0.4739583333333333 0.4583333333333333 0.4739583333333333 0.6276041666666666 0.4713541666666667 0.6328125 0.4700520833333333 0.7057291666666666 0.4700520833333333 0.8776041666666666 0.46875 0.9296875 0.4674479166666667 0.9466145833333334 0.46484375 0.9466145833333334 0.46484375 0.8658854166666666 0.4674479166666667 0.8502604166666666 0.46875 0.6002604166666666 0.4713541666666667 0.5325520833333334 0.4700520833333333 0.4505208333333333 0.47265625 0.4466145833333333 0.4713541666666667 0.3177083333333333 0.4739583333333333 0.12239583333333333
3 0.6080729166666666 0.234375 0.6119791666666666 0.23828125 0.6119791666666666 0.24609375 0.6106770833333334 0.25390625 0.6067708333333334 0.2591145833333333 0.6041666666666666 0.2591145833333333 0.6015625 0.2552083333333333 0.6028645833333334 0.24088541666666666 0.6041666666666666 0.23567708333333334 0.6067708333333334 0.234375
3 0.4830729166666667 0.4596354166666667 0.4778645833333333 0.4479166666666667 0.4752604166666667 0.4283854166666667 0.4752604166666667 0.4205729166666667 0.4817708333333333 0.4205729166666667 0.4817708333333333 0.4322916666666667 0.4856770833333333 0.4440104166666667 0.4830729166666667 0.4583333333333333
3 0.6334635416666666 0.775390625 0.010416666666666666 0.04296875
3 0.66796875 0.55859375 0.6705729166666666 0.5611979166666666 0.6692708333333334 0.5963541666666666 0.6666666666666666 0.59765625 0.6666666666666666 0.58984375 0.6614583333333334 0.5768229166666666 0.6627604166666666 0.5625 0.6640625 0.5598958333333334 0.6666666666666666 0.5598958333333334
3 0.3736979166666667 0.8424479166666666 0.3828125 0.83984375 0.3802083333333333 0.8489583333333334 0.3802083333333333 0.8619791666666666 0.3776041666666667 0.86328125 0.37109375 0.859375 0.37109375 0.8463541666666666 0.3736979166666667 0.84375
3 0.2630208333333333 0.3645833333333333 0.2643229166666667 0.37890625 0.2604166666666667 0.3815104166666667 0.2526041666666667 0.3776041666666667 0.2526041666666667 0.3684895833333333 0.25390625 0.3658854166666667 0.26171875 0.3645833333333333
3 0.4986979166666667 0.18229166666666666 0.5013020833333334 0.18619791666666666 0.5013020833333334 0.20182291666666666 0.4973958333333333 0.2109375 0.4947916666666667 0.2109375 0.4895833333333333 0.19791666666666666 0.4908854166666667 0.18359375 0.4947916666666667 0.18098958333333334 0.4973958333333333 0.18229166666666666
3 0.21354166666666666 0.18359375 0.21744791666666666 0.18619791666666666 0.22135416666666666 0.19401041666666666 0.22526041666666666 0.2109375 0.22135416666666666 0.21354166666666666 0.21744791666666666 0.2109375 0.2109375 0.1953125 0.21223958333333334 0.18489583333333334
3 0.07682291666666667 0.4934895833333333 0.0859375 0.4934895833333333 0.08854166666666667 0.49609375 0.08854166666666667 0.5052083333333334 0.078125 0.5091145833333334 0.07421875 0.5013020833333334 0.07682291666666667 0.4947916666666667
3 0.8138020833333334 0.5559895833333334 0.8177083333333334 0.55859375 0.8203125 0.5677083333333334 0.8190104166666666 0.57421875 0.8151041666666666 0.578125 0.80859375 0.5768229166666666 0.8033854166666666 0.5716145833333334 0.8033854166666666 0.5598958333333334 0.8125 0.5559895833333334
3 0.44921875 0.6944444440104167 0.44921875 0.6958333333333333 0.45 0.6958333333333333 0.453125 0.7000000000000001 0.45625 0.6930555559895833 0.45625 0.69027777734375 0.45468749999999997 0.6861111106770833 0.45468749999999997 0.6819444440104167 0.45390625 0.6791666666666667 0.45234375 0.67777777734375 0.44765625000000003 0.6819444440104167 0.44687499999999997 0.68472222265625 0.44687499999999997 0.6888888893229167 0.44765625000000003 0.6916666666666668 0.44921875 0.6944444440104167
3 0.57318515625 0.8922013893229166 0.578553125 0.8801541666666667 0.5734679687500001 0.8676055559895833 0.5651328125 0.8756361106770832 0.5682406249999999 0.8881861106770833 0.565415625 0.8901930559895833 0.56668671875 0.8932055559895833 0.57318515625 0.8922013893229166