1 0.28984375 0.3666666666666667 0.2890625 0.37222222265625 0.29296875 0.37777777734375 0.29375 0.3694444440104167 0.28984375 0.3666666666666667
0 0 0.4166666666666667 0.020833333333333332 0.4166666666666667 0.022135416666666668 0.4192708333333333 0.09244791666666667 0.4205729166666667 0.11067708333333333 0.42578125 0.12369791666666667 0.4375 0.13541666666666666 0.4557291666666667 0.14583333333333334 0.4856770833333333 0.14973958333333334 0.51171875 0.14713541666666666 0.5611979166666666 0.13932291666666666 0.5885416666666666 0.12760416666666666 0.6106770833333334 0.11067708333333333 0.6276041666666666 0.09505208333333333 0.6328125 0 0.62890625 0 0.6223958333333334 0.10026041666666667 0.625 0.11458333333333333 0.6171875 0.125 0.60546875 0.13541666666666666 0.5872395833333334 0.14322916666666666 0.5638020833333334 0.14713541666666666 0.5299479166666666 0.14713541666666666 0.515625 0.13932291666666666 0.4752604166666667 0.13151041666666666 0.45703125 0.11588541666666667 0.4361979166666667 0.10286458333333333 0.4283854166666667 0.09375 0.42578125 0 0.4231770833333333 0 0.41796875
0 0.9153645833333334 0.44921875 0.9739583333333334 0.4518229166666667 0.9739583333333334 0.45703125 0.89453125 0.4557291666666667 0.8645833333333334 0.453125 0.8515625 0.45703125 0.8411458333333334 0.46484375 0.8294270833333334 0.4778645833333333 0.8190104166666666 0.4973958333333333 0.8111979166666666 0.52734375 0.8098958333333334 0.5729166666666666 0.8138020833333334 0.59375 0.8190104166666666 0.6119791666666666 0.8268229166666666 0.6276041666666666 0.8502604166666666 0.6510416666666666 0.8619791666666666 0.6549479166666666 0.9674479166666666 0.6588541666666666 0.9739583333333334 0.6614583333333334 0.9674479166666666 0.6640625 0.8776041666666666 0.6614583333333334 0.8515625 0.6575520833333334 0.8385416666666666 0.6497395833333334 0.82421875 0.6315104166666666 0.81640625 0.6158854166666666 0.8111979166666666 0.59765625 0.8072916666666666 0.5755208333333334 0.8072916666666666 0.53515625 0.8125 0.5065104166666666 0.828125 0.4713541666666667 0.83984375 0.4583333333333333 0.85546875 0.44921875 0.9140625 0.44921875
2 0.48046875 0.12760416666666666 0.4830729166666667 0.13020833333333334 0.48046875 0.4127604166666667 0.4817708333333333 0.45703125 0.4778645833333333 0.6276041666666666 0.4791666666666667 0.6614583333333334 0.4752604166666667 0.9466145833333334 0.47265625 0.9505208333333334 0.4713541666666667 0.9309895833333334 0.4765625 0.62890625 0.4752604166666667 0.5950520833333334 0.48046875 0.12890625
3 0.3763020833333333 0.7825520833333334 0.011067708333333334 0.020833333333333332
3 0.5 0.4440104166666667 0.5013020833333334 0.4557291666666667 0.4986979166666667 0.4596354166666667 0.49609375 0.4596354166666667 0.4921875 0.4544270833333333 0.4921875 0.4479166666666667 0.4986979166666667 0.4440104166666667
3 0.4908854166666667 0.265625 0.4947916666666667 0.2708333333333333 0.4947916666666667 0.2890625 0.4908854166666667 0.29296875 0.48828125 0.2903645833333333 0.48828125 0.2708333333333333 0.4908854166666667 0.2669270833333333
3 0.4388020833333333 0.7291666666666666 0.4427083333333333 0.7356770833333334 0.4440104166666667 0.7434895833333334 0.4427083333333333 0.7513020833333334 0.44140625 0.7486979166666666 0.43359375 0.7473958333333334 0.43359375 0.7421875 0.4388020833333333 0.73046875
3 0.42578125 0.4583333333333333 0.4322916666666667 0.4583333333333333 0.4361979166666667 0.46484375 0.4348958333333333 0.484375 0.4296875 0.4869791666666667 0.4231770833333333 0.4739583333333333 0.42578125 0.4596354166666667
3 0.265625 0.5859375 0.2786458333333333 0.5924479166666666 0.2799479166666667 0.5963541666666666 0.2799479166666667 0.6028645833333334 0.2760416666666667 0.6080729166666666 0.2708333333333333 0.6015625 0.265625 0.6002604166666666 0.265625 0.5872395833333334
3 0.2734375 0.3046875 0.2864583333333333 0.3098958333333333 0.2864583333333333 0.3177083333333333 0.2799479166666667 0.3203125 0.2734375 0.3151041666666667 0.2734375 0.3059895833333333
3 0.3932291666666667 0.4270833333333333 0.3971354166666667 0.42578125 0.4010416666666667 0.4296875 0.4010416666666667 0.44140625 0.3958333333333333 0.4453125 0.3932291666666667 0.4440104166666667 0.390625 0.4361979166666667 0.3932291666666667 0.4283854166666667
3 0.3815104166666667 0.5572916666666666 0.3841145833333333 0.55078125 0.3880208333333333 0.5481770833333334 0.3919270833333333 0.5546875 0.3919270833333333 0.56640625 0.3893229166666667 0.5703125 0.38671875 0.5703125 0.3828125 0.5638020833333334 0.3828125 0.55859375
3 0.44921875 0.5872395833333334 0.4544270833333333 0.5885416666666666 0.45703125 0.59375 0.45703125 0.6015625 0.4544270833333333 0.60546875 0.4518229166666667 0.60546875 0.4479166666666667 0.59765625 0.44921875 0.5885416666666666
3 0.4453125 0.21744791666666666 0.4505208333333333 0.22526041666666666 0.4518229166666667 0.23177083333333334 0.4518229166666667 0.24088541666666666 0.4505208333333333 0.24348958333333334 0.4479166666666667 0.2421875 0.4440104166666667 0.23177083333333334 0.4453125 0.21875
3 0.58203125 0.5546875 0.5859375 0.5546875 0.5885416666666666 0.5572916666666666 0.5885416666666666 0.5703125 0.5859375 0.57421875 0.58203125 0.57421875 0.578125 0.5716145833333334 0.58203125 0.5559895833333334