1 0.22265625 0.4708333333333334 0.22343749999999998 0.47222222265625 0.225 0.4680555559895833 0.22421875 0.46249999999999997 0.22343749999999998 0.4611111106770833 0.21953124999999998 0.4611111106770833 0.21875 0.46249999999999997 0.21875 0.4680555559895833 0.2203125 0.4708333333333334 0.22265625 0.4708333333333334
0 0 0.4088541666666667 0.08333333333333333 0.4114583333333333 0.09635416666666667 0.4166666666666667 0.11458333333333333 0.4348958333333333 0.12630208333333334 0.45703125 0.13151041666666666 0.48046875 0.13411458333333334 0.484375 0.13671875 0.5169270833333334 0.13411458333333334 0.5546875 0.13020833333333334 0.5703125 0.12760416666666666 0.5729166666666666 0.12239583333333333 0.58984375 0.11197916666666667 0.6067708333333334 0.10286458333333333 0.6158854166666666 0.09244791666666667 0.6223958333333334 0.08463541666666667 0.6236979166666666 0.08333333333333333 0.6263020833333334 0.0625 0.6263020833333334 0.061197916666666664 0.6236979166666666 0.028645833333333332 0.6223958333333334 0 0.6236979166666666 0 0.6171875 0.0859375 0.6197916666666666 0.09505208333333333 0.6158854166666666 0.10677083333333333 0.60546875 0.11979166666666667 0.5859375 0.12760416666666666 0.5651041666666666 0.1328125 0.5390625 0.1328125 0.4986979166666667 0.12760416666666666 0.4713541666666667 0.11979166666666667 0.4518229166666667 0.10286458333333333 0.4283854166666667 0.09114583333333333 0.4205729166666667 0.06901041666666667 0.41796875 0.06770833333333333 0.4153645833333333 0 0.4140625 0 0.41015625
0 0.9205729166666666 0.4466145833333333 0.9661458333333334 0.44921875 0.9661458333333334 0.453125 0.8489583333333334 0.4505208333333333 0.8359375 0.45703125 0.8255208333333334 0.4674479166666667 0.8177083333333334 0.4817708333333333 0.8151041666666666 0.4830729166666667 0.8033854166666666 0.5169270833333334 0.80078125 0.5377604166666666 0.8033854166666666 0.5846354166666666 0.8111979166666666 0.6106770833333334 0.8216145833333334 0.62890625 0.83203125 0.640625 0.8424479166666666 0.6484375 0.86328125 0.65234375 0.9609375 0.65625 0.9635416666666666 0.6575520833333334 0.9635416666666666 0.66015625 0.9609375 0.6614583333333334 0.8606770833333334 0.6575520833333334 0.8385416666666666 0.65234375 0.81640625 0.6302083333333334 0.8072916666666666 0.6106770833333334 0.80078125 0.5885416666666666 0.7981770833333334 0.55859375 0.80078125 0.515625 0.8046875 0.4986979166666667 0.8072916666666666 0.49609375 0.8125 0.4791666666666667 0.8229166666666666 0.4635416666666667 0.8268229166666666 0.4609375 0.8268229166666666 0.4583333333333333 0.8346354166666666 0.4518229166666667 0.8489583333333334 0.4453125 0.9192708333333334 0.4466145833333333
2 0.4739583333333333 0.11979166666666667 0.4739583333333333 0.2955729166666667 0.4713541666666667 0.31640625 0.4700520833333333 0.515625 0.4713541666666667 0.54296875 0.46484375 0.9466145833333334 0.4622395833333333 0.9466145833333334 0.4622395833333333 0.9049479166666666 0.46484375 0.8033854166666666 0.46484375 0.6705729166666666 0.4674479166666667 0.6341145833333334 0.46875 0.31640625 0.4713541666666667 0.2682291666666667 0.47265625 0.12109375
3 0.23111979166666666 0.85546875 0.015625 0.022135416666666668
3 0.22005208333333334 0.4375 0.22005208333333334 0.4505208333333333 0.22786458333333334 0.4700520833333333 0.2265625 0.484375 0.21875 0.4739583333333333 0.21484375 0.4661458333333333 0.21354166666666666 0.4557291666666667 0.20963541666666666 0.4505208333333333 0.20963541666666666 0.4466145833333333 0.22005208333333334 0.4388020833333333
3 0.40234375 0.3190104166666667 0.40625 0.3333333333333333 0.40625 0.3372395833333333 0.40234375 0.33984375 0.3971354166666667 0.3346354166666667 0.3971354166666667 0.3216145833333333 0.4010416666666667 0.3190104166666667
3 0.18880208333333334 0.6158854166666666 0.1953125 0.625 0.1953125 0.6302083333333334 0.18880208333333334 0.6328125 0.18098958333333334 0.6328125 0.17838541666666666 0.62890625 0.1796875 0.6197916666666666 0.18359375 0.6158854166666666 0.1875 0.6158854166666666
3 0.32421875 0.6354166666666666 0.3268229166666667 0.63671875 0.33203125 0.6588541666666666 0.3307291666666667 0.66796875 0.328125 0.66796875 0.3203125 0.6588541666666666 0.3190104166666667 0.6497395833333334 0.3229166666666667 0.64453125 0.32421875 0.63671875
3 0.3385416666666667 0.8385416666666666 0.3424479166666667 0.8203125 0.3463541666666667 0.82421875 0.3541666666666667 0.84765625 0.3528645833333333 0.8515625 0.3450520833333333 0.8528645833333334 0.34375 0.8411458333333334 0.33984375 0.8385416666666666
3 0.4088541666666667 0.51171875 0.4127604166666667 0.5130208333333334 0.4166666666666667 0.5234375 0.4153645833333333 0.5286458333333334 0.4114583333333333 0.53125 0.40625 0.5260416666666666 0.40625 0.515625 0.4088541666666667 0.5130208333333334
3 0.3385416666666667 0.6080729166666666 0.3411458333333333 0.61328125 0.3424479166666667 0.6276041666666666 0.3346354166666667 0.6302083333333334 0.33203125 0.6263020833333334 0.33203125 0.62109375 0.3385416666666667 0.609375
3 0.2265625 0.20833333333333334 0.23828125 0.22395833333333334 0.23828125 0.2265625 0.234375 0.22786458333333334 0.22395833333333334 0.21875 0.22395833333333334 0.21223958333333334 0.2265625 0.20963541666666666
3 0.7486979166666666 0.5299479166666666 0.7552083333333334 0.5325520833333334 0.7591145833333334 0.5390625 0.7591145833333334 0.5442708333333334 0.7552083333333334 0.5520833333333334 0.7447916666666666 0.5533854166666666 0.7486979166666666 0.546875 0.7486979166666666 0.53125
3 0.3697916666666667 0.375 0.3736979166666667 0.375 0.3802083333333333 0.3841145833333333 0.3802083333333333 0.3997395833333333 0.37109375 0.3997395833333333 0.3658854166666667 0.3919270833333333 0.3658854166666667 0.3802083333333333 0.3697916666666667 0.3763020833333333
3 0.07421875 0.48828125 0.078125 0.48828125 0.07421875 0.5104166666666666 0.06640625 0.5104166666666666 0.05859375 0.5026041666666666 0.059895833333333336 0.4947916666666667 0.06770833333333333 0.49609375 0.07421875 0.4895833333333333