1 0.30859375 0.2736111106770833 0.3078125 0.2805555559895833 0.31171875 0.2819444440104167 0.31171875 0.27499999999999997 0.30859375 0.2736111106770833
0 0 0.4322916666666667 0.08072916666666667 0.43359375 0.09244791666666667 0.4361979166666667 0.10286458333333333 0.4427083333333333 0.11458333333333333 0.4544270833333333 0.11588541666666667 0.4596354166666667 0.11848958333333333 0.4609375 0.12630208333333334 0.4752604166666667 0.13411458333333334 0.4986979166666667 0.13802083333333334 0.5286458333333334 0.13671875 0.5703125 0.13020833333333334 0.59765625 0.11588541666666667 0.6263020833333334 0.10286458333333333 0.6393229166666666 0.08463541666666667 0.6484375 0.01953125 0.6471354166666666 0.018229166666666668 0.64453125 0 0.64453125 0 0.6393229166666666 0.08333333333333333 0.6419270833333334 0.09895833333333333 0.6354166666666666 0.11588541666666667 0.6158854166666666 0.125 0.5989583333333334 0.13151041666666666 0.578125 0.13541666666666666 0.5546875 0.13411458333333334 0.5182291666666666 0.12760416666666666 0.4895833333333333 0.11588541666666667 0.4661458333333333 0.1015625 0.44921875 0.09244791666666667 0.4440104166666667 0.07552083333333333 0.4401041666666667 0 0.4388020833333333 0 0.43359375
0 0.9010416666666666 0.4635416666666667 0.96484375 0.4661458333333333 0.9661458333333334 0.4700520833333333 0.94140625 0.4713541666666667 0.8528645833333334 0.4674479166666667 0.83203125 0.4778645833333333 0.8229166666666666 0.48828125 0.8111979166666666 0.5091145833333334 0.8033854166666666 0.5364583333333334 0.8020833333333334 0.5872395833333334 0.8072916666666666 0.6145833333333334 0.8151041666666666 0.6354166666666666 0.8177083333333334 0.63671875 0.8229166666666666 0.6484375 0.8372395833333334 0.6614583333333334 0.8463541666666666 0.6666666666666666 0.8502604166666666 0.6666666666666666 0.8515625 0.6692708333333334 0.9635416666666666 0.6731770833333334 0.9622395833333334 0.6783854166666666 0.86328125 0.67578125 0.8450520833333334 0.6731770833333334 0.8346354166666666 0.66796875 0.8229166666666666 0.65625 0.81640625 0.6471354166666666 0.8046875 0.6197916666666666 0.7994791666666666 0.59375 0.7981770833333334 0.5598958333333334 0.80078125 0.5338541666666666 0.8046875 0.5182291666666666 0.81640625 0.4895833333333333 0.83203125 0.4713541666666667 0.8463541666666666 0.4635416666666667 0.8997395833333334 0.4635416666666667
2 0.4713541666666667 0.140625 0.4739583333333333 0.140625 0.4739583333333333 0.3255208333333333 0.4713541666666667 0.3463541666666667 0.47265625 0.4140625 0.4674479166666667 0.90234375 0.4661458333333333 0.9596354166666666 0.4635416666666667 0.9661458333333334 0.46484375 0.7122395833333334 0.4674479166666667 0.6627604166666666 0.4661458333333333 0.640625 0.46875 0.5338541666666666 0.46875 0.33984375 0.4713541666666667 0.2955729166666667 0.4713541666666667 0.14192708333333334
3 0.7213541666666666 0.3111979166666667 0.7239583333333334 0.3125 0.7239583333333334 0.3216145833333333 0.71875 0.328125 0.7135416666666666 0.328125 0.7135416666666666 0.3190104166666667 0.7200520833333334 0.3111979166666667
3 0.5963541666666666 0.3098958333333333 0.6028645833333334 0.3098958333333333 0.6041666666666666 0.3125 0.6041666666666666 0.328125 0.6028645833333334 0.3307291666666667 0.59765625 0.3307291666666667 0.5924479166666666 0.32421875 0.5963541666666666 0.3190104166666667 0.5963541666666666 0.3111979166666667
3 0.6484375 0.6432291666666666 0.6588541666666666 0.640625 0.6627604166666666 0.6458333333333334 0.6627604166666666 0.6510416666666666 0.6575520833333334 0.6588541666666666 0.6536458333333334 0.6549479166666666 0.6497395833333334 0.64453125
3 0.6126302083333334 0.708984375 0.01171875 0.020833333333333332
3 0.4368489583333333 0.23046875 0.009114583333333334 0.01953125
3 0.49609375 0.2760416666666667 0.4986979166666667 0.2760416666666667 0.5052083333333334 0.2890625 0.5013020833333334 0.2981770833333333 0.49609375 0.296875 0.4934895833333333 0.2890625 0.49609375 0.27734375
3 0.6549479166666666 0.56640625 0.6614583333333334 0.57421875 0.6614583333333334 0.578125 0.65625 0.5846354166666666 0.6536458333333334 0.5846354166666666 0.6484375 0.578125 0.6484375 0.5716145833333334 0.6536458333333334 0.56640625
3 0.3203125 0.23828125 0.3294270833333333 0.24348958333333334 0.3294270833333333 0.265625 0.32421875 0.2682291666666667 0.3203125 0.2630208333333333 0.3203125 0.25 0.31640625 0.2421875 0.3190104166666667 0.23958333333333334
3 0.5794270833333334 0.3997395833333333 0.5833333333333334 0.4140625 0.578125 0.42578125 0.57421875 0.42578125 0.5677083333333334 0.4153645833333333 0.5716145833333334 0.40234375 0.57421875 0.3997395833333333 0.578125 0.3997395833333333
3 0.5208333333333334 0.4700520833333333 0.5221354166666666 0.4908854166666667 0.5182291666666666 0.4934895833333333 0.515625 0.4921875 0.5130208333333334 0.484375 0.515625 0.4739583333333333 0.51953125 0.4700520833333333
3 0.8033854166666666 0.4518229166666667 0.80859375 0.4518229166666667 0.8111979166666666 0.4544270833333333 0.8098958333333334 0.4674479166666667 0.8046875 0.47265625 0.7994791666666666 0.47265625 0.7955729166666666 0.46875 0.7955729166666666 0.4583333333333333 0.8033854166666666 0.453125
3 0.55078125 0.8697916666666666 0.5546875 0.8841145833333334 0.5533854166666666 0.89453125 0.55078125 0.8971354166666666 0.546875 0.8971354166666666 0.54296875 0.890625 0.54296875 0.8815104166666666 0.5494791666666666 0.87109375