1 0.8390624999999999 0.8888888893229167 0.8390624999999999 0.8861111106770833 0.83828125 0.88472222265625 0.8367187500000001 0.88472222265625 0.834375 0.8888888893229167 0.834375 0.8944444440104166 0.8367187500000001 0.8930555559895833 0.8390624999999999 0.8888888893229167
0 0 0.4231770833333333 0.07682291666666667 0.4244791666666667 0.08984375 0.42578125 0.10416666666666667 0.4309895833333333 0.11197916666666667 0.4375 0.12630208333333334 0.45703125 0.12630208333333334 0.4609375 0.13411458333333334 0.4752604166666667 0.14192708333333334 0.5130208333333334 0.14192708333333334 0.5520833333333334 0.13802083333333334 0.5755208333333334 0.12630208333333334 0.6067708333333334 0.109375 0.62890625 0.09244791666666667 0.6380208333333334 0 0.6354166666666666 0 0.6302083333333334 0.05859375 0.6328125 0.09114583333333333 0.6328125 0.09895833333333333 0.6302083333333334 0.11588541666666667 0.61328125 0.125 0.5989583333333334 0.13541666666666666 0.5716145833333334 0.13671875 0.5546875 0.13932291666666666 0.5494791666666666 0.13932291666666666 0.5169270833333334 0.13671875 0.5104166666666666 0.13541666666666666 0.4921875 0.12109375 0.45703125 0.11067708333333333 0.4440104166666667 0.1015625 0.4361979166666667 0.08854166666666667 0.4309895833333333 0 0.4283854166666667 0 0.4244791666666667
0 0.9127604166666666 0.4557291666666667 0.9713541666666666 0.4583333333333333 0.9700520833333334 0.46484375 0.85546875 0.4609375 0.83984375 0.46875 0.8294270833333334 0.4791666666666667 0.8190104166666666 0.49609375 0.8177083333333334 0.50390625 0.8111979166666666 0.5169270833333334 0.8072916666666666 0.53515625 0.8072916666666666 0.5885416666666666 0.8111979166666666 0.60546875 0.8255208333333334 0.6380208333333334 0.8424479166666666 0.65625 0.8502604166666666 0.66015625 0.859375 0.6627604166666666 0.9427083333333334 0.6640625 0.9466145833333334 0.6692708333333334 0.9479166666666666 0.6666666666666666 0.9661458333333334 0.6666666666666666 0.9674479166666666 0.6692708333333334 0.9700520833333334 0.6692708333333334 0.9700520833333334 0.671875 0.9674479166666666 0.6731770833333334 0.8736979166666666 0.6692708333333334 0.8463541666666666 0.6640625 0.828125 0.6497395833333334 0.8268229166666666 0.64453125 0.8151041666666666 0.6276041666666666 0.80859375 0.6080729166666666 0.8033854166666666 0.5729166666666666 0.8046875 0.53515625 0.8138020833333334 0.5 0.8268229166666666 0.4752604166666667 0.8359375 0.4661458333333333 0.8528645833333334 0.4557291666666667 0.9114583333333334 0.4557291666666667
2 0.4765625 0.1328125 0.4791666666666667 0.140625 0.4791666666666667 0.171875 0.4752604166666667 0.6315104166666666 0.4700520833333333 0.88671875 0.4713541666666667 0.9466145833333334 0.4700520833333333 0.9609375 0.4674479166666667 0.9609375 0.4765625 0.13411458333333334
3 0.8606770833333334 0.5455729166666666 0.8658854166666666 0.5494791666666666 0.8671875 0.5559895833333334 0.8567708333333334 0.5611979166666666 0.85546875 0.5638020833333334 0.8528645833333334 0.5598958333333334 0.84765625 0.5598958333333334 0.8528645833333334 0.5546875 0.8541666666666666 0.5416666666666666 0.8567708333333334 0.5403645833333334 0.859375 0.5455729166666666
3 0.6692708333333334 0.4830729166666667 0.6731770833333334 0.4869791666666667 0.6731770833333334 0.5026041666666666 0.6692708333333334 0.5078125 0.6627604166666666 0.5078125 0.6614583333333334 0.5013020833333334 0.6627604166666666 0.4869791666666667 0.66796875 0.4830729166666667
3 0.7552083333333334 0.734375 0.7604166666666666 0.7356770833333334 0.7669270833333334 0.7486979166666666 0.7669270833333334 0.7552083333333334 0.7630208333333334 0.7578125 0.7565104166666666 0.7578125 0.7526041666666666 0.7552083333333334 0.7552083333333334 0.7356770833333334
3 0.8580729166666666 0.8841145833333334 0.8619791666666666 0.8854166666666666 0.8697916666666666 0.8997395833333334 0.8684895833333334 0.9049479166666666 0.8658854166666666 0.90625 0.85546875 0.9049479166666666 0.85546875 0.8932291666666666 0.8580729166666666 0.8854166666666666
3 0.5006510416666666 0.611328125 0.008463541666666666 0.022135416666666668
3 0.8424479166666666 0.9309895833333334 0.8450520833333334 0.9309895833333334 0.8450520833333334 0.93359375 0.85546875 0.9453125 0.8528645833333334 0.9557291666666666 0.84765625 0.95703125 0.84375 0.9466145833333334 0.8424479166666666 0.9322916666666666
3 0.9375 0.625 0.9505208333333334 0.625 0.9596354166666666 0.6341145833333334 0.9583333333333334 0.640625 0.9479166666666666 0.640625 0.9375 0.6302083333333334 0.9375 0.6263020833333334
3 0.15234375 0.4791666666666667 0.16276041666666666 0.4778645833333333 0.1640625 0.4817708333333333 0.16145833333333334 0.4921875 0.15104166666666666 0.4934895833333333 0.14973958333333334 0.484375 0.15234375 0.48046875
3 0.6015625 0.7458333333333332 0.59765625 0.74722222265625 0.5945312500000001 0.75972222265625 0.5984375000000001 0.775 0.6023437500000001 0.7611111106770833 0.6015625 0.7458333333333332
3 0.38906250000000003 0.23888888932291666 0.38671875 0.24722222265625002 0.39687500000000003 0.2611111106770833 0.39453125 0.24166666666666667 0.38906250000000003 0.23888888932291666
3 0.7172453124999999 0.5636222226562501 0.71746328125 0.5531861106770833 0.71071875 0.5508666666666667 0.7051710937500001 0.5522194440104167 0.70397421875 0.56130277734375 0.70832578125 0.5655541666666667 0.71202421875 0.5628486106770834 0.7172453124999999 0.5636222226562501
3 0.7252953125 0.5547319440104167 0.7224671874999999 0.5520263893229167 0.71659296875 0.55125277734375 0.7185507812499999 0.5636222226562501 0.7231195312500001 0.5620763893229167 0.7252953125 0.5547319440104167