1 0.595703125 0.7122395833333334 0.005208333333333333 0.011067708333333334
0 0.9049479166666666 0.4166666666666667 0.9127604166666666 0.4140625 0.9986979166666666 0.4114583333333333 0.9986979166666666 0.41796875 0.9244791666666666 0.4192708333333333 0.9075520833333334 0.421875 0.8997395833333334 0.42578125 0.88671875 0.4375 0.875 0.45703125 0.86328125 0.5 0.86328125 0.54296875 0.8684895833333334 0.56640625 0.8776041666666666 0.58984375 0.8880208333333334 0.60546875 0.8997395833333334 0.6171875 0.9127604166666666 0.6223958333333334 0.9986979166666666 0.6197916666666666 0.9986979166666666 0.6263020833333334 0.91796875 0.62890625 0.91015625 0.6276041666666666 0.8958333333333334 0.6197916666666666 0.8841145833333334 0.609375 0.87109375 0.5859375 0.8645833333333334 0.5677083333333334 0.8606770833333334 0.54296875 0.8606770833333334 0.50390625 0.8645833333333334 0.4765625 0.87109375 0.45703125 0.8828125 0.4361979166666667 0.8919270833333334 0.42578125 0.9049479166666666 0.41796875
0 0.15104166666666666 0.4466145833333333 0.16666666666666666 0.4557291666666667 0.18229166666666666 0.4765625 0.19401041666666666 0.5091145833333334 0.19661458333333334 0.5299479166666666 0.1953125 0.5390625 0.19140625 0.5104166666666666 0.18359375 0.48828125 0.17317708333333334 0.4700520833333333 0.15625 0.4544270833333333 0.14713541666666666 0.4505208333333333 0.029947916666666668 0.453125 0.03125 0.44921875 0.036458333333333336 0.4479166666666667 0.11067708333333333 0.4453125 0.14973958333333334 0.4466145833333333
2 0.5247395833333334 0.12109375 0.52734375 0.24739583333333334 0.5260416666666666 0.30859375 0.5286458333333334 0.3229166666666667 0.52734375 0.4440104166666667 0.53125 0.625 0.53125 0.80078125 0.5338541666666666 0.8229166666666666 0.5325520833333334 0.8776041666666666 0.53515625 0.88671875 0.5338541666666666 0.9479166666666666 0.53125 0.9479166666666666 0.5325520833333334 0.8723958333333334 0.5299479166666666 0.859375 0.5286458333333334 0.81640625 0.5286458333333334 0.6927083333333334 0.5260416666666666 0.6197916666666666 0.52734375 0.5182291666666666 0.5247395833333334 0.48046875 0.5234375 0.12239583333333333
3 0.71875 0.8294270833333334 0.7252604166666666 0.8333333333333334 0.7291666666666666 0.83203125 0.7330729166666666 0.8385416666666666 0.73046875 0.8502604166666666 0.7200520833333334 0.8489583333333334 0.71875 0.8307291666666666
3 0.4869791666666667 0.6640625 0.4921875 0.6653645833333334 0.4947916666666667 0.6744791666666666 0.4921875 0.68359375 0.4895833333333333 0.6848958333333334 0.4856770833333333 0.6822916666666666 0.4869791666666667 0.6653645833333334
3 0.4153645833333333 0.4973958333333333 0.421875 0.5 0.42578125 0.5052083333333334 0.4244791666666667 0.5143229166666666 0.4205729166666667 0.5208333333333334 0.4205729166666667 0.53515625 0.41796875 0.53515625 0.4140625 0.5169270833333334 0.4153645833333333 0.4986979166666667
3 0.7643229166666666 0.3841145833333333 0.7682291666666666 0.3880208333333333 0.7682291666666666 0.3984375 0.76171875 0.40234375 0.75390625 0.40234375 0.75390625 0.3893229166666667 0.7578125 0.3893229166666667 0.7630208333333334 0.3854166666666667
3 0.7721354166666666 0.5026041666666666 0.78515625 0.5052083333333334 0.7864583333333334 0.5078125 0.78515625 0.5143229166666666 0.7747395833333334 0.51953125 0.7708333333333334 0.515625 0.7721354166666666 0.50390625
3 0.767578125 0.21549479166666666 0.014973958333333334 0.027994791666666668
3 0.9322916666666666 0.4973958333333333 0.93359375 0.51171875 0.921875 0.5143229166666666 0.91796875 0.5143229166666666 0.9192708333333334 0.5 0.9309895833333334 0.4973958333333333
3 0.1953125 0.5416666666666666 0.19791666666666666 0.5416666666666666 0.2109375 0.5572916666666666 0.20182291666666666 0.5638020833333334 0.1953125 0.5638020833333334 0.19140625 0.5559895833333334 0.19140625 0.5494791666666666 0.1953125 0.54296875
3 0.4635416666666667 0.3333333333333333 0.0078125 0.024739583333333332
3 0.5859375 0.7057291666666666 0.59375 0.7057291666666666 0.5963541666666666 0.7083333333333334 0.59375 0.7213541666666666 0.5872395833333334 0.7278645833333334 0.5833333333333334 0.7252604166666666 0.5859375 0.70703125
3 0.5125000000000001 0.8944444440104166 0.5164062500000001 0.9013888893229166 0.5242187500000001 0.88472222265625 0.5226562499999999 0.87777777734375 0.5171875 0.8708333333333332 0.5140625 0.8763888893229167 0.5125000000000001 0.8944444440104166
3 0.5390625 0.2888888893229167 0.5437500000000001 0.2916666666666667 0.5476562500000001 0.28750000000000003 0.5499999999999999 0.2805555559895833 0.5484375 0.26666666666666666 0.5421874999999999 0.2625 0.5375 0.26666666666666666 0.5390625 0.2888888893229167