1 0.7086875 0.7648513893229166 0.709 0.7657388893229166 0.7105625 0.7671833333333334 0.7117187500000001 0.76527777734375 0.7125 0.7611111106770833 0.7109375 0.7583333333333333 0.709375 0.7583333333333333 0.7075625 0.7628513893229166 0.7086875 0.7648513893229166
0 0.9986979166666666 0.4114583333333333 0.9986979166666666 0.41796875 0.9192708333333334 0.4192708333333333 0.9075520833333334 0.421875 0.8984375 0.4270833333333333 0.88671875 0.4375 0.8854166666666666 0.4427083333333333 0.87890625 0.4505208333333333 0.8658854166666666 0.48828125 0.86328125 0.5065104166666666 0.8645833333333334 0.546875 0.87109375 0.5729166666666666 0.8828125 0.59765625 0.8958333333333334 0.61328125 0.9127604166666666 0.6223958333333334 0.9986979166666666 0.6197916666666666 0.9986979166666666 0.6263020833333334 0.96484375 0.6276041666666666 0.91015625 0.6276041666666666 0.90625 0.6236979166666666 0.8958333333333334 0.6197916666666666 0.8841145833333334 0.6080729166666666 0.87109375 0.5859375 0.8684895833333334 0.5729166666666666 0.8645833333333334 0.56640625 0.8606770833333334 0.5325520833333334 0.8619791666666666 0.4921875 0.8723958333333334 0.4544270833333333 0.8841145833333334 0.4348958333333333 0.9049479166666666 0.4166666666666667 0.9114583333333334 0.4140625 0.9973958333333334 0.4114583333333333
0 0.15755208333333334 0.44921875 0.16927083333333334 0.4583333333333333 0.18229166666666666 0.4765625 0.19401041666666666 0.5091145833333334 0.1953125 0.52734375 0.19791666666666666 0.53515625 0.19791666666666666 0.55078125 0.1953125 0.5533854166666666 0.19791666666666666 0.55859375 0.1953125 0.5872395833333334 0.19010416666666666 0.6067708333333334 0.18098958333333334 0.6276041666666666 0.17447916666666666 0.63671875 0.1640625 0.6458333333333334 0.1640625 0.6484375 0.14713541666666666 0.65625 0.04296875 0.6614583333333334 0.03515625 0.6614583333333334 0.032552083333333336 0.6588541666666666 0.03515625 0.65625 0.13932291666666666 0.65234375 0.15104166666666666 0.6497395833333334 0.16276041666666666 0.6419270833333334 0.17317708333333334 0.6315104166666666 0.18489583333333334 0.6106770833333334 0.19270833333333334 0.5807291666666666 0.1953125 0.546875 0.19140625 0.51171875 0.18489583333333334 0.4908854166666667 0.171875 0.46875 0.15625 0.4544270833333333 0.14713541666666666 0.4505208333333333 0.029947916666666668 0.453125 0.029947916666666668 0.44921875 0.10677083333333333 0.4453125 0.14713541666666666 0.4453125 0.15625 0.44921875
2 0.5247395833333334 0.12109375 0.5260416666666666 0.265625 0.5286458333333334 0.3203125 0.52734375 0.4309895833333333 0.53125 0.6145833333333334 0.53125 0.7799479166666666 0.53515625 0.8763020833333334 0.5325520833333334 0.87890625 0.53125 0.8776041666666666 0.5286458333333334 0.8138020833333334 0.5234375 0.12239583333333333
3 0.5520833333333334 0.2786458333333333 0.55859375 0.2864583333333333 0.55859375 0.296875 0.5546875 0.30859375 0.5494791666666666 0.3098958333333333 0.546875 0.3072916666666667 0.5442708333333334 0.2955729166666667 0.5442708333333334 0.2877604166666667 0.5481770833333334 0.2799479166666667 0.55078125 0.2799479166666667
3 0.4466145833333333 0.4928385416666667 0.0078125 0.01953125
3 0.7734375 0.4010416666666667 0.7786458333333334 0.40234375 0.7799479166666666 0.4075520833333333 0.7721354166666666 0.4192708333333333 0.7682291666666666 0.41796875 0.7682291666666666 0.4036458333333333 0.7721354166666666 0.4010416666666667
3 0.7890625 0.5481770833333334 0.78515625 0.53125 0.7916666666666666 0.5247395833333334 0.796875 0.53125 0.8033854166666666 0.5325520833333334 0.8046875 0.5403645833333334 0.7955729166666666 0.5494791666666666 0.7903645833333334 0.5481770833333334
3 0.6015625 0.7513020833333334 0.59765625 0.7447916666666666 0.59765625 0.7369791666666666 0.6015625 0.7291666666666666 0.60546875 0.7291666666666666 0.60546875 0.7473958333333334 0.6015625 0.75
3 0.7643229166666666 0.22916666666666666 0.7591145833333334 0.22395833333333334 0.765625 0.20442708333333334 0.7682291666666666 0.20182291666666666 0.7734375 0.203125 0.7734375 0.2109375 0.765625 0.22786458333333334
3 0.9244791666666666 0.5065104166666666 0.9348958333333334 0.5091145833333334 0.9361979166666666 0.5182291666666666 0.93359375 0.51953125 0.91796875 0.515625 0.91796875 0.5078125 0.9205729166666666 0.5052083333333334 0.9231770833333334 0.5065104166666666
3 0.1875 0.5390625 0.19010416666666666 0.5416666666666666 0.19140625 0.5533854166666666 0.18359375 0.5598958333333334 0.18098958333333334 0.5598958333333334 0.17708333333333334 0.5546875 0.17708333333333334 0.5455729166666666 0.18229166666666666 0.5390625 0.18619791666666666 0.5390625
3 0.4850260416666667 0.3404947916666667 0.01171875 0.024739583333333332
3 0.7420578125 0.84440277734375 0.75234375 0.8472222226562499 0.75546875 0.85 0.75625 0.8486111106770834 0.7585937500000001 0.8486111106770834 0.76015625 0.8472222226562499 0.76171875 0.8444444440104166 0.7609374999999999 0.8402777773437501 0.7531249999999999 0.8333333333333334 0.7515625 0.8333333333333334 0.7420578125 0.84440277734375
3 0.50546875 0.6916666666666668 0.5070312499999999 0.6930555559895833 0.51015625 0.6930555559895833 0.5109374999999999 0.6916666666666668 0.5125000000000001 0.6861111106770833 0.5125000000000001 0.6819444440104167 0.5109374999999999 0.6791666666666667 0.509375 0.67777777734375 0.50625 0.6819444440104167 0.50546875 0.6916666666666668
3 0.5359375000000001 0.8888888893229167 0.5359375000000001 0.8986111106770833 0.53671875 0.9027777773437501 0.5390625 0.8930555559895833 0.5398437500000001 0.8930555559895833 0.54140625 0.89027777734375 0.5421874999999999 0.88472222265625 0.5453125 0.8791666666666668 0.54453125 0.8763888893229167 0.53359375 0.8763888893229167 0.5328125 0.8791666666666668 0.5359375000000001 0.8888888893229167