1 0.41484375 0.7013888893229167 0.41796875 0.6986111106770833 0.41796875 0.6944444440104167 0.4171875 0.6916666666666668 0.4140625 0.69027777734375 0.41328125 0.6916666666666668 0.41328125 0.7000000000000001 0.41484375 0.7013888893229167
0 0 0.4114583333333333 0.08723958333333333 0.4140625 0.10286458333333333 0.421875 0.11588541666666667 0.4348958333333333 0.13020833333333334 0.4609375 0.13802083333333334 0.4921875 0.13932291666666666 0.5078125 0.13802083333333334 0.55078125 0.13411458333333334 0.5703125 0.12239583333333333 0.59765625 0.11588541666666667 0.6080729166666666 0.10286458333333333 0.62109375 0.08854166666666667 0.6276041666666666 0 0.6263020833333334 0 0.6197916666666666 0.0859375 0.6223958333333334 0.10286458333333333 0.6145833333333334 0.11197916666666667 0.60546875 0.12369791666666667 0.5872395833333334 0.13541666666666666 0.5494791666666666 0.13671875 0.5338541666666666 0.13671875 0.5065104166666666 0.13151041666666666 0.4765625 0.11979166666666667 0.4479166666666667 0.10286458333333333 0.4283854166666667 0.08854166666666667 0.4205729166666667 0 0.41796875 0 0.4127604166666667
0 0.9388020833333334 0.4466145833333333 0.9661458333333334 0.4479166666666667 0.96875 0.44921875 0.9674479166666666 0.453125 0.8515625 0.4505208333333333 0.8385416666666666 0.45703125 0.8229166666666666 0.4739583333333333 0.8111979166666666 0.4986979166666667 0.8046875 0.53515625 0.8046875 0.5716145833333334 0.8072916666666666 0.5911458333333334 0.8151041666666666 0.61328125 0.8307291666666666 0.63671875 0.8463541666666666 0.6484375 0.8645833333333334 0.65234375 0.9518229166666666 0.6549479166666666 0.96484375 0.65625 0.96484375 0.66015625 0.8671875 0.6575520833333334 0.8528645833333334 0.65625 0.83984375 0.6510416666666666 0.8203125 0.6315104166666666 0.80859375 0.6067708333333334 0.80078125 0.57421875 0.80078125 0.53515625 0.8033854166666666 0.5299479166666666 0.8046875 0.5091145833333334 0.81640625 0.4765625 0.83203125 0.4557291666666667 0.8411458333333334 0.44921875 0.8515625 0.4453125 0.9375 0.4466145833333333
2 0.4739583333333333 0.2877604166666667 0.4739583333333333 0.6197916666666666 0.4713541666666667 0.6302083333333334 0.4700520833333333 0.859375 0.4674479166666667 0.8619791666666666 0.4700520833333333 0.8697916666666666 0.4700520833333333 0.88671875 0.4674479166666667 0.9479166666666666 0.46484375 0.9466145833333334 0.46484375 0.8671875 0.4674479166666667 0.86328125 0.46875 0.5755208333333334 0.4713541666666667 0.5390625 0.4713541666666667 0.30859375 0.4739583333333333 0.2890625
3 0.23697916666666666 0.47265625 0.24088541666666666 0.4739583333333333 0.24088541666666666 0.4921875 0.23828125 0.4934895833333333 0.234375 0.4895833333333333 0.22786458333333334 0.4921875 0.22526041666666666 0.4908854166666667 0.22916666666666666 0.4791666666666667 0.23697916666666666 0.4739583333333333
3 0.55078125 0.3111979166666667 0.5546875 0.3125 0.5572916666666666 0.3190104166666667 0.5559895833333334 0.3307291666666667 0.5533854166666666 0.3346354166666667 0.55078125 0.3346354166666667 0.5455729166666666 0.328125 0.55078125 0.3125
3 0.5260416666666666 0.65625 0.5325520833333334 0.6588541666666666 0.5286458333333334 0.67578125 0.5221354166666666 0.67578125 0.5221354166666666 0.6705729166666666 0.5182291666666666 0.6640625 0.5182291666666666 0.66015625 0.5247395833333334 0.6575520833333334
3 0.6002604166666666 0.51171875 0.6041666666666666 0.515625 0.6028645833333334 0.5299479166666666 0.5989583333333334 0.53125 0.5963541666666666 0.5260416666666666 0.5963541666666666 0.515625 0.6002604166666666 0.5130208333333334
3 0.4661458333333333 0.2643229166666667 0.014973958333333334 0.031901041666666664
3 0.2903645833333333 0.828125 0.2994791666666667 0.828125 0.296875 0.84375 0.29296875 0.8463541666666666 0.2864583333333333 0.8463541666666666 0.28515625 0.8372395833333334 0.2890625 0.8294270833333334
3 0.484375 0.8489583333333334 0.4869791666666667 0.8502604166666666 0.4869791666666667 0.8606770833333334 0.4908854166666667 0.87109375 0.4895833333333333 0.8815104166666666 0.4856770833333333 0.8841145833333334 0.4791666666666667 0.8697916666666666 0.48046875 0.8567708333333334 0.484375 0.8502604166666666
3 0.25390625 0.3802083333333333 0.2591145833333333 0.3802083333333333 0.2643229166666667 0.3854166666666667 0.2643229166666667 0.3971354166666667 0.26171875 0.3997395833333333 0.25390625 0.3880208333333333 0.25390625 0.3815104166666667
3 0.4153645833333333 0.6588541666666666 0.421875 0.671875 0.4205729166666667 0.6822916666666666 0.41796875 0.6848958333333334 0.4140625 0.6796875 0.4140625 0.66015625
3 0.23372395833333334 0.21614583333333334 0.014973958333333334 0.029296875
3 0.06770833333333333 0.50390625 0.07291666666666667 0.5091145833333334 0.08072916666666667 0.51171875 0.08072916666666667 0.51953125 0.07421875 0.51953125 0.07161458333333333 0.5234375 0.06770833333333333 0.5247395833333334 0.0625 0.5169270833333334 0.0625 0.5091145833333334 0.06640625 0.5052083333333334
3 0.7903645833333334 0.5364583333333334 0.7955729166666666 0.5416666666666666 0.7942708333333334 0.5559895833333334 0.7890625 0.5598958333333334 0.78125 0.55078125 0.78125 0.5416666666666666 0.7890625 0.5377604166666666