1 0.40234375 0.30277777734375 0.40234375 0.29583333333333334 0.39999999999999997 0.29444444401041664 0.39765625 0.29583333333333334 0.39765625 0.3013888893229167 0.39921875 0.30416666666666664 0.40234375 0.30277777734375
0 0 0.4322916666666667 0.08203125 0.43359375 0.09635416666666667 0.4375 0.10677083333333333 0.4453125 0.11848958333333333 0.4583333333333333 0.13020833333333334 0.4830729166666667 0.13671875 0.5078125 0.13932291666666666 0.5377604166666666 0.13802083333333334 0.5703125 0.13020833333333334 0.6002604166666666 0.11588541666666667 0.6276041666666666 0.10286458333333333 0.640625 0.08723958333333333 0.6484375 0.04296875 0.6484375 0 0.64453125 0 0.6393229166666666 0.08723958333333333 0.6419270833333334 0.09895833333333333 0.63671875 0.11588541666666667 0.6184895833333334 0.12760416666666666 0.5963541666666666 0.13541666666666666 0.56640625 0.13671875 0.5455729166666666 0.13541666666666666 0.5182291666666666 0.125 0.4791666666666667 0.11588541666666667 0.4635416666666667 0.10286458333333333 0.44921875 0.09114583333333333 0.4427083333333333 0.07942708333333333 0.4401041666666667 0 0.4388020833333333 0 0.43359375
0 0.8958333333333334 0.4635416666666667 0.9661458333333334 0.4661458333333333 0.96875 0.4674479166666667 0.96875 0.4700520833333333 0.9296875 0.4713541666666667 0.85546875 0.4674479166666667 0.84375 0.4713541666666667 0.8346354166666666 0.4778645833333333 0.8190104166666666 0.5 0.8151041666666666 0.5091145833333334 0.8138020833333334 0.51953125 0.8072916666666666 0.53125 0.8059895833333334 0.5455729166666666 0.8033854166666666 0.55078125 0.8033854166666666 0.5859375 0.8111979166666666 0.62109375 0.8190104166666666 0.6380208333333334 0.8294270833333334 0.6536458333333334 0.8359375 0.66015625 0.8502604166666666 0.6666666666666666 0.8515625 0.6692708333333334 0.9518229166666666 0.6731770833333334 0.9661458333333334 0.6744791666666666 0.9661458333333334 0.6796875 0.8815104166666666 0.6770833333333334 0.8463541666666666 0.6731770833333334 0.8359375 0.66796875 0.8203125 0.6497395833333334 0.8072916666666666 0.6197916666666666 0.80078125 0.5872395833333334 0.80078125 0.55078125 0.8033854166666666 0.5455729166666666 0.8072916666666666 0.515625 0.8151041666666666 0.5013020833333334 0.81640625 0.4947916666666667 0.828125 0.48046875 0.828125 0.4778645833333333 0.8463541666666666 0.46484375 0.89453125 0.4635416666666667
2 0.4739583333333333 0.13932291666666666 0.4739583333333333 0.5130208333333334 0.4674479166666667 0.96875 0.46484375 0.9674479166666666 0.46484375 0.8658854166666666 0.4674479166666667 0.8372395833333334 0.4674479166666667 0.6315104166666666 0.4713541666666667 0.43359375 0.47265625 0.140625
3 0.74609375 0.3541666666666667 0.75 0.3515625 0.7552083333333334 0.3424479166666667 0.7591145833333334 0.3424479166666667 0.76171875 0.34765625 0.7604166666666666 0.3567708333333333 0.7552083333333334 0.3619791666666667 0.7486979166666666 0.3606770833333333 0.74609375 0.35546875
3 0.6588541666666666 0.5677083333333334 0.6627604166666666 0.5716145833333334 0.6627604166666666 0.5794270833333334 0.66015625 0.5846354166666666 0.6549479166666666 0.5846354166666666 0.6510416666666666 0.578125 0.6510416666666666 0.5703125 0.6575520833333334 0.5677083333333334
3 0.2890625 0.3697916666666667 0.2955729166666667 0.3893229166666667 0.29296875 0.39453125 0.28515625 0.3841145833333333 0.2838541666666667 0.3736979166666667 0.2877604166666667 0.3697916666666667
3 0.64453125 0.7044270833333334 0.6536458333333334 0.703125 0.65625 0.7135416666666666 0.6549479166666666 0.7213541666666666 0.6536458333333334 0.7239583333333334 0.6510416666666666 0.7239583333333334 0.64453125 0.7057291666666666
3 0.5924479166666666 0.87890625 0.5950520833333334 0.8841145833333334 0.5924479166666666 0.8880208333333334 0.5924479166666666 0.8971354166666666 0.5885416666666666 0.9010416666666666 0.5807291666666666 0.8854166666666666 0.5911458333333334 0.87890625
3 0.5260416666666666 0.2994791666666667 0.5286458333333334 0.3059895833333333 0.5260416666666666 0.3229166666666667 0.5221354166666666 0.3216145833333333 0.5208333333333334 0.3151041666666667 0.5247395833333334 0.30078125
3 0.6276041666666666 0.4049479166666667 0.6315104166666666 0.41015625 0.6315104166666666 0.421875 0.6263020833333334 0.4322916666666667 0.6223958333333334 0.4322916666666667 0.6171875 0.4244791666666667 0.62109375 0.41796875 0.6236979166666666 0.40625 0.6263020833333334 0.4049479166666667
3 0.55859375 0.4557291666666667 0.5625 0.4622395833333333 0.55859375 0.4765625 0.5546875 0.4765625 0.55078125 0.47265625 0.5546875 0.45703125 0.5572916666666666 0.4557291666666667
3 0.4388020833333333 0.24088541666666666 0.4466145833333333 0.2552083333333333 0.4466145833333333 0.26171875 0.4427083333333333 0.265625 0.4388020833333333 0.265625 0.4375 0.2630208333333333 0.4348958333333333 0.24739583333333334 0.4375 0.2421875
3 0.83203125 0.4934895833333333 0.8372395833333334 0.4973958333333333 0.8385416666666666 0.5026041666666666 0.8346354166666666 0.51171875 0.828125 0.515625 0.8203125 0.5091145833333334 0.8216145833333334 0.5 0.8307291666666666 0.4947916666666667
3 0.7044270833333334 0.63671875 0.7083333333333334 0.6419270833333334 0.7083333333333334 0.6497395833333334 0.7057291666666666 0.6549479166666666 0.69921875 0.6549479166666666 0.6979166666666666 0.6484375 0.6940104166666666 0.6432291666666666 0.6940104166666666 0.6380208333333334 0.703125 0.63671875
3 0.640625 0.3151041666666667 0.6458333333333334 0.31640625 0.6471354166666666 0.3216145833333333 0.6458333333333334 0.3294270833333333 0.6432291666666666 0.33203125 0.6380208333333334 0.33203125 0.63671875 0.3255208333333333 0.640625 0.31640625