1 0.47578125 0.425 0.4765625 0.42638888932291663 0.47812499999999997 0.42638888932291663 0.4796875 0.4236111106770833 0.4796875 0.42083333333333334 0.47812499999999997 0.4180555559895833 0.4765625 0.4180555559895833 0.47578125 0.41944444401041664 0.47578125 0.425
3 0.603515625 0.5703125 0.010416666666666666 0.0234375
3 0.4752604166666667 0.2265625 0.4791666666666667 0.2421875 0.4791666666666667 0.2513020833333333 0.4765625 0.2526041666666667 0.4700520833333333 0.2513020833333333 0.46875 0.24739583333333334 0.46875 0.23177083333333334 0.4700520833333333 0.22786458333333334 0.4739583333333333 0.2265625
3 0.4134114583333333 0.44140625 0.010416666666666666 0.024739583333333332
3 0.71875 0.7057291666666666 0.7265625 0.7135416666666666 0.7265625 0.7213541666666666 0.72265625 0.7252604166666666 0.7174479166666666 0.7252604166666666 0.7135416666666666 0.7174479166666666 0.71875 0.70703125
3 0.5143229166666666 0.7473958333333334 0.5182291666666666 0.75 0.51953125 0.75390625 0.5182291666666666 0.7630208333333334 0.51171875 0.7669270833333334 0.5091145833333334 0.7526041666666666 0.5130208333333334 0.7486979166666666
3 0.6328125 0.24869791666666666 0.6354166666666666 0.25 0.63671875 0.2578125 0.6393229166666666 0.2604166666666667 0.6380208333333334 0.265625 0.6328125 0.26953125 0.6302083333333334 0.2682291666666667 0.62890625 0.2591145833333333 0.6328125 0.25390625 0.6328125 0.25
3 0.56640625 0.5833333333333334 0.5729166666666666 0.5924479166666666 0.5690104166666666 0.609375 0.56640625 0.6119791666666666 0.5638020833333334 0.609375 0.5625 0.59765625 0.56640625 0.5846354166666666
3 0.5286458333333334 0.5481770833333334 0.52734375 0.5299479166666666 0.53125 0.5234375 0.5377604166666666 0.5234375 0.5390625 0.5390625 0.5377604166666666 0.5442708333333334 0.5338541666666666 0.5481770833333334 0.5299479166666666 0.5481770833333334
3 0.421875 0.6848958333333334 0.42578125 0.6875 0.4270833333333333 0.6927083333333334 0.4205729166666667 0.7096354166666666 0.4166666666666667 0.7057291666666666 0.4153645833333333 0.7005208333333334 0.4153645833333333 0.6901041666666666 0.4205729166666667 0.6861979166666666
3 0.4973958333333333 0.3932291666666667 0.5 0.41015625 0.4947916666666667 0.41796875 0.48828125 0.4205729166666667 0.4856770833333333 0.4192708333333333 0.4856770833333333 0.4127604166666667 0.4934895833333333 0.4010416666666667 0.4934895833333333 0.39453125 0.49609375 0.3932291666666667
3 0.8098958333333334 0.58203125 0.8072916666666666 0.57421875 0.8111979166666666 0.5651041666666666 0.8151041666666666 0.5651041666666666 0.8190104166666666 0.5716145833333334 0.8190104166666666 0.578125 0.8151041666666666 0.5846354166666666 0.8125 0.5846354166666666 0.8111979166666666 0.58203125
3 0.5455729166666666 0.8385416666666666 0.5546875 0.8515625 0.5546875 0.8580729166666666 0.5494791666666666 0.8671875 0.5455729166666666 0.8645833333333334 0.5442708333333334 0.8606770833333334 0.5442708333333334 0.83984375
2 0.5182291666666666 0.12239583333333333 0.5208333333333334 0.3059895833333333 0.51953125 0.3307291666666667 0.5221354166666666 0.4166666666666667 0.5208333333333334 0.44140625 0.5234375 0.5286458333333334 0.5221354166666666 0.5481770833333334 0.51953125 0.5533854166666666 0.5234375 0.5716145833333334 0.5221354166666666 0.6276041666666666 0.5260416666666666 0.7552083333333334 0.5260416666666666 0.953125 0.5234375 0.9388020833333334 0.5234375 0.8125 0.5208333333333334 0.7864583333333334 0.5221354166666666 0.7200520833333334 0.5182291666666666 0.5598958333333334 0.51953125 0.47265625 0.5169270833333334 0.4427083333333333 0.5169270833333334 0.12369791666666667
0 1 0.62222222265625 0.9078125 0.6263888893229167 0.896875 0.62222222265625 0.8742187499999999 0.59722222265625 0.8609375 0.55972222265625 0.85703125 0.53472222265625 0.8578125 0.5055555559895833 0.86484375 0.47361111067708334 0.875 0.4513888893229167 0.8898437499999999 0.43333333333333335 0.90859375 0.4236111106770833 1 0.42083333333333334 0.9992187499999999 0.4138888893229167 0.9054687499999999 0.4180555559895833 0.88046875 0.43472222265625 0.8601562500000001 0.47361111067708334 0.853125 0.5125000000000001 0.8546874999999999 0.5499999999999999 0.86328125 0.5861111106770833 0.87890625 0.6124999999999999 0.90390625 0.6305555559895833 1 0.62777777734375 1 0.62222222265625
0 0.1421875 0.44861111067708337 0.024999999999999998 0.45277777734375 0.1390625 0.4513888893229167 0.1640625 0.4680555559895833 0.17421875 0.48333333333333334 0.18671875000000002 0.5138888893229167 0.18984375 0.5444444440104167 0.18984375 0.52222222265625 0.18281250000000002 0.4944444440104167 0.16874999999999998 0.4680555559895833 0.1421875 0.44861111067708337
0 0.18281250000000002 0.6013888893229167 0.16953125 0.6305555559895833 0.15625 0.6458333333333334 0.13046875 0.6555555559895833 0.024999999999999998 0.6611111106770834 0.13203125000000002 0.6611111106770834 0.15312499999999998 0.6541666666666667 0.16874999999999998 0.64027777734375 0.18359375 0.6124999999999999 0.19062500000000002 0.58472222265625 0.19140625 0.5513888893229166 0.18984375 0.54722222265625 0.1890625 0.5694444440104166 0.18281250000000002 0.6013888893229167