1 0.5304687499999999 0.52777777734375 0.53359375 0.52777777734375 0.5343749999999999 0.525 0.53359375 0.5208333333333334 0.53125 0.5208333333333334 0.5304687499999999 0.52222222265625 0.5304687499999999 0.52777777734375
3 0.3391927083333333 0.5852864583333334 0.012369791666666666 0.0234375
3 0.4869791666666667 0.71484375 0.4895833333333333 0.71484375 0.4908854166666667 0.71875 0.4908854166666667 0.734375 0.4869791666666667 0.73828125 0.484375 0.734375 0.484375 0.7200520833333334 0.4869791666666667 0.7161458333333334
3 0.5455729166666666 0.23958333333333334 0.5494791666666666 0.24348958333333334 0.5455729166666666 0.25 0.54296875 0.26171875 0.5390625 0.2604166666666667 0.5364583333333334 0.2526041666666667 0.5390625 0.24088541666666666 0.5416666666666666 0.23828125 0.5442708333333334 0.23958333333333334
3 0.4348958333333333 0.5559895833333334 0.4388020833333333 0.5546875 0.44140625 0.5598958333333334 0.4375 0.57421875 0.43359375 0.57421875 0.4322916666666667 0.5651041666666666 0.4348958333333333 0.5572916666666666
3 0.5807291666666666 0.5859375 0.58203125 0.5963541666666666 0.5807291666666666 0.6002604166666666 0.5768229166666666 0.6028645833333334 0.5755208333333334 0.5885416666666666 0.5794270833333334 0.5859375
3 0.6328125 0.3203125 0.6393229166666666 0.32421875 0.6393229166666666 0.3346354166666667 0.6328125 0.33984375 0.62890625 0.3372395833333333 0.62890625 0.3255208333333333 0.6315104166666666 0.3216145833333333
3 0.59765625 0.76953125 0.6028645833333334 0.7838541666666666 0.6002604166666666 0.79296875 0.5950520833333334 0.79296875 0.59375 0.7864583333333334 0.5963541666666666 0.7708333333333334
3 0.4973958333333333 0.62109375 0.5026041666666666 0.6223958333333334 0.5052083333333334 0.6302083333333334 0.50390625 0.6380208333333334 0.5 0.6419270833333334 0.4973958333333333 0.640625 0.4973958333333333 0.6223958333333334
3 0.4791666666666667 0.4622395833333333 0.4791666666666667 0.4830729166666667 0.4752604166666667 0.4830729166666667 0.4739583333333333 0.48046875 0.4739583333333333 0.4674479166666667 0.4778645833333333 0.4622395833333333
3 0.4609375 0.2825520833333333 0.4596354166666667 0.26171875 0.4622395833333333 0.2578125 0.4661458333333333 0.2578125 0.46875 0.26171875 0.4674479166666667 0.28125 0.4622395833333333 0.2825520833333333
3 0.51796875 0.45972222265625 0.5296875 0.4583333333333333 0.5296875 0.4430555559895833 0.52578125 0.43888888932291664 0.51953125 0.44166666666666665 0.51796875 0.45972222265625
3 0.56484375 0.41944444401041664 0.5671875000000001 0.4069444440104167 0.5593750000000001 0.4083333333333334 0.56015625 0.42083333333333334 0.56484375 0.41944444401041664
2 0.5208333333333334 0.4700520833333333 0.5234375 0.4700520833333333 0.5247395833333334 0.4752604166666667 0.5234375 0.5546875 0.5260416666666666 0.62890625 0.5260416666666666 0.79296875 0.5286458333333334 0.86328125 0.5286458333333334 0.953125 0.5247395833333334 0.953125 0.5208333333333334 0.4713541666666667
0 0.15234375 0.45416666666666666 0.028906249999999998 0.4569444440104167 0.029687500000000002 0.4611111106770833 0.14296875 0.4583333333333333 0.15859375 0.46388888932291666 0.171875 0.47777777734375 0.18359375 0.49861111067708336 0.19140625 0.5236111106770833 0.19453125000000002 0.5541666666666667 0.19140625 0.5916666666666667 0.1859375 0.6124999999999999 0.16953125 0.6416666666666667 0.1546875 0.6541666666666667 0.038281249999999996 0.6638888893229167 0.134375 0.6638888893229167 0.16171875 0.6555555559895833 0.17656249999999998 0.64027777734375 0.19296875 0.6013888893229167 0.19765625 0.5680555559895833 0.1953125 0.5263888893229166 0.1796875 0.4805555559895833 0.16796875 0.46527777734375 0.15234375 0.45416666666666666
0 1 0.4236111106770833 0.9929687500000001 0.4236111106770833 0.90390625 0.42638888932291663 0.8875000000000001 0.43333333333333335 0.8765625 0.44444444401041666 0.8601562500000001 0.47361111067708334 0.8523437500000001 0.5041666666666667 0.8507812499999999 0.5444444440104167 0.8601562500000001 0.59027777734375 0.87265625 0.61527777734375 0.8875000000000001 0.6305555559895833 0.9 0.6361111106770834 1 0.6333333333333333 1 0.6291666666666667 0.8953125000000001 0.6291666666666667 0.86953125 0.6 0.8546874999999999 0.5486111106770833 0.8546874999999999 0.5194444440104167 0.8609375 0.48472222265625 0.8765625 0.45277777734375 0.88671875 0.44027777734375 0.91171875 0.4319444440104167 1 0.43055555598958334 1 0.4236111106770833