1 0.47578125 0.7194444440104166 0.47734375 0.7194444440104166 0.47890625000000003 0.7166666666666667 0.47890625000000003 0.7125 0.47578125 0.7111111106770833 0.47500000000000003 0.7125 0.47500000000000003 0.7180555559895834 0.47578125 0.7194444440104166
0 0 0.4140625 0.09244791666666667 0.4166666666666667 0.09375 0.4192708333333333 0.09895833333333333 0.4192708333333333 0.10677083333333333 0.4231770833333333 0.11848958333333333 0.4322916666666667 0.13411458333333334 0.45703125 0.14192708333333334 0.4817708333333333 0.14322916666666666 0.5013020833333334 0.14583333333333334 0.5052083333333334 0.14583333333333334 0.5455729166666666 0.14322916666666666 0.55078125 0.14192708333333334 0.5690104166666666 0.13020833333333334 0.5989583333333334 0.12760416666666666 0.6002604166666666 0.12239583333333333 0.6106770833333334 0.11197916666666667 0.62109375 0.09635416666666667 0.6302083333333334 0.0390625 0.6302083333333334 0 0.6276041666666666 0 0.62109375 0.06380208333333333 0.6236979166666666 0.09505208333333333 0.6236979166666666 0.10286458333333333 0.62109375 0.11588541666666667 0.6106770833333334 0.13151041666666666 0.5872395833333334 0.13671875 0.56640625 0.13932291666666666 0.5638020833333334 0.14322916666666666 0.5364583333333334 0.14322916666666666 0.5078125 0.140625 0.5026041666666666 0.140625 0.4908854166666667 0.13671875 0.4817708333333333 0.13671875 0.4752604166666667 0.12369791666666667 0.4479166666666667 0.11067708333333333 0.4322916666666667 0.09244791666666667 0.4231770833333333 0.0026041666666666665 0.4205729166666667 0 0.4192708333333333 0 0.4153645833333333
0 0.9127604166666666 0.4479166666666667 0.9739583333333334 0.4505208333333333 0.9752604166666666 0.4544270833333333 0.93359375 0.4557291666666667 0.8658854166666666 0.4518229166666667 0.8541666666666666 0.4544270833333333 0.83984375 0.46484375 0.828125 0.4791666666666667 0.8190104166666666 0.4973958333333333 0.8177083333333334 0.5065104166666666 0.8138020833333334 0.5143229166666666 0.8098958333333334 0.5377604166666666 0.8098958333333334 0.56640625 0.8151041666666666 0.5963541666666666 0.8177083333333334 0.5989583333333334 0.8190104166666666 0.609375 0.8307291666666666 0.6315104166666666 0.8515625 0.6510416666666666 0.8684895833333334 0.6549479166666666 0.9713541666666666 0.6588541666666666 0.9739583333333334 0.66015625 0.9713541666666666 0.6627604166666666 0.8671875 0.66015625 0.8541666666666666 0.6575520833333334 0.83984375 0.6497395833333334 0.828125 0.6354166666666666 0.81640625 0.61328125 0.8125 0.6002604166666666 0.8072916666666666 0.5716145833333334 0.8072916666666666 0.5364583333333334 0.8125 0.5065104166666666 0.8151041666666666 0.50390625 0.8151041666666666 0.4986979166666667 0.82421875 0.48046875 0.82421875 0.4765625 0.83984375 0.45703125 0.8567708333333334 0.4479166666666667 0.9114583333333334 0.4479166666666667
2 0.48046875 0.26953125 0.4817708333333333 0.328125 0.4778645833333333 0.7161458333333334 0.4739583333333333 0.7161458333333334 0.4765625 0.3619791666666667 0.4778645833333333 0.2890625 0.48046875 0.2708333333333333
3 0.359375 0.5559895833333334 0.3528645833333333 0.5481770833333334 0.35546875 0.5364583333333334 0.359375 0.5364583333333334 0.3645833333333333 0.5416666666666666 0.3658854166666667 0.55078125 0.3606770833333333 0.5559895833333334
3 0.5611979166666666 0.6796875 0.55859375 0.6731770833333334 0.55859375 0.6666666666666666 0.5611979166666666 0.6640625 0.5677083333333334 0.6653645833333334 0.5677083333333334 0.6796875 0.5625 0.6796875
3 0.4635416666666667 0.7122395833333334 0.46875 0.7122395833333334 0.4713541666666667 0.7161458333333334 0.4713541666666667 0.7317708333333334 0.4661458333333333 0.7356770833333334 0.4609375 0.7252604166666666 0.4609375 0.7161458333333334 0.4635416666666667 0.7135416666666666
3 0.3893229166666667 0.20572916666666666 0.3971354166666667 0.21484375 0.3958333333333333 0.23177083333333334 0.390625 0.23177083333333334 0.3893229166666667 0.20703125
3 0.22916666666666666 0.51171875 0.23177083333333334 0.515625 0.23307291666666666 0.53125 0.23567708333333334 0.5364583333333334 0.234375 0.5533854166666666 0.22916666666666666 0.546875 0.22395833333333334 0.5286458333333334 0.21744791666666666 0.5247395833333334 0.21744791666666666 0.515625 0.22005208333333334 0.5130208333333334 0.22395833333333334 0.5143229166666666 0.22786458333333334 0.51171875
3 0.4114583333333333 0.83203125 0.4114583333333333 0.8489583333333334 0.4088541666666667 0.8515625 0.40625 0.8515625 0.40234375 0.8463541666666666 0.40234375 0.8372395833333334 0.4049479166666667 0.8333333333333334 0.41015625 0.83203125
3 0.4739583333333333 0.26953125 0.46875 0.2630208333333333 0.46875 0.25 0.4713541666666667 0.24479166666666666 0.4739583333333333 0.24348958333333334 0.4752604166666667 0.24609375 0.4778645833333333 0.2591145833333333 0.4778645833333333 0.2669270833333333 0.4752604166666667 0.2682291666666667
3 0.4322916666666667 0.41015625 0.4361979166666667 0.4153645833333333 0.4388020833333333 0.4309895833333333 0.4322916666666667 0.4322916666666667 0.4283854166666667 0.4244791666666667 0.4283854166666667 0.4140625 0.4309895833333333 0.4114583333333333
3 0.23958333333333334 0.7057291666666666 0.24088541666666666 0.7109375 0.23307291666666666 0.7174479166666666 0.22916666666666666 0.7174479166666666 0.22786458333333334 0.7083333333333334 0.23307291666666666 0.7005208333333334 0.23828125 0.7057291666666666
3 0.37890625 0.6328125 0.3841145833333333 0.6328125 0.3880208333333333 0.6380208333333334 0.3880208333333333 0.64453125 0.3841145833333333 0.6510416666666666 0.37890625 0.6510416666666666 0.37890625 0.6341145833333334
3 0.5455729166666666 0.4244791666666667 0.5494791666666666 0.42578125 0.5520833333333334 0.4296875 0.5520833333333334 0.4427083333333333 0.5494791666666666 0.4453125 0.54296875 0.4440104166666667 0.54296875 0.4309895833333333 0.5455729166666666 0.42578125
3 0.4069010416666667 0.53515625 0.014322916666666666 0.026692708333333332