1 0.5859375 0.7055555559895833 0.5867187500000001 0.7000000000000001 0.5828125000000001 0.6986111106770833 0.58203125 0.70277777734375 0.5859375 0.7055555559895833
0 0 0.4114583333333333 0.0859375 0.4140625 0.09244791666666667 0.4153645833333333 0.10546875 0.4231770833333333 0.11588541666666667 0.4322916666666667 0.13020833333333334 0.4557291666666667 0.13671875 0.4765625 0.14192708333333334 0.5143229166666666 0.13932291666666666 0.5572916666666666 0.13151041666666666 0.5794270833333334 0.13151041666666666 0.5846354166666666 0.11979166666666667 0.60546875 0.11067708333333333 0.6158854166666666 0.09114583333333333 0.6276041666666666 0 0.6263020833333334 0 0.6197916666666666 0.046875 0.6197916666666666 0.08463541666666667 0.6223958333333334 0.10286458333333333 0.6158854166666666 0.11328125 0.60546875 0.12760416666666666 0.58203125 0.13541666666666666 0.5572916666666666 0.13671875 0.5403645833333334 0.13932291666666666 0.53515625 0.13932291666666666 0.5091145833333334 0.13671875 0.50390625 0.13671875 0.4895833333333333 0.13411458333333334 0.4791666666666667 0.12369791666666667 0.4518229166666667 0.11067708333333333 0.43359375 0.10026041666666667 0.42578125 0.08723958333333333 0.4205729166666667 0.0078125 0.41796875 0 0.4192708333333333 0 0.4127604166666667
0 0.9661458333333334 0.4466145833333333 0.9674479166666666 0.4518229166666667 0.859375 0.4479166666666667 0.84375 0.4518229166666667 0.8346354166666666 0.4583333333333333 0.8190104166666666 0.4791666666666667 0.8098958333333334 0.5 0.8098958333333334 0.5065104166666666 0.8033854166666666 0.5286458333333334 0.8033854166666666 0.5677083333333334 0.8059895833333334 0.5729166666666666 0.8098958333333334 0.59765625 0.8138020833333334 0.6041666666666666 0.8151041666666666 0.6119791666666666 0.8255208333333334 0.62890625 0.8385416666666666 0.6419270833333334 0.85546875 0.6497395833333334 0.9635416666666666 0.6536458333333334 0.9661458333333334 0.6549479166666666 0.9661458333333334 0.6575520833333334 0.9635416666666666 0.6588541666666666 0.859375 0.6549479166666666 0.8463541666666666 0.65234375 0.8359375 0.6471354166666666 0.8203125 0.6302083333333334 0.80859375 0.60546875 0.80078125 0.5690104166666666 0.80078125 0.5299479166666666 0.8072916666666666 0.4973958333333333 0.8151041666666666 0.4817708333333333 0.8151041666666666 0.4778645833333333 0.828125 0.45703125 0.8411458333333334 0.4479166666666667 0.8515625 0.4440104166666667 0.96484375 0.4466145833333333
2 0.4700520833333333 0.4908854166666667 0.4752604166666667 0.4934895833333333 0.4739583333333333 0.6302083333333334 0.4713541666666667 0.6536458333333334 0.4700520833333333 0.9427083333333334 0.4674479166666667 0.9466145833333334 0.4661458333333333 0.9140625 0.46875 0.7942708333333334 0.46875 0.6145833333333334 0.4713541666666667 0.5963541666666666 0.4700520833333333 0.4921875
3 0.6197916666666666 0.16666666666666666 0.6236979166666666 0.171875 0.6236979166666666 0.17838541666666666 0.6197916666666666 0.18489583333333334 0.6197916666666666 0.19401041666666666 0.6119791666666666 0.19270833333333334 0.61328125 0.17708333333333334 0.6158854166666666 0.17057291666666666 0.6197916666666666 0.16796875
3 0.6770833333333334 0.5598958333333334 0.6822916666666666 0.5716145833333334 0.6783854166666666 0.6002604166666666 0.67578125 0.5989583333333334 0.6705729166666666 0.5690104166666666 0.671875 0.5625 0.67578125 0.5598958333333334
3 0.6028645833333334 0.8815104166666666 0.60546875 0.8841145833333334 0.609375 0.8984375 0.609375 0.91015625 0.6067708333333334 0.9127604166666666 0.6002604166666666 0.9114583333333334 0.6002604166666666 0.9010416666666666 0.5963541666666666 0.8880208333333334 0.5989583333333334 0.8880208333333334 0.6028645833333334 0.8828125
3 0.4791666666666667 0.4622395833333333 0.4817708333333333 0.46484375 0.484375 0.48828125 0.4830729166666667 0.4986979166666667 0.4752604166666667 0.4908854166666667 0.4765625 0.4791666666666667 0.4739583333333333 0.4739583333333333 0.4739583333333333 0.4661458333333333 0.4778645833333333 0.4622395833333333
3 0.6744791666666666 0.734375 0.6809895833333334 0.7356770833333334 0.6809895833333334 0.7526041666666666 0.6783854166666666 0.7565104166666666 0.67578125 0.7552083333333334 0.6731770833333334 0.7473958333333334 0.6744791666666666 0.7356770833333334
3 0.8359375 0.53125 0.8411458333333334 0.5325520833333334 0.8463541666666666 0.5390625 0.8463541666666666 0.5481770833333334 0.8359375 0.5520833333333334 0.8307291666666666 0.546875 0.8359375 0.5325520833333334
3 0.2604166666666667 0.32421875 0.265625 0.3411458333333333 0.26171875 0.3489583333333333 0.2526041666666667 0.33203125 0.25390625 0.3255208333333333 0.2591145833333333 0.32421875
3 0.3893229166666667 0.8515625 0.3919270833333333 0.859375 0.3919270833333333 0.8763020833333334 0.38671875 0.8802083333333334 0.3828125 0.8776041666666666 0.3815104166666667 0.87109375 0.3815104166666667 0.8671875 0.38671875 0.8606770833333334 0.3893229166666667 0.8528645833333334
3 0.4889322916666667 0.16536458333333334 0.016276041666666668 0.035807291666666664
3 0.4485677083333333 0.6569010416666666 0.011067708333333334 0.024739583333333332
3 0.203125 0.15625 0.21744791666666666 0.16276041666666666 0.21744791666666666 0.17057291666666666 0.21354166666666666 0.17447916666666666 0.21354166666666666 0.17838541666666666 0.20963541666666666 0.17838541666666666 0.20963541666666666 0.17578125 0.20182291666666666 0.17057291666666666 0.19921875 0.16536458333333334 0.19921875 0.16015625 0.20182291666666666 0.15755208333333334
3 0.08072916666666667 0.4791666666666667 0.09505208333333333 0.4791666666666667 0.09635416666666667 0.4830729166666667 0.09505208333333333 0.4908854166666667 0.08333333333333333 0.4947916666666667 0.07942708333333333 0.4895833333333333 0.08072916666666667 0.48046875