1 0.5640625 0.8708333333333332 0.56484375 0.8694444440104167 0.56484375 0.86527777734375 0.5640625 0.8638888893229167 0.5625 0.8638888893229167 0.5617187499999999 0.86527777734375 0.5617187499999999 0.8694444440104167 0.5625 0.8708333333333332 0.5640625 0.8708333333333332
0 0 0.4114583333333333 0.08854166666666667 0.4140625 0.09635416666666667 0.4166666666666667 0.11588541666666667 0.43359375 0.13020833333333334 0.45703125 0.13932291666666666 0.4934895833333333 0.140625 0.51171875 0.13932291666666666 0.5494791666666666 0.13020833333333334 0.5859375 0.11458333333333333 0.6106770833333334 0.10286458333333333 0.62109375 0.08854166666666667 0.6276041666666666 0 0.6263020833333334 0 0.6197916666666666 0.08854166666666667 0.62109375 0.09895833333333333 0.6171875 0.11197916666666667 0.60546875 0.12369791666666667 0.5885416666666666 0.1328125 0.5638020833333334 0.13671875 0.5455729166666666 0.13541666666666666 0.4869791666666667 0.12369791666666667 0.453125 0.10546875 0.4296875 0.08854166666666667 0.4205729166666667 0 0.41796875 0 0.4127604166666667
0 0.8697916666666666 0.4440104166666667 0.9635416666666666 0.4466145833333333 0.9674479166666666 0.4479166666666667 0.9674479166666666 0.4505208333333333 0.9244791666666666 0.4518229166666667 0.8528645833333334 0.44921875 0.83984375 0.4544270833333333 0.8229166666666666 0.4713541666666667 0.8111979166666666 0.4947916666666667 0.8033854166666666 0.5247395833333334 0.8033854166666666 0.55078125 0.80078125 0.5572916666666666 0.7994791666666666 0.546875 0.8033854166666666 0.5104166666666666 0.81640625 0.4739583333333333 0.828125 0.4596354166666667 0.828125 0.45703125 0.8411458333333334 0.4479166666666667 0.8541666666666666 0.4440104166666667 0.8684895833333334 0.4440104166666667
2 0.4739583333333333 0.12239583333333333 0.4765625 0.125 0.4739583333333333 0.30078125 0.4752604166666667 0.4544270833333333 0.4713541666666667 0.6223958333333334 0.46875 0.91796875 0.4674479166666667 0.9466145833333334 0.46484375 0.9466145833333334 0.46484375 0.8645833333333334 0.4674479166666667 0.84375 0.46875 0.5729166666666666 0.4713541666666667 0.5078125 0.4700520833333333 0.4505208333333333 0.47265625 0.4466145833333333 0.47265625 0.4348958333333333 0.4700520833333333 0.4283854166666667 0.47265625 0.4192708333333333 0.4713541666666667 0.30859375 0.4739583333333333 0.12369791666666667
3 0.6321614583333334 0.767578125 0.010416666666666666 0.0234375
3 0.5625 0.8658854166666666 0.5651041666666666 0.8658854166666666 0.5651041666666666 0.8697916666666666 0.5716145833333334 0.875 0.5729166666666666 0.8815104166666666 0.5716145833333334 0.9049479166666666 0.5677083333333334 0.91015625 0.5638020833333334 0.9114583333333334 0.56640625 0.8997395833333334 0.5611979166666666 0.8723958333333334 0.5625 0.8671875
3 0.4739583333333333 0.4166666666666667 0.4791666666666667 0.4166666666666667 0.4817708333333333 0.4205729166666667 0.4830729166666667 0.4388020833333333 0.4856770833333333 0.4440104166666667 0.4830729166666667 0.4557291666666667 0.48046875 0.4557291666666667 0.48046875 0.4505208333333333 0.4765625 0.4466145833333333 0.4765625 0.4283854166666667 0.4739583333333333 0.41796875
3 0.6666666666666666 0.5598958333333334 0.6692708333333334 0.5625 0.6692708333333334 0.58984375 0.6653645833333334 0.5963541666666666 0.66015625 0.5807291666666666 0.66015625 0.57421875 0.65625 0.5677083333333334 0.6588541666666666 0.5625 0.6653645833333334 0.5598958333333334
3 0.4921875 0.18489583333333334 0.4986979166666667 0.18489583333333334 0.5013020833333334 0.1875 0.5026041666666666 0.19921875 0.5013020833333334 0.21223958333333334 0.4973958333333333 0.21484375 0.4934895833333333 0.21354166666666666 0.4895833333333333 0.19921875 0.4921875 0.18619791666666666
3 0.44921875 0.6770833333333334 0.4544270833333333 0.6848958333333334 0.4557291666666667 0.71484375 0.4518229166666667 0.71484375 0.44921875 0.6979166666666666 0.4453125 0.6927083333333334 0.4440104166666667 0.6796875 0.4479166666666667 0.6783854166666666
3 0.3763020833333333 0.83984375 0.3776041666666667 0.8671875 0.3802083333333333 0.8776041666666666 0.3763020833333333 0.8763020833333334 0.3736979166666667 0.8645833333333334 0.3684895833333333 0.859375 0.3697916666666667 0.84375 0.375 0.8411458333333334
3 0.2584635416666667 0.3763020833333333 0.013020833333333334 0.01953125
3 0.21614583333333334 0.18489583333333334 0.22005208333333334 0.19010416666666666 0.22135416666666666 0.19921875 0.22526041666666666 0.20703125 0.22395833333333334 0.21744791666666666 0.21875 0.21484375 0.21223958333333334 0.19791666666666666 0.2109375 0.19010416666666666 0.21484375 0.18489583333333334
3 0.0859375 0.4947916666666667 0.08984375 0.4986979166666667 0.08984375 0.50390625 0.08854166666666667 0.5078125 0.08072916666666667 0.5104166666666666 0.07682291666666667 0.5091145833333334 0.07552083333333333 0.5 0.078125 0.4947916666666667 0.08463541666666667 0.4947916666666667
3 0.796875 0.5572916666666666 0.8059895833333334 0.5598958333333334 0.8098958333333334 0.5559895833333334 0.8138020833333334 0.5559895833333334 0.8177083333333334 0.5625 0.8177083333333334 0.5716145833333334 0.8138020833333334 0.5768229166666666 0.80859375 0.5768229166666666 0.80078125 0.5690104166666666 0.796875 0.55859375
3 0.6015625 0.265625 0.6015625 0.24348958333333334 0.6041666666666666 0.24088541666666666 0.6080729166666666 0.24088541666666666 0.6106770833333334 0.24348958333333334 0.6106770833333334 0.25390625 0.6080729166666666 0.2643229166666667 0.6028645833333334 0.265625