0 0.8997395833333334 0.4166666666666667 0.9205729166666666 0.4127604166666667 0.9986979166666666 0.4114583333333333 0.9986979166666666 0.41796875 0.9140625 0.4192708333333333 0.8958333333333334 0.42578125 0.8828125 0.4375 0.8736979166666666 0.4518229166666667 0.86328125 0.4778645833333333 0.8619791666666666 0.4934895833333333 0.859375 0.4986979166666667 0.859375 0.54296875 0.8619791666666666 0.546875 0.86328125 0.5611979166666666 0.87109375 0.5846354166666666 0.8854166666666666 0.60546875 0.8958333333333334 0.6158854166666666 0.9075520833333334 0.62109375 0.9986979166666666 0.6184895833333334 0.9986979166666666 0.6236979166666666 0.9778645833333334 0.6236979166666666 0.9765625 0.6263020833333334 0.9739583333333334 0.6263020833333334 0.97265625 0.6236979166666666 0.9661458333333334 0.6236979166666666 0.96484375 0.6263020833333334 0.9622395833333334 0.6263020833333334 0.9609375 0.6236979166666666 0.9283854166666666 0.6276041666666666 0.90625 0.6263020833333334 0.9049479166666666 0.6236979166666666 0.8932291666666666 0.6197916666666666 0.8802083333333334 0.6080729166666666 0.8645833333333334 0.5794270833333334 0.8567708333333334 0.5455729166666666 0.85546875 0.52734375 0.8567708333333334 0.4973958333333333 0.8606770833333334 0.4765625 0.8671875 0.4557291666666667 0.87890625 0.4348958333333333 0.8919270833333334 0.421875 0.8997395833333334 0.41796875
0 0.15234375 0.4440104166666667 0.171875 0.4583333333333333 0.171875 0.4609375 0.18229166666666666 0.4739583333333333 0.18359375 0.4817708333333333 0.19140625 0.4986979166666667 0.1953125 0.51953125 0.19661458333333334 0.55859375 0.19401041666666666 0.5846354166666666 0.18619791666666666 0.6106770833333334 0.17057291666666666 0.63671875 0.16536458333333334 0.6393229166666666 0.15885416666666666 0.6471354166666666 0.15104166666666666 0.6510416666666666 0.13541666666666666 0.6536458333333334 0.0546875 0.65625 0.032552083333333336 0.65625 0.03125 0.6536458333333334 0.037760416666666664 0.6510416666666666 0.140625 0.6484375 0.14192708333333334 0.6458333333333334 0.14973958333333334 0.64453125 0.16276041666666666 0.63671875 0.171875 0.6276041666666666 0.1796875 0.6145833333333334 0.18880208333333334 0.5911458333333334 0.19270833333333334 0.5703125 0.19401041666666666 0.5390625 0.18489583333333334 0.4895833333333333 0.171875 0.4661458333333333 0.15494791666666666 0.4505208333333333 0.14453125 0.4466145833333333 0.028645833333333332 0.44921875 0.028645833333333332 0.4453125 0.12369791666666667 0.44140625 0.14322916666666666 0.44140625 0.15104166666666666 0.4440104166666667
1 0.5234375 0.5305555559895833 0.5242187500000001 0.5319444440104167 0.5265624999999999 0.5333333333333333 0.5281250000000001 0.5319444440104167 0.5281250000000001 0.5263888893229166 0.52734375 0.525 0.5242187500000001 0.525 0.5234375 0.5263888893229166 0.5234375 0.5305555559895833
2 0.5234375 0.5325520833333334 0.5260416666666666 0.5338541666666666 0.52734375 0.5598958333333334 0.53125 0.8450520833333334 0.53125 0.9453125 0.5286458333333334 0.9453125 0.52734375 0.9270833333333334 0.5286458333333334 0.8723958333333334 0.52734375 0.7526041666666666 0.5247395833333334 0.7213541666666666 0.5234375 0.5338541666666666
3 0.375 0.16145833333333334 0.3815104166666667 0.16145833333333334 0.3854166666666667 0.17447916666666666 0.3828125 0.18489583333333334 0.3763020833333333 0.18359375 0.3723958333333333 0.17317708333333334 0.3723958333333333 0.16536458333333334 0.375 0.16276041666666666
3 0.31640625 0.5546875 0.32421875 0.5572916666666666 0.3229166666666667 0.5703125 0.31640625 0.57421875 0.31640625 0.5559895833333334
3 0.5208333333333334 0.5052083333333334 0.5247395833333334 0.5052083333333334 0.5260416666666666 0.51953125 0.5260416666666666 0.5325520833333334 0.5234375 0.5338541666666666 0.51953125 0.53125 0.5208333333333334 0.5065104166666666
3 0.6028645833333334 0.859375 0.6080729166666666 0.859375 0.6158854166666666 0.8658854166666666 0.6145833333333334 0.8763020833333334 0.6119791666666666 0.8802083333333334 0.6080729166666666 0.8815104166666666 0.60546875 0.8776041666666666 0.6028645833333334 0.8606770833333334
3 0.7278645833333334 0.2591145833333333 0.734375 0.2578125 0.7395833333333334 0.2604166666666667 0.73828125 0.2721354166666667 0.73046875 0.2825520833333333 0.7265625 0.2799479166666667 0.7278645833333334 0.2604166666666667
3 0.40234375 0.8658854166666666 0.41015625 0.8684895833333334 0.40625 0.88671875 0.40234375 0.8880208333333334 0.3997395833333333 0.8841145833333334 0.3997395833333333 0.87109375 0.40234375 0.8671875
3 0.7955729166666666 0.14322916666666666 0.7994791666666666 0.14583333333333334 0.7994791666666666 0.15364583333333334 0.79296875 0.16145833333333334 0.7890625 0.171875 0.78515625 0.17317708333333334 0.78515625 0.16015625 0.7942708333333334 0.14453125
3 0.5078125 0.14322916666666666 0.5169270833333334 0.14192708333333334 0.51953125 0.14453125 0.5208333333333334 0.15234375 0.5182291666666666 0.16927083333333334 0.5143229166666666 0.17447916666666666 0.5091145833333334 0.17317708333333334 0.5052083333333334 0.15104166666666666 0.5078125 0.14453125
3 0.5559895833333334 0.63671875 0.5598958333333334 0.6380208333333334 0.5625 0.6419270833333334 0.5611979166666666 0.65234375 0.5559895833333334 0.65625 0.5559895833333334 0.6380208333333334
3 0.17708333333333334 0.5143229166666666 0.1796875 0.515625 0.18098958333333334 0.5286458333333334 0.17838541666666666 0.53125 0.16796875 0.53125 0.1640625 0.5221354166666666 0.1640625 0.515625 0.16927083333333334 0.5065104166666666 0.17578125 0.5143229166666666
3 0.2890625 0.7083333333333334 0.29296875 0.7083333333333334 0.29296875 0.71484375 0.2955729166666667 0.7174479166666666 0.2955729166666667 0.7213541666666666 0.2877604166666667 0.73046875 0.28515625 0.73046875 0.2825520833333333 0.7135416666666666 0.2890625 0.7096354166666666
3 0.8976562499999999 0.4944444440104167 0.90625 0.48333333333333334 0.9132812499999999 0.48333333333333334 0.9132812499999999 0.4694444440104167 0.90078125 0.47500000000000003 0.896875 0.48472222265625 0.8976562499999999 0.4944444440104167