1 0.51171875 0.8416666666666667 0.5140625 0.8388888893229166 0.5140625 0.8361111106770833 0.51328125 0.8333333333333334 0.5109374999999999 0.8333333333333334 0.51015625 0.8347222226562501 0.51015625 0.8388888893229166 0.51171875 0.8416666666666667
0 0 0.4114583333333333 0.08463541666666667 0.4140625 0.09505208333333333 0.4166666666666667 0.09635416666666667 0.4192708333333333 0.10286458333333333 0.421875 0.11458333333333333 0.4322916666666667 0.13020833333333334 0.4583333333333333 0.13802083333333334 0.48828125 0.140625 0.5182291666666666 0.13802083333333334 0.5572916666666666 0.13020833333333334 0.5859375 0.11588541666666667 0.609375 0.10677083333333333 0.6184895833333334 0.09114583333333333 0.6276041666666666 0 0.6263020833333334 0 0.6197916666666666 0.08723958333333333 0.6223958333333334 0.09765625 0.6184895833333334 0.11197916666666667 0.60546875 0.12369791666666667 0.5885416666666666 0.1328125 0.5638020833333334 0.13671875 0.5442708333333334 0.13541666666666666 0.48828125 0.125 0.45703125 0.11067708333333333 0.4348958333333333 0.09114583333333333 0.421875 0 0.41796875 0 0.4127604166666667
0 0.9075520833333334 0.4453125 0.9557291666666666 0.4466145833333333 0.9661458333333334 0.4479166666666667 0.9661458333333334 0.4518229166666667 0.8541666666666666 0.44921875 0.83984375 0.4544270833333333 0.8229166666666666 0.4713541666666667 0.8111979166666666 0.4947916666666667 0.8033854166666666 0.52734375 0.8033854166666666 0.5716145833333334 0.8059895833333334 0.5768229166666666 0.8072916666666666 0.59375 0.8229166666666666 0.6276041666666666 0.83203125 0.6380208333333334 0.8463541666666666 0.6484375 0.85546875 0.6510416666666666 0.9518229166666666 0.6536458333333334 0.9635416666666666 0.6549479166666666 0.9635416666666666 0.6588541666666666 0.8736979166666666 0.6575520833333334 0.8424479166666666 0.65234375 0.8359375 0.6484375 0.81640625 0.6263020833333334 0.80859375 0.609375 0.8033854166666666 0.5911458333333334 0.7994791666666666 0.56640625 0.8033854166666666 0.5559895833333334 0.80078125 0.5260416666666666 0.8072916666666666 0.4947916666666667 0.8190104166666666 0.4700520833333333 0.83203125 0.4544270833333333 0.84765625 0.4453125 0.90625 0.4453125
2 0.4739583333333333 0.4166666666666667 0.4700520833333333 0.8463541666666666 0.4674479166666667 0.9479166666666666 0.46484375 0.9466145833333334 0.46875 0.703125 0.46875 0.55859375 0.4713541666666667 0.51171875 0.4700520833333333 0.4466145833333333 0.4739583333333333 0.41796875
3 0.59765625 0.2903645833333333 0.011067708333333334 0.027994791666666668
3 0.6471354166666666 0.55078125 0.6510416666666666 0.55078125 0.6536458333333334 0.5533854166666666 0.6536458333333334 0.5651041666666666 0.6484375 0.5677083333333334 0.64453125 0.5638020833333334 0.64453125 0.5546875 0.6471354166666666 0.5520833333333334
3 0.6041666666666666 0.72265625 0.6158854166666666 0.7291666666666666 0.6171875 0.734375 0.6158854166666666 0.7486979166666666 0.6119791666666666 0.7578125 0.609375 0.7591145833333334 0.60546875 0.7473958333333334 0.6041666666666666 0.7239583333333334
3 0.3489583333333333 0.83984375 0.3541666666666667 0.8450520833333334 0.3515625 0.8697916666666666 0.34765625 0.8684895833333334 0.3424479166666667 0.8567708333333334 0.3411458333333333 0.83984375 0.34765625 0.83984375
3 0.2630208333333333 0.40234375 0.265625 0.40625 0.265625 0.4205729166666667 0.2591145833333333 0.41796875 0.25390625 0.4114583333333333 0.25390625 0.40625 0.26171875 0.40234375
3 0.5227864583333334 0.8665364583333334 0.010416666666666666 0.033203125
3 0.4947916666666667 0.2109375 0.4986979166666667 0.21354166666666666 0.5 0.21744791666666666 0.4986979166666667 0.23177083333333334 0.4947916666666667 0.23958333333333334 0.4921875 0.23828125 0.4869791666666667 0.22395833333333334 0.48828125 0.21484375 0.4934895833333333 0.2109375
3 0.22395833333333334 0.203125 0.23177083333333334 0.21744791666666666 0.23177083333333334 0.22395833333333334 0.22786458333333334 0.2265625 0.22395833333333334 0.22395833333333334 0.21744791666666666 0.21354166666666666 0.21744791666666666 0.20442708333333334 0.22005208333333334 0.20182291666666666 0.22265625 0.203125
3 0.08854166666666667 0.515625 0.09505208333333333 0.5169270833333334 0.09114583333333333 0.5364583333333334 0.07421875 0.5325520833333334 0.07421875 0.5208333333333334 0.08463541666666667 0.5208333333333334 0.08854166666666667 0.5169270833333334
3 0.4322916666666667 0.6614583333333334 0.4348958333333333 0.6666666666666666 0.4348958333333333 0.6796875 0.4322916666666667 0.6822916666666666 0.42578125 0.6744791666666666 0.4270833333333333 0.6653645833333334 0.4309895833333333 0.6614583333333334
3 0.78515625 0.5403645833333334 0.7890625 0.5442708333333334 0.7916666666666666 0.5416666666666666 0.7994791666666666 0.5416666666666666 0.80078125 0.5455729166666666 0.80078125 0.5533854166666666 0.7981770833333334 0.55859375 0.79296875 0.5611979166666666 0.7877604166666666 0.5559895833333334 0.78515625 0.5416666666666666
3 0.4557291666666667 0.3984375 0.4609375 0.3984375 0.4713541666666667 0.4036458333333333 0.4700520833333333 0.41015625 0.4596354166666667 0.4127604166666667 0.453125 0.4075520833333333 0.453125 0.40234375 0.4557291666666667 0.3997395833333333