1 0.4951921875 0.41630833333333334 0.49670703125 0.4188319440104167 0.498790625 0.41714999999999997 0.4992640625 0.4137861106770833 0.49841171874999995 0.40991666666666665 0.49765390625 0.4070555559895834 0.49623359375 0.4070555559895834 0.49476640624999996 0.4099541666666667 0.4951921875 0.41630833333333334
0 0 0.4140625 0.08854166666666667 0.4166666666666667 0.08984375 0.4192708333333333 0.09635416666666667 0.4192708333333333 0.10807291666666667 0.4244791666666667 0.11979166666666667 0.4348958333333333 0.13411458333333334 0.4583333333333333 0.14322916666666666 0.4895833333333333 0.14322916666666666 0.5026041666666666 0.14583333333333334 0.5065104166666666 0.14583333333333334 0.5403645833333334 0.14322916666666666 0.5481770833333334 0.14192708333333334 0.5677083333333334 0.13541666666666666 0.5885416666666666 0.12630208333333334 0.60546875 0.11197916666666667 0.62109375 0.09635416666666667 0.6302083333333334 0 0.62890625 0 0.6223958333333334 0.09635416666666667 0.6236979166666666 0.10286458333333333 0.62109375 0.11588541666666667 0.6106770833333334 0.13151041666666666 0.5859375 0.140625 0.5546875 0.140625 0.5416666666666666 0.14322916666666666 0.5338541666666666 0.14322916666666666 0.5091145833333334 0.140625 0.50390625 0.13671875 0.4765625 0.12760416666666666 0.4544270833333333 0.11458333333333333 0.4361979166666667 0.09895833333333333 0.42578125 0.09114583333333333 0.4231770833333333 0.020833333333333332 0.4205729166666667 0.01171875 0.421875 0 0.4205729166666667 0 0.4153645833333333
0 0.90234375 0.4479166666666667 0.96875 0.4505208333333333 0.9752604166666666 0.4518229166666667 0.9752604166666666 0.4557291666666667 0.8580729166666666 0.453125 0.83984375 0.46484375 0.8307291666666666 0.4752604166666667 0.8190104166666666 0.4973958333333333 0.8111979166666666 0.5286458333333334 0.8098958333333334 0.5703125 0.8190104166666666 0.6106770833333334 0.8333333333333334 0.6354166666666666 0.8463541666666666 0.6484375 0.8541666666666666 0.65234375 0.8854166666666666 0.65625 0.9700520833333334 0.6588541666666666 0.9739583333333334 0.6614583333333334 0.9713541666666666 0.6627604166666666 0.8815104166666666 0.6614583333333334 0.8528645833333334 0.6575520833333334 0.83984375 0.6497395833333334 0.828125 0.63671875 0.8125 0.6015625 0.8072916666666666 0.57421875 0.8072916666666666 0.53515625 0.8125 0.5065104166666666 0.8190104166666666 0.48828125 0.82421875 0.48046875 0.82421875 0.4765625 0.8385416666666666 0.4583333333333333 0.8502604166666666 0.4505208333333333 0.8580729166666666 0.4479166666666667 0.9010416666666666 0.4479166666666667
2 0.48046875 0.12239583333333333 0.4817708333333333 0.3997395833333333 0.4778645833333333 0.4075520833333333 0.48046875 0.4609375 0.4778645833333333 0.53515625 0.4765625 0.7513020833333334 0.4739583333333333 0.76171875 0.4713541666666667 0.7526041666666666 0.4752604166666667 0.6510416666666666 0.4739583333333333 0.546875 0.4765625 0.5065104166666666 0.48046875 0.12369791666666667
3 0.4622395833333333 0.5260416666666666 0.4674479166666667 0.5325520833333334 0.4674479166666667 0.5442708333333334 0.4635416666666667 0.5533854166666666 0.45703125 0.5481770833333334 0.453125 0.5364583333333334 0.4557291666666667 0.5286458333333334 0.4609375 0.5260416666666666
3 0.5208333333333334 0.24479166666666666 0.5234375 0.24869791666666666 0.5234375 0.2604166666666667 0.5221354166666666 0.265625 0.51953125 0.2669270833333333 0.515625 0.2630208333333333 0.5143229166666666 0.2552083333333333 0.5143229166666666 0.24869791666666666 0.51953125 0.24479166666666666
3 0.4869791666666667 0.3997395833333333 0.4921875 0.4049479166666667 0.4921875 0.4153645833333333 0.48828125 0.4231770833333333 0.48046875 0.421875 0.48046875 0.4075520833333333 0.4830729166666667 0.4010416666666667 0.4856770833333333 0.3997395833333333
3 0.2786458333333333 0.7057291666666666 0.2799479166666667 0.7265625 0.27734375 0.73046875 0.2721354166666667 0.7317708333333334 0.2682291666666667 0.7278645833333334 0.2682291666666667 0.7161458333333334 0.2721354166666667 0.7161458333333334 0.2760416666666667 0.7122395833333334 0.27734375 0.70703125
3 0.4713541666666667 0.75390625 0.4739583333333333 0.7591145833333334 0.4700520833333333 0.7734375 0.4674479166666667 0.7760416666666666 0.4609375 0.7604166666666666 0.4661458333333333 0.75390625 0.4700520833333333 0.75390625
3 0.19661458333333334 0.56640625 0.20052083333333334 0.5703125 0.20052083333333334 0.578125 0.19791666666666666 0.5794270833333334 0.19661458333333334 0.5872395833333334 0.1953125 0.5833333333333334 0.18619791666666666 0.5755208333333334 0.18619791666666666 0.5716145833333334 0.19140625 0.56640625 0.1953125 0.56640625
3 0.4296875 0.6028645833333334 0.4322916666666667 0.6028645833333334 0.4361979166666667 0.61328125 0.4361979166666667 0.62109375 0.43359375 0.6236979166666666 0.4283854166666667 0.6184895833333334 0.4270833333333333 0.6119791666666666 0.4296875 0.6041666666666666
3 0.3697916666666667 0.25390625 0.3736979166666667 0.2682291666666667 0.3723958333333333 0.2760416666666667 0.3658854166666667 0.2747395833333333 0.3658854166666667 0.26953125 0.3619791666666667 0.2643229166666667 0.3619791666666667 0.2591145833333333 0.3684895833333333 0.25390625
3 0.3932291666666667 0.5716145833333334 0.3958333333333333 0.5729166666666666 0.39453125 0.5911458333333334 0.390625 0.59375 0.38671875 0.5885416666666666 0.38671875 0.578125 0.3919270833333333 0.5729166666666666
3 0.5859375 0.4322916666666667 0.5859375 0.4557291666666667 0.5807291666666666 0.453125 0.58203125 0.43359375 0.5846354166666666 0.4322916666666667
3 0.5572916666666666 0.6666666666666666 0.5690104166666666 0.67578125 0.5690104166666666 0.6861979166666666 0.5677083333333334 0.6888020833333334 0.5625 0.6888020833333334 0.5611979166666666 0.6809895833333334 0.5572916666666666 0.6744791666666666 0.5572916666666666 0.66796875
3 0.44140625 0.8541666666666666 0.4479166666666667 0.8658854166666666 0.4479166666666667 0.8776041666666666 0.4466145833333333 0.8802083333333334 0.4427083333333333 0.87890625 0.4401041666666667 0.8697916666666666 0.44140625 0.85546875