1 0.8328125000000001 0.8527777773437499 0.83203125 0.8513888893229167 0.8289062500000001 0.8513888893229167 0.828125 0.8569444440104167 0.8312499999999999 0.85972222265625 0.8328125000000001 0.8569444440104167 0.8328125000000001 0.8527777773437499
0 0 0.421875 0.09114583333333333 0.42578125 0.10546875 0.4322916666666667 0.11979166666666667 0.4479166666666667 0.13151041666666666 0.4700520833333333 0.13802083333333334 0.4908854166666667 0.14192708333333334 0.51953125 0.14192708333333334 0.5455729166666666 0.13411458333333334 0.5872395833333334 0.12630208333333334 0.60546875 0.11979166666666667 0.6158854166666666 0.11067708333333333 0.625 0.11067708333333333 0.6276041666666666 0.09114583333333333 0.6380208333333334 0 0.6354166666666666 0 0.6302083333333334 0.09114583333333333 0.6328125 0.10026041666666667 0.62890625 0.11588541666666667 0.61328125 0.12760416666666666 0.59375 0.13541666666666666 0.5703125 0.13671875 0.5520833333333334 0.13932291666666666 0.5455729166666666 0.13932291666666666 0.5234375 0.13541666666666666 0.4934895833333333 0.13020833333333334 0.4765625 0.11979166666666667 0.4557291666666667 0.11067708333333333 0.4440104166666667 0.09505208333333333 0.4322916666666667 0.08333333333333333 0.4296875 0.01171875 0.4283854166666667 0 0.4270833333333333 0 0.4231770833333333
0 0.8684895833333334 0.4544270833333333 0.9713541666666666 0.4583333333333333 0.9713541666666666 0.4635416666666667 0.85546875 0.4609375 0.84375 0.4661458333333333 0.8307291666666666 0.4765625 0.8177083333333334 0.4986979166666667 0.8072916666666666 0.5325520833333334 0.8072916666666666 0.58984375 0.8190104166666666 0.6263020833333334 0.8333333333333334 0.6471354166666666 0.8450520833333334 0.6575520833333334 0.8541666666666666 0.6614583333333334 0.9427083333333334 0.6640625 0.9453125 0.6666666666666666 0.9674479166666666 0.6666666666666666 0.9700520833333334 0.6692708333333334 0.96875 0.671875 0.8776041666666666 0.6692708333333334 0.8515625 0.6653645833333334 0.8424479166666666 0.6614583333333334 0.828125 0.6497395833333334 0.8151041666666666 0.6276041666666666 0.8111979166666666 0.6119791666666666 0.80859375 0.609375 0.8033854166666666 0.578125 0.8033854166666666 0.5442708333333334 0.8072916666666666 0.5182291666666666 0.81640625 0.4921875 0.828125 0.47265625 0.8346354166666666 0.4661458333333333 0.8515625 0.4557291666666667 0.8671875 0.4544270833333333
2 0.4765625 0.13151041666666666 0.4791666666666667 0.16015625 0.4752604166666667 0.41015625 0.4752604166666667 0.6315104166666666 0.4739583333333333 0.71484375 0.4713541666666667 0.74609375 0.4700520833333333 0.9596354166666666 0.4674479166666667 0.9609375 0.4661458333333333 0.9401041666666666 0.46875 0.8736979166666666 0.46875 0.7200520833333334 0.4713541666666667 0.6809895833333334 0.4713541666666667 0.4635416666666667 0.4739583333333333 0.3997395833333333 0.47265625 0.359375 0.4765625 0.1328125
3 0.85546875 0.546875 0.8658854166666666 0.5533854166666666 0.8645833333333334 0.5611979166666666 0.8580729166666666 0.56640625 0.8489583333333334 0.5638020833333334 0.8463541666666666 0.5598958333333334 0.8502604166666666 0.5559895833333334 0.8515625 0.5481770833333334 0.8541666666666666 0.5481770833333334
3 0.6705729166666666 0.4817708333333333 0.67578125 0.4869791666666667 0.67578125 0.4973958333333333 0.671875 0.5065104166666666 0.6640625 0.5065104166666666 0.66015625 0.4947916666666667 0.6640625 0.4856770833333333 0.6692708333333334 0.4817708333333333
3 0.7578125 0.7317708333333334 0.7669270833333334 0.7421875 0.7669270833333334 0.7513020833333334 0.7630208333333334 0.75390625 0.7526041666666666 0.7526041666666666 0.7526041666666666 0.7395833333333334 0.75390625 0.734375 0.7565104166666666 0.7330729166666666
3 0.6015625 0.7447916666666666 0.6041666666666666 0.7578125 0.6041666666666666 0.7838541666666666 0.6028645833333334 0.78515625 0.6002604166666666 0.7825520833333334 0.59765625 0.765625 0.59375 0.7591145833333334 0.59375 0.7552083333333334 0.6002604166666666 0.74609375
3 0.3958333333333333 0.24088541666666666 0.3971354166666667 0.2565104166666667 0.3997395833333333 0.2630208333333333 0.3971354166666667 0.2825520833333333 0.3932291666666667 0.2786458333333333 0.390625 0.2682291666666667 0.390625 0.25390625 0.38671875 0.24869791666666666 0.38671875 0.24088541666666666 0.3893229166666667 0.23828125 0.3932291666666667 0.23828125 0.39453125 0.24088541666666666
3 0.859375 0.8841145833333334 0.8606770833333334 0.8919270833333334 0.8658854166666666 0.8997395833333334 0.8658854166666666 0.9088541666666666 0.85546875 0.9088541666666666 0.8515625 0.90625 0.8515625 0.8984375 0.8580729166666666 0.8854166666666666
3 0.5013020833333334 0.59765625 0.5052083333333334 0.6080729166666666 0.5052083333333334 0.6158854166666666 0.5026041666666666 0.6184895833333334 0.4986979166666667 0.6158854166666666 0.5 0.5989583333333334
3 0.8424479166666666 0.9322916666666666 0.8515625 0.9375 0.8541666666666666 0.9427083333333334 0.8528645833333334 0.9518229166666666 0.8463541666666666 0.9544270833333334 0.84375 0.9518229166666666 0.8424479166666666 0.93359375
3 0.9427083333333334 0.6236979166666666 0.9518229166666666 0.625 0.9583333333333334 0.6315104166666666 0.95703125 0.640625 0.9466145833333334 0.6393229166666666 0.9375 0.6302083333333334 0.9375 0.625 0.94140625 0.6236979166666666
3 0.15104166666666666 0.4791666666666667 0.16536458333333334 0.4778645833333333 0.16145833333333334 0.4921875 0.14973958333333334 0.4908854166666667 0.15104166666666666 0.48046875
3 0.7046875 0.55277777734375 0.7046875 0.5569444440104167 0.7062499999999999 0.55972222265625 0.709375 0.5625 0.7140624999999999 0.5625 0.7179687499999999 0.55972222265625 0.7171875 0.5541666666666667 0.71484375 0.5513888893229166 0.7062499999999999 0.5513888893229166 0.7046875 0.55277777734375
3 0.7179687499999999 0.5569444440104167 0.7195312500000001 0.55972222265625 0.72265625 0.55972222265625 0.72421875 0.5569444440104167 0.72421875 0.55277777734375 0.7234375000000001 0.5513888893229166 0.71875 0.5513888893229166 0.7179687499999999 0.55277777734375 0.7179687499999999 0.5569444440104167