1 0.453125 0.33888888932291666 0.45390625 0.33749999999999997 0.45390625 0.3319444440104167 0.45156250000000003 0.3319444440104167 0.45 0.3333333333333333 0.45 0.33749999999999997 0.453125 0.33888888932291666
0 0.8997395833333334 0.4375 0.9205729166666666 0.4309895833333333 0.9986979166666666 0.4296875 0.9986979166666666 0.4348958333333333 0.921875 0.4361979166666667 0.9205729166666666 0.4388020833333333 0.9140625 0.4388020833333333 0.90234375 0.4440104166666667 0.88671875 0.4583333333333333 0.8763020833333334 0.4778645833333333 0.8697916666666666 0.4973958333333333 0.8645833333333334 0.5299479166666666 0.8658854166666666 0.5598958333333334 0.8736979166666666 0.59375 0.8828125 0.6119791666666666 0.8997395833333334 0.6328125 0.9192708333333334 0.640625 0.9986979166666666 0.6380208333333334 0.9986979166666666 0.6432291666666666 0.9348958333333334 0.64453125 0.93359375 0.6471354166666666 0.9192708333333334 0.6471354166666666 0.91796875 0.64453125 0.9114583333333334 0.64453125 0.8997395833333334 0.6393229166666666 0.8919270833333334 0.6328125 0.875 0.6080729166666666 0.875 0.6041666666666666 0.8684895833333334 0.5924479166666666 0.86328125 0.5677083333333334 0.8619791666666666 0.5260416666666666 0.8645833333333334 0.50390625 0.8723958333333334 0.4765625 0.87890625 0.4635416666666667 0.8828125 0.4596354166666667 0.8841145833333334 0.4544270833333333 0.8997395833333334 0.4388020833333333
0 0.15234375 0.4622395833333333 0.16666666666666666 0.4700520833333333 0.17578125 0.4791666666666667 0.19010416666666666 0.5065104166666666 0.19791666666666666 0.53515625 0.19791666666666666 0.59765625 0.19010416666666666 0.6276041666666666 0.18229166666666666 0.6432291666666666 0.17447916666666666 0.6549479166666666 0.16015625 0.66796875 0.14583333333333334 0.6731770833333334 0.0390625 0.6770833333333334 0.03515625 0.67578125 0.03515625 0.671875 0.13411458333333334 0.6692708333333334 0.13541666666666666 0.6666666666666666 0.14713541666666666 0.6666666666666666 0.16276041666666666 0.6588541666666666 0.17447916666666666 0.6471354166666666 0.18359375 0.6328125 0.19140625 0.6119791666666666 0.19140625 0.6041666666666666 0.1953125 0.59375 0.19661458333333334 0.55078125 0.1953125 0.5377604166666666 0.1875 0.5091145833333334 0.1796875 0.4934895833333333 0.16927083333333334 0.4791666666666667 0.1484375 0.4661458333333333 0.07682291666666667 0.46875 0.03125 0.4674479166666667 0.03515625 0.4635416666666667 0.109375 0.4609375 0.15104166666666666 0.4622395833333333
2 0.5247395833333334 0.13802083333333334 0.52734375 0.13932291666666666 0.53125 0.4973958333333333 0.5299479166666666 0.53515625 0.5325520833333334 0.6419270833333334 0.53125 0.67578125 0.5338541666666666 0.7200520833333334 0.53515625 0.8372395833333334 0.53515625 0.9661458333333334 0.5325520833333334 0.9635416666666666 0.53125 0.9401041666666666 0.5325520833333334 0.9036458333333334 0.53125 0.7708333333333334 0.5286458333333334 0.7278645833333334 0.5299479166666666 0.703125 0.52734375 0.64453125 0.5286458333333334 0.5859375 0.52734375 0.33984375 0.5247395833333334 0.31640625 0.5247395833333334 0.13932291666666666
3 0.21484375 0.3658854166666667 0.21614583333333334 0.3723958333333333 0.21484375 0.37890625 0.21223958333333334 0.3802083333333333 0.20703125 0.3776041666666667 0.20052083333333334 0.3658854166666667 0.20052083333333334 0.3619791666666667 0.203125 0.359375 0.20703125 0.359375 0.21354166666666666 0.3658854166666667
3 0.40625 0.4296875 0.4127604166666667 0.4440104166666667 0.4127604166666667 0.44921875 0.41015625 0.4518229166666667 0.40625 0.4518229166666667 0.4036458333333333 0.44921875 0.4010416666666667 0.4348958333333333 0.4049479166666667 0.4296875
3 0.3059895833333333 0.5833333333333334 0.31640625 0.5833333333333334 0.31640625 0.5950520833333334 0.3151041666666667 0.5989583333333334 0.3111979166666667 0.6002604166666666 0.3059895833333333 0.5989583333333334 0.3059895833333333 0.5846354166666666
3 0.7473958333333334 0.4361979166666667 0.013020833333333334 0.016927083333333332
3 0.31640625 0.4427083333333333 0.31640625 0.4375 0.3125 0.4309895833333333 0.3125 0.421875 0.31640625 0.4140625 0.328125 0.4283854166666667 0.3229166666666667 0.4427083333333333 0.3177083333333333 0.4427083333333333
3 0.3658854166666667 0.8815104166666666 0.3606770833333333 0.8958333333333334 0.3619791666666667 0.90625 0.35546875 0.9153645833333334 0.3528645833333333 0.9088541666666666 0.3528645833333333 0.8854166666666666 0.3645833333333333 0.8815104166666666
3 0.140625 0.5442708333333334 0.020182291666666668 0.022135416666666668
3 0.4375 0.3125 0.4401041666666667 0.3125 0.4427083333333333 0.32421875 0.44140625 0.3346354166666667 0.4348958333333333 0.3346354166666667 0.43359375 0.3203125 0.4375 0.3138020833333333
3 0.55859375 0.23958333333333334 0.5611979166666666 0.2421875 0.5598958333333334 0.26171875 0.5559895833333334 0.2630208333333333 0.5520833333333334 0.25390625 0.5520833333333334 0.25 0.5572916666666666 0.24088541666666666
3 0.23958333333333334 0.64453125 0.24479166666666666 0.6432291666666666 0.2513020833333333 0.6458333333333334 0.24869791666666666 0.6575520833333334 0.24348958333333334 0.6627604166666666 0.23828125 0.6549479166666666 0.23958333333333334 0.6458333333333334
3 0.318359375 0.3561197916666667 0.01171875 0.018229166666666668
3 0.32500234375 0.7489138893229167 0.32924140625000003 0.7456861106770832 0.33203125 0.7319444440104167 0.32421875 0.7319444440104167 0.3203125 0.7388888893229167 0.31864375 0.7462236106770833 0.32500234375 0.7489138893229167