1 0.37656249999999997 0.1875 0.37734375000000003 0.1875 0.3796875 0.18472222265625002 0.3796875 0.1805555559895833 0.37656249999999997 0.17638888932291666 0.375 0.17916666666666667 0.375 0.18472222265625002 0.37656249999999997 0.1875
0 0 0.4192708333333333 0.08463541666666667 0.421875 0.09895833333333333 0.4244791666666667 0.11067708333333333 0.4309895833333333 0.12239583333333333 0.4453125 0.13411458333333334 0.4674479166666667 0.14192708333333334 0.4947916666666667 0.14453125 0.5286458333333334 0.14322916666666666 0.5338541666666666 0.140625 0.5325520833333334 0.140625 0.5052083333333334 0.13151041666666666 0.4713541666666667 0.125 0.45703125 0.10807291666666667 0.4361979166666667 0.09114583333333333 0.4283854166666667 0.0078125 0.42578125 0 0.4244791666666667 0 0.4205729166666667
0 0.8515625 0.4583333333333333 0.8645833333333334 0.4544270833333333 0.8841145833333334 0.4544270833333333 0.9596354166666666 0.45703125 0.9778645833333334 0.4583333333333333 0.9791666666666666 0.4609375 0.9778645833333334 0.46484375 0.8841145833333334 0.4609375 0.86328125 0.4609375 0.85546875 0.4635416666666667 0.84375 0.4713541666666667 0.8307291666666666 0.48828125 0.8229166666666666 0.50390625 0.8151041666666666 0.5299479166666666 0.8125 0.5559895833333334 0.8151041666666666 0.59375 0.8177083333333334 0.59765625 0.8190104166666666 0.6106770833333334 0.8255208333333334 0.6263020833333334 0.8385416666666666 0.6471354166666666 0.85546875 0.66015625 0.8658854166666666 0.6627604166666666 0.9466145833333334 0.6653645833333334 0.9622395833333334 0.6666666666666666 0.9635416666666666 0.6692708333333334 0.9752604166666666 0.6692708333333334 0.9752604166666666 0.6731770833333334 0.9440104166666666 0.6731770833333334 0.87890625 0.6705729166666666 0.8606770833333334 0.66796875 0.859375 0.6653645833333334 0.8515625 0.6640625 0.8450520833333334 0.66015625 0.83203125 0.6471354166666666 0.8268229166666666 0.6354166666666666 0.82421875 0.6341145833333334 0.8151041666666666 0.609375 0.8111979166666666 0.5872395833333334 0.8098958333333334 0.5533854166666666 0.8125 0.52734375 0.8203125 0.4986979166666667 0.83203125 0.4765625 0.8515625 0.4596354166666667
2 0.4765625 0.5052083333333334 0.4791666666666667 0.515625 0.4778645833333333 0.5221354166666666 0.48046875 0.5520833333333334 0.4765625 0.7213541666666666 0.4778645833333333 0.7760416666666666 0.4752604166666667 0.8046875 0.4752604166666667 0.9453125 0.4739583333333333 0.9609375 0.4713541666666667 0.9609375 0.4765625 0.5065104166666666
3 0.3971354166666667 0.5364583333333334 0.3997395833333333 0.5403645833333334 0.3997395833333333 0.5533854166666666 0.39453125 0.5520833333333334 0.390625 0.546875 0.390625 0.5403645833333334 0.3958333333333333 0.5377604166666666
3 0.5221354166666666 0.19270833333333334 0.5260416666666666 0.19270833333333334 0.5286458333333334 0.19791666666666666 0.5286458333333334 0.21223958333333334 0.5260416666666666 0.21614583333333334 0.5234375 0.21614583333333334 0.5221354166666666 0.19401041666666666
3 0.13411458333333334 0.5299479166666666 0.14192708333333334 0.5338541666666666 0.14322916666666666 0.5611979166666666 0.14583333333333334 0.56640625 0.14453125 0.5690104166666666 0.140625 0.5690104166666666 0.13802083333333334 0.5494791666666666 0.13411458333333334 0.5455729166666666 0.12760416666666666 0.5442708333333334 0.12760416666666666 0.53125 0.1328125 0.5299479166666666
3 0.3704427083333333 0.16536458333333334 0.018229166666666668 0.044270833333333336
3 0.2565104166666667 0.7161458333333334 0.013020833333333334 0.020833333333333332
3 0.4869791666666667 0.7421875 0.4908854166666667 0.7486979166666666 0.4908854166666667 0.76171875 0.484375 0.76171875 0.4830729166666667 0.7578125 0.4869791666666667 0.7434895833333334
3 0.4817708333333333 0.4752604166666667 0.4856770833333333 0.4791666666666667 0.4869791666666667 0.4856770833333333 0.4869791666666667 0.49609375 0.484375 0.5026041666666666 0.4791666666666667 0.5026041666666666 0.4752604166666667 0.4934895833333333 0.4765625 0.4791666666666667 0.48046875 0.4752604166666667
3 0.4231770833333333 0.6002604166666666 0.42578125 0.6067708333333334 0.42578125 0.61328125 0.4231770833333333 0.6158854166666666 0.41796875 0.6145833333333334 0.41796875 0.6015625 0.421875 0.6002604166666666
3 0.6015625 0.3580729166666667 0.6041666666666666 0.3658854166666667 0.6015625 0.3802083333333333 0.5989583333333334 0.3815104166666667 0.5950520833333334 0.3776041666666667 0.5950520833333334 0.3697916666666667 0.59765625 0.359375 0.6002604166666666 0.3580729166666667
3 0.5930989583333334 0.6881510416666666 0.011067708333333334 0.0234375
3 0.4244791666666667 0.73828125 0.4270833333333333 0.7395833333333334 0.4270833333333333 0.7565104166666666 0.4244791666666667 0.76171875 0.41796875 0.7604166666666666 0.4166666666666667 0.7565104166666666 0.41796875 0.74609375 0.4244791666666667 0.7395833333333334
3 0.43593750000000003 0.4069444440104167 0.43593750000000003 0.3944444440104167 0.4296875 0.3944444440104167 0.42890625 0.40138888932291666 0.43593750000000003 0.4069444440104167