1 0.28515625 0.3444444440104167 0.2890625 0.3444444440104167 0.2859375 0.33888888932291666 0.28515625 0.3444444440104167
0 0 0.4166666666666667 0.015625 0.4166666666666667 0.016927083333333332 0.4192708333333333 0.09375 0.4205729166666667 0.11067708333333333 0.42578125 0.12369791666666667 0.4375 0.13541666666666666 0.4557291666666667 0.14583333333333334 0.4856770833333333 0.14973958333333334 0.5143229166666666 0.14713541666666666 0.5611979166666666 0.140625 0.5846354166666666 0.12760416666666666 0.6106770833333334 0.11067708333333333 0.6276041666666666 0.09505208333333333 0.6328125 0 0.62890625 0 0.6223958333333334 0.08723958333333333 0.625 0.08854166666666667 0.6276041666666666 0.08984375 0.625 0.10026041666666667 0.625 0.11458333333333333 0.6171875 0.125 0.60546875 0.13541666666666666 0.5872395833333334 0.14322916666666666 0.5638020833333334 0.14713541666666666 0.5299479166666666 0.14453125 0.4973958333333333 0.13932291666666666 0.4817708333333333 0.13932291666666666 0.4752604166666667 0.13151041666666666 0.45703125 0.11067708333333333 0.4322916666666667 0.09375 0.42578125 0 0.4231770833333333 0 0.41796875
0 0.9739583333333334 0.4518229166666667 0.9739583333333334 0.45703125 0.8932291666666666 0.4544270833333333 0.8580729166666666 0.4544270833333333 0.8515625 0.45703125 0.8424479166666666 0.4635416666666667 0.8268229166666666 0.4817708333333333 0.8138020833333334 0.5130208333333334 0.8098958333333334 0.5338541666666666 0.8098958333333334 0.57421875 0.8151041666666666 0.6002604166666666 0.8307291666666666 0.6341145833333334 0.84765625 0.6497395833333334 0.85546875 0.6536458333333334 0.8736979166666666 0.65625 0.8880208333333334 0.6549479166666666 0.90625 0.6575520833333334 0.91796875 0.65625 0.9661458333333334 0.6588541666666666 0.97265625 0.6614583333333334 0.96875 0.6640625 0.859375 0.66015625 0.83984375 0.6510416666666666 0.828125 0.6380208333333334 0.8125 0.60546875 0.8072916666666666 0.578125 0.8072916666666666 0.5325520833333334 0.8125 0.5052083333333334 0.82421875 0.4778645833333333 0.83984375 0.4583333333333333 0.8502604166666666 0.4518229166666667 0.8567708333333334 0.44921875 0.97265625 0.4518229166666667
2 0.48046875 0.12890625 0.4830729166666667 0.13020833333333334 0.48046875 0.4088541666666667 0.4817708333333333 0.45703125 0.4791666666666667 0.5247395833333334 0.48046875 0.5390625 0.4778645833333333 0.6276041666666666 0.4791666666666667 0.64453125 0.4752604166666667 0.9466145833333334 0.4739583333333333 0.9505208333333334 0.47265625 0.94921875 0.4713541666666667 0.9296875 0.4765625 0.6276041666666666 0.4765625 0.4440104166666667 0.4791666666666667 0.3723958333333333 0.4778645833333333 0.2942708333333333 0.48046875 0.2864583333333333 0.48046875 0.13020833333333334
3 0.3763020833333333 0.7421875 0.3763020833333333 0.7682291666666666 0.37109375 0.76953125 0.3671875 0.76171875 0.3684895833333333 0.7565104166666666 0.3736979166666667 0.7513020833333334 0.375 0.7434895833333334
3 0.5013020833333334 0.4557291666666667 0.5052083333333334 0.4557291666666667 0.5091145833333334 0.4609375 0.5104166666666666 0.47265625 0.5091145833333334 0.4765625 0.50390625 0.4752604166666667 0.5 0.4635416666666667 0.5013020833333334 0.45703125
3 0.4895833333333333 0.283203125 0.008463541666666666 0.022135416666666668
3 0.44921875 0.6002604166666666 0.4544270833333333 0.6002604166666666 0.4557291666666667 0.6041666666666666 0.4557291666666667 0.6171875 0.44921875 0.6171875 0.44921875 0.6015625
3 0.4361979166666667 0.4674479166666667 0.4401041666666667 0.4739583333333333 0.4401041666666667 0.484375 0.4361979166666667 0.4947916666666667 0.4283854166666667 0.4869791666666667 0.4270833333333333 0.4817708333333333 0.4283854166666667 0.46875 0.4322916666666667 0.4661458333333333 0.4348958333333333 0.4674479166666667
3 0.28515625 0.59375 0.2877604166666667 0.59375 0.2916666666666667 0.5989583333333334 0.2903645833333333 0.6106770833333334 0.2864583333333333 0.61328125 0.28125 0.6106770833333334 0.2799479166666667 0.6041666666666666 0.28515625 0.5950520833333334
3 0.3971354166666667 0.43359375 0.3997395833333333 0.4375 0.3997395833333333 0.4466145833333333 0.3971354166666667 0.44921875 0.3932291666666667 0.44921875 0.390625 0.4466145833333333 0.390625 0.4401041666666667 0.3958333333333333 0.43359375
3 0.44921875 0.22265625 0.453125 0.234375 0.4518229166666667 0.2421875 0.44921875 0.24348958333333334 0.4453125 0.23567708333333334 0.4453125 0.22786458333333334 0.4479166666666667 0.22395833333333334
3 0.3841145833333333 0.55078125 0.3880208333333333 0.55078125 0.3919270833333333 0.5546875 0.3893229166666667 0.5690104166666666 0.38671875 0.5690104166666666 0.3828125 0.5651041666666666 0.3815104166666667 0.5598958333333334 0.3841145833333333 0.5520833333333334
3 0.5859375 0.5559895833333334 0.59375 0.546875 0.59765625 0.5546875 0.5963541666666666 0.5677083333333334 0.5911458333333334 0.5677083333333334 0.5859375 0.5572916666666666
3 0.4427083333333333 0.7291666666666666 0.4453125 0.7291666666666666 0.4466145833333333 0.7317708333333334 0.4479166666666667 0.7421875 0.4440104166666667 0.7473958333333334 0.44140625 0.7473958333333334 0.4401041666666667 0.7447916666666666 0.4401041666666667 0.734375 0.4427083333333333 0.73046875
3 0.29140625000000003 0.3319444440104167 0.2921875 0.33055555598958336 0.29609375 0.33055555598958336 0.296875 0.32638888932291665 0.29375 0.32222222265625 0.29296875 0.31805555598958335 0.29062499999999997 0.3125 0.2890625 0.31111111067708336 0.28515625 0.31111111067708336 0.28359375000000003 0.3125 0.28203125 0.31527777734375 0.28203125 0.31944444401041666 0.28984375 0.3319444440104167 0.29140625000000003 0.3319444440104167