1 0.52300078125 0.5359208333333333 0.524534375 0.53745277734375 0.5262585937500001 0.53524027734375 0.5276953125 0.5320055559895833 0.52611484375 0.52868472265625 0.5240546875 0.5292819440104167 0.523096875 0.5318361106770834 0.52300078125 0.5359208333333333
0 0.9036458333333334 0.4166666666666667 0.9296875 0.4140625 0.9986979166666666 0.4140625 0.9986979166666666 0.4192708333333333 0.9075520833333334 0.421875 0.8958333333333334 0.4270833333333333 0.8828125 0.4375 0.87109375 0.4557291666666667 0.859375 0.4908854166666667 0.859375 0.55078125 0.8697916666666666 0.5846354166666666 0.8828125 0.60546875 0.8971354166666666 0.6184895833333334 0.9075520833333334 0.6223958333333334 0.9986979166666666 0.6197916666666666 0.9986979166666666 0.6263020833333334 0.97265625 0.6276041666666666 0.90234375 0.6276041666666666 0.8802083333333334 0.6106770833333334 0.8645833333333334 0.5846354166666666 0.8567708333333334 0.5546875 0.85546875 0.5403645833333334 0.85546875 0.5052083333333334 0.859375 0.4791666666666667 0.8684895833333334 0.4518229166666667 0.87109375 0.4505208333333333 0.8802083333333334 0.43359375 0.8880208333333334 0.42578125 0.9036458333333334 0.41796875
0 0.15104166666666666 0.4453125 0.16927083333333334 0.4583333333333333 0.18229166666666666 0.4778645833333333 0.19010416666666666 0.4973958333333333 0.19401041666666666 0.5143229166666666 0.19661458333333334 0.5481770833333334 0.1953125 0.57421875 0.19010416666666666 0.6002604166666666 0.17838541666666666 0.6276041666666666 0.17057291666666666 0.6380208333333334 0.15885416666666666 0.6484375 0.13932291666666666 0.6549479166666666 0.08984375 0.6575520833333334 0.032552083333333336 0.6575520833333334 0.03125 0.6536458333333334 0.14322916666666666 0.6497395833333334 0.16145833333333334 0.6393229166666666 0.171875 0.62890625 0.1796875 0.6158854166666666 0.18880208333333334 0.5924479166666666 0.19270833333333334 0.5690104166666666 0.19270833333333334 0.5325520833333334 0.18489583333333334 0.4934895833333333 0.171875 0.46875 0.15885416666666666 0.4557291666666667 0.14713541666666666 0.44921875 0.1328125 0.4479166666666667 0.03125 0.4518229166666667 0.028645833333333332 0.4505208333333333 0.028645833333333332 0.4479166666666667 0.048177083333333336 0.4453125 0.13541666666666666 0.4427083333333333 0.14973958333333334 0.4453125
2 0.5221354166666666 0.5390625 0.5260416666666666 0.5455729166666666 0.5286458333333334 0.7135416666666666 0.52734375 0.734375 0.5299479166666666 0.7643229166666666 0.5286458333333334 0.7864583333333334 0.53125 0.8541666666666666 0.53125 0.9270833333333334 0.5299479166666666 0.9453125 0.5286458333333334 0.9466145833333334 0.52734375 0.9427083333333334 0.52734375 0.8177083333333334 0.5247395833333334 0.7552083333333334 0.5247395833333334 0.62109375 0.5221354166666666 0.5403645833333334
3 0.375 0.16276041666666666 0.37890625 0.16145833333333334 0.3828125 0.16927083333333334 0.3828125 0.18098958333333334 0.3802083333333333 0.18489583333333334 0.3763020833333333 0.18359375 0.3723958333333333 0.171875 0.3723958333333333 0.16666666666666666 0.375 0.1640625
3 0.31640625 0.5533854166666666 0.3203125 0.55859375 0.3203125 0.5703125 0.3177083333333333 0.5729166666666666 0.3138020833333333 0.5729166666666666 0.3125 0.5651041666666666 0.3138020833333333 0.5572916666666666 0.31640625 0.5546875
3 0.5221354166666666 0.5104166666666666 0.5247395833333334 0.5143229166666666 0.5247395833333334 0.53515625 0.5208333333333334 0.53515625 0.5169270833333334 0.5286458333333334 0.5169270833333334 0.5169270833333334 0.5208333333333334 0.51171875
3 0.4036458333333333 0.8567708333333334 0.40625 0.8567708333333334 0.4088541666666667 0.8606770833333334 0.40625 0.8815104166666666 0.40234375 0.8828125 0.3997395833333333 0.8815104166666666 0.3997395833333333 0.8658854166666666 0.4036458333333333 0.8580729166666666
3 0.5559895833333334 0.6393229166666666 0.5611979166666666 0.6419270833333334 0.5611979166666666 0.65234375 0.55859375 0.65625 0.5546875 0.65625 0.5559895833333334 0.640625
3 0.6041666666666666 0.8619791666666666 0.6080729166666666 0.86328125 0.6119791666666666 0.8684895833333334 0.6119791666666666 0.8763020833333334 0.6041666666666666 0.8854166666666666 0.5989583333333334 0.87890625 0.5989583333333334 0.8658854166666666 0.6028645833333334 0.8619791666666666
3 0.73046875 0.2545572916666667 0.012369791666666666 0.029296875
3 0.7942708333333334 0.13802083333333334 0.7994791666666666 0.13802083333333334 0.80078125 0.1484375 0.7890625 0.15885416666666666 0.7864583333333334 0.15755208333333334 0.7864583333333334 0.15364583333333334 0.7942708333333334 0.13932291666666666
3 0.5078125 0.14453125 0.5143229166666666 0.14322916666666666 0.5182291666666666 0.14583333333333334 0.51953125 0.14973958333333334 0.51953125 0.16536458333333334 0.5143229166666666 0.17578125 0.51171875 0.17708333333333334 0.5078125 0.17447916666666666 0.5078125 0.16276041666666666 0.5052083333333334 0.15625 0.5078125 0.14583333333333334
3 0.296875 0.7109375 0.2890625 0.7317708333333334 0.28515625 0.7317708333333334 0.2825520833333333 0.7122395833333334 0.2955729166666667 0.7109375
3 0.17057291666666666 0.5078125 0.17317708333333334 0.5130208333333334 0.1796875 0.5182291666666666 0.1796875 0.53125 0.16666666666666666 0.5325520833333334 0.16536458333333334 0.5299479166666666 0.1640625 0.5169270833333334 0.16927083333333334 0.5091145833333334
3 0.9078125 0.48888888932291663 0.9070312500000001 0.4763888893229167 0.8918484375000001 0.471825 0.88944140625 0.4919875 0.9078125 0.48888888932291663