1 0.59140625 0.7041666666666666 0.59140625 0.7125 0.5921875 0.7138888893229166 0.5953125 0.7125 0.5968749999999999 0.7097222226562501 0.59609375 0.7041666666666666 0.5953125 0.70277777734375 0.5921875 0.70277777734375 0.59140625 0.7041666666666666
0 0.9049479166666666 0.4166666666666667 0.9114583333333334 0.4140625 0.9986979166666666 0.4114583333333333 0.9986979166666666 0.41796875 0.9127604166666666 0.4205729166666667 0.8997395833333334 0.42578125 0.88671875 0.4375 0.875 0.45703125 0.8671875 0.4791666666666667 0.86328125 0.5 0.86328125 0.5442708333333334 0.8671875 0.5638020833333334 0.8828125 0.5989583333333334 0.8997395833333334 0.6171875 0.9127604166666666 0.6223958333333334 0.9986979166666666 0.6197916666666666 0.9986979166666666 0.6263020833333334 0.91796875 0.62890625 0.9088541666666666 0.6276041666666666 0.8919270833333334 0.6171875 0.8841145833333334 0.609375 0.87109375 0.5872395833333334 0.8645833333333334 0.5677083333333334 0.8606770833333334 0.5455729166666666 0.859375 0.5169270833333334 0.8619791666666666 0.4895833333333333 0.8723958333333334 0.453125 0.88671875 0.4309895833333333 0.9049479166666666 0.41796875
0 0.14713541666666666 0.4453125 0.15755208333333334 0.44921875 0.16666666666666666 0.4557291666666667 0.18229166666666666 0.4765625 0.18229166666666666 0.48046875 0.19010416666666666 0.4947916666666667 0.1953125 0.515625 0.1953125 0.52734375 0.19791666666666666 0.5338541666666666 0.1953125 0.5455729166666666 0.19270833333333334 0.5182291666666666 0.1875 0.4973958333333333 0.17317708333333334 0.4700520833333333 0.15625 0.4544270833333333 0.14713541666666666 0.4505208333333333 0.029947916666666668 0.453125 0.03125 0.44921875 0.036458333333333336 0.4479166666666667 0.14583333333333334 0.4453125
2 0.5247395833333334 0.12109375 0.5338541666666666 0.9479166666666666 0.53125 0.9479166666666666 0.53125 0.8619791666666666 0.5286458333333334 0.8268229166666666 0.5286458333333334 0.6901041666666666 0.5260416666666666 0.6197916666666666 0.52734375 0.56640625 0.5247395833333334 0.4947916666666667 0.5234375 0.12239583333333333
3 0.72265625 0.8307291666666666 0.7265625 0.8333333333333334 0.7278645833333334 0.8372395833333334 0.7265625 0.8489583333333334 0.7161458333333334 0.8450520833333334 0.7174479166666666 0.8307291666666666 0.7213541666666666 0.8307291666666666
3 0.48828125 0.6614583333333334 0.4908854166666667 0.6640625 0.4908854166666667 0.6731770833333334 0.4869791666666667 0.6796875 0.4830729166666667 0.6783854166666666 0.48046875 0.6692708333333334 0.4817708333333333 0.6640625 0.4869791666666667 0.6614583333333334
3 0.4244791666666667 0.50390625 0.4244791666666667 0.5078125 0.4166666666666667 0.5221354166666666 0.4140625 0.5234375 0.4114583333333333 0.51953125 0.4114583333333333 0.50390625 0.4231770833333333 0.50390625
3 0.7708333333333334 0.4921875 0.78125 0.5 0.78125 0.5104166666666666 0.7708333333333334 0.5130208333333334 0.76953125 0.4934895833333333
3 0.54296875 0.26171875 0.546875 0.2682291666666667 0.546875 0.2786458333333333 0.5390625 0.2877604166666667 0.5364583333333334 0.2877604166666667 0.53515625 0.28515625 0.5338541666666666 0.2682291666666667 0.5377604166666666 0.26171875 0.5416666666666666 0.26171875
3 0.76171875 0.3841145833333333 0.7630208333333334 0.39453125 0.7552083333333334 0.4049479166666667 0.7513020833333334 0.40234375 0.7513020833333334 0.3893229166666667 0.7604166666666666 0.3841145833333333
3 0.7669270833333334 0.21549479166666666 0.014322916666666666 0.027994791666666668
3 0.91796875 0.5 0.93359375 0.5 0.9322916666666666 0.5143229166666666 0.9192708333333334 0.5143229166666666 0.91796875 0.5013020833333334
3 0.20963541666666666 0.5533854166666666 0.20963541666666666 0.55859375 0.20442708333333334 0.5598958333333334 0.20182291666666666 0.5651041666666666 0.19661458333333334 0.5651041666666666 0.19270833333333334 0.5559895833333334 0.19661458333333334 0.5455729166666666 0.20182291666666666 0.5442708333333334 0.20833333333333334 0.5533854166666666
3 0.4583333333333333 0.3411458333333333 0.4544270833333333 0.3372395833333333 0.453125 0.3307291666666667 0.45703125 0.3203125 0.4596354166666667 0.3190104166666667 0.4622395833333333 0.3294270833333333 0.4596354166666667 0.33984375
3 0.578125 0.6940104166666666 0.59375 0.703125 0.59375 0.7135416666666666 0.5885416666666666 0.7200520833333334 0.5807291666666666 0.72265625 0.578125 0.6953125
3 0.5125000000000001 0.9 0.51953125 0.8930555559895833 0.52109375 0.8708333333333332 0.515625 0.8694444440104167 0.5125000000000001 0.8791666666666668 0.5125000000000001 0.9