1 0.37265624999999997 0.1708333333333333 0.37421875 0.17361111067708335 0.37656249999999997 0.17500000000000002 0.3796875 0.17222222265625 0.3796875 0.16805555598958333 0.378125 0.16666666666666666 0.37343750000000003 0.16666666666666666 0.37265624999999997 0.16805555598958333 0.37265624999999997 0.1708333333333333
3 0.3971354166666667 0.53515625 0.3997395833333333 0.5377604166666666 0.4010416666666667 0.5520833333333334 0.3984375 0.5533854166666666 0.3932291666666667 0.5481770833333334 0.3932291666666667 0.5390625 0.3958333333333333 0.5364583333333334
3 0.5911458333333334 0.67578125 0.59375 0.67578125 0.59765625 0.6822916666666666 0.5963541666666666 0.6940104166666666 0.5924479166666666 0.6953125 0.5885416666666666 0.6901041666666666 0.5911458333333334 0.6770833333333334
3 0.525390625 0.201171875 0.008463541666666666 0.024739583333333332
3 0.13802083333333334 0.5325520833333334 0.14192708333333334 0.53515625 0.14322916666666666 0.5611979166666666 0.14583333333333334 0.56640625 0.14453125 0.5690104166666666 0.140625 0.5677083333333334 0.13802083333333334 0.5481770833333334 0.12760416666666666 0.5442708333333334 0.12760416666666666 0.5299479166666666 0.1328125 0.5286458333333334 0.13671875 0.5325520833333334
3 0.2578125 0.7044270833333334 0.2604166666666667 0.7057291666666666 0.2630208333333333 0.72265625 0.2591145833333333 0.7252604166666666 0.25390625 0.7252604166666666 0.2513020833333333 0.7200520833333334 0.2513020833333333 0.7135416666666666 0.2578125 0.7057291666666666
3 0.4375 0.3932291666666667 0.44140625 0.3932291666666667 0.4440104166666667 0.3997395833333333 0.4440104166666667 0.4114583333333333 0.4401041666666667 0.4127604166666667 0.4348958333333333 0.4049479166666667 0.4375 0.39453125
3 0.4231770833333333 0.59765625 0.4270833333333333 0.6067708333333334 0.42578125 0.6145833333333334 0.4205729166666667 0.6145833333333334 0.41796875 0.6119791666666666 0.41796875 0.6002604166666666 0.421875 0.59765625
3 0.3697916666666667 0.14192708333333334 0.3723958333333333 0.14583333333333334 0.3736979166666667 0.16145833333333334 0.3802083333333333 0.16927083333333334 0.3802083333333333 0.17317708333333334 0.3776041666666667 0.17578125 0.3736979166666667 0.17578125 0.3697916666666667 0.171875 0.3697916666666667 0.16666666666666666 0.3658854166666667 0.16145833333333334 0.3658854166666667 0.14973958333333334 0.3684895833333333 0.14322916666666666
3 0.6002604166666666 0.3567708333333333 0.6028645833333334 0.3567708333333333 0.6041666666666666 0.3606770833333333 0.6015625 0.3776041666666667 0.59765625 0.37890625 0.5950520833333334 0.3763020833333333 0.5963541666666666 0.3645833333333333 0.6002604166666666 0.3580729166666667
3 0.4796875 0.49722222265625 0.484375 0.49583333333333335 0.48593749999999997 0.4805555559895833 0.48046875 0.47222222265625 0.47734375 0.47361111067708334 0.47421874999999997 0.4791666666666667 0.47500000000000003 0.48888888932291663 0.4796875 0.49722222265625
3 0.42265625 0.74027777734375 0.42109375 0.75 0.4265625 0.7583333333333333 0.43124999999999997 0.7583333333333333 0.42890625 0.7416666666666667 0.42265625 0.74027777734375
3 0.49062500000000003 0.75972222265625 0.49062500000000003 0.7444444440104167 0.48515625 0.7430555559895833 0.48515625 0.7569444440104167 0.49062500000000003 0.75972222265625
0 0.81484375 0.58472222265625 0.8140625 0.5430555559895833 0.8156249999999999 0.52777777734375 0.82578125 0.49583333333333335 0.8375 0.4763888893229167 0.8546874999999999 0.4611111106770833 0.98046875 0.46249999999999997 0.98046875 0.45555555598958336 0.85546875 0.45416666666666666 0.8312499999999999 0.4763888893229167 0.8132812500000001 0.5208333333333334 0.81015625 0.5763888893229167 0.8140625 0.6013888893229167 0.8273437499999999 0.6361111106770834 0.84140625 0.6541666666666667 0.8562500000000001 0.6638888893229167 0.8718750000000001 0.6666666666666666 0.94296875 0.6694444440104167 0.9483348502604166 0.6654277148437501 0.8546874999999999 0.6569444440104167 0.83984375 0.6444444440104167 0.821875 0.6124999999999999 0.81484375 0.58472222265625
0 0 0.6319444440104166 0.0984375 0.6333333333333333 0.1265625 0.6055555559895833 0.1390625 0.57777777734375 0.13671875 0.5708333333333333 0.12812500000000002 0.5958333333333333 0.11328125 0.6166666666666667 0.09921875000000001 0.62777777734375 0 0.6263888893229167 0 0.6319444440104166
0 0 0.4236111106770833 0.08984375 0.425 0.11328125 0.43888888932291664 0.13125 0.4694444440104167 0.1390625 0.49583333333333335 0.140625 0.5291666666666667 0.14531249999999998 0.5305555559895833 0.13984375000000002 0.48194444401041664 0.13046875 0.4569444440104167 0.1140625 0.43333333333333335 0.09296875 0.42083333333333334 0.01875 0.4166666666666667 0 0.4166666666666667 0 0.4236111106770833
2 0.4778645833333333 0.515625 0.48046875 0.5208333333333334 0.48046875 0.5794270833333334 0.4752604166666667 0.8645833333333334 0.4765625 0.8802083333333334 0.4752604166666667 0.9544270833333334 0.4739583333333333 0.9609375 0.47265625 0.9596354166666666 0.4713541666666667 0.94140625 0.4778645833333333 0.5169270833333334