1 0.3359375 0.6013888893229167 0.33437500000000003 0.5986111106770834 0.33125 0.5986111106770834 0.33125 0.6055555559895833 0.33515625 0.6055555559895833 0.3359375 0.6013888893229167
0 0 0.4114583333333333 0.016927083333333332 0.41015625 0.08203125 0.4127604166666667 0.09635416666666667 0.4166666666666667 0.11588541666666667 0.4348958333333333 0.12630208333333334 0.453125 0.13671875 0.4869791666666667 0.13932291666666666 0.5143229166666666 0.13802083333333334 0.5481770833333334 0.13411458333333334 0.5677083333333334 0.12630208333333334 0.5885416666666666 0.11588541666666667 0.6067708333333334 0.10677083333333333 0.6158854166666666 0.09244791666666667 0.6236979166666666 0.09114583333333333 0.6263020833333334 0.08463541666666667 0.6276041666666666 0.0390625 0.6263020833333334 0.037760416666666664 0.6236979166666666 0 0.6236979166666666 0 0.6184895833333334 0.08723958333333333 0.62109375 0.09895833333333333 0.6158854166666666 0.10807291666666667 0.6080729166666666 0.12369791666666667 0.5846354166666666 0.13541666666666666 0.5455729166666666 0.13541666666666666 0.5026041666666666 0.12760416666666666 0.4674479166666667 0.11197916666666667 0.4375 0.10286458333333333 0.4283854166666667 0.08463541666666667 0.4192708333333333 0.010416666666666666 0.41796875 0.009114583333333334 0.4153645833333333 0 0.41796875 0 0.4127604166666667
0 0.8203125 0.63671875 0.80859375 0.6145833333333334 0.80078125 0.5872395833333334 0.80078125 0.5208333333333334 0.8072916666666666 0.4947916666666667 0.8190104166666666 0.4713541666666667 0.8359375 0.453125 0.8528645833333334 0.4466145833333333 0.96484375 0.4505208333333333 0.9661458333333334 0.4544270833333333 0.9401041666666666 0.4557291666666667 0.8515625 0.4518229166666667 0.83984375 0.45703125 0.8255208333333334 0.4700520833333333 0.8111979166666666 0.4947916666666667 0.8020833333333334 0.5338541666666666 0.8033854166666666 0.5846354166666666 0.8111979166666666 0.6106770833333334 0.8190104166666666 0.6263020833333334 0.83203125 0.6419270833333334 0.83984375 0.6484375 0.8489583333333334 0.65234375 0.9596354166666666 0.6575520833333334 0.9635416666666666 0.6588541666666666 0.9635416666666666 0.6614583333333334 0.9049479166666666 0.6614583333333334 0.84765625 0.6575520833333334 0.8307291666666666 0.6484375 0.8307291666666666 0.6458333333333334 0.8216145833333334 0.63671875
2 0.4739583333333333 0.12109375 0.4739583333333333 0.41796875 0.4713541666666667 0.4479166666666667 0.4713541666666667 0.6341145833333334 0.4700520833333333 0.7395833333333334 0.4674479166666667 0.77734375 0.4661458333333333 0.9466145833333334 0.4635416666666667 0.9479166666666666 0.4635416666666667 0.8567708333333334 0.46484375 0.7421875 0.4674479166666667 0.703125 0.4700520833333333 0.4752604166666667 0.46875 0.44140625 0.4713541666666667 0.3932291666666667 0.4700520833333333 0.3515625 0.47265625 0.12239583333333333
3 0.3424479166666667 0.53125 0.3450520833333333 0.53515625 0.3463541666666667 0.546875 0.3489583333333333 0.5494791666666666 0.3489583333333333 0.5533854166666666 0.3450520833333333 0.5559895833333334 0.3411458333333333 0.5546875 0.3372395833333333 0.5481770833333334 0.3385416666666667 0.5325520833333334 0.3411458333333333 0.53125
3 0.3131510416666667 0.587890625 0.012369791666666666 0.0234375
3 0.3723958333333333 0.23567708333333334 0.3776041666666667 0.24088541666666666 0.3776041666666667 0.2604166666666667 0.375 0.2604166666666667 0.3736979166666667 0.2526041666666667 0.3671875 0.2421875 0.37109375 0.23697916666666666
3 0.3138020833333333 0.67578125 0.3151041666666667 0.69140625 0.3111979166666667 0.6953125 0.3072916666666667 0.6940104166666666 0.3020833333333333 0.6861979166666666 0.3046875 0.6783854166666666 0.3125 0.6770833333333334
3 0.3216145833333333 0.5013020833333334 0.015625 0.022135416666666668
3 0.2760416666666667 0.83984375 0.2799479166666667 0.84765625 0.2786458333333333 0.8606770833333334 0.2721354166666667 0.86328125 0.26953125 0.85546875 0.2721354166666667 0.8450520833333334 0.2760416666666667 0.8411458333333334
3 0.36328125 0.7916666666666666 0.3697916666666667 0.7916666666666666 0.3697916666666667 0.8072916666666666 0.3658854166666667 0.8098958333333334 0.3645833333333333 0.8072916666666666 0.3580729166666667 0.8046875 0.359375 0.7955729166666666 0.36328125 0.79296875
3 0.7526041666666666 0.5026041666666666 0.7552083333333334 0.5026041666666666 0.7604166666666666 0.51171875 0.7591145833333334 0.5260416666666666 0.75390625 0.5247395833333334 0.74609375 0.51171875 0.74609375 0.5078125 0.7513020833333334 0.5065104166666666 0.7526041666666666 0.50390625
3 0.23307291666666666 0.21484375 0.2421875 0.2265625 0.23958333333333334 0.23567708333333334 0.22916666666666666 0.22526041666666666 0.22916666666666666 0.21614583333333334 0.23177083333333334 0.21484375
3 0.3893229166666667 0.5091145833333334 0.39453125 0.5182291666666666 0.39453125 0.5247395833333334 0.3919270833333333 0.52734375 0.38671875 0.5260416666666666 0.3854166666666667 0.5234375 0.3854166666666667 0.5104166666666666 0.3880208333333333 0.5091145833333334
3 0.375 0.38671875 0.3815104166666667 0.3854166666666667 0.38671875 0.390625 0.38671875 0.4036458333333333 0.3841145833333333 0.4075520833333333 0.37890625 0.4075520833333333 0.3736979166666667 0.40234375 0.375 0.3880208333333333
3 0.10546875 0.4518229166666667 0.11197916666666667 0.4505208333333333 0.11848958333333333 0.4544270833333333 0.11848958333333333 0.4661458333333333 0.109375 0.46875 0.10546875 0.46484375 0.10546875 0.453125