1 0.471875 0.5388888893229167 0.4734375 0.5416666666666666 0.47500000000000003 0.5416666666666666 0.4765625 0.5388888893229167 0.4765625 0.5361111106770834 0.47578125 0.5333333333333333 0.4734375 0.5319444440104167 0.471875 0.53472222265625 0.471875 0.5388888893229167
0 0 0.42578125 0.09895833333333333 0.4283854166666667 0.11328125 0.4348958333333333 0.12760416666666666 0.4505208333333333 0.13541666666666666 0.4635416666666667 0.14583333333333334 0.4934895833333333 0.14973958333333334 0.51953125 0.14713541666666666 0.5690104166666666 0.14322916666666666 0.578125 0.14192708333333334 0.5885416666666666 0.13411458333333334 0.6067708333333334 0.11848958333333333 0.6276041666666666 0.10026041666666667 0.6380208333333334 0.045572916666666664 0.6380208333333334 0 0.6354166666666666 0 0.6302083333333334 0.09635416666666667 0.6328125 0.109375 0.6276041666666666 0.125 0.6119791666666666 0.13671875 0.58984375 0.14322916666666666 0.5690104166666666 0.14713541666666666 0.5299479166666666 0.14322916666666666 0.4973958333333333 0.13671875 0.4817708333333333 0.13541666666666666 0.47265625 0.125 0.4544270833333333 0.11197916666666667 0.44140625 0.10546875 0.4388020833333333 0.10416666666666667 0.4361979166666667 0.09505208333333333 0.43359375 0 0.4309895833333333 0 0.4270833333333333
0 0.9127604166666666 0.453125 0.96875 0.4557291666666667 0.9700520833333334 0.4609375 0.9674479166666666 0.4622395833333333 0.8541666666666666 0.4596354166666667 0.83984375 0.4661458333333333 0.8294270833333334 0.4752604166666667 0.8151041666666666 0.4986979166666667 0.8072916666666666 0.52734375 0.8072916666666666 0.5911458333333334 0.8151041666666666 0.6158854166666666 0.8229166666666666 0.6315104166666666 0.8307291666666666 0.6419270833333334 0.84375 0.6536458333333334 0.86328125 0.6588541666666666 0.9635416666666666 0.6614583333333334 0.9661458333333334 0.6627604166666666 0.9661458333333334 0.6653645833333334 0.8619791666666666 0.6640625 0.8489583333333334 0.6614583333333334 0.8385416666666666 0.65625 0.828125 0.6471354166666666 0.81640625 0.6302083333333334 0.80859375 0.609375 0.8033854166666666 0.5846354166666666 0.8033854166666666 0.53515625 0.80859375 0.5078125 0.8229166666666666 0.4765625 0.8411458333333334 0.4583333333333333 0.8528645833333334 0.453125 0.9114583333333334 0.453125
2 0.4765625 0.4700520833333333 0.4778645833333333 0.6432291666666666 0.4752604166666667 0.6614583333333334 0.4752604166666667 0.8723958333333334 0.4739583333333333 0.953125 0.4700520833333333 0.9518229166666666 0.4739583333333333 0.6549479166666666 0.47265625 0.6276041666666666 0.4752604166666667 0.5638020833333334 0.4739583333333333 0.4765625 0.4765625 0.4713541666666667
3 0.515625 0.7604166666666666 0.51171875 0.7473958333333334 0.51171875 0.7408854166666666 0.515625 0.7330729166666666 0.5182291666666666 0.734375 0.5208333333333334 0.74609375 0.5208333333333334 0.7565104166666666 0.5169270833333334 0.7604166666666666
3 0.4947916666666667 0.6197916666666666 0.4986979166666667 0.6236979166666666 0.4986979166666667 0.63671875 0.4947916666666667 0.6393229166666666 0.4921875 0.6341145833333334 0.4947916666666667 0.62109375
3 0.453125 0.2578125 0.44921875 0.24348958333333334 0.4557291666666667 0.23958333333333334 0.4596354166666667 0.2421875 0.4622395833333333 0.2565104166666667 0.4596354166666667 0.2604166666666667 0.4557291666666667 0.2604166666666667 0.4544270833333333 0.2578125
3 0.5651041666666666 0.55859375 0.5690104166666666 0.5625 0.5677083333333334 0.5768229166666666 0.5625 0.5755208333333334 0.5611979166666666 0.5598958333333334 0.5638020833333334 0.55859375
3 0.41796875 0.5872395833333334 0.421875 0.5872395833333334 0.4244791666666667 0.5924479166666666 0.4244791666666667 0.6002604166666666 0.4231770833333333 0.6028645833333334 0.4205729166666667 0.6028645833333334 0.41796875 0.6002604166666666 0.41796875 0.5885416666666666
3 0.5364583333333334 0.23697916666666666 0.5416666666666666 0.2421875 0.5416666666666666 0.2578125 0.5390625 0.2604166666666667 0.53515625 0.2578125 0.53515625 0.23828125
3 0.4401041666666667 0.3984375 0.009114583333333334 0.016927083333333332
3 0.3723958333333333 0.3177083333333333 0.3763020833333333 0.3229166666666667 0.375 0.3346354166666667 0.37109375 0.3346354166666667 0.3671875 0.3294270833333333 0.37109375 0.3190104166666667
3 0.4010416666666667 0.8033854166666666 0.4036458333333333 0.8046875 0.40625 0.8190104166666666 0.4049479166666667 0.8268229166666666 0.3984375 0.8203125 0.4010416666666667 0.8046875
3 0.6790364583333334 0.595703125 0.01171875 0.022135416666666668
3 0.5221354166666666 0.4609375 0.5234375 0.45703125 0.5286458333333334 0.453125 0.5325520833333334 0.4583333333333333 0.5325520833333334 0.4713541666666667 0.5286458333333334 0.47265625 0.5234375 0.4622395833333333
3 0.48046875 0.44166666666666665 0.4734375 0.44027777734375 0.47031249999999997 0.4458333333333333 0.46953125 0.45277777734375 0.4734375 0.46249999999999997 0.48281250000000003 0.45972222265625 0.48046875 0.44166666666666665