1 0.8171875000000001 0.8125 0.81484375 0.8138888893229167 0.81640625 0.8194444440104167 0.81875 0.8166666666666668 0.8171875000000001 0.8125
0 0.84375 0.6625 0.87109375 0.6680555559895834 0.9671875 0.6708333333333334 0.9421875000000001 0.6638888893229167 0.8507812499999999 0.65972222265625 0.8250000000000001 0.6361111106770834 0.8203125 0.6263888893229167 0.81640625 0.62777777734375 0.81015625 0.5916666666666667 0.80703125 0.5875 0.80703125 0.6013888893229167 0.8132812500000001 0.6236111106770833 0.83046875 0.6513888893229166 0.84375 0.6625
0 0.81484375 0.5055555559895833 0.828125 0.4805555559895833 0.8453125 0.46388888932291666 0.97265625 0.46249999999999997 0.97109375 0.4583333333333333 0.90234375 0.45555555598958336 0.859375 0.45416666666666666 0.8453125 0.4583333333333333 0.8296875 0.4708333333333334 0.8156249999999999 0.49305555598958334 0.80703125 0.5180555559895833 0.803125 0.5416666666666666 0.8039062499999999 0.5583333333333333 0.80859375 0.5458333333333333 0.80859375 0.52777777734375 0.81484375 0.5055555559895833
0 0 0.425 0.10078125 0.4319444440104167 0.1125 0.44027777734375 0.13359374999999998 0.47222222265625 0.1265625 0.4513888893229167 0.09921875000000001 0.425 0.03125 0.42083333333333334 0 0.42083333333333334 0 0.425
0 0 0.6333333333333333 0.09218749999999999 0.6361111106770834 0.109375 0.62777777734375 0.125 0.60972222265625 0.140625 0.57222222265625 0.14531249999999998 0.5305555559895833 0.1421875 0.52777777734375 0.14375000000000002 0.5125000000000001 0.13984375000000002 0.5111111106770834 0.1421875 0.52222222265625 0.13828125 0.5638888893229167 0.12968749999999998 0.5916666666666667 0.11328125 0.6166666666666667 0.09218749999999999 0.6305555559895833 0 0.62777777734375 0 0.6333333333333333
2 0.47265625 0.63472222265625 0.46875 0.85972222265625 0.46640624999999997 0.86527777734375 0.46875 0.9569444440104166 0.471875 0.9458333333333333 0.47500000000000003 0.7430555559895833 0.47812499999999997 0.4569444440104167 0.47812499999999997 0.3136111106770833 0.47578125 0.30416666666666664 0.47890625000000003 0.29722222265625003 0.48046875 0.13611111067708334 0.4765625 0.15277777734375 0.4765625 0.25 0.47890625000000003 0.2611111106770833 0.47578125 0.26527777734374997 0.47265625 0.63472222265625
3 0.73828125 0.35546875 0.7369791666666666 0.3515625 0.7330729166666666 0.3489583333333333 0.7317708333333334 0.3424479166666667 0.7408854166666666 0.3372395833333333 0.74609375 0.3385416666666667 0.74609375 0.3463541666666667 0.7434895833333334 0.35546875 0.7395833333333334 0.35546875
3 0.8111979166666666 0.55078125 0.8151041666666666 0.55078125 0.8177083333333334 0.5546875 0.82421875 0.5546875 0.8294270833333334 0.5651041666666666 0.828125 0.5755208333333334 0.8177083333333334 0.5755208333333334 0.8151041666666666 0.5716145833333334 0.8111979166666666 0.5520833333333334
3 0.6341145833333334 0.7890625 0.6432291666666666 0.7877604166666666 0.6458333333333334 0.7994791666666666 0.6458333333333334 0.8072916666666666 0.640625 0.80859375 0.63671875 0.8046875 0.6341145833333334 0.7903645833333334
3 0.5052083333333334 0.8111979166666666 0.009114583333333334 0.022135416666666668
3 0.7890625 0.6158854166666666 0.79296875 0.6184895833333334 0.8033854166666666 0.6380208333333334 0.8020833333333334 0.64453125 0.79296875 0.6419270833333334 0.7890625 0.6354166666666666 0.7890625 0.6171875
3 0.6510416666666666 0.6041666666666666 0.6549479166666666 0.6041666666666666 0.6575520833333334 0.609375 0.6575520833333334 0.62109375 0.65234375 0.6236979166666666 0.6484375 0.6184895833333334 0.6484375 0.6106770833333334 0.6510416666666666 0.60546875
3 0.3776041666666667 0.72265625 0.3815104166666667 0.7317708333333334 0.3776041666666667 0.7421875 0.3736979166666667 0.7408854166666666 0.3723958333333333 0.7356770833333334 0.3723958333333333 0.7265625 0.3763020833333333 0.72265625
3 0.8841145833333334 0.6041666666666666 0.890625 0.6106770833333334 0.9049479166666666 0.6080729166666666 0.90625 0.6119791666666666 0.9049479166666666 0.6184895833333334 0.8971354166666666 0.6223958333333334 0.88671875 0.6223958333333334 0.8815104166666666 0.6106770833333334 0.8841145833333334 0.60546875
3 0.3248697916666667 0.2708333333333333 0.011067708333333334 0.022135416666666668
3 0.521484375 0.46875 0.013020833333333334 0.026692708333333332
3 0.13020833333333334 0.47265625 0.13411458333333334 0.4765625 0.1328125 0.4895833333333333 0.12369791666666667 0.48828125 0.11979166666666667 0.4817708333333333 0.12109375 0.4739583333333333 0.12369791666666667 0.4713541666666667 0.12890625 0.47265625
3 0.6302083333333334 0.5377604166666666 0.6302083333333334 0.5559895833333334 0.6197916666666666 0.55078125 0.6197916666666666 0.5390625 0.62890625 0.5377604166666666