1 0.48359375 0.3888888893229167 0.48515625 0.3888888893229167 0.48671875000000003 0.38472222265624995 0.48671875000000003 0.37916666666666665 0.48515625 0.37638888932291664 0.48203124999999997 0.37916666666666665 0.48203124999999997 0.38472222265624995 0.48359375 0.3888888893229167
0 0.9856770833333334 0.4166666666666667 0.9986979166666666 0.4166666666666667 0.9986979166666666 0.4244791666666667 0.9921875 0.4231770833333333 0.9075520833333334 0.4270833333333333 0.89453125 0.4322916666666667 0.8880208333333334 0.4375 0.875 0.4544270833333333 0.8619791666666666 0.4869791666666667 0.8580729166666666 0.5130208333333334 0.8580729166666666 0.5481770833333334 0.86328125 0.57421875 0.8697916666666666 0.5924479166666666 0.87890625 0.6080729166666666 0.9010416666666666 0.6276041666666666 0.9075520833333334 0.6302083333333334 0.92578125 0.6302083333333334 0.9934895833333334 0.6276041666666666 0.9947916666666666 0.625 0.9986979166666666 0.625 0.9986979166666666 0.6328125 0.90625 0.6354166666666666 0.8880208333333334 0.6263020833333334 0.875 0.6106770833333334 0.8645833333333334 0.5911458333333334 0.8567708333333334 0.5651041666666666 0.8541666666666666 0.5325520833333334 0.8567708333333334 0.4947916666666667 0.8645833333333334 0.4661458333333333 0.875 0.4466145833333333 0.8893229166666666 0.4296875 0.9049479166666666 0.421875 0.9856770833333334 0.41796875
0 0.140625 0.4518229166666667 0.15234375 0.45703125 0.17057291666666666 0.4765625 0.17838541666666666 0.4908854166666667 0.18619791666666666 0.515625 0.19010416666666666 0.5442708333333334 0.19010416666666666 0.57421875 0.18359375 0.6106770833333334 0.17447916666666666 0.6328125 0.15494791666666666 0.65625 0.140625 0.6627604166666666 0.0625 0.6653645833333334 0.061197916666666664 0.66796875 0.041666666666666664 0.6692708333333334 0.024739583333333332 0.66796875 0.024739583333333332 0.6627604166666666 0.032552083333333336 0.6640625 0.052083333333333336 0.6614583333333334 0.125 0.66015625 0.14453125 0.65625 0.15494791666666666 0.6497395833333334 0.171875 0.62890625 0.1796875 0.6106770833333334 0.1875 0.5716145833333334 0.18619791666666666 0.53515625 0.18359375 0.5182291666666666 0.17708333333333334 0.50390625 0.17578125 0.4947916666666667 0.16145833333333334 0.47265625 0.15104166666666666 0.4635416666666667 0.140625 0.4596354166666667 0.13932291666666666 0.45703125 0.0234375 0.4609375 0.020833333333333332 0.4596354166666667 0.020833333333333332 0.4544270833333333 0.13932291666666666 0.4518229166666667
2 0.5169270833333334 0.125 0.51953125 0.14322916666666666 0.5182291666666666 0.16145833333333334 0.5234375 0.51953125 0.5234375 0.5390625 0.5208333333333334 0.546875 0.51953125 0.5390625 0.51953125 0.4479166666666667 0.5169270833333334 0.4140625 0.51953125 0.4036458333333333 0.5169270833333334 0.33984375 0.5169270833333334 0.12630208333333334
3 0.53125 0.5260416666666666 0.53515625 0.5260416666666666 0.5377604166666666 0.5299479166666666 0.5377604166666666 0.5455729166666666 0.53515625 0.55078125 0.53125 0.5520833333333334 0.5286458333333334 0.55078125 0.52734375 0.5455729166666666 0.52734375 0.5338541666666666 0.53125 0.52734375
3 0.4765625 0.19661458333333334 0.4791666666666667 0.20052083333333334 0.4791666666666667 0.20572916666666666 0.4752604166666667 0.22135416666666666 0.47265625 0.22265625 0.4700520833333333 0.22005208333333334 0.46875 0.203125 0.4700520833333333 0.19921875 0.4752604166666667 0.19661458333333334
3 0.5078125 0.3919270833333333 0.51171875 0.3958333333333333 0.5130208333333334 0.40234375 0.5104166666666666 0.4140625 0.5065104166666666 0.4153645833333333 0.50390625 0.4127604166666667 0.50390625 0.3997395833333333 0.5065104166666666 0.3932291666666667
3 0.71875 0.734375 0.7265625 0.7434895833333334 0.7252604166666666 0.7526041666666666 0.71875 0.7565104166666666 0.7161458333333334 0.7552083333333334 0.7122395833333334 0.7447916666666666 0.7174479166666666 0.7408854166666666 0.71875 0.7356770833333334
3 0.4973958333333333 0.7408854166666666 0.50390625 0.7578125 0.50390625 0.7630208333333334 0.5013020833333334 0.765625 0.5013020833333334 0.7799479166666666 0.4934895833333333 0.78125 0.4934895833333333 0.7604166666666666 0.49609375 0.7565104166666666 0.4973958333333333 0.7421875
3 0.6048177083333334 0.54296875 0.009114583333333334 0.016927083333333332
3 0.56640625 0.6002604166666666 0.5677083333333334 0.6158854166666666 0.5638020833333334 0.6197916666666666 0.5598958333333334 0.6171875 0.5598958333333334 0.609375 0.5625 0.6015625 0.5651041666666666 0.6002604166666666
3 0.4283854166666667 0.42578125 0.43359375 0.4309895833333333 0.4322916666666667 0.44921875 0.42578125 0.44921875 0.4244791666666667 0.4466145833333333 0.4270833333333333 0.4270833333333333
3 0.3971354166666667 0.7109375 0.012369791666666666 0.022135416666666668
3 0.83984375 0.5520833333333334 0.8424479166666666 0.5533854166666666 0.8424479166666666 0.5677083333333334 0.8372395833333334 0.5703125 0.8333333333333334 0.5690104166666666 0.8307291666666666 0.5716145833333334 0.8268229166666666 0.5716145833333334 0.82421875 0.5690104166666666 0.8255208333333334 0.5611979166666666 0.8385416666666666 0.5520833333333334
3 0.5481770833333334 0.796875 0.55078125 0.8098958333333334 0.5494791666666666 0.82421875 0.5442708333333334 0.8359375 0.5403645833333334 0.8346354166666666 0.5390625 0.8268229166666666 0.5403645833333334 0.8151041666666666 0.5481770833333334 0.7981770833333334
3 0.640625 0.26805555598958336 0.640625 0.2694444440104167 0.64609375 0.2694444440104167 0.6476562499999999 0.26805555598958336 0.6484375 0.26527777734374997 0.6484375 0.2625 0.6476562499999999 0.2611111106770833 0.6390625 0.2611111106770833 0.6390625 0.26527777734374997 0.640625 0.26805555598958336