1 0.6960937500000001 0.30277777734375 0.696875 0.30555555598958334 0.70078125 0.30555555598958334 0.7015625 0.30416666666666664 0.7015625 0.3 0.7000000000000001 0.29722222265625003 0.69921875 0.29861111067708335 0.696875 0.29861111067708335 0.6960937500000001 0.30277777734375
0 0.9986979166666666 0.4309895833333333 0.9986979166666666 0.4388020833333333 0.91796875 0.4401041666666667 0.9036458333333334 0.4440104166666667 0.88671875 0.4583333333333333 0.87109375 0.4869791666666667 0.86328125 0.5247395833333334 0.86328125 0.5611979166666666 0.8736979166666666 0.6002604166666666 0.890625 0.6276041666666666 0.8958333333333334 0.6328125 0.91015625 0.640625 0.96875 0.640625 0.9986979166666666 0.6380208333333334 0.9986979166666666 0.64453125 0.9739583333333334 0.64453125 0.97265625 0.6471354166666666 0.9309895833333334 0.6484375 0.91015625 0.6471354166666666 0.9088541666666666 0.64453125 0.8958333333333334 0.6393229166666666 0.8828125 0.6263020833333334 0.87109375 0.60546875 0.8645833333333334 0.5859375 0.8606770833333334 0.5611979166666666 0.8606770833333334 0.5234375 0.8645833333333334 0.4947916666666667 0.8671875 0.4921875 0.87109375 0.4765625 0.8828125 0.4557291666666667 0.8880208333333334 0.44921875 0.9049479166666666 0.4361979166666667 0.91796875 0.43359375 0.9973958333333334 0.4309895833333333
0 0.14453125 0.4622395833333333 0.15364583333333334 0.4635416666666667 0.17057291666666666 0.4739583333333333 0.18229166666666666 0.4895833333333333 0.19140625 0.5091145833333334 0.19791666666666666 0.5338541666666666 0.19791666666666666 0.6067708333333334 0.18229166666666666 0.6471354166666666 0.16015625 0.6692708333333334 0.15104166666666666 0.6731770833333334 0.04296875 0.6783854166666666 0.03515625 0.6770833333333334 0.03515625 0.6731770833333334 0.11979166666666667 0.6705729166666666 0.13541666666666666 0.6692708333333334 0.13671875 0.6666666666666666 0.15104166666666666 0.6666666666666666 0.171875 0.65234375 0.1875 0.6263020833333334 0.19661458333333334 0.5885416666666666 0.1953125 0.5364583333333334 0.18359375 0.5 0.16796875 0.4791666666666667 0.16015625 0.47265625 0.1484375 0.4674479166666667 0.032552083333333336 0.4700520833333333 0.032552083333333336 0.4661458333333333 0.03515625 0.46484375 0.14322916666666666 0.4622395833333333
2 0.5247395833333334 0.3125 0.5286458333333334 0.3177083333333333 0.52734375 0.3255208333333333 0.5299479166666666 0.3450520833333333 0.5299479166666666 0.5611979166666666 0.5325520833333334 0.6432291666666666 0.53125 0.7109375 0.5338541666666666 0.734375 0.53515625 0.8502604166666666 0.53515625 0.9661458333333334 0.5325520833333334 0.96484375 0.53125 0.9427083333333334 0.53125 0.7747395833333334 0.5286458333333334 0.7356770833333334 0.52734375 0.6432291666666666 0.52734375 0.3528645833333333 0.5247395833333334 0.3411458333333333 0.5247395833333334 0.3268229166666667 0.52734375 0.32421875 0.5247395833333334 0.3216145833333333 0.5247395833333334 0.3138020833333333
3 0.3372395833333333 0.578125 0.3372395833333333 0.5716145833333334 0.3411458333333333 0.5677083333333334 0.34765625 0.5677083333333334 0.3502604166666667 0.5768229166666666 0.3450520833333333 0.58203125 0.3385416666666667 0.578125
3 0.43359375 0.3020833333333333 0.4361979166666667 0.3111979166666667 0.43359375 0.3190104166666667 0.4296875 0.3177083333333333 0.4296875 0.3033854166666667 0.4322916666666667 0.3020833333333333
3 0.4713541666666667 0.8684895833333334 0.47265625 0.88671875 0.4700520833333333 0.8919270833333334 0.4661458333333333 0.890625 0.4661458333333333 0.87109375 0.4700520833333333 0.8684895833333334
3 0.5598958333333334 0.22135416666666666 0.5638020833333334 0.22005208333333334 0.56640625 0.22395833333333334 0.5651041666666666 0.234375 0.5598958333333334 0.23958333333333334 0.5598958333333334 0.22265625
3 0.3723958333333333 0.6380208333333334 0.37890625 0.6380208333333334 0.3802083333333333 0.640625 0.3802083333333333 0.6510416666666666 0.37890625 0.6549479166666666 0.375 0.65625 0.37109375 0.6510416666666666 0.3723958333333333 0.6393229166666666
3 0.53125 0.296875 0.5338541666666666 0.2981770833333333 0.5338541666666666 0.3151041666666667 0.53125 0.3203125 0.5286458333333334 0.3203125 0.52734375 0.3138020833333333 0.52734375 0.3072916666666667 0.53125 0.2981770833333333
3 0.4127604166666667 0.7057291666666666 0.4153645833333333 0.7161458333333334 0.41015625 0.7278645833333334 0.40625 0.7265625 0.4036458333333333 0.71875 0.4036458333333333 0.70703125 0.4114583333333333 0.7057291666666666
3 0.4583333333333333 0.3893229166666667 0.4635416666666667 0.3932291666666667 0.46484375 0.3984375 0.46484375 0.4088541666666667 0.4596354166666667 0.4205729166666667 0.4557291666666667 0.41796875 0.453125 0.41015625 0.453125 0.3958333333333333 0.45703125 0.390625
3 0.5078125 0.47265625 0.51171875 0.4739583333333333 0.51171875 0.4869791666666667 0.5104166666666666 0.4921875 0.5078125 0.4934895833333333 0.5052083333333334 0.4921875 0.50390625 0.4817708333333333 0.5078125 0.4739583333333333
3 0.21744791666666666 0.4505208333333333 0.21875 0.4635416666666667 0.21223958333333334 0.4700520833333333 0.20833333333333334 0.46875 0.20572916666666666 0.45703125 0.2109375 0.44921875 0.21614583333333334 0.4505208333333333
3 0.3059895833333333 0.2825520833333333 0.3098958333333333 0.2825520833333333 0.3190104166666667 0.2942708333333333 0.31640625 0.3033854166666667 0.3098958333333333 0.3059895833333333 0.3059895833333333 0.30078125 0.3059895833333333 0.2838541666666667
3 0.7005208333333334 0.27734375 0.70703125 0.2825520833333333 0.70703125 0.2877604166666667 0.703125 0.2955729166666667 0.7018229166666666 0.3046875 0.69921875 0.3059895833333333 0.6953125 0.3033854166666667 0.6966145833333334 0.2786458333333333 0.69921875 0.27734375