1 0.4453125 0.65972222265625 0.44609375 0.65972222265625 0.44765625000000003 0.6569444440104167 0.44765625000000003 0.6541666666666667 0.44609375 0.6513888893229166 0.44375000000000003 0.65277777734375 0.44375000000000003 0.6583333333333333 0.4453125 0.65972222265625
0 0.96875 0.4388020833333333 0.9661458333333334 0.4361979166666667 0.96484375 0.4388020833333333 0.9036458333333334 0.4401041666666667 0.8919270833333334 0.4440104166666667 0.875 0.4583333333333333 0.86328125 0.4791666666666667 0.85546875 0.5052083333333334 0.8541666666666666 0.5651041666666666 0.859375 0.5872395833333334 0.8619791666666666 0.58984375 0.8671875 0.6067708333333334 0.8815104166666666 0.6263020833333334 0.8932291666666666 0.6354166666666666 0.9049479166666666 0.6393229166666666 0.9986979166666666 0.63671875 0.9986979166666666 0.6419270833333334 0.9075520833333334 0.64453125 0.8984375 0.6432291666666666 0.88671875 0.6380208333333334 0.875 0.6276041666666666 0.8619791666666666 0.60546875 0.8528645833333334 0.5768229166666666 0.8489583333333334 0.5442708333333334 0.8515625 0.5091145833333334 0.859375 0.4791666666666667 0.8723958333333334 0.4544270833333333 0.8841145833333334 0.4427083333333333 0.8919270833333334 0.4361979166666667 0.91015625 0.4322916666666667 0.9986979166666666 0.4309895833333333 0.9986979166666666 0.4361979166666667 0.96875 0.4375
0 0.08723958333333333 0.4583333333333333 0.14322916666666666 0.4583333333333333 0.14453125 0.4609375 0.15104166666666666 0.4622395833333333 0.16276041666666666 0.4700520833333333 0.17057291666666666 0.4791666666666667 0.171875 0.484375 0.17447916666666666 0.4856770833333333 0.18229166666666666 0.5 0.19010416666666666 0.5260416666666666 0.19270833333333334 0.546875 0.19140625 0.5963541666666666 0.18619791666666666 0.6171875 0.17838541666666666 0.63671875 0.171875 0.64453125 0.17057291666666666 0.6497395833333334 0.16145833333333334 0.6588541666666666 0.1484375 0.6653645833333334 0.14713541666666666 0.66796875 0.13671875 0.6705729166666666 0.033854166666666664 0.6744791666666666 0.02734375 0.6731770833333334 0.028645833333333332 0.6692708333333334 0.040364583333333336 0.6692708333333334 0.041666666666666664 0.6666666666666666 0.14453125 0.6627604166666666 0.15494791666666666 0.6575520833333334 0.16536458333333334 0.6471354166666666 0.17578125 0.6328125 0.18359375 0.6145833333333334 0.18880208333333334 0.5924479166666666 0.19140625 0.5611979166666666 0.18880208333333334 0.53515625 0.18359375 0.5130208333333334 0.17708333333333334 0.5026041666666666 0.17708333333333334 0.4986979166666667 0.15885416666666666 0.4739583333333333 0.14322916666666666 0.46484375 0.024739583333333332 0.4661458333333333 0.026041666666666668 0.4622395833333333 0.03515625 0.4609375 0.08723958333333333 0.4596354166666667
2 0.5208333333333334 0.4270833333333333 0.52734375 0.84375 0.52734375 0.9596354166666666 0.5247395833333334 0.9622395833333334 0.5234375 0.9453125 0.5247395833333334 0.9049479166666666 0.51953125 0.5677083333333334 0.5208333333333334 0.4283854166666667
3 0.54296875 0.24479166666666666 0.546875 0.25 0.5455729166666666 0.2604166666666667 0.54296875 0.2643229166666667 0.5403645833333334 0.2630208333333333 0.5416666666666666 0.24609375
3 0.37890625 0.2604166666666667 0.3815104166666667 0.26171875 0.38671875 0.2734375 0.3828125 0.2838541666666667 0.37890625 0.28515625 0.3763020833333333 0.2799479166666667 0.3776041666666667 0.26171875
3 0.3645833333333333 0.5247395833333334 0.3776041666666667 0.5260416666666666 0.3684895833333333 0.54296875 0.3645833333333333 0.5403645833333334 0.36328125 0.53515625 0.3645833333333333 0.5260416666666666
3 0.5182291666666666 0.3190104166666667 0.5221354166666666 0.3216145833333333 0.5208333333333334 0.3385416666666667 0.5182291666666666 0.3411458333333333 0.515625 0.3385416666666667 0.5143229166666666 0.328125 0.5169270833333334 0.3203125
3 0.4830729166666667 0.7018229166666666 0.484375 0.7122395833333334 0.48046875 0.72265625 0.4765625 0.7213541666666666 0.4765625 0.7057291666666666 0.4817708333333333 0.7018229166666666
3 0.5182291666666666 0.3984375 0.5234375 0.4049479166666667 0.5221354166666666 0.4205729166666667 0.5182291666666666 0.4244791666666667 0.5143229166666666 0.4231770833333333 0.51171875 0.4192708333333333 0.51171875 0.40625 0.5130208333333334 0.4010416666666667 0.5169270833333334 0.3984375
3 0.4348958333333333 0.6419270833333334 0.4375 0.6419270833333334 0.4401041666666667 0.6497395833333334 0.4453125 0.6536458333333334 0.4440104166666667 0.66015625 0.44140625 0.6588541666666666 0.4375 0.6627604166666666 0.4309895833333333 0.6627604166666666 0.4309895833333333 0.6497395833333334 0.4348958333333333 0.6432291666666666
3 0.5442708333333334 0.5703125 0.54296875 0.5625 0.5455729166666666 0.5520833333333334 0.5494791666666666 0.5520833333333334 0.5520833333333334 0.55859375 0.5520833333333334 0.56640625 0.5455729166666666 0.5703125
3 0.5390625 0.8255208333333334 0.5455729166666666 0.8385416666666666 0.5390625 0.85546875 0.53515625 0.8567708333333334 0.5338541666666666 0.8385416666666666 0.53515625 0.83203125 0.5390625 0.8268229166666666
3 0.25 0.5611979166666666 0.25390625 0.5716145833333334 0.2604166666666667 0.5768229166666666 0.2604166666666667 0.5794270833333334 0.25 0.5872395833333334 0.24348958333333334 0.58203125 0.2421875 0.5716145833333334 0.24869791666666666 0.5625
3 0.4973958333333333 0.4479166666666667 0.5013020833333334 0.4466145833333333 0.5026041666666666 0.453125 0.5078125 0.4583333333333333 0.5065104166666666 0.46484375 0.4986979166666667 0.47265625 0.49609375 0.47265625 0.4934895833333333 0.4557291666666667 0.4973958333333333 0.44921875
3 0.6041666666666666 0.33984375 0.6080729166666666 0.34375 0.6080729166666666 0.3528645833333333 0.6067708333333334 0.3567708333333333 0.6015625 0.3606770833333333 0.59765625 0.3580729166666667 0.59765625 0.34375 0.6028645833333334 0.33984375