1 0.79296875 0.6708333333333334 0.7937500000000001 0.6680555559895834 0.7937500000000001 0.6638888893229167 0.79296875 0.6611111106770834 0.7898437500000001 0.6611111106770834 0.7890625 0.66527777734375 0.7898437500000001 0.6708333333333334 0.79296875 0.6708333333333334
0 0 0.4231770833333333 0.08723958333333333 0.42578125 0.10416666666666667 0.43359375 0.11848958333333333 0.44921875 0.13020833333333334 0.4713541666666667 0.13802083333333334 0.5 0.140625 0.5299479166666666 0.13802083333333334 0.56640625 0.13411458333333334 0.5846354166666666 0.12760416666666666 0.6002604166666666 0.12369791666666667 0.6041666666666666 0.12369791666666667 0.6080729166666666 0.10677083333333333 0.6302083333333334 0.09114583333333333 0.6380208333333334 0 0.63671875 0 0.6315104166666666 0.0859375 0.6341145833333334 0.09895833333333333 0.62890625 0.11979166666666667 0.60546875 0.12760416666666666 0.58984375 0.13671875 0.5494791666666666 0.13671875 0.5143229166666666 0.12890625 0.4791666666666667 0.11979166666666667 0.4583333333333333 0.09895833333333333 0.4361979166666667 0.08463541666666667 0.4309895833333333 0 0.4283854166666667 0 0.4244791666666667
0 0.9049479166666666 0.4557291666666667 0.9661458333333334 0.4583333333333333 0.9674479166666666 0.4609375 0.9700520833333334 0.4609375 0.9700520833333334 0.4635416666666667 0.9518229166666666 0.46484375 0.85546875 0.4609375 0.84375 0.46484375 0.8346354166666666 0.4713541666666667 0.8268229166666666 0.4791666666666667 0.8255208333333334 0.484375 0.8151041666666666 0.5 0.8072916666666666 0.5260416666666666 0.8033854166666666 0.5598958333333334 0.8098958333333334 0.6080729166666666 0.8190104166666666 0.6302083333333334 0.8307291666666666 0.6471354166666666 0.8411458333333334 0.65625 0.8515625 0.6614583333333334 0.9518229166666666 0.6653645833333334 0.9661458333333334 0.6666666666666666 0.9661458333333334 0.671875 0.8658854166666666 0.6692708333333334 0.84765625 0.6653645833333334 0.8359375 0.6588541666666666 0.82421875 0.6471354166666666 0.8125 0.6263020833333334 0.8072916666666666 0.6106770833333334 0.8072916666666666 0.6041666666666666 0.8033854166666666 0.59375 0.80078125 0.5494791666666666 0.80859375 0.5078125 0.82421875 0.4752604166666667 0.84375 0.4583333333333333 0.8502604166666666 0.4557291666666667 0.9036458333333334 0.4557291666666667
2 0.4739583333333333 0.1328125 0.4765625 0.13411458333333334 0.4778645833333333 0.15755208333333334 0.4739583333333333 0.3359375 0.4739583333333333 0.640625 0.4713541666666667 0.6458333333333334 0.4700520833333333 0.9283854166666666 0.4674479166666667 0.9427083333333334 0.4674479166666667 0.9609375 0.46484375 0.95703125 0.46484375 0.8802083333333334 0.4674479166666667 0.8580729166666666 0.46875 0.6015625 0.4713541666666667 0.5455729166666666 0.4700520833333333 0.4635416666666667 0.4739583333333333 0.13411458333333334
3 0.8463541666666666 0.55859375 0.85546875 0.5598958333333334 0.8580729166666666 0.5625 0.8606770833333334 0.5690104166666666 0.8580729166666666 0.57421875 0.85546875 0.5768229166666666 0.84765625 0.5755208333333334 0.84375 0.5703125 0.8450520833333334 0.5598958333333334
3 0.6966145833333334 0.46875 0.7005208333333334 0.4765625 0.6966145833333334 0.4908854166666667 0.6940104166666666 0.4921875 0.6875 0.4895833333333333 0.6822916666666666 0.4830729166666667 0.6822916666666666 0.4778645833333333 0.6888020833333334 0.4700520833333333 0.6953125 0.46875
3 0.78515625 0.6809895833333334 0.7903645833333334 0.6875 0.7903645833333334 0.6940104166666666 0.7877604166666666 0.6966145833333334 0.78125 0.6966145833333334 0.7760416666666666 0.6901041666666666 0.7760416666666666 0.6822916666666666 0.7838541666666666 0.6809895833333334
3 0.83984375 0.8697916666666666 0.8450520833333334 0.8723958333333334 0.8489583333333334 0.87890625 0.8489583333333334 0.88671875 0.8424479166666666 0.8932291666666666 0.8385416666666666 0.890625 0.8346354166666666 0.8828125 0.8333333333333334 0.87109375 0.8385416666666666 0.8697916666666666
3 0.8125 0.9283854166666666 0.8203125 0.9244791666666666 0.8255208333333334 0.92578125 0.8294270833333334 0.9309895833333334 0.8294270833333334 0.94140625 0.82421875 0.9466145833333334 0.8216145833333334 0.9466145833333334 0.81640625 0.9388020833333334 0.8138020833333334 0.9296875
3 0.51171875 0.5546875 0.515625 0.5559895833333334 0.5169270833333334 0.5677083333333334 0.5169270833333334 0.59375 0.515625 0.5950520833333334 0.51171875 0.5911458333333334 0.5078125 0.578125 0.5078125 0.5625 0.51171875 0.5559895833333334
3 0.61328125 0.7447916666666666 0.6158854166666666 0.7447916666666666 0.6197916666666666 0.7552083333333334 0.6197916666666666 0.78125 0.6145833333333334 0.7799479166666666 0.61328125 0.76171875 0.609375 0.7565104166666666 0.61328125 0.74609375
3 0.38671875 0.2513020833333333 0.38671875 0.23177083333333334 0.3919270833333333 0.23307291666666666 0.3932291666666667 0.23958333333333334 0.3932291666666667 0.2513020833333333 0.3880208333333333 0.2513020833333333
3 0.9557291666666666 0.5859375 0.9557291666666666 0.5989583333333334 0.9583333333333334 0.6028645833333334 0.9583333333333334 0.6158854166666666 0.9557291666666666 0.6236979166666666 0.953125 0.6236979166666666 0.94921875 0.6145833333333334 0.94140625 0.61328125 0.9440104166666666 0.6028645833333334 0.94140625 0.5872395833333334 0.94921875 0.5963541666666666 0.953125 0.59375 0.9544270833333334 0.5872395833333334
3 0.15625 0.4739583333333333 0.1640625 0.4791666666666667 0.1640625 0.4869791666666667 0.16145833333333334 0.4921875 0.15104166666666666 0.4869791666666667 0.15104166666666666 0.4752604166666667 0.15494791666666666 0.4739583333333333
3 0.709375 0.5486111106770833 0.70859375 0.5499999999999999 0.7046875 0.5499999999999999 0.703125 0.5513888893229166 0.7023437499999999 0.55277777734375 0.7023437499999999 0.5583333333333333 0.7046875 0.5611111106770833 0.7101562499999999 0.5611111106770833 0.7109375 0.55972222265625 0.71328125 0.55972222265625 0.7140624999999999 0.5569444440104167 0.7140624999999999 0.5499999999999999 0.71328125 0.5486111106770833 0.709375 0.5486111106770833
3 0.71484375 0.54722222265625 0.71328125 0.5499999999999999 0.71484375 0.5555555559895834 0.7171875 0.5583333333333333 0.7179687499999999 0.5569444440104167 0.72109375 0.5569444440104167 0.7234375000000001 0.5541666666666667 0.7234375000000001 0.5499999999999999 0.72109375 0.5458333333333333 0.71640625 0.5458333333333333 0.71484375 0.54722222265625