1 0.8747921875000001 0.5936763893229167 0.87562265625 0.5978569440104167 0.877353125 0.5982263893229166 0.87866796875 0.5974875000000001 0.87991328125 0.5936763893229167 0.8792218749999999 0.5898652773437499 0.87790703125 0.5892499999999999 0.87527734375 0.58912777734375 0.8747921875000001 0.5936763893229167
0 0.9036458333333334 0.4166666666666667 0.9153645833333334 0.4127604166666667 0.93359375 0.4114583333333333 0.9986979166666666 0.41015625 0.9986979166666666 0.4153645833333333 0.9153645833333334 0.4192708333333333 0.9010416666666666 0.42578125 0.8893229166666666 0.4361979166666667 0.8763020833333334 0.4583333333333333 0.8671875 0.4895833333333333 0.8658854166666666 0.54296875 0.87109375 0.5625 0.8697916666666666 0.5677083333333334 0.8645833333333334 0.5559895833333334 0.8619791666666666 0.53125 0.8645833333333334 0.4856770833333333 0.8684895833333334 0.46875 0.87109375 0.4661458333333333 0.8763020833333334 0.44921875 0.88671875 0.4322916666666667 0.9036458333333334 0.41796875
0 0.15885416666666666 0.44921875 0.17057291666666666 0.4583333333333333 0.18229166666666666 0.4739583333333333 0.18359375 0.48046875 0.19140625 0.4947916666666667 0.19791666666666666 0.5247395833333334 0.19791666666666666 0.5807291666666666 0.19140625 0.6067708333333334 0.18229166666666666 0.6276041666666666 0.16666666666666666 0.6471354166666666 0.15625 0.6536458333333334 0.14713541666666666 0.65625 0.125 0.6588541666666666 0.041666666666666664 0.6614583333333334 0.03515625 0.6614583333333334 0.03515625 0.65625 0.13932291666666666 0.65234375 0.15494791666666666 0.6484375 0.171875 0.6341145833333334 0.1875 0.6080729166666666 0.1953125 0.578125 0.19661458333333334 0.5494791666666666 0.1953125 0.5247395833333334 0.1875 0.4947916666666667 0.1796875 0.4817708333333333 0.1796875 0.4778645833333333 0.16145833333333334 0.45703125 0.1484375 0.4505208333333333 0.032552083333333336 0.453125 0.03125 0.44921875 0.10546875 0.4453125 0.1484375 0.4453125 0.15755208333333334 0.44921875
2 0.5247395833333334 0.11979166666666667 0.52734375 0.14192708333333334 0.53125 0.6653645833333334 0.5338541666666666 0.67578125 0.5325520833333334 0.7239583333333334 0.53515625 0.8216145833333334 0.53515625 0.94921875 0.5325520833333334 0.9466145833333334 0.53125 0.92578125 0.5325520833333334 0.8723958333333334 0.52734375 0.6263020833333334 0.5286458333333334 0.5690104166666666 0.5260416666666666 0.3489583333333333 0.52734375 0.3229166666666667 0.5247395833333334 0.3177083333333333 0.5247395833333334 0.12109375
3 0.8203125 0.80078125 0.828125 0.8020833333333334 0.8359375 0.8072916666666666 0.8346354166666666 0.8203125 0.8294270833333334 0.8229166666666666 0.82421875 0.8190104166666666 0.8190104166666666 0.8033854166666666 0.8203125 0.8020833333333334
3 0.537109375 0.31640625 0.010416666666666666 0.01953125
3 0.5494791666666666 0.6666666666666666 0.5533854166666666 0.671875 0.5520833333333334 0.6848958333333334 0.5494791666666666 0.6888020833333334 0.54296875 0.6809895833333334 0.54296875 0.6744791666666666 0.5494791666666666 0.66796875
3 0.5 0.4895833333333333 0.5065104166666666 0.4947916666666667 0.5065104166666666 0.4973958333333333 0.5 0.5078125 0.49609375 0.5260416666666666 0.4934895833333333 0.5260416666666666 0.4934895833333333 0.5078125 0.49609375 0.4908854166666667 0.4986979166666667 0.4895833333333333
3 0.8736979166666666 0.5703125 0.87890625 0.5768229166666666 0.8776041666666666 0.59765625 0.875 0.59765625 0.875 0.5924479166666666 0.87109375 0.5859375 0.8619791666666666 0.5911458333333334 0.8567708333333334 0.5872395833333334 0.8528645833333334 0.578125 0.8567708333333334 0.5729166666666666 0.8619791666666666 0.5729166666666666 0.8697916666666666 0.5690104166666666 0.8723958333333334 0.5703125
3 0.625 0.6731770833333334 0.6302083333333334 0.6848958333333334 0.62890625 0.6940104166666666 0.625 0.6953125 0.62109375 0.6901041666666666 0.62109375 0.6796875 0.6236979166666666 0.6744791666666666
3 0.7955729166666666 0.4264322916666667 0.016927083333333332 0.016927083333333332
3 0.767578125 0.22265625 0.014973958333333334 0.026692708333333332
3 0.21223958333333334 0.5247395833333334 0.21614583333333334 0.5234375 0.22265625 0.5286458333333334 0.2265625 0.52734375 0.2265625 0.5325520833333334 0.22265625 0.5390625 0.21744791666666666 0.5442708333333334 0.21484375 0.5442708333333334 0.21223958333333334 0.54296875 0.20963541666666666 0.5364583333333334 0.21223958333333334 0.5260416666666666
3 0.9557291666666666 0.5390625 0.9596354166666666 0.55078125 0.95703125 0.5546875 0.9518229166666666 0.5546875 0.9453125 0.5598958333333334 0.9427083333333334 0.55859375 0.9427083333333334 0.5442708333333334 0.9440104166666666 0.5416666666666666 0.9544270833333334 0.5390625
3 0.58828125 0.8444444440104166 0.5921875 0.85 0.5953125 0.8472222226562499 0.5968749999999999 0.8444444440104166 0.59765625 0.8402777773437501 0.59765625 0.8319444440104166 0.59921875 0.82777777734375 0.5953125 0.82777777734375 0.5890624999999999 0.8333333333333334 0.58828125 0.8361111106770833 0.58828125 0.8444444440104166
3 0.5851562499999999 0.31111111067708336 0.58359375 0.31805555598958335 0.58359375 0.3236111106770833 0.5859375 0.33055555598958336 0.58828125 0.33055555598958336 0.5890624999999999 0.3319444440104167 0.58984375 0.33055555598958336 0.5929687499999999 0.33055555598958336 0.5945312500000001 0.32777777734374997 0.5953125 0.32777777734374997 0.59765625 0.31805555598958335 0.59765625 0.3125 0.59609375 0.30972222265625 0.5929687499999999 0.30694444401041665 0.5875 0.30694444401041665 0.5851562499999999 0.31111111067708336