3 0.06640625 0.4805555559895833 0.065625 0.48888888932291663 0.0703125 0.4944444440104167 0.08125 0.49305555598958334 0.08671875 0.48333333333333334 0.06640625 0.4805555559895833
3 0.23750000000000002 0.22638888932291668 0.23671875 0.21944444401041666 0.22421875 0.20972222265624998 0.22421875 0.21805555598958334 0.23750000000000002 0.22638888932291668
3 0.39765625 0.31666666666666665 0.39609374999999997 0.30277777734375 0.39140625 0.30277777734375 0.38984375 0.31388888932291664 0.39765625 0.31666666666666665
3 0.37890625 0.3958333333333333 0.37734375000000003 0.37916666666666665 0.36484374999999997 0.37916666666666665 0.3640625 0.3875 0.3671875 0.3944444440104167 0.37265624999999997 0.3986111106770833 0.37890625 0.3958333333333333
3 0.23046875 0.46249999999999997 0.22890625 0.45 0.22187500000000002 0.45 0.2203125 0.46249999999999997 0.23046875 0.46249999999999997
3 0.20625000000000002 0.6333333333333333 0.20625000000000002 0.61527777734375 0.1953125 0.6208333333333333 0.19609374999999998 0.6319444440104166 0.20625000000000002 0.6333333333333333
3 0.33125 0.6041666666666666 0.32968749999999997 0.6124999999999999 0.33828125000000003 0.62777777734375 0.34140624999999997 0.62222222265625 0.3390625 0.6083333333333333 0.33125 0.6041666666666666
3 0.32734375 0.6458333333333334 0.328125 0.6333333333333333 0.3171875 0.6124999999999999 0.315625 0.6291666666666667 0.32734375 0.6458333333333334
3 0.234375 0.8486111106770834 0.23359375000000002 0.8541666666666666 0.23750000000000002 0.85972222265625 0.24453125 0.8527777773437499 0.24140625000000002 0.8430555559895834 0.234375 0.8486111106770834
3 0.34453125 0.8402777773437501 0.34531249999999997 0.8527777773437499 0.3515625 0.8527777773437499 0.35390625000000003 0.8486111106770834 0.35234375 0.8388888893229166 0.34609375000000003 0.8208333333333333 0.34218750000000003 0.8236111106770833 0.33828125000000003 0.8375 0.34453125 0.8402777773437501
3 0.3984375 0.51527777734375 0.39999999999999997 0.5291666666666667 0.40468750000000003 0.5333333333333333 0.40859375000000003 0.5180555559895833 0.40390624999999997 0.5125000000000001 0.3984375 0.51527777734375
3 0.7515625 0.5236111106770833 0.740625 0.5263888893229166 0.7515625 0.5430555559895833 0.7570312499999999 0.5319444440104167 0.75546875 0.5236111106770833 0.7515625 0.5236111106770833
2 0.46796875 0.54027777734375 0.46171875 0.85972222265625 0.46328125000000003 0.9458333333333333 0.46796875 0.8638888893229167 0.47109375000000003 0.6263888893229167 0.4734375 0.12361111067708334 0.47031249999999997 0.1944444440104167 0.46953125 0.39166666666666666 0.465625 0.44861111067708337 0.46796875 0.54027777734375
0 0 0.62222222265625 0.08203125 0.625 0.0984375 0.6194444440104167 0.11640625 0.6 0.12734375 0.5791666666666667 0.13359374999999998 0.5569444440104167 0.13749999999999998 0.52222222265625 0.1328125 0.4763888893229167 0.11953124999999999 0.44166666666666665 0.10078125 0.41944444401041664 0.08437499999999999 0.41111111067708334 0.017968750000000002 0.4083333333333334 0 0.4083333333333334 0 0.4138888893229167 0.08750000000000001 0.4180555559895833 0.1125 0.43888888932291664 0.12734375 0.4708333333333334 0.13203125000000002 0.49305555598958334 0.13203125000000002 0.5486111106770833 0.11796875 0.5888888893229166 0.09531250000000001 0.61527777734375 0.08750000000000001 0.6194444440104167 0 0.6166666666666667 0 0.62222222265625
0 0.81640625 0.6194444440104167 0.80859375 0.6013888893229167 0.8015625000000001 0.5694444440104166 0.80078125 0.53472222265625 0.8132812500000001 0.4875 0.8273437499999999 0.46388888932291666 0.84140625 0.45277777734375 0.96640625 0.45277777734375 0.96484375 0.44861111067708337 0.8445312500000001 0.4458333333333333 0.8296875 0.45555555598958336 0.8140625 0.4763888893229167 0.80625 0.4944444440104167 0.79921875 0.52777777734375 0.7984375 0.5680555559895833 0.803125 0.59722222265625 0.81796875 0.6305555559895833 0.834375 0.6486111106770833 0.859375 0.6569444440104167 0.959375 0.6611111106770834 0.9640624999999999 0.6569444440104167 0.85703125 0.6513888893229166 0.8328125000000001 0.6416666666666667 0.81640625 0.6194444440104167
1 0.2421875 0.4680555559895833 0.24375 0.46388888932291666 0.240625 0.4611111106770833 0.2421875 0.4680555559895833