0 0.8997395833333334 0.4375 0.9192708333333334 0.4322916666666667 0.9986979166666666 0.4309895833333333 0.9986979166666666 0.4361979166666667 0.98828125 0.4361979166666667 0.9869791666666666 0.4388020833333333 0.9140625 0.4401041666666667 0.8971354166666666 0.4479166666666667 0.88671875 0.4583333333333333 0.875 0.4778645833333333 0.8658854166666666 0.5078125 0.86328125 0.52734375 0.86328125 0.5559895833333334 0.87109375 0.5924479166666666 0.8828125 0.6158854166666666 0.8997395833333334 0.6354166666666666 0.9114583333333334 0.640625 0.9986979166666666 0.6393229166666666 0.9986979166666666 0.64453125 0.96484375 0.64453125 0.9635416666666666 0.6471354166666666 0.91015625 0.6471354166666666 0.9088541666666666 0.64453125 0.8984375 0.640625 0.8841145833333334 0.6276041666666666 0.8723958333333334 0.6067708333333334 0.8645833333333334 0.5846354166666666 0.8619791666666666 0.5703125 0.8619791666666666 0.51171875 0.8645833333333334 0.49609375 0.875 0.46875 0.88671875 0.4505208333333333 0.8997395833333334 0.4388020833333333
0 0.1875 0.5104166666666666 0.19140625 0.5130208333333334 0.19791666666666666 0.5442708333333334 0.19791666666666666 0.5950520833333334 0.19010416666666666 0.6263020833333334 0.1796875 0.6484375 0.17447916666666666 0.6549479166666666 0.15885416666666666 0.6692708333333334 0.14453125 0.6744791666666666 0.045572916666666664 0.6783854166666666 0.032552083333333336 0.67578125 0.03515625 0.6731770833333334 0.0546875 0.671875 0.140625 0.6692708333333334 0.14192708333333334 0.6666666666666666 0.14973958333333334 0.6666666666666666 0.16015625 0.6614583333333334 0.16796875 0.6549479166666666 0.18489583333333334 0.62890625 0.1953125 0.5911458333333334 0.1953125 0.5403645833333334 0.18619791666666666 0.515625 0.1875 0.51171875
1 0.65625 0.2791666666666667 0.6554687499999999 0.2736111106770833 0.6515624999999999 0.27638888932291666 0.6531250000000001 0.2819444440104167 0.65625 0.2791666666666667
2 0.5247395833333334 0.13932291666666666 0.52734375 0.15625 0.5260416666666666 0.17578125 0.52734375 0.3502604166666667 0.5299479166666666 0.4010416666666667 0.5286458333333334 0.4557291666666667 0.5325520833333334 0.74609375 0.53125 0.7604166666666666 0.5338541666666666 0.7877604166666666 0.53515625 0.88671875 0.53515625 0.96484375 0.5325520833333334 0.9674479166666666 0.53125 0.9661458333333334 0.53125 0.8528645833333334 0.5286458333333334 0.7994791666666666 0.5260416666666666 0.5143229166666666 0.52734375 0.4622395833333333 0.5247395833333334 0.4049479166666667 0.5247395833333334 0.140625
3 0.3411458333333333 0.5846354166666666 0.3385416666666667 0.5716145833333334 0.34375 0.56640625 0.34765625 0.5690104166666666 0.3489583333333333 0.5768229166666666 0.3463541666666667 0.5846354166666666 0.3424479166666667 0.5846354166666666
3 0.2604166666666667 0.33203125 0.2643229166666667 0.3385416666666667 0.2708333333333333 0.3424479166666667 0.265625 0.3528645833333333 0.2591145833333333 0.3515625 0.2552083333333333 0.3411458333333333 0.2552083333333333 0.3359375 0.2591145833333333 0.33203125
3 0.484375 0.2799479166666667 0.4869791666666667 0.28125 0.48828125 0.2864583333333333 0.484375 0.2994791666666667 0.4817708333333333 0.2994791666666667 0.48046875 0.29296875 0.48046875 0.28125 0.4830729166666667 0.2799479166666667
3 0.55859375 0.23177083333333334 0.5625 0.23307291666666666 0.5638020833333334 0.23828125 0.5638020833333334 0.2552083333333333 0.5625 0.2578125 0.5598958333333334 0.2578125 0.5559895833333334 0.24869791666666666 0.5559895833333334 0.23828125 0.55859375 0.23307291666666666
3 0.3958333333333333 0.3997395833333333 0.3984375 0.4010416666666667 0.4010416666666667 0.4114583333333333 0.4049479166666667 0.4153645833333333 0.4049479166666667 0.421875 0.3997395833333333 0.4270833333333333 0.3958333333333333 0.4270833333333333 0.3919270833333333 0.4231770833333333 0.390625 0.40625 0.39453125 0.4010416666666667
3 0.3684895833333333 0.69921875 0.37109375 0.7044270833333334 0.3658854166666667 0.7200520833333334 0.3606770833333333 0.7135416666666666 0.3606770833333333 0.7005208333333334 0.3645833333333333 0.6979166666666666 0.3671875 0.69921875
3 0.4401041666666667 0.8776041666666666 0.4361979166666667 0.8854166666666666 0.4361979166666667 0.890625 0.4309895833333333 0.8984375 0.4270833333333333 0.8971354166666666 0.4270833333333333 0.87890625 0.4388020833333333 0.8776041666666666
3 0.4615885416666667 0.474609375 0.011067708333333334 0.0234375
3 0.17708333333333334 0.47265625 0.1875 0.4765625 0.1875 0.4908854166666667 0.18098958333333334 0.4921875 0.17578125 0.4869791666666667 0.17317708333333334 0.48046875 0.17317708333333334 0.4765625 0.17578125 0.4739583333333333
3 0.31640625 0.6341145833333334 0.3268229166666667 0.6380208333333334 0.3268229166666667 0.6432291666666666 0.31640625 0.6549479166666666 0.3125 0.6484375 0.3125 0.6393229166666666 0.31640625 0.6354166666666666
3 0.6959635416666666 0.3059895833333333 0.013020833333333334 0.0234375
3 0.375 0.3294270833333333 0.3723958333333333 0.3255208333333333 0.3723958333333333 0.3125 0.375 0.3098958333333333 0.37890625 0.3098958333333333 0.3802083333333333 0.32421875 0.37890625 0.3294270833333333 0.3763020833333333 0.3294270833333333