3 0.2552083333333333 0.7213541666666666 0.2630208333333333 0.7317708333333334 0.2630208333333333 0.73828125 0.2578125 0.73828125 0.2552083333333333 0.7408854166666666 0.2513020833333333 0.73828125 0.25 0.7330729166666666 0.25390625 0.72265625
3 0.4986979166666667 0.2552083333333333 0.5026041666666666 0.2630208333333333 0.5013020833333334 0.2799479166666667 0.4973958333333333 0.2786458333333333 0.4947916666666667 0.26953125 0.4973958333333333 0.2565104166666667
3 0.4557291666666667 0.4401041666666667 0.4609375 0.4557291666666667 0.4596354166666667 0.4596354166666667 0.4557291666666667 0.4596354166666667 0.44921875 0.44921875 0.44921875 0.4440104166666667 0.4544270833333333 0.4401041666666667
3 0.4557291666666667 0.7473958333333334 0.45703125 0.765625 0.453125 0.765625 0.44921875 0.7604166666666666 0.44921875 0.75390625 0.4544270833333333 0.7473958333333334
3 0.37890625 0.5794270833333334 0.3802083333333333 0.5611979166666666 0.3841145833333333 0.5611979166666666 0.3880208333333333 0.57421875 0.38671875 0.5807291666666666 0.3841145833333333 0.58203125 0.3802083333333333 0.5794270833333334
3 0.5638020833333334 0.4518229166666667 0.5677083333333334 0.4544270833333333 0.5690104166666666 0.4583333333333333 0.5690104166666666 0.4661458333333333 0.56640625 0.4713541666666667 0.5625 0.4713541666666667 0.5572916666666666 0.46484375 0.55859375 0.453125 0.5625 0.4518229166666667
3 0.43359375 0.5494791666666666 0.4322916666666667 0.5338541666666666 0.4375 0.52734375 0.44140625 0.52734375 0.4440104166666667 0.53125 0.4453125 0.5494791666666666 0.4427083333333333 0.5520833333333334 0.4348958333333333 0.5494791666666666
3 0.5598958333333334 0.6341145833333334 0.5651041666666666 0.6484375 0.5677083333333334 0.6510416666666666 0.5716145833333334 0.6510416666666666 0.5729166666666666 0.6627604166666666 0.5677083333333334 0.6653645833333334 0.5625 0.6640625 0.55859375 0.6354166666666666
3 0.4140625 0.6302083333333334 0.4231770833333333 0.6315104166666666 0.4231770833333333 0.6432291666666666 0.41796875 0.6497395833333334 0.41015625 0.640625 0.4140625 0.6315104166666666
3 0.43032031249999997 0.8562416666666667 0.43451406249999996 0.8516097226562499 0.434375 0.8444444440104166 0.42812500000000003 0.8333333333333334 0.425 0.8347222226562501 0.42421875000000003 0.8513888893229167 0.4296875 0.8541666666666666 0.43032031249999997 0.8562416666666667
3 0.20560859374999998 0.5512347226562501 0.2114390625 0.5623305559895834 0.21520390625 0.5605861106770833 0.21782265625 0.5655291666666666 0.22076796875000002 0.5586958333333333 0.21872265625 0.5553513893229166 0.22486015625 0.55113472265625 0.22346875 0.5463375 0.2161859375 0.5473541666666667 0.21193046875 0.5427027773437499 0.20560859374999998 0.5512347226562501
3 0.38203125 0.24861111067708333 0.38203125 0.24444444401041665 0.3796875 0.24166666666666667 0.375 0.24027777734375 0.37421875 0.23888888932291666 0.37265624999999997 0.23888888932291666 0.37265624999999997 0.24583333333333335 0.37421875 0.24722222265625002 0.378125 0.25694444401041666 0.378125 0.25833333333333336 0.3796875 0.2611111106770833 0.38046874999999997 0.2611111106770833 0.38125000000000003 0.25972222265625 0.38125000000000003 0.25 0.38203125 0.24861111067708333
0 0 0.4140625 0.08723958333333333 0.4166666666666667 0.08854166666666667 0.4192708333333333 0.09635416666666667 0.4192708333333333 0.10677083333333333 0.4231770833333333 0.11979166666666667 0.43359375 0.13411458333333334 0.4557291666666667 0.14192708333333334 0.4791666666666667 0.14713541666666666 0.5091145833333334 0.14583333333333334 0.5533854166666666 0.14322916666666666 0.5572916666666666 0.14322916666666666 0.56640625 0.13802083333333334 0.5794270833333334 0.13802083333333334 0.5859375 0.12760416666666666 0.60546875 0.11197916666666667 0.6223958333333334 0.09895833333333333 0.6302083333333334 0.09244791666666667 0.6315104166666666 0 0.62890625 0 0.6223958333333334 0.09635416666666667 0.6236979166666666 0.10677083333333333 0.6197916666666666 0.11979166666666667 0.6080729166666666 0.12890625 0.59375 0.13541666666666666 0.5794270833333334 0.14322916666666666 0.5481770833333334 0.14322916666666666 0.5026041666666666 0.13932291666666666 0.4830729166666667 0.12760416666666666 0.453125 0.11067708333333333 0.4322916666666667 0.08984375 0.4231770833333333 0.0078125 0.421875 0 0.4205729166666667 0 0.4153645833333333
0 0.9322916666666666 0.44921875 0.9674479166666666 0.4505208333333333 0.9752604166666666 0.4518229166666667 0.9752604166666666 0.4557291666666667 0.859375 0.453125 0.8502604166666666 0.45703125 0.8346354166666666 0.4713541666666667 0.8229166666666666 0.4908854166666667 0.8138020833333334 0.5169270833333334 0.8138020833333334 0.52734375 0.8111979166666666 0.5338541666666666 0.8111979166666666 0.57421875 0.8151041666666666 0.5950520833333334 0.8229166666666666 0.6171875 0.8307291666666666 0.6315104166666666 0.8463541666666666 0.6484375 0.8580729166666666 0.6536458333333334 0.875 0.65625 0.9674479166666666 0.6588541666666666 0.9739583333333334 0.66015625 0.9739583333333334 0.6627604166666666 0.9674479166666666 0.6640625 0.8763020833333334 0.6614583333333334 0.8567708333333334 0.6588541666666666 0.84765625 0.6549479166666666 0.8372395833333334 0.6471354166666666 0.82421875 0.62890625 0.8151041666666666 0.6080729166666666 0.80859375 0.5794270833333334 0.8072916666666666 0.5520833333333334 0.8125 0.5091145833333334 0.8151041666666666 0.5065104166666666 0.81640625 0.49609375 0.82421875 0.4817708333333333 0.82421875 0.4778645833333333 0.83984375 0.4583333333333333 0.8489583333333334 0.4518229166666667 0.8606770833333334 0.4479166666666667 0.9309895833333334 0.44921875
2 0.48046875 0.12369791666666667 0.4830729166666667 0.12760416666666666 0.4830729166666667 0.2799479166666667 0.48046875 0.4075520833333333 0.4817708333333333 0.4635416666666667 0.4791666666666667 0.515625 0.4752604166666667 0.9401041666666666 0.4739583333333333 0.9518229166666666 0.4713541666666667 0.94921875 0.4739583333333333 0.80859375 0.47265625 0.7473958333333334 0.4752604166666667 0.7135416666666666 0.4765625 0.6276041666666666 0.4752604166666667 0.5859375 0.48046875 0.125
1 0.55625 0.6194444440104167 0.5578124999999999 0.6194444440104167 0.5593750000000001 0.6166666666666667 0.5593750000000001 0.6138888893229166 0.55703125 0.6111111106770833 0.5554687500000001 0.6138888893229166 0.5554687500000001 0.6180555559895834 0.55625 0.6194444440104167