1 0.7976562500000001 0.6861111106770833 0.796875 0.6819444440104167 0.7960937499999999 0.6805555559895833 0.7937500000000001 0.6819444440104167 0.79296875 0.6833333333333332 0.79296875 0.6888888893229167 0.796875 0.6888888893229167 0.7976562500000001 0.6861111106770833
0 0 0.4244791666666667 0.08463541666666667 0.42578125 0.10416666666666667 0.43359375 0.11979166666666667 0.4505208333333333 0.12760416666666666 0.46875 0.13020833333333334 0.4700520833333333 0.13802083333333334 0.4986979166666667 0.140625 0.5247395833333334 0.13932291666666666 0.5598958333333334 0.13411458333333334 0.5859375 0.12109375 0.61328125 0.11067708333333333 0.625 0.11067708333333333 0.6276041666666666 0.09375 0.6380208333333334 0.08463541666666667 0.6393229166666666 0 0.6380208333333334 0 0.6328125 0.0026041666666666665 0.6315104166666666 0.08723958333333333 0.6341145833333334 0.09895833333333333 0.6302083333333334 0.11588541666666667 0.6119791666666666 0.12760416666666666 0.5911458333333334 0.13541666666666666 0.5651041666666666 0.13671875 0.5533854166666666 0.13671875 0.5104166666666666 0.13151041666666666 0.4856770833333333 0.11979166666666667 0.4583333333333333 0.09895833333333333 0.4361979166666667 0.09114583333333333 0.4322916666666667 0.08072916666666667 0.4309895833333333 0 0.4296875 0 0.42578125
0 0.8997395833333334 0.4557291666666667 0.9283854166666666 0.4583333333333333 0.9661458333333334 0.4583333333333333 0.9674479166666666 0.4609375 0.9700520833333334 0.4609375 0.9700520833333334 0.46484375 0.8528645833333334 0.4622395833333333 0.8359375 0.4713541666666667 0.8294270833333334 0.4778645833333333 0.8190104166666666 0.4947916666666667 0.8111979166666666 0.5130208333333334 0.8072916666666666 0.5286458333333334 0.8046875 0.5729166666666666 0.8098958333333334 0.6067708333333334 0.8177083333333334 0.6276041666666666 0.8268229166666666 0.6419270833333334 0.8359375 0.65234375 0.84765625 0.66015625 0.8736979166666666 0.6640625 0.96484375 0.6666666666666666 0.9674479166666666 0.6692708333333334 0.9661458333333334 0.6731770833333334 0.8541666666666666 0.66796875 0.8528645833333334 0.6653645833333334 0.84765625 0.6653645833333334 0.8359375 0.6588541666666666 0.82421875 0.6471354166666666 0.81640625 0.6341145833333334 0.8072916666666666 0.6106770833333334 0.8020833333333334 0.57421875 0.8033854166666666 0.53515625 0.8125 0.4986979166666667 0.8229166666666666 0.4791666666666667 0.8346354166666666 0.4661458333333333 0.8528645833333334 0.4557291666666667 0.8984375 0.4557291666666667
2 0.4765625 0.1328125 0.4778645833333333 0.16536458333333334 0.4752604166666667 0.265625 0.4739583333333333 0.6432291666666666 0.4713541666666667 0.6536458333333334 0.4700520833333333 0.9296875 0.4674479166666667 0.9609375 0.46484375 0.9348958333333334 0.4674479166666667 0.9114583333333334 0.4661458333333333 0.87109375 0.4700520833333333 0.6653645833333334 0.46875 0.6276041666666666 0.4713541666666667 0.6119791666666666 0.47265625 0.234375 0.4752604166666667 0.13411458333333334
3 0.8522135416666666 0.5690104166666666 0.016927083333333332 0.018229166666666668
3 0.7825520833333334 0.6848958333333334 0.7877604166666666 0.6940104166666666 0.7877604166666666 0.7005208333333334 0.78515625 0.703125 0.78125 0.703125 0.7799479166666666 0.7005208333333334 0.7721354166666666 0.703125 0.7708333333333334 0.7005208333333334 0.7721354166666666 0.6953125 0.78125 0.6848958333333334
3 0.6927083333333334 0.4700520833333333 0.6979166666666666 0.4739583333333333 0.6966145833333334 0.4869791666666667 0.6927083333333334 0.4934895833333333 0.6861979166666666 0.4934895833333333 0.6809895833333334 0.484375 0.6822916666666666 0.4752604166666667 0.6861979166666666 0.4713541666666667 0.69140625 0.4700520833333333
3 0.95703125 0.5911458333333334 0.9609375 0.6158854166666666 0.9583333333333334 0.6315104166666666 0.9557291666666666 0.6315104166666666 0.9557291666666666 0.6236979166666666 0.9427083333333334 0.61328125 0.9440104166666666 0.6041666666666666 0.953125 0.6041666666666666 0.9557291666666666 0.6015625 0.95703125 0.5924479166666666
3 0.8346354166666666 0.8697916666666666 0.8411458333333334 0.87890625 0.84765625 0.8802083333333334 0.8502604166666666 0.8841145833333334 0.8502604166666666 0.890625 0.8463541666666666 0.8971354166666666 0.8385416666666666 0.8971354166666666 0.8346354166666666 0.87109375
3 0.8203125 0.92578125 0.8294270833333334 0.9283854166666666 0.8333333333333334 0.93359375 0.8333333333333334 0.9427083333333334 0.82421875 0.953125 0.8203125 0.9440104166666666 0.8203125 0.9270833333333334
3 0.5110677083333334 0.5774739583333334 0.010416666666666666 0.035807291666666664
3 0.61328125 0.7447916666666666 0.6158854166666666 0.74609375 0.6171875 0.7552083333333334 0.6171875 0.7825520833333334 0.61328125 0.7825520833333334 0.6119791666666666 0.7669270833333334 0.60546875 0.7565104166666666 0.60546875 0.7526041666666666 0.6119791666666666 0.74609375
3 0.3893229166666667 0.22916666666666666 0.3932291666666667 0.234375 0.39453125 0.24479166666666666 0.3932291666666667 0.25390625 0.390625 0.25390625 0.38671875 0.24869791666666666 0.3854166666666667 0.23567708333333334 0.3893229166666667 0.23046875
3 0.15494791666666666 0.4739583333333333 0.16536458333333334 0.4791666666666667 0.16276041666666666 0.4921875 0.16145833333333334 0.4934895833333333 0.15104166666666666 0.4869791666666667 0.15104166666666666 0.4765625 0.15364583333333334 0.4752604166666667
3 0.7125 0.5583333333333333 0.71328125 0.5555555559895834 0.71328125 0.55277777734375 0.7109375 0.5499999999999999 0.7062499999999999 0.5499999999999999 0.7039062500000001 0.5513888893229166 0.703125 0.55277777734375 0.703125 0.55972222265625 0.7109375 0.55972222265625 0.7125 0.5583333333333333
3 0.7171875 0.55972222265625 0.7179687499999999 0.5583333333333333 0.7203125 0.5583333333333333 0.7234375000000001 0.5555555559895834 0.7234375000000001 0.5513888893229166 0.7218749999999999 0.5486111106770833 0.7203125 0.54722222265625 0.7171875 0.54722222265625 0.7140624999999999 0.5499999999999999 0.7140624999999999 0.5555555559895834 0.7156250000000001 0.5583333333333333 0.7171875 0.55972222265625