1 0.6421875 0.5916666666666667 0.64453125 0.5930555559895833 0.6453125000000001 0.5916666666666667 0.64609375 0.5875 0.6453125000000001 0.58472222265625 0.6421875 0.58472222265625 0.6414062500000001 0.59027777734375 0.6421875 0.5916666666666667
0 0.9479166666666666 0.4166666666666667 0.9986979166666666 0.4166666666666667 0.9986979166666666 0.421875 0.90234375 0.42578125 0.8841145833333334 0.4348958333333333 0.87109375 0.4505208333333333 0.86328125 0.4661458333333333 0.85546875 0.4908854166666667 0.8528645833333334 0.5143229166666666 0.85546875 0.5598958333333334 0.86328125 0.5846354166666666 0.8697916666666666 0.59765625 0.87890625 0.6106770833333334 0.8919270833333334 0.62109375 0.9075520833333334 0.625 0.9986979166666666 0.6223958333333334 0.9986979166666666 0.62890625 0.90234375 0.6315104166666666 0.8893229166666666 0.6263020833333334 0.87109375 0.609375 0.8606770833333334 0.58984375 0.85546875 0.5677083333333334 0.8528645833333334 0.5651041666666666 0.8489583333333334 0.53125 0.8515625 0.4934895833333333 0.85546875 0.4830729166666667 0.85546875 0.4765625 0.8645833333333334 0.453125 0.875 0.4375 0.8854166666666666 0.4270833333333333 0.8958333333333334 0.421875 0.9088541666666666 0.4192708333333333 0.9479166666666666 0.41796875
0 0.14322916666666666 0.4479166666666667 0.16276041666666666 0.4583333333333333 0.1640625 0.4622395833333333 0.17447916666666666 0.47265625 0.18619791666666666 0.4986979166666667 0.19140625 0.5208333333333334 0.19140625 0.5872395833333334 0.1875 0.59765625 0.18619791666666666 0.609375 0.17838541666666666 0.6263020833333334 0.16276041666666666 0.6471354166666666 0.14453125 0.6575520833333334 0.03515625 0.6627604166666666 0.028645833333333332 0.6614583333333334 0.029947916666666668 0.6575520833333334 0.09895833333333333 0.6536458333333334 0.13932291666666666 0.6536458333333334 0.14713541666666666 0.6510416666666666 0.1640625 0.6380208333333334 0.17317708333333334 0.6263020833333334 0.18098958333333334 0.6106770833333334 0.18880208333333334 0.5846354166666666 0.19140625 0.5390625 0.1875 0.5169270833333334 0.18098958333333334 0.49609375 0.16536458333333334 0.46875 0.14322916666666666 0.453125 0.09375 0.453125 0.06770833333333333 0.4557291666666667 0.024739583333333332 0.4544270833333333 0.024739583333333332 0.4518229166666667 0.02734375 0.4505208333333333 0.13411458333333334 0.4466145833333333 0.14192708333333334 0.4479166666666667
2 0.5208333333333334 0.2877604166666667 0.5221354166666666 0.5260416666666666 0.5247395833333334 0.6041666666666666 0.5234375 0.6484375 0.52734375 0.8489583333333334 0.52734375 0.9466145833333334 0.5247395833333334 0.94921875 0.5234375 0.9296875 0.5234375 0.7552083333333334 0.5169270833333334 0.3151041666666667 0.5169270833333334 0.3033854166666667 0.5208333333333334 0.2890625
3 0.6145833333333334 0.5520833333333334 0.62109375 0.5533854166666666 0.62109375 0.5638020833333334 0.6171875 0.5690104166666666 0.61328125 0.5677083333333334 0.6145833333333334 0.5533854166666666
3 0.4765625 0.48828125 0.4791666666666667 0.4908854166666667 0.4791666666666667 0.49609375 0.4765625 0.5 0.4765625 0.5052083333333334 0.47265625 0.5078125 0.46875 0.5065104166666666 0.4674479166666667 0.5 0.4700520833333333 0.4921875 0.4752604166666667 0.48828125
3 0.5130208333333334 0.2734375 0.5143229166666666 0.2877604166666667 0.51171875 0.29296875 0.5091145833333334 0.29296875 0.5078125 0.2903645833333333 0.5078125 0.27734375 0.51171875 0.2734375
3 0.53125 0.6393229166666666 0.5286458333333334 0.6354166666666666 0.5286458333333334 0.62890625 0.5338541666666666 0.62109375 0.5377604166666666 0.62109375 0.5377604166666666 0.6328125 0.5325520833333334 0.6393229166666666
3 0.6907552083333334 0.3515625 0.012369791666666666 0.01953125
3 0.5494791666666666 0.6966145833333334 0.5520833333333334 0.7174479166666666 0.546875 0.7213541666666666 0.5442708333333334 0.7200520833333334 0.5442708333333334 0.7122395833333334 0.546875 0.7096354166666666 0.5494791666666666 0.6979166666666666
3 0.5494791666666666 0.46484375 0.5533854166666666 0.4713541666666667 0.5533854166666666 0.4778645833333333 0.5455729166666666 0.4895833333333333 0.5403645833333334 0.484375 0.5403645833333334 0.4674479166666667 0.54296875 0.4635416666666667 0.5481770833333334 0.46484375
3 0.6783854166666666 0.6119791666666666 0.6822916666666666 0.6145833333333334 0.6809895833333334 0.6276041666666666 0.6731770833333334 0.6276041666666666 0.6692708333333334 0.6223958333333334 0.671875 0.6145833333333334 0.6770833333333334 0.6119791666666666
3 0.3841145833333333 0.5208333333333334 0.3880208333333333 0.5208333333333334 0.390625 0.52734375 0.3893229166666667 0.54296875 0.3880208333333333 0.5403645833333334 0.3828125 0.5403645833333334 0.3815104166666667 0.5299479166666666 0.3841145833333333 0.5221354166666666
3 0.6236979166666666 0.71875 0.011067708333333334 0.026692708333333332
3 0.59375 0.4420572916666667 0.011067708333333334 0.020833333333333332
3 0.5494791666666666 0.21744791666666666 0.5494791666666666 0.23177083333333334 0.546875 0.234375 0.5455729166666666 0.24348958333333334 0.54296875 0.24609375 0.5390625 0.24348958333333334 0.5390625 0.234375 0.5403645833333334 0.22786458333333334 0.5481770833333334 0.21875