3 0.44921875 0.765625 0.4518229166666667 0.765625 0.4518229166666667 0.7760416666666666 0.4557291666666667 0.7786458333333334 0.4557291666666667 0.7864583333333334 0.4505208333333333 0.7903645833333334 0.4479166666666667 0.8033854166666666 0.4453125 0.8020833333333334 0.44140625 0.7864583333333334 0.4348958333333333 0.7760416666666666 0.4375 0.7734375 0.4453125 0.7747395833333334 0.44921875 0.7669270833333334
3 0.52734375 0.515625 0.5299479166666666 0.5182291666666666 0.5338541666666666 0.5325520833333334 0.52734375 0.5390625 0.5260416666666666 0.5520833333333334 0.5234375 0.5533854166666666 0.5208333333333334 0.55078125 0.5221354166666666 0.5234375 0.5234375 0.5182291666666666 0.5260416666666666 0.5169270833333334
3 0.5625 0.4427083333333333 0.56640625 0.4518229166666667 0.56640625 0.4609375 0.5598958333333334 0.46875 0.5559895833333334 0.4661458333333333 0.5546875 0.4622395833333333 0.5546875 0.44921875 0.5559895833333334 0.4453125 0.5611979166666666 0.4427083333333333
3 0.5 0.2591145833333333 0.5104166666666666 0.26953125 0.5078125 0.28125 0.50390625 0.2838541666666667 0.4986979166666667 0.2825520833333333 0.4973958333333333 0.265625 0.5 0.2604166666666667
0 0.17109375000000002 0.46249999999999997 0.15234375 0.45 0.06328125 0.45 0.028906249999999998 0.45555555598958336 0.029687500000000002 0.45972222265625 0.040625 0.45972222265625 0.1421875 0.45416666666666666 0.16953125 0.4694444440104167 0.18437499999999998 0.49305555598958334 0.19140625 0.51527777734375 0.19609374999999998 0.5486111106770833 0.19062500000000002 0.5916666666666667 0.19296875 0.59722222265625 0.19843750000000002 0.5680555559895833 0.19765625 0.5291666666666667 0.19296875 0.5055555559895833 0.18281250000000002 0.4791666666666667 0.17109375000000002 0.46249999999999997
3 0.17447916666666666 0.5859375 0.17838541666666666 0.58984375 0.18619791666666666 0.5911458333333334 0.1796875 0.60546875 0.17447916666666666 0.6106770833333334 0.16927083333333334 0.6080729166666666 0.16796875 0.6028645833333334 0.16796875 0.5924479166666666 0.16927083333333334 0.5885416666666666 0.17317708333333334 0.5859375
3 0.44140625 0.67578125 0.4479166666666667 0.6822916666666666 0.4479166666666667 0.6861979166666666 0.4375 0.7018229166666666 0.4348958333333333 0.7135416666666666 0.4309895833333333 0.7135416666666666 0.43359375 0.7057291666666666 0.43359375 0.6953125 0.4296875 0.6901041666666666 0.4296875 0.68359375 0.4401041666666667 0.67578125
3 0.5638020833333334 0.8216145833333334 0.57421875 0.82421875 0.57421875 0.8372395833333334 0.56640625 0.8567708333333334 0.5638020833333334 0.8567708333333334 0.5638020833333334 0.84765625 0.56640625 0.84375 0.56640625 0.828125 0.5638020833333334 0.8229166666666666
3 0.3932291666666667 0.43359375 0.4049479166666667 0.4401041666666667 0.40625 0.4466145833333333 0.390625 0.4479166666666667 0.3880208333333333 0.4427083333333333 0.3919270833333333 0.4348958333333333
0 1 0.6194444440104167 0.9070312500000001 0.62222222265625 0.8890625 0.6111111106770833 0.86875 0.57777777734375 0.859375 0.5319444440104167 0.8601562500000001 0.49722222265625 0.85546875 0.52222222265625 0.859375 0.5625 0.8703124999999999 0.5930555559895833 0.8875000000000001 0.6166666666666667 0.9070312500000001 0.62777777734375 1 0.625 1 0.6194444440104167
3 0.88125 0.4791666666666667 0.88125 0.4666666666666666 0.87265625 0.4666666666666666 0.8757812500000001 0.4805555559895833 0.88125 0.4791666666666667
3 0.73203125 0.2694444440104167 0.7328125 0.25833333333333336 0.7257812499999999 0.25833333333333336 0.72421875 0.2791666666666667 0.73203125 0.2694444440104167
3 0.6859375 0.8166666666666668 0.6859375 0.8041666666666667 0.67578125 0.80277777734375 0.6789062499999999 0.8194444440104167 0.6859375 0.8166666666666668
3 0.5078125 0.7513888893229167 0.5226562499999999 0.7333333333333334 0.521875 0.7291666666666666 0.509375 0.7263888893229167 0.50625 0.73472222265625 0.5078125 0.7513888893229167
1 0.4328125 0.75277777734375 0.42890625 0.75277777734375 0.42812500000000003 0.7611111106770833 0.43124999999999997 0.7638888893229167 0.4328125 0.75277777734375
0 1 0.41250000000000003 0.9859375 0.41250000000000003 0.9226562500000001 0.4166666666666667 0.9302453125 0.42083333333333334 1 0.4180555559895833 1 0.41250000000000003
0 0.9015624999999999 0.4180555559895833 0.884375 0.43055555598958334 0.87265625 0.44722222265624995 0.86953125 0.4583333333333333 0.8937499999999999 0.4291666666666667 0.91015625 0.42083333333333334 0.9222101562499999 0.42083333333333334 0.9226562500000001 0.4166666666666667 0.9015624999999999 0.4180555559895833
0 0.14531249999999998 0.65972222265625 0.16796875 0.64722222265625 0.16874999999999998 0.6388888893229167 0.17578125 0.6361111106770834 0.17265624999999998 0.6361111106770834 0.140625 0.6555555559895833 0.0375 0.6611111106770834 0.14531249999999998 0.65972222265625
2 0.5247395833333334 0.5338541666666666 0.52734375 0.5598958333333334 0.5260416666666666 0.5807291666666666 0.5286458333333334 0.6197916666666666 0.52734375 0.6783854166666666 0.5325520833333334 0.9231770833333334 0.53125 0.9479166666666666 0.5286458333333334 0.9466145833333334 0.52734375 0.7630208333333334 0.5247395833333334 0.7447916666666666 0.5234375 0.6328125 0.5247395833333334 0.53515625