1 0.775 0.5875 0.77578125 0.5833333333333334 0.7742187500000001 0.5805555559895833 0.771875 0.5805555559895833 0.7703125000000001 0.5833333333333334 0.7703125000000001 0.5875 0.771875 0.5888888893229166 0.775 0.5875
3 0.70546875 0.48194444401041664 0.7078125000000001 0.48333333333333334 0.7125 0.48194444401041664 0.7171875 0.47361111067708334 0.7171875 0.46388888932291666 0.7156250000000001 0.4611111106770833 0.7140624999999999 0.45972222265625 0.7117187500000001 0.45972222265625 0.7109375 0.4583333333333333 0.709375 0.4583333333333333 0.70859375 0.45972222265625 0.70546875 0.45972222265625 0.7023437499999999 0.46249999999999997 0.7023437499999999 0.46388888932291666 0.7000000000000001 0.4666666666666666 0.69921875 0.4694444440104167 0.7015625 0.47361111067708334 0.7023437499999999 0.47777777734375 0.70546875 0.48194444401041664
3 0.8528645833333334 0.5533854166666666 0.8580729166666666 0.5572916666666666 0.8580729166666666 0.5677083333333334 0.8528645833333334 0.5716145833333334 0.8450520833333334 0.5716145833333334 0.84375 0.5690104166666666 0.84375 0.5520833333333334 0.8463541666666666 0.55078125 0.8515625 0.5533854166666666
3 0.7096354166666666 0.4583333333333333 0.7122395833333334 0.4583333333333333 0.7174479166666666 0.46484375 0.7174479166666666 0.4739583333333333 0.7135416666666666 0.4830729166666667 0.7096354166666666 0.4856770833333333 0.70703125 0.484375 0.703125 0.48046875 0.7005208333333334 0.4713541666666667 0.703125 0.4635416666666667 0.7096354166666666 0.4596354166666667
3 0.7786458333333334 0.65234375 0.7838541666666666 0.6588541666666666 0.7864583333333334 0.6588541666666666 0.7903645833333334 0.6666666666666666 0.7903645833333334 0.671875 0.7864583333333334 0.67578125 0.7786458333333334 0.6744791666666666 0.77734375 0.6536458333333334
3 0.9388020833333334 0.5729166666666666 0.9544270833333334 0.57421875 0.9557291666666666 0.5872395833333334 0.9505208333333334 0.5911458333333334 0.9440104166666666 0.5911458333333334 0.9388020833333334 0.5872395833333334 0.93359375 0.57421875 0.9348958333333334 0.5716145833333334 0.9375 0.5729166666666666
3 0.7195312500000001 0.5569444440104167 0.72109375 0.5541666666666667 0.72109375 0.5486111106770833 0.7203125 0.54722222265625 0.7179687499999999 0.5458333333333333 0.71484375 0.54722222265625 0.7140624999999999 0.5486111106770833 0.7140624999999999 0.5541666666666667 0.7156250000000001 0.5569444440104167 0.7195312500000001 0.5569444440104167
3 0.70859375 0.5611111106770833 0.709375 0.55972222265625 0.7125 0.55972222265625 0.71328125 0.5569444440104167 0.71328125 0.5513888893229166 0.7101562499999999 0.5486111106770833 0.70859375 0.5499999999999999 0.7039062500000001 0.5499999999999999 0.7023437499999999 0.5513888893229166 0.7015625 0.55277777734375 0.7015625 0.5583333333333333 0.703125 0.5611111106770833 0.70859375 0.5611111106770833
3 0.8484375000000001 0.8486111106770834 0.8351562499999999 0.8305555559895833 0.8359375 0.8541666666666666 0.83828125 0.86527777734375 0.84140625 0.8666666666666667 0.8484375000000001 0.8486111106770834
3 0.8117187499999999 0.9249999999999999 0.80078125 0.9152777773437499 0.7984375 0.9152777773437499 0.7999999999999999 0.9305555559895833 0.80625 0.9375 0.8117187499999999 0.9249999999999999
3 0.6265625 0.7847222226562499 0.6281249999999999 0.7847222226562499 0.63046875 0.7819444440104166 0.63046875 0.7777777773437501 0.6296875000000001 0.7763888893229166 0.6296875000000001 0.7666666666666666 0.63125 0.7611111106770833 0.63125 0.7569444440104167 0.63046875 0.75277777734375 0.62890625 0.75 0.6257812500000001 0.74722222265625 0.625 0.7486111106770833 0.62265625 0.7486111106770833 0.61953125 0.7541666666666668 0.6257812500000001 0.7777777773437501 0.6257812500000001 0.7833333333333333 0.6265625 0.7847222226562499
3 0.521875 0.54722222265625 0.521875 0.5430555559895833 0.5187499999999999 0.53472222265625 0.515625 0.53472222265625 0.515625 0.5458333333333333 0.5187499999999999 0.5513888893229166 0.521875 0.54722222265625
3 0.38828124999999997 0.23888888932291666 0.38984375 0.25416666666666665 0.39687500000000003 0.25694444401041666 0.39453125 0.23750000000000002 0.38828124999999997 0.23888888932291666
3 0.15546875000000002 0.49027777734375005 0.15859375 0.49027777734375005 0.15937500000000002 0.4916666666666667 0.16171875 0.4916666666666667 0.1625 0.49027777734375005 0.16171875 0.4875 0.16171875 0.48194444401041664 0.1625 0.4805555559895833 0.1546875 0.47361111067708334 0.15078125 0.47500000000000003 0.15 0.4763888893229167 0.15 0.48333333333333334 0.15156250000000002 0.4875 0.15546875000000002 0.49027777734375005
2 0.4739583333333333 0.1328125 0.4739583333333333 0.515625 0.4713541666666667 0.5885416666666666 0.47265625 0.6315104166666666 0.4700520833333333 0.7109375 0.4700520833333333 0.83984375 0.4674479166666667 0.8697916666666666 0.46875 0.9114583333333334 0.4674479166666667 0.9609375 0.46484375 0.9609375 0.4739583333333333 0.13411458333333334
0 0 0.6361111106770834 0.04869765625 0.6375000000000001 0.05553698567708334 0.6323506901041667 0 0.6305555559895833 0 0.6361111106770834
0 0 0.42777777734375005 0.08046874999999999 0.43055555598958334 0.10234375 0.43888888932291664 0.12265625000000001 0.4666666666666666 0.13125 0.4916666666666667 0.13593750000000002 0.52222222265625 0.13515625 0.55277777734375 0.12890625 0.5819444440104167 0.121875 0.5986111106770834 0.09765625 0.6291666666666667 0.0859375 0.6333333333333333 0.05618333723958333 0.63237158203125 0.057812499999999996 0.6388888893229167 0.08671875 0.6388888893229167 0.11093750000000001 0.6236111106770833 0.1265625 0.6 0.13671875 0.56527777734375 0.13984375000000002 0.5291666666666667 0.13359374999999998 0.48472222265625 0.11875000000000001 0.4513888893229167 0.10546875 0.43472222265625 0.08515625 0.425 0.01640625 0.42222222265625 0 0.42222222265625 0 0.42777777734375005
0 0.83046875 0.6541666666666667 0.859375 0.6680555559895834 0.96640625 0.6708333333333334 0.9515625 0.66527777734375 0.85546875 0.6625 0.8406250000000001 0.6569444440104167 0.81484375 0.6236111106770833 0.80078125 0.5625 0.80859375 0.5166666666666667 0.8156249999999999 0.49722222265625 0.83046875 0.47361111067708334 0.84609375 0.46249999999999997 0.96875 0.46388888932291666 0.9695312500000001 0.45972222265625 0.8445312500000001 0.4569444440104167 0.8210937500000001 0.4791666666666667 0.8093750000000001 0.5013888893229167 0.80234375 0.5291666666666667 0.7999999999999999 0.5736111106770834 0.803125 0.5986111106770834 0.8132812500000001 0.6291666666666667 0.83046875 0.6541666666666667