1 0.621925 0.18678333333333333 0.62327109375 0.18558750000000002 0.62405625 0.1822 0.6226539062499999 0.1772944440104167 0.620803125 0.17761527734375002 0.6202421875 0.18120277734375 0.6202421875 0.18499027734374998 0.621925 0.18678333333333333
0 0.9986979166666666 0.4192708333333333 0.9986979166666666 0.4244791666666667 0.9114583333333334 0.4270833333333333 0.8932291666666666 0.43359375 0.8736979166666666 0.4557291666666667 0.86328125 0.4791666666666667 0.8580729166666666 0.5026041666666666 0.8580729166666666 0.5325520833333334 0.85546875 0.5364583333333334 0.85546875 0.5026041666666666 0.8606770833333334 0.4765625 0.8684895833333334 0.45703125 0.8880208333333334 0.4309895833333333 0.8984375 0.4244791666666667 0.9088541666666666 0.421875 0.9973958333333334 0.4192708333333333
0 0.13671875 0.4544270833333333 0.14713541666666666 0.4583333333333333 0.16276041666666666 0.47265625 0.171875 0.4895833333333333 0.17447916666666666 0.4908854166666667 0.18229166666666666 0.51171875 0.1875 0.5416666666666666 0.1875 0.5807291666666666 0.18359375 0.60546875 0.17578125 0.62890625 0.15885416666666666 0.6549479166666666 0.15234375 0.66015625 0.13802083333333334 0.6653645833333334 0.13671875 0.66796875 0.048177083333333336 0.6731770833333334 0.020833333333333332 0.6731770833333334 0.020833333333333332 0.6692708333333334 0.026041666666666668 0.6692708333333334 0.02734375 0.6666666666666666 0.12760416666666666 0.6627604166666666 0.140625 0.66015625 0.15755208333333334 0.6484375 0.15755208333333334 0.6458333333333334 0.16145833333333334 0.6432291666666666 0.171875 0.6276041666666666 0.18359375 0.58984375 0.18359375 0.5325520833333334 0.17578125 0.5052083333333334 0.1640625 0.4830729166666667 0.15104166666666666 0.46875 0.13932291666666666 0.4622395833333333 0.09114583333333333 0.4609375 0.06510416666666667 0.4635416666666667 0.018229166666666668 0.4635416666666667 0.016927083333333332 0.4609375 0.020833333333333332 0.45703125 0.13541666666666666 0.4544270833333333
2 0.5208333333333334 0.50390625 0.52734375 0.93359375 0.5260416666666666 0.9609375 0.5234375 0.953125 0.5234375 0.8606770833333334 0.5208333333333334 0.7955729166666666 0.51953125 0.5677083333333334 0.5169270833333334 0.5299479166666666 0.5208333333333334 0.5052083333333334
3 0.6041666666666666 0.5364583333333334 0.6080729166666666 0.5390625 0.6080729166666666 0.5455729166666666 0.6015625 0.5533854166666666 0.59765625 0.5520833333333334 0.59765625 0.5455729166666666 0.5989583333333334 0.5390625 0.6028645833333334 0.5364583333333334
3 0.47265625 0.19270833333333334 0.4765625 0.19401041666666666 0.4752604166666667 0.21614583333333334 0.4700520833333333 0.21354166666666666 0.4700520833333333 0.19661458333333334 0.47265625 0.19401041666666666
3 0.7395833333333334 0.7044270833333334 0.7473958333333334 0.7161458333333334 0.74609375 0.7239583333333334 0.7395833333333334 0.7252604166666666 0.7356770833333334 0.72265625 0.73828125 0.7057291666666666
3 0.5091145833333334 0.7434895833333334 0.51171875 0.7434895833333334 0.5143229166666666 0.7486979166666666 0.5143229166666666 0.7604166666666666 0.5104166666666666 0.7630208333333334 0.5078125 0.7604166666666666 0.5091145833333334 0.7447916666666666
3 0.5130208333333334 0.5013020833333334 0.51171875 0.4830729166666667 0.5130208333333334 0.4778645833333333 0.5169270833333334 0.4752604166666667 0.5221354166666666 0.4817708333333333 0.5221354166666666 0.49609375 0.5182291666666666 0.5026041666666666 0.5143229166666666 0.5013020833333334
3 0.57421875 0.6002604166666666 0.5807291666666666 0.6015625 0.5807291666666666 0.6145833333333334 0.578125 0.6158854166666666 0.5729166666666666 0.61328125 0.57421875 0.6015625
3 0.6223958333333334 0.1875 0.6184895833333334 0.18359375 0.6184895833333334 0.17708333333333334 0.62109375 0.17317708333333334 0.6223958333333334 0.15755208333333334 0.6263020833333334 0.14583333333333334 0.62890625 0.14322916666666666 0.6328125 0.14322916666666666 0.6341145833333334 0.15364583333333334 0.62890625 0.16927083333333334 0.62890625 0.17838541666666666 0.6263020833333334 0.18489583333333334 0.6236979166666666 0.18619791666666666
3 0.3958333333333333 0.3580729166666667 0.3997395833333333 0.3580729166666667 0.4036458333333333 0.37109375 0.40234375 0.37890625 0.3971354166666667 0.37890625 0.39453125 0.3684895833333333 0.3958333333333333 0.359375
3 0.40625 0.6881510416666666 0.011067708333333334 0.0234375
3 0.5774739583333334 0.75 0.01171875 0.022135416666666668
3 0.5703125 0.40277777734375 0.5703125 0.3958333333333333 0.5640625 0.39305555598958336 0.5640625 0.4083333333333334 0.5703125 0.40277777734375
3 0.8682921874999999 0.5293416666666667 0.8641203125 0.5293416666666667 0.86261796875 0.5296388893229167 0.86011484375 0.5346791666666667 0.8586132812499999 0.53734722265625 0.8582789062499999 0.5444625 0.8607828125 0.5483166666666667 0.86345234375 0.5456486106770834 0.86645625 0.5456486106770834 0.872296875 0.5450555559895833 0.8756765624999999 0.53890277734375 0.8751335937500001 0.5331958333333333 0.8744664062499999 0.5302319440104167 0.8682921874999999 0.5293416666666667