1 0.38359375 0.29722222265625003 0.38437499999999997 0.29444444401041664 0.38359375 0.29027777734375 0.3828125 0.2888888893229167 0.3796875 0.2888888893229167 0.37890625 0.2916666666666667 0.3796875 0.29722222265625003 0.38359375 0.29722222265625003
3 0.6588541666666666 0.5677083333333334 0.6627604166666666 0.5729166666666666 0.6614583333333334 0.5846354166666666 0.6588541666666666 0.5872395833333334 0.6549479166666666 0.5859375 0.6549479166666666 0.58203125 0.6510416666666666 0.578125 0.65234375 0.5716145833333334 0.6575520833333334 0.5677083333333334
3 0.7526041666666666 0.3411458333333333 0.7552083333333334 0.3424479166666667 0.7565104166666666 0.3502604166666667 0.7513020833333334 0.36328125 0.74609375 0.3619791666666667 0.73828125 0.3489583333333333 0.7513020833333334 0.3424479166666667
3 0.4361979166666667 0.23958333333333334 0.4401041666666667 0.2421875 0.4427083333333333 0.24869791666666666 0.4427083333333333 0.26171875 0.4375 0.26171875 0.43359375 0.24739583333333334 0.4348958333333333 0.24088541666666666
3 0.2890625 0.34765625 0.2942708333333333 0.34765625 0.2994791666666667 0.3528645833333333 0.2994791666666667 0.36328125 0.2955729166666667 0.3684895833333333 0.29296875 0.3684895833333333 0.2890625 0.3489583333333333
3 0.6380208333333334 0.31640625 0.640625 0.3216145833333333 0.640625 0.3307291666666667 0.6380208333333334 0.3346354166666667 0.6341145833333334 0.3359375 0.6315104166666666 0.33203125 0.6315104166666666 0.32421875 0.6341145833333334 0.3177083333333333 0.63671875 0.31640625
3 0.6471354166666666 0.7005208333333334 0.6510416666666666 0.7044270833333334 0.6497395833333334 0.7200520833333334 0.6471354166666666 0.7213541666666666 0.6432291666666666 0.7135416666666666 0.6432291666666666 0.7044270833333334 0.6458333333333334 0.7018229166666666
3 0.578125 0.8802083333333334 0.58203125 0.8815104166666666 0.5859375 0.88671875 0.5859375 0.8997395833333334 0.5846354166666666 0.90234375 0.58203125 0.90234375 0.578125 0.89453125 0.578125 0.8815104166666666
3 0.5221354166666666 0.2916666666666667 0.5260416666666666 0.2981770833333333 0.5260416666666666 0.3190104166666667 0.5208333333333334 0.3177083333333333 0.5182291666666666 0.2994791666666667 0.5221354166666666 0.29296875
3 0.6197916666666666 0.4049479166666667 0.6236979166666666 0.4075520833333333 0.625 0.4127604166666667 0.6236979166666666 0.42578125 0.6197916666666666 0.4322916666666667 0.6158854166666666 0.4322916666666667 0.61328125 0.4270833333333333 0.61328125 0.4166666666666667 0.6184895833333334 0.40625
3 0.5533854166666666 0.4622395833333333 0.5559895833333334 0.46484375 0.5559895833333334 0.4752604166666667 0.5533854166666666 0.4778645833333333 0.5494791666666666 0.4765625 0.546875 0.4674479166666667 0.5520833333333334 0.4622395833333333
0 0.81640625 0.6319444440104166 0.8046875 0.5861111106770833 0.8046875 0.5486111106770833 0.80859375 0.5263888893229166 0.81640625 0.5069444440104166 0.81015625 0.5069444440104166 0.8015625000000001 0.54722222265625 0.80078125 0.5805555559895833 0.80703125 0.6180555559895834 0.8195312499999999 0.64722222265625 0.8367187500000001 0.6680555559895834 0.8601562500000001 0.6763888893229167 0.9625 0.67777777734375 0.95703125 0.6736111106770833 0.8546874999999999 0.6694444440104167 0.8390624999999999 0.6625 0.81640625 0.6319444440104166
3 0.8294270833333334 0.48828125 0.8333333333333334 0.4934895833333333 0.8333333333333334 0.5026041666666666 0.82421875 0.5104166666666666 0.81640625 0.5013020833333334 0.8151041666666666 0.49609375 0.828125 0.48828125
3 0.6979166666666666 0.63671875 0.7018229166666666 0.6419270833333334 0.7018229166666666 0.6497395833333334 0.6979166666666666 0.6549479166666666 0.6848958333333334 0.6471354166666666 0.6861979166666666 0.6432291666666666 0.6966145833333334 0.63671875
0 0.8585937499999999 0.4680555559895833 0.94921875 0.47222222265625 0.9703125 0.4680555559895833 0.85546875 0.46249999999999997 0.8312499999999999 0.47500000000000003 0.8273437499999999 0.48472222265625 0.84609375 0.4708333333333334 0.8585937499999999 0.4680555559895833
2 0.4739583333333333 0.140625 0.4765625 0.171875 0.4739583333333333 0.3190104166666667 0.4739583333333333 0.5846354166666666 0.4713541666666667 0.6432291666666666 0.46875 0.94921875 0.4674479166666667 0.9700520833333334 0.46484375 0.96875 0.46875 0.58984375 0.4713541666666667 0.5494791666666666 0.4700520833333333 0.4622395833333333 0.4739583333333333 0.14192708333333334
0 0 0.6458333333333334 0.090625 0.64722222265625 0.10546875 0.6388888893229167 0.12734375 0.6083333333333333 0.1390625 0.5638888893229167 0.13984375000000002 0.52777777734375 0.13046875 0.48194444401041664 0.11640625 0.45555555598958336 0.09921875000000001 0.43888888932291664 0.08671875 0.43472222265625 0.00390625 0.43055555598958334 0 0.43055555598958334 0 0.43888888932291664 0.08750000000000001 0.44027777734375 0.10546875 0.4513888893229167 0.12343749999999999 0.47777777734375 0.13203125000000002 0.5055555559895833 0.13515625 0.5208333333333334 0.13515625 0.5638888893229167 0.12812500000000002 0.5944444440104167 0.12109375 0.6083333333333333 0.11328125 0.62222222265625 0.09609374999999999 0.6388888893229167 0.010937500000000001 0.6388888893229167 0 0.64027777734375 0 0.6458333333333334