1 0.5609375 0.6875 0.5617187499999999 0.6861111106770833 0.5617187499999999 0.6819444440104167 0.5609375 0.6805555559895833 0.5578124999999999 0.6819444440104167 0.5578124999999999 0.6875 0.5609375 0.6875
0 0.9036458333333334 0.4166666666666667 0.9986979166666666 0.4140625 0.9986979166666666 0.4192708333333333 0.9921875 0.4205729166666667 0.9049479166666666 0.4231770833333333 0.890625 0.4296875 0.8828125 0.4361979166666667 0.8828125 0.4388020833333333 0.8697916666666666 0.4557291666666667 0.859375 0.484375 0.8580729166666666 0.5013020833333334 0.85546875 0.5065104166666666 0.85546875 0.5390625 0.859375 0.5638020833333334 0.8619791666666666 0.56640625 0.8671875 0.5872395833333334 0.8841145833333334 0.6119791666666666 0.8958333333333334 0.62109375 0.9036458333333334 0.6236979166666666 0.9986979166666666 0.62109375 0.9986979166666666 0.6276041666666666 0.98828125 0.62890625 0.90234375 0.6302083333333334 0.8958333333333334 0.6276041666666666 0.8763020833333334 0.6106770833333334 0.86328125 0.5885416666666666 0.8567708333333334 0.5690104166666666 0.8515625 0.5286458333333334 0.8528645833333334 0.50390625 0.85546875 0.4973958333333333 0.8567708333333334 0.4817708333333333 0.8645833333333334 0.45703125 0.87890625 0.43359375 0.8893229166666666 0.4244791666666667 0.9036458333333334 0.41796875
0 0.13671875 0.4466145833333333 0.15104166666666666 0.4518229166666667 0.15885416666666666 0.45703125 0.16015625 0.4609375 0.16666666666666666 0.4661458333333333 0.17838541666666666 0.4856770833333333 0.18619791666666666 0.5091145833333334 0.1875 0.5247395833333334 0.19010416666666666 0.53125 0.19140625 0.5611979166666666 0.19010416666666666 0.578125 0.18229166666666666 0.6119791666666666 0.16666666666666666 0.640625 0.15494791666666666 0.65234375 0.14713541666666666 0.65625 0.12890625 0.66015625 0.055989583333333336 0.6627604166666666 0.026041666666666668 0.6627604166666666 0.024739583333333332 0.66015625 0.02734375 0.6588541666666666 0.12890625 0.6549479166666666 0.140625 0.6536458333333334 0.15104166666666666 0.6484375 0.16927083333333334 0.62890625 0.1796875 0.6080729166666666 0.1875 0.5755208333333334 0.1875 0.53125 0.1796875 0.4986979166666667 0.16927083333333334 0.4778645833333333 0.15885416666666666 0.46484375 0.14192708333333334 0.453125 0.1171875 0.4518229166666667 0.037760416666666664 0.4557291666666667 0.024739583333333332 0.4557291666666667 0.020833333333333332 0.453125 0.0234375 0.4505208333333333 0.041666666666666664 0.44921875 0.13541666666666666 0.4466145833333333
2 0.5169270833333334 0.12239583333333333 0.51953125 0.171875 0.5221354166666666 0.55859375 0.5247395833333334 0.6302083333333334 0.5234375 0.6940104166666666 0.5260416666666666 0.7265625 0.5247395833333334 0.7747395833333334 0.52734375 0.8697916666666666 0.52734375 0.9505208333333334 0.5247395833333334 0.9518229166666666 0.5234375 0.9322916666666666 0.5247395833333334 0.890625 0.51953125 0.6315104166666666 0.515625 0.15494791666666666 0.5169270833333334 0.12369791666666667
3 0.6022135416666666 0.20638020833333334 0.012369791666666666 0.020833333333333332
3 0.5494791666666666 0.2421875 0.5520833333333334 0.24739583333333334 0.5520833333333334 0.2552083333333333 0.5494791666666666 0.2630208333333333 0.5455729166666666 0.2669270833333333 0.5403645833333334 0.2604166666666667 0.5403645833333334 0.24869791666666666 0.5442708333333334 0.2421875 0.5481770833333334 0.2421875
3 0.44921875 0.6393229166666666 0.4518229166666667 0.640625 0.453125 0.6484375 0.4518229166666667 0.6588541666666666 0.4453125 0.6575520833333334 0.4453125 0.6484375 0.44921875 0.640625
3 0.6419270833333334 0.6158854166666666 0.011067708333333334 0.020833333333333332
3 0.5416666666666666 0.7239583333333334 0.5494791666666666 0.7330729166666666 0.5494791666666666 0.7395833333333334 0.5455729166666666 0.74609375 0.5390625 0.7421875 0.5403645833333334 0.7252604166666666
3 0.6028645833333334 0.8359375 0.6119791666666666 0.83984375 0.6119791666666666 0.8450520833333334 0.60546875 0.85546875 0.6028645833333334 0.8515625 0.6028645833333334 0.8372395833333334
3 0.6536458333333334 0.5052083333333334 0.6588541666666666 0.515625 0.6588541666666666 0.5221354166666666 0.65625 0.5247395833333334 0.6497395833333334 0.5247395833333334 0.6497395833333334 0.5130208333333334 0.65234375 0.5065104166666666
3 0.7747395833333334 0.6731770833333334 0.77734375 0.6731770833333334 0.78125 0.6822916666666666 0.78125 0.6901041666666666 0.7734375 0.6888020833333334 0.7682291666666666 0.68359375 0.7682291666666666 0.6796875 0.7747395833333334 0.6744791666666666
3 0.4309895833333333 0.4140625 0.4361979166666667 0.4140625 0.4361979166666667 0.4322916666666667 0.4322916666666667 0.4348958333333333 0.4296875 0.43359375 0.4283854166666667 0.42578125 0.4309895833333333 0.4153645833333333
3 0.61171875 0.5361111106770834 0.615625 0.5333333333333333 0.61875 0.525 0.6179687500000001 0.51527777734375 0.609375 0.5111111106770834 0.6062500000000001 0.5291666666666667 0.61171875 0.5361111106770834
3 0.578125 0.4083333333333334 0.58203125 0.39305555598958336 0.5750000000000001 0.39027777734375 0.57265625 0.4083333333333334 0.578125 0.4083333333333334
3 0.765625 0.5013888893229167 0.7742187500000001 0.49027777734375005 0.7734375 0.48472222265625 0.765625 0.48194444401041664 0.7609374999999999 0.5013888893229167 0.765625 0.5013888893229167