1 0.3796875 0.1875 0.3796875 0.17916666666666667 0.37734375000000003 0.17916666666666667 0.37656249999999997 0.17777777734375 0.37578125 0.17916666666666667 0.37578125 0.18611111067708333 0.37656249999999997 0.1875 0.3796875 0.1875
3 0.3984375 0.5377604166666666 0.4010416666666667 0.5455729166666666 0.3997395833333333 0.5559895833333334 0.3932291666666667 0.55078125 0.3932291666666667 0.5403645833333334 0.3971354166666667 0.5377604166666666
3 0.5234375 0.19270833333333334 0.5260416666666666 0.19270833333333334 0.5299479166666666 0.20182291666666666 0.5286458333333334 0.21354166666666666 0.5234375 0.21614583333333334 0.5234375 0.19401041666666666
3 0.3671875 0.15299479166666666 0.012369791666666666 0.01953125
3 0.12890625 0.5299479166666666 0.1328125 0.5299479166666666 0.14192708333333334 0.5364583333333334 0.14322916666666666 0.55859375 0.14583333333333334 0.5651041666666666 0.14453125 0.5703125 0.140625 0.5677083333333334 0.13932291666666666 0.5494791666666666 0.12760416666666666 0.5442708333333334 0.12890625 0.53125
3 0.2578125 0.7057291666666666 0.2604166666666667 0.70703125 0.2630208333333333 0.7252604166666666 0.2552083333333333 0.7265625 0.2513020833333333 0.7213541666666666 0.2526041666666667 0.71484375 0.2578125 0.70703125
3 0.4869791666666667 0.7434895833333334 0.4895833333333333 0.7434895833333334 0.4908854166666667 0.7473958333333334 0.4908854166666667 0.7630208333333334 0.4869791666666667 0.7643229166666666 0.484375 0.76171875 0.484375 0.75 0.4869791666666667 0.7447916666666666
3 0.4342447916666667 0.4016927083333333 0.008463541666666666 0.016927083333333332
3 0.48046875 0.4752604166666667 0.4856770833333333 0.4778645833333333 0.4869791666666667 0.4830729166666667 0.4856770833333333 0.5026041666666666 0.48046875 0.50390625 0.4765625 0.4973958333333333 0.4765625 0.4830729166666667 0.4791666666666667 0.4765625
3 0.41796875 0.6158854166666666 0.41796875 0.6028645833333334 0.4205729166666667 0.6002604166666666 0.4244791666666667 0.6002604166666666 0.42578125 0.6028645833333334 0.42578125 0.61328125 0.421875 0.6171875 0.4192708333333333 0.6158854166666666
3 0.6028645833333334 0.359375 0.6041666666666666 0.3697916666666667 0.6002604166666666 0.3815104166666667 0.5963541666666666 0.3802083333333333 0.5950520833333334 0.3723958333333333 0.59765625 0.3619791666666667 0.6015625 0.359375
3 0.5911458333333334 0.6783854166666666 0.59375 0.6783854166666666 0.5989583333333334 0.6848958333333334 0.5963541666666666 0.6979166666666666 0.5924479166666666 0.69921875 0.5885416666666666 0.69140625 0.5911458333333334 0.6796875
3 0.41796875 0.7604166666666666 0.41796875 0.7486979166666666 0.4244791666666667 0.7395833333333334 0.4283854166666667 0.7434895833333334 0.4270833333333333 0.7578125 0.4231770833333333 0.76171875 0.4192708333333333 0.7604166666666666
2 0.4778645833333333 0.5104166666666666 0.4778645833333333 0.5234375 0.48046875 0.5247395833333334 0.48046875 0.58203125 0.4739583333333333 0.9622395833333334 0.4713541666666667 0.9322916666666666 0.4752604166666667 0.7786458333333334 0.4739583333333333 0.7473958333333334 0.4778645833333333 0.5533854166666666 0.4765625 0.51171875
0 0 0.6333333333333333 0.0984375 0.63472222265625 0.11171874999999999 0.6263888893229167 0.1265625 0.6083333333333333 0.140625 0.5763888893229167 0.13671875 0.57222222265625 0.12578124999999998 0.6013888893229167 0.09921875000000001 0.6291666666666667 0 0.62777777734375 0 0.6333333333333333
0 0 0.425 0.08984375 0.42777777734375005 0.11328125 0.44027777734375 0.12812500000000002 0.46249999999999997 0.13515625 0.4805555559895833 0.140625 0.5319444440104167 0.14375000000000002 0.53472222265625 0.14453125 0.50972222265625 0.13984375000000002 0.48194444401041664 0.13046875 0.4569444440104167 0.1125 0.4319444440104167 0.0859375 0.42083333333333334 0.021875000000000002 0.4180555559895833 0 0.4180555559895833 0 0.425
0 0.84140625 0.6569444440104167 0.8703124999999999 0.6694444440104167 0.9757812499999999 0.6708333333333334 0.86875 0.6638888893229167 0.85 0.6569444440104167 0.82578125 0.6263888893229167 0.8156249999999999 0.5930555559895833 0.8132812500000001 0.5611111106770833 0.81484375 0.5388888893229167 0.82578125 0.49861111067708336 0.83828125 0.47777777734375 0.85546875 0.46388888932291666 0.9812500000000001 0.46388888932291666 0.98046875 0.45972222265625 0.8585937499999999 0.45555555598958336 0.8312499999999999 0.4791666666666667 0.8203125 0.5 0.8132812500000001 0.5263888893229166 0.81015625 0.57777777734375 0.81640625 0.6124999999999999 0.82421875 0.6319444440104166 0.84140625 0.6569444440104167