1 0.524453125 0.5387763893229166 0.5280781250000001 0.5395541666666667 0.52890625 0.5361111106770834 0.5281250000000001 0.5319444440104167 0.526328125 0.5305597226562501 0.524640625 0.5323361106770833 0.524453125 0.5387763893229166
0 0.9986979166666666 0.42578125 0.9986979166666666 0.4309895833333333 0.9036458333333334 0.43359375 0.89453125 0.4361979166666667 0.8841145833333334 0.4440104166666667 0.87109375 0.4583333333333333 0.86328125 0.4739583333333333 0.85546875 0.4986979166666667 0.8528645833333334 0.5208333333333334 0.8541666666666666 0.55859375 0.859375 0.58203125 0.87109375 0.6080729166666666 0.8919270833333334 0.62890625 0.90234375 0.6328125 0.9986979166666666 0.6302083333333334 0.9986979166666666 0.63671875 0.9479166666666666 0.6380208333333334 0.8984375 0.6380208333333334 0.8802083333333334 0.6276041666666666 0.8802083333333334 0.625 0.8684895833333334 0.61328125 0.8567708333333334 0.5872395833333334 0.85546875 0.5768229166666666 0.8515625 0.5677083333333334 0.8489583333333334 0.5260416666666666 0.8528645833333334 0.4947916666666667 0.8606770833333334 0.4700520833333333 0.8684895833333334 0.4544270833333333 0.8841145833333334 0.4361979166666667 0.8958333333333334 0.4296875 0.9973958333333334 0.42578125
0 0.14973958333333334 0.4544270833333333 0.15625 0.45703125 0.171875 0.4713541666666667 0.18229166666666666 0.48828125 0.19010416666666666 0.5065104166666666 0.19661458333333334 0.5455729166666666 0.1953125 0.5872395833333334 0.19010416666666666 0.6106770833333334 0.17838541666666666 0.63671875 0.16666666666666666 0.6510416666666666 0.15364583333333334 0.66015625 0.13671875 0.6640625 0.08723958333333333 0.6653645833333334 0.033854166666666664 0.6653645833333334 0.032552083333333336 0.6640625 0.036458333333333336 0.6614583333333334 0.14583333333333334 0.6575520833333334 0.15885416666666666 0.6510416666666666 0.1796875 0.6263020833333334 0.19140625 0.5911458333333334 0.19401041666666666 0.5651041666666666 0.19270833333333334 0.5364583333333334 0.18880208333333334 0.5143229166666666 0.18359375 0.4986979166666667 0.17317708333333334 0.4830729166666667 0.171875 0.4778645833333333 0.16276041666666666 0.46875 0.14973958333333334 0.4609375 0.1171875 0.4596354166666667 0.03125 0.4622395833333333 0.028645833333333332 0.4609375 0.028645833333333332 0.45703125 0.09114583333333333 0.453125 0.1484375 0.4544270833333333
2 0.5234375 0.4752604166666667 0.5286458333333334 0.8619791666666666 0.5286458333333334 0.9518229166666666 0.5247395833333334 0.953125 0.5234375 0.6484375 0.5208333333333334 0.640625 0.5208333333333334 0.4830729166666667 0.5234375 0.4765625
3 0.5403645833333334 0.24088541666666666 0.546875 0.24088541666666666 0.5494791666666666 0.24348958333333334 0.5455729166666666 0.2578125 0.5390625 0.2604166666666667 0.5364583333333334 0.2526041666666667 0.5403645833333334 0.2421875
3 0.4361979166666667 0.55859375 0.4375 0.5703125 0.43359375 0.578125 0.4309895833333333 0.5768229166666666 0.4296875 0.5651041666666666 0.4309895833333333 0.5598958333333334 0.4348958333333333 0.55859375
3 0.50390625 0.6197916666666666 0.5065104166666666 0.62890625 0.50390625 0.640625 0.5 0.6380208333333334 0.5 0.6223958333333334 0.5026041666666666 0.62109375
3 0.5768229166666666 0.6041666666666666 0.57421875 0.6002604166666666 0.5755208333333334 0.5885416666666666 0.5794270833333334 0.5859375 0.58203125 0.58984375 0.5807291666666666 0.6015625 0.578125 0.6028645833333334
3 0.4596354166666667 0.26171875 0.45703125 0.24739583333333334 0.4622395833333333 0.23958333333333334 0.46484375 0.24088541666666666 0.46484375 0.2552083333333333 0.4635416666666667 0.26171875 0.4609375 0.26171875
3 0.5559895833333334 0.3932291666666667 0.5611979166666666 0.3932291666666667 0.5638020833333334 0.3984375 0.5611979166666666 0.41015625 0.5559895833333334 0.4114583333333333 0.5559895833333334 0.39453125
3 0.62890625 0.3151041666666667 0.6328125 0.3216145833333333 0.6328125 0.328125 0.62890625 0.3346354166666667 0.6236979166666666 0.3346354166666667 0.6276041666666666 0.31640625
3 0.59765625 0.80078125 0.6002604166666666 0.8020833333333334 0.6015625 0.80859375 0.6002604166666666 0.8203125 0.59765625 0.8229166666666666 0.59375 0.8229166666666666 0.59765625 0.8020833333333334
3 0.3203125 0.5833333333333334 0.3229166666666667 0.5833333333333334 0.3307291666666667 0.59375 0.3307291666666667 0.59765625 0.3268229166666667 0.6028645833333334 0.3203125 0.6028645833333334 0.31640625 0.59375 0.3177083333333333 0.5859375 0.3203125 0.5846354166666666
3 0.47265625 0.453125 0.4791666666666667 0.46484375 0.47265625 0.4739583333333333 0.46875 0.4739583333333333 0.46875 0.4583333333333333 0.4713541666666667 0.4544270833333333
3 0.4830729166666667 0.75 0.48046875 0.7473958333333334 0.48046875 0.7356770833333334 0.4830729166666667 0.7291666666666666 0.4869791666666667 0.7265625 0.4869791666666667 0.7447916666666666 0.484375 0.7486979166666666
3 0.5265624999999999 0.46249999999999997 0.5304687499999999 0.45555555598958336 0.5296875 0.44444444401041666 0.5203125000000001 0.44166666666666665 0.51796875 0.4583333333333333 0.5265624999999999 0.46249999999999997