1 0.5226562499999999 0.5319444440104167 0.5234375 0.5333333333333333 0.5265624999999999 0.5333333333333333 0.52734375 0.5319444440104167 0.52734375 0.52777777734375 0.5265624999999999 0.5263888893229166 0.5234375 0.5263888893229166 0.5226562499999999 0.52777777734375 0.5226562499999999 0.5319444440104167
0 0.9986979166666666 0.4114583333333333 0.9986979166666666 0.41796875 0.9192708333333334 0.4205729166666667 0.91015625 0.4192708333333333 0.90234375 0.421875 0.8919270833333334 0.4283854166666667 0.8828125 0.4375 0.8697916666666666 0.4583333333333333 0.86328125 0.4778645833333333 0.8619791666666666 0.4921875 0.859375 0.4973958333333333 0.859375 0.5442708333333334 0.8619791666666666 0.546875 0.8619791666666666 0.5559895833333334 0.87109375 0.5846354166666666 0.8854166666666666 0.6041666666666666 0.8854166666666666 0.6067708333333334 0.8958333333333334 0.6158854166666666 0.9088541666666666 0.62109375 0.9986979166666666 0.6184895833333334 0.9986979166666666 0.6236979166666666 0.9583333333333334 0.6236979166666666 0.95703125 0.6263020833333334 0.9296875 0.6276041666666666 0.9049479166666666 0.6263020833333334 0.9036458333333334 0.6236979166666666 0.8932291666666666 0.6197916666666666 0.8802083333333334 0.6080729166666666 0.8684895833333334 0.58984375 0.8606770833333334 0.56640625 0.85546875 0.5299479166666666 0.8567708333333334 0.4973958333333333 0.8606770833333334 0.4752604166666667 0.8671875 0.4557291666666667 0.87890625 0.4348958333333333 0.8841145833333334 0.4283854166666667 0.8997395833333334 0.4166666666666667 0.91796875 0.4127604166666667 0.9973958333333334 0.4114583333333333
0 0.14322916666666666 0.44140625 0.15494791666666666 0.4453125 0.17057291666666666 0.45703125 0.18229166666666666 0.4752604166666667 0.1875 0.4921875 0.19010416666666666 0.4947916666666667 0.19401041666666666 0.5130208333333334 0.19661458333333334 0.546875 0.19401041666666666 0.58203125 0.18619791666666666 0.609375 0.17447916666666666 0.6315104166666666 0.15104166666666666 0.6510416666666666 0.11458333333333333 0.6549479166666666 0.053385416666666664 0.65625 0.032552083333333336 0.65625 0.032552083333333336 0.6510416666666666 0.041666666666666664 0.65234375 0.09895833333333333 0.6484375 0.14192708333333334 0.6484375 0.14322916666666666 0.6458333333333334 0.14713541666666666 0.6458333333333334 0.16276041666666666 0.63671875 0.171875 0.6276041666666666 0.1796875 0.6145833333333334 0.1875 0.5950520833333334 0.19270833333333334 0.5690104166666666 0.19401041666666666 0.5390625 0.18489583333333334 0.4908854166666667 0.17317708333333334 0.46875 0.15625 0.4518229166666667 0.14453125 0.4466145833333333 0.028645833333333332 0.44921875 0.028645833333333332 0.4453125 0.14192708333333334 0.44140625
2 0.5234375 0.5325520833333334 0.5260416666666666 0.5338541666666666 0.52734375 0.546875 0.52734375 0.7109375 0.5299479166666666 0.7447916666666666 0.53125 0.8528645833333334 0.53125 0.9440104166666666 0.5286458333333334 0.9453125 0.52734375 0.93359375 0.52734375 0.7591145833333334 0.5247395833333334 0.7356770833333334 0.5234375 0.5338541666666666
3 0.3795572916666667 0.17447916666666666 0.013020833333333334 0.026692708333333332
3 0.3229166666666667 0.5559895833333334 0.32421875 0.5651041666666666 0.3203125 0.5716145833333334 0.31640625 0.5703125 0.3151041666666667 0.55859375 0.3177083333333333 0.55078125 0.3216145833333333 0.5559895833333334
3 0.51953125 0.5065104166666666 0.5234375 0.5065104166666666 0.5260416666666666 0.5130208333333334 0.5260416666666666 0.5325520833333334 0.5208333333333334 0.5338541666666666 0.5169270833333334 0.5247395833333334 0.51953125 0.5078125
3 0.6028645833333334 0.8606770833333334 0.6119791666666666 0.8606770833333334 0.6158854166666666 0.8658854166666666 0.6158854166666666 0.8736979166666666 0.6119791666666666 0.8815104166666666 0.6080729166666666 0.8841145833333334 0.6041666666666666 0.8776041666666666 0.6028645833333334 0.8619791666666666
3 0.7330729166666666 0.2682291666666667 0.73828125 0.2708333333333333 0.73828125 0.2799479166666667 0.73046875 0.29296875 0.7265625 0.2864583333333333 0.7317708333333334 0.26953125
3 0.3997395833333333 0.8697916666666666 0.4036458333333333 0.8697916666666666 0.40234375 0.8997395833333334 0.4010416666666667 0.90234375 0.3958333333333333 0.90234375 0.39453125 0.8984375 0.39453125 0.8802083333333334 0.3958333333333333 0.875 0.3997395833333333 0.87109375
3 0.7942708333333334 0.1484375 0.7981770833333334 0.14453125 0.8020833333333334 0.1484375 0.8020833333333334 0.15494791666666666 0.79296875 0.16536458333333334 0.79296875 0.16927083333333334 0.7890625 0.171875 0.7864583333333334 0.17057291666666666 0.7864583333333334 0.16015625 0.7942708333333334 0.14973958333333334
3 0.5182291666666666 0.14322916666666666 0.51953125 0.16145833333333334 0.5143229166666666 0.17447916666666666 0.5078125 0.171875 0.5052083333333334 0.15104166666666666 0.5091145833333334 0.14322916666666666 0.5169270833333334 0.14322916666666666
3 0.2903645833333333 0.7083333333333334 0.29296875 0.7109375 0.2942708333333333 0.71875 0.2916666666666667 0.7317708333333334 0.2890625 0.734375 0.28515625 0.7317708333333334 0.2838541666666667 0.72265625 0.2838541666666667 0.71484375 0.2903645833333333 0.7096354166666666
3 0.9140625 0.4739583333333333 0.9153645833333334 0.4830729166666667 0.9127604166666666 0.4895833333333333 0.8997395833333334 0.48828125 0.8984375 0.48046875 0.8997395833333334 0.4752604166666667 0.91015625 0.47265625 0.9127604166666666 0.4739583333333333
3 0.5559895833333334 0.63671875 0.5598958333333334 0.6380208333333334 0.5625 0.6432291666666666 0.5611979166666666 0.65234375 0.5559895833333334 0.65625 0.5559895833333334 0.6380208333333334
3 0.17838541666666666 0.5143229166666666 0.17838541666666666 0.53125 0.17447916666666666 0.5286458333333334 0.16666666666666666 0.53125 0.1640625 0.52734375 0.1640625 0.5143229166666666 0.16666666666666666 0.5091145833333334 0.17057291666666666 0.5065104166666666 0.17317708333333334 0.5130208333333334 0.17708333333333334 0.5143229166666666