1 0.55625 0.3416666666666666 0.56015625 0.3361111106770833 0.55703125 0.3319444440104167 0.5539062499999999 0.33749999999999997 0.55625 0.3416666666666666
0 0 0.4296875 0.08333333333333333 0.4322916666666667 0.09765625 0.4375 0.11458333333333333 0.4544270833333333 0.12630208333333334 0.4765625 0.13411458333333334 0.5026041666666666 0.13802083333333334 0.5403645833333334 0.13541666666666666 0.5716145833333334 0.13020833333333334 0.59375 0.11458333333333333 0.6263020833333334 0.09895833333333333 0.640625 0.08723958333333333 0.64453125 0.0859375 0.6471354166666666 0.049479166666666664 0.6471354166666666 0.048177083333333336 0.64453125 0 0.64453125 0 0.6380208333333334 0.08463541666666667 0.640625 0.09895833333333333 0.6341145833333334 0.11197916666666667 0.6197916666666666 0.12369791666666667 0.5989583333333334 0.13151041666666666 0.5729166666666666 0.13411458333333334 0.5455729166666666 0.13411458333333334 0.5234375 0.12760416666666666 0.4908854166666667 0.11197916666666667 0.4583333333333333 0.10286458333333333 0.44921875 0.09114583333333333 0.44140625 0.08072916666666667 0.4388020833333333 0.010416666666666666 0.4361979166666667 0 0.4348958333333333 0 0.4309895833333333
0 0.9635416666666666 0.4635416666666667 0.9674479166666666 0.4661458333333333 0.9661458333333334 0.4700520833333333 0.8528645833333334 0.4661458333333333 0.83984375 0.4713541666666667 0.8229166666666666 0.48828125 0.8111979166666666 0.5104166666666666 0.8059895833333334 0.53515625 0.8033854166666666 0.5390625 0.8020833333333334 0.5533854166666666 0.8020833333333334 0.5755208333333334 0.8072916666666666 0.6106770833333334 0.8190104166666666 0.6393229166666666 0.8372395833333334 0.66015625 0.8502604166666666 0.6666666666666666 0.8567708333333334 0.6666666666666666 0.8580729166666666 0.6692708333333334 0.9622395833333334 0.671875 0.96484375 0.6744791666666666 0.9635416666666666 0.6770833333333334 0.8619791666666666 0.6744791666666666 0.8463541666666666 0.671875 0.8385416666666666 0.66796875 0.82421875 0.6549479166666666 0.8111979166666666 0.6328125 0.8033854166666666 0.609375 0.7994791666666666 0.5755208333333334 0.80078125 0.5390625 0.8046875 0.5182291666666666 0.8125 0.4973958333333333 0.8229166666666666 0.4830729166666667 0.82421875 0.4778645833333333 0.8333333333333334 0.4700520833333333 0.84375 0.4635416666666667 0.8541666666666666 0.4609375 0.9622395833333334 0.4635416666666667
2 0.47265625 0.13932291666666666 0.4739583333333333 0.3411458333333333 0.4713541666666667 0.3932291666666667 0.4713541666666667 0.6484375 0.4700520833333333 0.765625 0.4674479166666667 0.7916666666666666 0.4674479166666667 0.9479166666666666 0.4661458333333333 0.9661458333333334 0.4635416666666667 0.9661458333333334 0.47265625 0.140625
3 0.6015625 0.42578125 0.6028645833333334 0.4348958333333333 0.6002604166666666 0.4466145833333333 0.5963541666666666 0.4453125 0.59375 0.43359375 0.6002604166666666 0.42578125
3 0.68359375 0.5833333333333334 0.6888020833333334 0.5885416666666666 0.6966145833333334 0.58984375 0.6979166666666666 0.5924479166666666 0.6979166666666666 0.5989583333333334 0.6940104166666666 0.6067708333333334 0.6901041666666666 0.6067708333333334 0.68359375 0.5846354166666666
3 0.24739583333333334 0.4296875 0.25 0.4361979166666667 0.2565104166666667 0.4375 0.2552083333333333 0.4479166666666667 0.2513020833333333 0.4505208333333333 0.24479166666666666 0.44921875 0.23828125 0.4427083333333333 0.23958333333333334 0.4322916666666667 0.2421875 0.4296875 0.24609375 0.4296875
3 0.6868489583333334 0.4329427083333333 0.013020833333333334 0.029296875
3 0.6770833333333334 0.734375 0.6809895833333334 0.73828125 0.6822916666666666 0.7434895833333334 0.67578125 0.7473958333333334 0.671875 0.7473958333333334 0.6705729166666666 0.7395833333333334 0.6705729166666666 0.7330729166666666 0.6731770833333334 0.7317708333333334 0.67578125 0.734375
3 0.65234375 0.8828125 0.6536458333333334 0.890625 0.6510416666666666 0.9036458333333334 0.6471354166666666 0.9036458333333334 0.6419270833333334 0.8880208333333334 0.6432291666666666 0.8841145833333334 0.6510416666666666 0.8828125
3 0.86328125 0.5377604166666666 0.8697916666666666 0.5377604166666666 0.8723958333333334 0.5403645833333334 0.8736979166666666 0.5533854166666666 0.8658854166666666 0.55859375 0.85546875 0.55078125 0.859375 0.5442708333333334 0.859375 0.5390625 0.8619791666666666 0.5390625
3 0.76171875 0.6458333333333334 0.7669270833333334 0.6510416666666666 0.7669270833333334 0.66015625 0.76171875 0.66796875 0.7591145833333334 0.66796875 0.75 0.6549479166666666 0.7513020833333334 0.6497395833333334 0.76171875 0.6471354166666666
3 0.439453125 0.251953125 0.008463541666666666 0.0234375
3 0.5611979166666666 0.3125 0.5703125 0.3203125 0.5677083333333334 0.3255208333333333 0.5677083333333334 0.3424479166666667 0.5638020833333334 0.33984375 0.5559895833333334 0.3424479166666667 0.5546875 0.3372395833333333 0.5598958333333334 0.3255208333333333 0.55859375 0.3151041666666667 0.5611979166666666 0.3138020833333333
3 0.68359375 0.3541666666666667 0.6875 0.3541666666666667 0.6901041666666666 0.3580729166666667 0.6901041666666666 0.3671875 0.6848958333333334 0.37890625 0.6783854166666666 0.3658854166666667 0.6783854166666666 0.3580729166666667 0.68359375 0.35546875
3 0.7877604166666666 0.3671875 0.8020833333333334 0.3684895833333333 0.8020833333333334 0.3763020833333333 0.7955729166666666 0.38671875 0.7916666666666666 0.3841145833333333 0.7877604166666666 0.3684895833333333