1 0.19453125000000002 0.76527777734375 0.1961015625 0.76927777734375 0.19765625 0.7625000000000001 0.196875 0.7611111106770833 0.19375 0.7611111106770833 0.19375 0.76527777734375 0.19453125000000002 0.76527777734375
0 0.85546875 0.4986979166666667 0.85546875 0.5026041666666666 0.8580729166666666 0.5052083333333334 0.8567708333333334 0.5390625 0.859375 0.5651041666666666 0.87109375 0.59765625 0.8880208333333334 0.6197916666666666 0.90234375 0.6302083333333334 0.9986979166666666 0.6276041666666666 0.9986979166666666 0.6328125 0.9895833333333334 0.6341145833333334 0.9296875 0.63671875 0.9075520833333334 0.63671875 0.88671875 0.6276041666666666 0.87109375 0.6080729166666666 0.8606770833333334 0.5846354166666666 0.859375 0.57421875 0.8567708333333334 0.5703125 0.85546875 0.55078125 0.8528645833333334 0.5442708333333334 0.8528645833333334 0.5143229166666666 0.85546875 0.5
0 0.14973958333333334 0.45703125 0.16276041666666666 0.4661458333333333 0.171875 0.4752604166666667 0.17838541666666666 0.4856770833333333 0.19140625 0.51953125 0.19140625 0.5299479166666666 0.19401041666666666 0.53515625 0.19140625 0.5403645833333334 0.1875 0.515625 0.18489583333333334 0.5130208333333334 0.1796875 0.49609375 0.16927083333333334 0.4791666666666667 0.15234375 0.46484375 0.13932291666666666 0.4609375 0.11458333333333333 0.4635416666666667 0.10286458333333333 0.4622395833333333 0.06901041666666667 0.46484375 0.02734375 0.46484375 0.02734375 0.4609375 0.03125 0.4609375 0.032552083333333336 0.4583333333333333 0.06901041666666667 0.4583333333333333 0.09895833333333333 0.4557291666666667 0.1484375 0.45703125
2 0.5182291666666666 0.13671875 0.5208333333333334 0.13671875 0.5221354166666666 0.15234375 0.5234375 0.4453125 0.5260416666666666 0.4622395833333333 0.5247395833333334 0.5638020833333334 0.5286458333333334 0.7916666666666666 0.52734375 0.8046875 0.5299479166666666 0.8385416666666666 0.5286458333333334 0.8515625 0.53125 0.9375 0.5299479166666666 0.95703125 0.52734375 0.95703125 0.52734375 0.87109375 0.5247395833333334 0.8216145833333334 0.51953125 0.20703125 0.5169270833333334 0.16145833333333334 0.5182291666666666 0.13802083333333334
3 0.3697916666666667 0.8046875 0.015625 0.040364583333333336
3 0.4986979166666667 0.8072916666666666 0.4986979166666667 0.82421875 0.4934895833333333 0.8424479166666666 0.4908854166666667 0.8385416666666666 0.4908854166666667 0.82421875 0.4934895833333333 0.80859375 0.4973958333333333 0.8072916666666666
3 0.3567708333333333 0.6158854166666666 0.3580729166666667 0.62109375 0.3541666666666667 0.6276041666666666 0.3502604166666667 0.6484375 0.34765625 0.6484375 0.34765625 0.62109375 0.3450520833333333 0.6080729166666666 0.3502604166666667 0.6067708333333334 0.3515625 0.6119791666666666 0.35546875 0.6158854166666666
3 0.109375 0.578125 0.11197916666666667 0.58203125 0.11197916666666667 0.58984375 0.1171875 0.59375 0.11588541666666667 0.6028645833333334 0.10677083333333333 0.6028645833333334 0.09895833333333333 0.5989583333333334 0.09895833333333333 0.5924479166666666 0.10677083333333333 0.5859375 0.10807291666666667 0.5794270833333334
3 0.4850260416666667 0.466796875 0.012369791666666666 0.027994791666666668
3 0.3893229166666667 0.5338541666666666 0.3971354166666667 0.5390625 0.3971354166666667 0.5494791666666666 0.3893229166666667 0.5533854166666666 0.3841145833333333 0.5520833333333334 0.3841145833333333 0.53515625 0.3880208333333333 0.5338541666666666
3 0.6770833333333334 0.26171875 0.6822916666666666 0.26171875 0.6822916666666666 0.27734375 0.6744791666666666 0.2864583333333333 0.671875 0.27734375 0.6731770833333334 0.2682291666666667 0.6770833333333334 0.2630208333333333
3 0.22005208333333334 0.5625 0.22265625 0.5625 0.22265625 0.5729166666666666 0.21875 0.5794270833333334 0.21875 0.5872395833333334 0.21354166666666666 0.5924479166666666 0.20833333333333334 0.5924479166666666 0.20833333333333334 0.5807291666666666 0.22005208333333334 0.5638020833333334
3 0.8776041666666666 0.4739583333333333 0.8776041666666666 0.4856770833333333 0.8671875 0.4908854166666667 0.86328125 0.4895833333333333 0.8645833333333334 0.4765625 0.87109375 0.47265625 0.8763020833333334 0.4739583333333333
3 0.2708333333333333 0.328125 0.2747395833333333 0.328125 0.28515625 0.33984375 0.2838541666666667 0.34765625 0.2747395833333333 0.3515625 0.26953125 0.3372395833333333 0.2708333333333333 0.3294270833333333
3 0.19765625 0.5569444440104167 0.20841484375 0.5372083333333334 0.18828124999999998 0.54722222265625 0.18828124999999998 0.5569444440104167 0.19765625 0.5569444440104167
3 0.6335937500000001 0.74027777734375 0.6335937500000001 0.7305555559895834 0.6218750000000001 0.7263888893229167 0.6265625 0.7444444440104167 0.6335937500000001 0.74027777734375