1 0.291 0.7657388893229166 0.29131250000000003 0.7648513893229166 0.2924375 0.7628513893229166 0.29062499999999997 0.7583333333333333 0.2890625 0.7583333333333333 0.28750000000000003 0.7611111106770833 0.28828125 0.76527777734375 0.2894375 0.7671833333333334 0.291 0.7657388893229166
0 0 0.4114583333333333 0.08723958333333333 0.4140625 0.09375 0.4166666666666667 0.11458333333333333 0.4348958333333333 0.12630208333333334 0.4544270833333333 0.13411458333333334 0.4778645833333333 0.13802083333333334 0.5065104166666666 0.13802083333333334 0.5325520833333334 0.13411458333333334 0.56640625 0.12239583333333333 0.5950520833333334 0.11458333333333333 0.6080729166666666 0.10286458333333333 0.6197916666666666 0.09244791666666667 0.6236979166666666 0.08854166666666667 0.6276041666666666 0 0.6263020833333334 0 0.6197916666666666 0.0859375 0.6223958333333334 0.09765625 0.6171875 0.10807291666666667 0.6080729166666666 0.12239583333333333 0.5859375 0.13020833333333334 0.5651041666666666 0.13541666666666666 0.5377604166666666 0.13541666666666666 0.5065104166666666 0.13151041666666666 0.4817708333333333 0.12369791666666667 0.4583333333333333 0.11328125 0.4427083333333333 0.11197916666666667 0.4375 0.10677083333333333 0.4322916666666667 0.09114583333333333 0.421875 0.07942708333333333 0.4192708333333333 0 0.41796875 0 0.4127604166666667
0 0.9361979166666666 0.4466145833333333 0.9674479166666666 0.4479166666666667 0.96875 0.453125 0.8515625 0.4505208333333333 0.8385416666666666 0.45703125 0.8268229166666666 0.46875 0.8138020833333334 0.4908854166666667 0.8072916666666666 0.51171875 0.8033854166666666 0.546875 0.8059895833333334 0.5807291666666666 0.8098958333333334 0.5989583333333334 0.8190104166666666 0.62109375 0.8216145833333334 0.6223958333333334 0.8255208333333334 0.6315104166666666 0.8450520833333334 0.6484375 0.859375 0.65234375 0.9635416666666666 0.65625 0.9661458333333334 0.6575520833333334 0.9635416666666666 0.6614583333333334 0.859375 0.6575520833333334 0.84375 0.6536458333333334 0.8346354166666666 0.6484375 0.8346354166666666 0.6458333333333334 0.82421875 0.63671875 0.8177083333333334 0.6276041666666666 0.80859375 0.6067708333333334 0.8033854166666666 0.5872395833333334 0.80078125 0.5611979166666666 0.8033854166666666 0.5533854166666666 0.80078125 0.55078125 0.80078125 0.53515625 0.8033854166666666 0.52734375 0.8046875 0.5091145833333334 0.81640625 0.4765625 0.8294270833333334 0.4583333333333333 0.8411458333333334 0.44921875 0.8515625 0.4453125 0.9348958333333334 0.4466145833333333
2 0.4739583333333333 0.12109375 0.4739583333333333 0.4635416666666667 0.4713541666666667 0.5182291666666666 0.4700520833333333 0.8138020833333334 0.4674479166666667 0.8776041666666666 0.4661458333333333 0.87890625 0.4635416666666667 0.8763020833333334 0.4635416666666667 0.87109375 0.4674479166666667 0.7799479166666666 0.47265625 0.12239583333333333
3 0.4466145833333333 0.2786458333333333 0.4505208333333333 0.2799479166666667 0.4544270833333333 0.2877604166666667 0.4518229166666667 0.3072916666666667 0.44921875 0.3098958333333333 0.4453125 0.3098958333333333 0.4401041666666667 0.296875 0.4401041666666667 0.2864583333333333 0.4453125 0.2799479166666667
3 0.5533854166666666 0.4928385416666667 0.0078125 0.01953125
3 0.22786458333333334 0.4010416666666667 0.23046875 0.4036458333333333 0.22916666666666666 0.4192708333333333 0.22526041666666666 0.41796875 0.21875 0.4075520833333333 0.22005208333333334 0.40234375 0.2265625 0.4010416666666667
3 0.20572916666666666 0.5247395833333334 0.21354166666666666 0.53125 0.20963541666666666 0.5481770833333334 0.203125 0.5494791666666666 0.19401041666666666 0.5403645833333334 0.1953125 0.5325520833333334 0.20182291666666666 0.53125 0.20572916666666666 0.5260416666666666
3 0.3971354166666667 0.7513020833333334 0.3932291666666667 0.7473958333333334 0.3932291666666667 0.7291666666666666 0.3958333333333333 0.7278645833333334 0.4010416666666667 0.7369791666666666 0.4010416666666667 0.7447916666666666 0.3971354166666667 0.75
3 0.234375 0.22916666666666666 0.2265625 0.21484375 0.22526041666666666 0.203125 0.23046875 0.20182291666666666 0.23567708333333334 0.20833333333333334 0.23958333333333334 0.22395833333333334 0.23567708333333334 0.22786458333333334
3 0.0625 0.5182291666666666 0.0625 0.51171875 0.06510416666666667 0.5078125 0.07291666666666667 0.5078125 0.07682291666666667 0.5052083333333334 0.08072916666666667 0.5078125 0.08072916666666667 0.515625 0.06770833333333333 0.51953125 0.06380208333333333 0.5182291666666666
3 0.81640625 0.5390625 0.8216145833333334 0.5455729166666666 0.8216145833333334 0.5546875 0.8177083333333334 0.5598958333333334 0.8125 0.55859375 0.8072916666666666 0.5533854166666666 0.80859375 0.5416666666666666 0.8111979166666666 0.5390625 0.8151041666666666 0.5390625
3 0.515625 0.328125 0.5182291666666666 0.3294270833333333 0.5208333333333334 0.3359375 0.5208333333333334 0.3489583333333333 0.515625 0.3515625 0.5143229166666666 0.3463541666666667 0.5104166666666666 0.3424479166666667 0.5104166666666666 0.3385416666666667 0.515625 0.3294270833333333
3 0.24375 0.8486111106770834 0.24453125 0.85 0.24765625 0.8472222226562499 0.25794218750000003 0.84440277734375 0.2484375 0.8333333333333334 0.24687499999999998 0.8333333333333334 0.23906249999999998 0.8402777773437501 0.23828125 0.8444444440104166 0.23984375 0.8472222226562499 0.24140625000000002 0.8486111106770834 0.24375 0.8486111106770834
3 0.48984374999999997 0.6930555559895833 0.49296875 0.6930555559895833 0.49453125000000003 0.6916666666666668 0.49374999999999997 0.6819444440104167 0.49062500000000003 0.67777777734375 0.4890625 0.6791666666666667 0.4875 0.6819444440104167 0.4875 0.6861111106770833 0.4890625 0.6916666666666668 0.48984374999999997 0.6930555559895833
3 0.46015625 0.8930555559895833 0.4609375 0.8930555559895833 0.46328125000000003 0.9027777773437501 0.4640625 0.8986111106770833 0.4640625 0.8888888893229167 0.46718750000000003 0.8791666666666668 0.46640624999999997 0.8763888893229167 0.45546875000000003 0.8763888893229167 0.45468749999999997 0.8791666666666668 0.4578125 0.88472222265625 0.45859374999999997 0.89027777734375 0.46015625 0.8930555559895833