1 0.434375 0.6666666666666666 0.43515624999999997 0.6680555559895834 0.43828125 0.6666666666666666 0.43828125 0.6611111106770834 0.4375 0.65972222265625 0.43515624999999997 0.65972222265625 0.434375 0.6611111106770834 0.434375 0.6666666666666666
0 0.9986979166666666 0.4140625 0.9986979166666666 0.4205729166666667 0.9075520833333334 0.4231770833333333 0.8919270833333334 0.4296875 0.8828125 0.4375 0.8828125 0.4401041666666667 0.87109375 0.4544270833333333 0.8619791666666666 0.4765625 0.8619791666666666 0.4830729166666667 0.859375 0.4856770833333333 0.8580729166666666 0.5052083333333334 0.85546875 0.5130208333333334 0.85546875 0.53515625 0.8580729166666666 0.5416666666666666 0.8580729166666666 0.5533854166666666 0.8671875 0.5859375 0.87890625 0.60546875 0.8919270833333334 0.6184895833333334 0.9036458333333334 0.6236979166666666 0.9986979166666666 0.62109375 0.9986979166666666 0.6276041666666666 0.9596354166666666 0.6302083333333334 0.90234375 0.6302083333333334 0.8854166666666666 0.6197916666666666 0.8723958333333334 0.60546875 0.8645833333333334 0.5911458333333334 0.8567708333333334 0.5677083333333334 0.8528645833333334 0.5390625 0.8528645833333334 0.5078125 0.85546875 0.5026041666666666 0.85546875 0.4895833333333333 0.8684895833333334 0.4505208333333333 0.87890625 0.4348958333333333 0.8919270833333334 0.4231770833333333 0.8997395833333334 0.4192708333333333 0.9049479166666666 0.4192708333333333 0.90625 0.4166666666666667 0.9973958333333334 0.4140625
0 0.140625 0.4479166666666667 0.15885416666666666 0.45703125 0.16796875 0.4674479166666667 0.17447916666666666 0.4765625 0.17447916666666666 0.48046875 0.18229166666666666 0.4934895833333333 0.18619791666666666 0.5065104166666666 0.19140625 0.53515625 0.19140625 0.5755208333333334 0.18229166666666666 0.6145833333333334 0.17057291666666666 0.63671875 0.15755208333333334 0.6510416666666666 0.14583333333333334 0.6575520833333334 0.1171875 0.6614583333333334 0.06901041666666667 0.6614583333333334 0.03515625 0.6640625 0.024739583333333332 0.6614583333333334 0.028645833333333332 0.6588541666666666 0.1328125 0.6549479166666666 0.14453125 0.65234375 0.15234375 0.6484375 0.1640625 0.63671875 0.1796875 0.6106770833333334 0.18880208333333334 0.5716145833333334 0.1875 0.5260416666666666 0.1796875 0.4973958333333333 0.17057291666666666 0.4791666666666667 0.15885416666666666 0.46484375 0.140625 0.453125 0.0234375 0.4557291666666667 0.0234375 0.4518229166666667 0.028645833333333332 0.4505208333333333 0.13932291666666666 0.4479166666666667
2 0.5208333333333334 0.2877604166666667 0.5247395833333334 0.7044270833333334 0.52734375 0.7552083333333334 0.52734375 0.9518229166666666 0.5247395833333334 0.9518229166666666 0.5234375 0.7395833333333334 0.5182291666666666 0.45703125 0.51953125 0.3893229166666667 0.5169270833333334 0.2877604166666667 0.51953125 0.2877604166666667
3 0.7708333333333334 0.53125 0.78125 0.5338541666666666 0.78125 0.5442708333333334 0.7734375 0.546875 0.76953125 0.5690104166666666 0.7682291666666666 0.5729166666666666 0.765625 0.5729166666666666 0.7643229166666666 0.5598958333333334 0.7669270833333334 0.5416666666666666 0.7708333333333334 0.5325520833333334
3 0.5794270833333334 0.8294270833333334 0.5846354166666666 0.8294270833333334 0.5885416666666666 0.8333333333333334 0.5885416666666666 0.8385416666666666 0.5833333333333334 0.8489583333333334 0.5794270833333334 0.8463541666666666 0.5794270833333334 0.8307291666666666
3 0.5182291666666666 0.24869791666666666 0.51953125 0.2643229166666667 0.5182291666666666 0.2734375 0.515625 0.2760416666666667 0.5130208333333334 0.2760416666666667 0.51171875 0.2682291666666667 0.5078125 0.26171875 0.51171875 0.2591145833333333 0.5130208333333334 0.2526041666666667 0.5169270833333334 0.24869791666666666
3 0.60546875 0.63671875 0.6080729166666666 0.6393229166666666 0.6080729166666666 0.6471354166666666 0.6015625 0.6549479166666666 0.59765625 0.6484375 0.59765625 0.6432291666666666 0.6041666666666666 0.63671875
3 0.5611979166666666 0.4244791666666667 0.5611979166666666 0.4401041666666667 0.5559895833333334 0.4388020833333333 0.5559895833333334 0.4270833333333333 0.5598958333333334 0.4244791666666667
3 0.6328125 0.5481770833333334 0.6354166666666666 0.5598958333333334 0.6341145833333334 0.5651041666666666 0.6302083333333334 0.56640625 0.6263020833333334 0.5638020833333334 0.62890625 0.5494791666666666 0.6315104166666666 0.5494791666666666
3 0.7513020833333334 0.71875 0.7578125 0.7174479166666666 0.76171875 0.71875 0.7643229166666666 0.72265625 0.7643229166666666 0.7317708333333334 0.7604166666666666 0.734375 0.75390625 0.734375 0.7513020833333334 0.7330729166666666 0.7513020833333334 0.7200520833333334
3 0.53515625 0.71875 0.5377604166666666 0.71875 0.5403645833333334 0.7239583333333334 0.5377604166666666 0.7408854166666666 0.5325520833333334 0.7421875 0.5325520833333334 0.7252604166666666 0.53515625 0.7200520833333334
3 0.6158854166666666 0.22135416666666666 0.6184895833333334 0.24479166666666666 0.6119791666666666 0.24348958333333334 0.6080729166666666 0.23958333333333334 0.6067708333333334 0.234375 0.6067708333333334 0.2265625 0.6145833333333334 0.22265625
3 0.4427083333333333 0.44140625 0.4479166666666667 0.44140625 0.453125 0.4466145833333333 0.453125 0.4544270833333333 0.4479166666666667 0.4596354166666667 0.4427083333333333 0.44921875 0.4427083333333333 0.4427083333333333
3 0.43124999999999997 0.6749999999999999 0.4296875 0.6583333333333333 0.42421875000000003 0.6680555559895834 0.4265625 0.6833333333333332 0.43124999999999997 0.6749999999999999
3 0.57421875 0.5388888893229167 0.5765625 0.5458333333333333 0.58203125 0.54722222265625 0.5859375 0.54027777734375 0.5851562499999999 0.5333333333333333 0.578125 0.5236111106770833 0.57421875 0.5291666666666667 0.57421875 0.5388888893229167