0 0 0.41015625 0.08203125 0.4127604166666667 0.08984375 0.4140625 0.10677083333333333 0.4244791666666667 0.11588541666666667 0.4348958333333333 0.12630208333333334 0.4544270833333333 0.13411458333333334 0.4765625 0.13802083333333334 0.5026041666666666 0.13802083333333334 0.5442708333333334 0.13411458333333334 0.56640625 0.12630208333333334 0.5885416666666666 0.11588541666666667 0.6067708333333334 0.10677083333333333 0.6158854166666666 0.10026041666666667 0.62109375 0.09244791666666667 0.6236979166666666 0.09114583333333333 0.6263020833333334 0.0859375 0.6276041666666666 0.03515625 0.6263020833333334 0.033854166666666664 0.6236979166666666 0 0.6236979166666666 0 0.6184895833333334 0.08723958333333333 0.62109375 0.09895833333333333 0.6158854166666666 0.11979166666666667 0.5911458333333334 0.12760416666666666 0.57421875 0.13541666666666666 0.5442708333333334 0.13541666666666666 0.5052083333333334 0.13020833333333334 0.4778645833333333 0.125 0.4674479166666667 0.12369791666666667 0.4583333333333333 0.11588541666666667 0.4440104166666667 0.10286458333333333 0.4283854166666667 0.09244791666666667 0.421875 0.08333333333333333 0.4192708333333333 0.010416666666666666 0.41796875 0.009114583333333334 0.4153645833333333 0 0.41796875 0 0.4114583333333333
0 0.8697916666666666 0.4466145833333333 0.96484375 0.4505208333333333 0.9661458333333334 0.4544270833333333 0.93359375 0.4557291666666667 0.8515625 0.4518229166666667 0.83984375 0.45703125 0.8255208333333334 0.4700520833333333 0.8098958333333334 0.4973958333333333 0.8020833333333334 0.53125 0.80078125 0.5533854166666666 0.8033854166666666 0.5859375 0.8059895833333334 0.5885416666666666 0.8111979166666666 0.6119791666666666 0.8229166666666666 0.6328125 0.84375 0.6510416666666666 0.8802083333333334 0.6549479166666666 0.9596354166666666 0.6575520833333334 0.9635416666666666 0.6614583333333334 0.90234375 0.6614583333333334 0.84765625 0.6575520833333334 0.8294270833333334 0.6471354166666666 0.81640625 0.6315104166666666 0.8072916666666666 0.6119791666666666 0.80078125 0.5885416666666666 0.7994791666666666 0.5755208333333334 0.7994791666666666 0.5325520833333334 0.80078125 0.51953125 0.80859375 0.4908854166666667 0.8203125 0.46875 0.83203125 0.4557291666666667 0.8424479166666666 0.44921875 0.8541666666666666 0.4466145833333333 0.8684895833333334 0.4466145833333333
1 0.34531249999999997 0.6416666666666667 0.34609375000000003 0.6361111106770834 0.34375 0.6361111106770834 0.34531249999999997 0.6416666666666667
2 0.4739583333333333 0.12109375 0.4739583333333333 0.3828125 0.4713541666666667 0.421875 0.4713541666666667 0.62890625 0.4700520833333333 0.73046875 0.4674479166666667 0.7734375 0.4661458333333333 0.9466145833333334 0.4635416666666667 0.9479166666666666 0.4635416666666667 0.8385416666666666 0.46484375 0.7356770833333334 0.4674479166666667 0.703125 0.47265625 0.12239583333333333
3 0.3450520833333333 0.5442708333333334 0.3489583333333333 0.5494791666666666 0.3489583333333333 0.5611979166666666 0.3450520833333333 0.5611979166666666 0.33984375 0.5572916666666666 0.33984375 0.5455729166666666 0.34375 0.5442708333333334
3 0.3072916666666667 0.5755208333333334 0.3111979166666667 0.5768229166666666 0.3151041666666667 0.5859375 0.3151041666666667 0.5950520833333334 0.3111979166666667 0.59765625 0.3072916666666667 0.5950520833333334 0.3072916666666667 0.5768229166666666
3 0.375 0.234375 0.3802083333333333 0.25390625 0.3776041666666667 0.2565104166666667 0.3736979166666667 0.2552083333333333 0.3671875 0.23958333333333334 0.3697916666666667 0.234375 0.3736979166666667 0.234375
3 0.3177083333333333 0.6875 0.016927083333333332 0.024739583333333332
3 0.3307291666666667 0.4921875 0.3346354166666667 0.4973958333333333 0.3333333333333333 0.5091145833333334 0.328125 0.5091145833333334 0.3203125 0.5026041666666666 0.3203125 0.5 0.3294270833333333 0.4934895833333333
3 0.2721354166666667 0.86328125 0.2708333333333333 0.8489583333333334 0.2760416666666667 0.8411458333333334 0.2786458333333333 0.8424479166666666 0.28125 0.8515625 0.2786458333333333 0.8619791666666666 0.2734375 0.86328125
3 0.3684895833333333 0.7890625 0.3697916666666667 0.8059895833333334 0.359375 0.8033854166666666 0.359375 0.7981770833333334 0.36328125 0.7903645833333334 0.3671875 0.7890625
3 0.23046875 0.21484375 0.24088541666666666 0.22265625 0.24088541666666666 0.23567708333333334 0.23697916666666666 0.23567708333333334 0.22916666666666666 0.2265625 0.22916666666666666 0.21614583333333334
3 0.75390625 0.5052083333333334 0.7591145833333334 0.5143229166666666 0.7604166666666666 0.5260416666666666 0.7565104166666666 0.5260416666666666 0.7513020833333334 0.5221354166666666 0.7447916666666666 0.5091145833333334 0.7526041666666666 0.5052083333333334
3 0.11848958333333333 0.453125 0.11979166666666667 0.4674479166666667 0.11458333333333333 0.46875 0.10807291666666667 0.4674479166666667 0.10677083333333333 0.45703125 0.109375 0.453125 0.1171875 0.453125
3 0.390625 0.5091145833333334 0.3958333333333333 0.5182291666666666 0.39453125 0.5260416666666666 0.390625 0.52734375 0.38671875 0.5247395833333334 0.38671875 0.515625 0.3893229166666667 0.5104166666666666
3 0.3796875 0.3875 0.375 0.39305555598958336 0.37578125 0.4069444440104167 0.3875 0.4041666666666666 0.38515625000000003 0.39027777734375 0.3796875 0.3875