1 0.7079140625 0.33618055598958335 0.7070249999999999 0.33945277734374996 0.70823203125 0.3405819440104167 0.71064609375 0.34170972265625 0.71286875 0.33979166666666666 0.712678125 0.3366319440104167 0.71153515625 0.3349958333333333 0.7104554687500001 0.3339236106770833 0.70861328125 0.3339236106770833 0.7079140625 0.33618055598958335
0 0.9778645833333334 0.4166666666666667 0.9986979166666666 0.4166666666666667 0.9986979166666666 0.4231770833333333 0.90625 0.42578125 0.8958333333333334 0.4283854166666667 0.8828125 0.4361979166666667 0.8671875 0.45703125 0.859375 0.4765625 0.8580729166666666 0.4856770833333333 0.85546875 0.48828125 0.8515625 0.5130208333333334 0.8515625 0.5364583333333334 0.85546875 0.5651041666666666 0.8619791666666666 0.5794270833333334 0.8619791666666666 0.5846354166666666 0.8736979166666666 0.60546875 0.8841145833333334 0.6171875 0.8919270833333334 0.6223958333333334 0.8984375 0.625 0.9986979166666666 0.6223958333333334 0.9986979166666666 0.62890625 0.9036458333333334 0.6328125 0.8880208333333334 0.6276041666666666 0.87109375 0.6106770833333334 0.8606770833333334 0.5924479166666666 0.8528645833333334 0.5677083333333334 0.8489583333333334 0.5403645833333334 0.8489583333333334 0.51171875 0.8567708333333334 0.4713541666666667 0.8684895833333334 0.4466145833333333 0.8841145833333334 0.4283854166666667 0.9049479166666666 0.4205729166666667 0.9778645833333334 0.41796875
0 0.14583333333333334 0.4505208333333333 0.15885416666666666 0.4583333333333333 0.17447916666666666 0.4765625 0.1875 0.5104166666666666 0.19140625 0.5325520833333334 0.19140625 0.578125 0.18229166666666666 0.6171875 0.16666666666666666 0.6432291666666666 0.15885416666666666 0.6510416666666666 0.14713541666666666 0.6575520833333334 0.12369791666666667 0.6614583333333334 0.078125 0.6614583333333334 0.04296875 0.6640625 0.029947916666666668 0.6640625 0.026041666666666668 0.6614583333333334 0.03125 0.6588541666666666 0.13671875 0.6549479166666666 0.15104166666666666 0.6497395833333334 0.15885416666666666 0.6432291666666666 0.171875 0.6276041666666666 0.18359375 0.6002604166666666 0.18880208333333334 0.57421875 0.18880208333333334 0.5338541666666666 0.1796875 0.49609375 0.17708333333333334 0.4947916666666667 0.171875 0.4817708333333333 0.16536458333333334 0.47265625 0.14713541666666666 0.45703125 0.140625 0.4544270833333333 0.024739583333333332 0.45703125 0.0234375 0.453125 0.09244791666666667 0.44921875 0.14453125 0.4505208333333333
2 0.5182291666666666 0.12760416666666666 0.5182291666666666 0.2526041666666667 0.5208333333333334 0.2903645833333333 0.51953125 0.38671875 0.5221354166666666 0.4427083333333333 0.5234375 0.6080729166666666 0.5221354166666666 0.62890625 0.52734375 0.921875 0.5260416666666666 0.94921875 0.5247395833333334 0.9505208333333334 0.5234375 0.9479166666666666 0.51953125 0.64453125 0.5208333333333334 0.6276041666666666 0.5182291666666666 0.5403645833333334 0.51953125 0.52734375 0.5169270833333334 0.4609375 0.5169270833333334 0.12890625
3 0.4934895833333333 0.4557291666666667 0.49609375 0.45703125 0.49609375 0.4713541666666667 0.4934895833333333 0.4752604166666667 0.48828125 0.4765625 0.4869791666666667 0.4700520833333333 0.4934895833333333 0.45703125
3 0.5104166666666666 0.2734375 0.5130208333333334 0.2825520833333333 0.51171875 0.29296875 0.5078125 0.2942708333333333 0.5052083333333334 0.2877604166666667 0.5052083333333334 0.2825520833333333 0.5091145833333334 0.2747395833333333
3 0.5540364583333334 0.736328125 0.010416666666666666 0.01953125
3 0.5651041666666666 0.4674479166666667 0.5703125 0.47265625 0.5703125 0.4856770833333333 0.5690104166666666 0.4895833333333333 0.5625 0.4934895833333333 0.55859375 0.48828125 0.5572916666666666 0.4752604166666667 0.55859375 0.4700520833333333 0.5638020833333334 0.4674479166666667
3 0.7057291666666666 0.6184895833333334 0.703125 0.6158854166666666 0.703125 0.6119791666666666 0.70703125 0.5963541666666666 0.7096354166666666 0.5950520833333334 0.7135416666666666 0.6067708333333334 0.7135416666666666 0.61328125 0.7057291666666666 0.6171875
3 0.6223958333333334 0.7395833333333334 0.62890625 0.7473958333333334 0.62890625 0.76171875 0.6263020833333334 0.7643229166666666 0.6223958333333334 0.7643229166666666 0.62109375 0.76171875 0.62109375 0.7408854166666666
3 0.6015625 0.4322916666666667 0.6041666666666666 0.4322916666666667 0.6080729166666666 0.4375 0.6080729166666666 0.4466145833333333 0.60546875 0.44921875 0.6015625 0.44921875 0.5989583333333334 0.4466145833333333 0.5989583333333334 0.4361979166666667 0.6015625 0.43359375
3 0.5494791666666666 0.22395833333333334 0.5533854166666666 0.22916666666666666 0.55078125 0.2421875 0.546875 0.24348958333333334 0.5455729166666666 0.234375 0.5494791666666666 0.22526041666666666
3 0.6145833333333334 0.55078125 0.6171875 0.5546875 0.6171875 0.5638020833333334 0.6119791666666666 0.5690104166666666 0.609375 0.5677083333333334 0.6067708333333334 0.5533854166666666 0.609375 0.55078125 0.61328125 0.55078125
3 0.3997395833333333 0.546875 0.4036458333333333 0.5455729166666666 0.4075520833333333 0.5533854166666666 0.40625 0.56640625 0.3997395833333333 0.56640625 0.3997395833333333 0.5481770833333334
3 0.5455729166666666 0.62109375 0.5416666666666666 0.6184895833333334 0.5442708333333334 0.6028645833333334 0.5494791666666666 0.6015625 0.5494791666666666 0.6184895833333334 0.546875 0.6197916666666666
3 0.7062507812500001 0.3295805559895833 0.7062507812500001 0.3364361106770833 0.71159375 0.33590972265624996 0.714859375 0.3170125 0.70461875 0.31560555598958334 0.6988304687500001 0.3324819440104167 0.7026890625000001 0.3348541666666667 0.7062507812500001 0.3295805559895833