3 0.755859375 0.63671875 0.016276041666666668 0.020833333333333332
3 0.7395833333333334 0.9088541666666666 0.7447916666666666 0.9140625 0.74609375 0.9244791666666666 0.7434895833333334 0.9296875 0.7408854166666666 0.9296875 0.734375 0.921875 0.7356770833333334 0.91015625 0.73828125 0.9088541666666666
3 0.9270833333333334 0.53125 0.9309895833333334 0.5338541666666666 0.9322916666666666 0.5377604166666666 0.9322916666666666 0.5455729166666666 0.9283854166666666 0.55078125 0.921875 0.55078125 0.9140625 0.5442708333333334 0.91015625 0.5377604166666666 0.91015625 0.53515625 0.91796875 0.53515625 0.921875 0.53125 0.92578125 0.53125
3 0.8528645833333334 0.4713541666666667 0.8567708333333334 0.4739583333333333 0.8567708333333334 0.4817708333333333 0.8489583333333334 0.4895833333333333 0.84375 0.4856770833333333 0.8424479166666666 0.4765625 0.84765625 0.4713541666666667 0.8515625 0.4713541666666667
3 0.17447916666666666 0.4817708333333333 0.17838541666666666 0.484375 0.18098958333333334 0.4947916666666667 0.17447916666666666 0.4934895833333333 0.16927083333333334 0.49609375 0.16796875 0.4830729166666667 0.17317708333333334 0.4817708333333333
3 0.7135416666666666 0.4895833333333333 0.72265625 0.4973958333333333 0.7200520833333334 0.5143229166666666 0.7174479166666666 0.5169270833333334 0.7135416666666666 0.515625 0.7135416666666666 0.5052083333333334 0.7109375 0.4973958333333333 0.7122395833333334 0.4908854166666667
3 0.828125 0.7369791666666666 0.8346354166666666 0.7395833333333334 0.8385416666666666 0.73828125 0.8424479166666666 0.7408854166666666 0.84375 0.7447916666666666 0.8424479166666666 0.75390625 0.8385416666666666 0.7591145833333334 0.8346354166666666 0.7591145833333334 0.8294270833333334 0.75390625 0.828125 0.73828125
3 0.5390625 0.4427083333333333 0.5442708333333334 0.4479166666666667 0.546875 0.4765625 0.5455729166666666 0.4817708333333333 0.54296875 0.4817708333333333 0.5390625 0.4739583333333333 0.5377604166666666 0.4440104166666667
3 0.4147135416666667 0.251953125 0.009114583333333334 0.026692708333333332
3 0.6770833333333334 0.5104166666666666 0.6783854166666666 0.5182291666666666 0.6731770833333334 0.5247395833333334 0.6692708333333334 0.5260416666666666 0.66796875 0.5143229166666666 0.67578125 0.5104166666666666
3 0.73828125 0.4557291666666667 0.7434895833333334 0.4622395833333333 0.7434895833333334 0.4765625 0.7408854166666666 0.4830729166666667 0.7369791666666666 0.484375 0.73046875 0.4752604166666667 0.73046875 0.4661458333333333 0.7369791666666666 0.45703125
3 0.671875 0.7388888893229167 0.6703125 0.7416666666666667 0.66796875 0.7583333333333333 0.6749999999999999 0.7777777773437501 0.678125 0.7541666666666668 0.671875 0.7388888893229167
2 0.4739583333333333 0.13671875 0.4765625 0.13671875 0.4739583333333333 0.64453125 0.4713541666666667 0.6536458333333334 0.4700520833333333 0.92578125 0.4674479166666667 0.9401041666666666 0.4674479166666667 0.96484375 0.46484375 0.9479166666666666 0.4674479166666667 0.8984375 0.4661458333333333 0.8736979166666666 0.46875 0.6184895833333334 0.4713541666666667 0.57421875 0.4739583333333333 0.13802083333333334
0 0.9703125 0.4666666666666666 0.97109375 0.46249999999999997 0.8890625 0.4583333333333333 0.8561743958333333 0.4613575260416667 0.921875 0.4666666666666666 0.9703125 0.4666666666666666
0 0.85390625 0.66527777734375 0.8375 0.6569444440104167 0.8234374999999999 0.64027777734375 0.8109375 0.6111111106770833 0.8046875 0.5833333333333334 0.8046875 0.5499999999999999 0.8156249999999999 0.50277777734375 0.84140625 0.4666666666666666 0.8517463229166666 0.46176470572916667 0.84375 0.46249999999999997 0.8312499999999999 0.4708333333333334 0.8132812500000001 0.49861111067708336 0.80234375 0.5416666666666666 0.80234375 0.5861111106770833 0.8054687500000001 0.6055555559895833 0.81640625 0.6361111106770834 0.8359375 0.6611111106770834 0.8562500000000001 0.6708333333333334 0.9625 0.67222222265625 0.85390625 0.66527777734375
1 0.6953125 0.4569444440104167 0.69296875 0.45416666666666666 0.6906249999999999 0.45555555598958336 0.68984375 0.4583333333333333 0.6906249999999999 0.46249999999999997 0.6945312499999999 0.46249999999999997 0.6953125 0.4569444440104167
0 0 0.64027777734375 0.08828124999999999 0.6430555559895833 0.11015625 0.6291666666666667 0.12812500000000002 0.6013888893229167 0.13671875 0.57222222265625 0.140625 0.5375 0.13671875 0.49861111067708336 0.1265625 0.4666666666666666 0.11953124999999999 0.45555555598958336 0.09999999999999999 0.43472222265625 0.08984375 0.43055555598958334 0.01171875 0.42638888932291663 0 0.42638888932291663 0 0.4319444440104167 0.08984375 0.43611111067708336 0.1125 0.45277777734375 0.12109375 0.4666666666666666 0.13515625 0.5125000000000001 0.13515625 0.5638888893229167 0.1265625 0.5930555559895833 0.11666640625000001 0.6120375 0.09531250000000001 0.63472222265625 0 0.63472222265625 0 0.64027777734375