1 0.5007812500000001 0.55972222265625 0.5007812500000001 0.56527777734375 0.5046875000000001 0.5638888893229167 0.5046875000000001 0.55972222265625 0.5007812500000001 0.55972222265625
0 0 0.4322916666666667 0.08854166666666667 0.43359375 0.10416666666666667 0.4375 0.11848958333333333 0.44921875 0.13411458333333334 0.47265625 0.14192708333333334 0.49609375 0.14713541666666666 0.5325520833333334 0.14583333333333334 0.5677083333333334 0.14322916666666666 0.5703125 0.14322916666666666 0.5794270833333334 0.13802083333333334 0.5989583333333334 0.13020833333333334 0.6158854166666666 0.11458333333333333 0.6354166666666666 0.10286458333333333 0.6432291666666666 0.08854166666666667 0.64453125 0.08723958333333333 0.6471354166666666 0.0703125 0.6471354166666666 0.06901041666666667 0.64453125 0 0.6432291666666666 0 0.63671875 0.02734375 0.6393229166666666 0.048177083333333336 0.6380208333333334 0.09114583333333333 0.640625 0.10546875 0.6354166666666666 0.11588541666666667 0.6276041666666666 0.13151041666666666 0.6028645833333334 0.13541666666666666 0.59375 0.13671875 0.5833333333333334 0.13932291666666666 0.5807291666666666 0.14322916666666666 0.5559895833333334 0.14322916666666666 0.51953125 0.13932291666666666 0.4986979166666667 0.12760416666666666 0.4700520833333333 0.11067708333333333 0.44921875 0.09505208333333333 0.44140625 0 0.4388020833333333 0 0.43359375
0 0.9348958333333334 0.4622395833333333 0.96875 0.4635416666666667 0.9713541666666666 0.4661458333333333 0.96875 0.46875 0.85546875 0.4661458333333333 0.84765625 0.46875 0.8333333333333334 0.4791666666666667 0.8190104166666666 0.5 0.8098958333333334 0.5260416666666666 0.8059895833333334 0.5559895833333334 0.8072916666666666 0.5924479166666666 0.8190104166666666 0.6302083333333334 0.8294270833333334 0.6471354166666666 0.84375 0.66015625 0.8645833333333334 0.6666666666666666 0.9075520833333334 0.6666666666666666 0.9088541666666666 0.6692708333333334 0.9674479166666666 0.671875 0.9674479166666666 0.67578125 0.86328125 0.6731770833333334 0.84765625 0.6692708333333334 0.8450520833333334 0.6653645833333334 0.8359375 0.6614583333333334 0.8229166666666666 0.6471354166666666 0.8125 0.6263020833333334 0.8046875 0.5950520833333334 0.8046875 0.5364583333333334 0.8072916666666666 0.53125 0.80859375 0.5169270833333334 0.8151041666666666 0.50390625 0.81640625 0.49609375 0.8268229166666666 0.4791666666666667 0.84375 0.46484375 0.85546875 0.4609375 0.93359375 0.4622395833333333
2 0.4778645833333333 0.140625 0.4791666666666667 0.26171875 0.4778645833333333 0.3919270833333333 0.4752604166666667 0.39453125 0.4752604166666667 0.3984375 0.4778645833333333 0.4010416666666667 0.4778645833333333 0.4778645833333333 0.4739583333333333 0.6901041666666666 0.4739583333333333 0.8372395833333334 0.4713541666666667 0.83984375 0.4700520833333333 0.8372395833333334 0.4700520833333333 0.8216145833333334 0.47265625 0.6940104166666666 0.4713541666666667 0.6341145833333334 0.4739583333333333 0.5716145833333334 0.47265625 0.4700520833333333 0.4752604166666667 0.41796875 0.4739583333333333 0.3932291666666667 0.4765625 0.14192708333333334
3 0.6302083333333334 0.2682291666666667 0.6276041666666666 0.265625 0.62890625 0.24479166666666666 0.6341145833333334 0.24348958333333334 0.6380208333333334 0.25 0.6354166666666666 0.2630208333333333 0.6315104166666666 0.2669270833333333
3 0.63671875 0.5338541666666666 0.640625 0.5338541666666666 0.6432291666666666 0.5364583333333334 0.6419270833333334 0.5481770833333334 0.63671875 0.5494791666666666 0.6328125 0.5455729166666666 0.6328125 0.5377604166666666 0.63671875 0.53515625
3 0.49609375 0.3033854166666667 0.4986979166666667 0.3033854166666667 0.5013020833333334 0.3072916666666667 0.5013020833333334 0.3216145833333333 0.4986979166666667 0.32421875 0.4921875 0.31640625 0.49609375 0.3046875
3 0.4453125 0.23958333333333334 0.4505208333333333 0.24088541666666666 0.4518229166666667 0.24609375 0.4505208333333333 0.2578125 0.4466145833333333 0.2565104166666667 0.4440104166666667 0.2526041666666667 0.4453125 0.24088541666666666
3 0.4908854166666667 0.3854166666666667 0.4934895833333333 0.390625 0.4934895833333333 0.3997395833333333 0.4908854166666667 0.40625 0.484375 0.4049479166666667 0.48046875 0.3984375 0.48046875 0.3880208333333333 0.484375 0.3841145833333333 0.4895833333333333 0.3854166666666667
3 0.57421875 0.6184895833333334 0.5794270833333334 0.6197916666666666 0.5794270833333334 0.6393229166666666 0.57421875 0.6393229166666666 0.5729166666666666 0.63671875 0.57421875 0.6197916666666666
3 0.4296875 0.5247395833333334 0.4322916666666667 0.53125 0.4322916666666667 0.54296875 0.4296875 0.5455729166666666 0.42578125 0.5455729166666666 0.4231770833333333 0.5364583333333334 0.4231770833333333 0.5299479166666666 0.4283854166666667 0.5247395833333334
3 0.390625 0.3385416666666667 0.39453125 0.3372395833333333 0.3997395833333333 0.3411458333333333 0.3997395833333333 0.3567708333333333 0.3958333333333333 0.3580729166666667 0.390625 0.3502604166666667 0.390625 0.33984375
3 0.5260416666666666 0.69140625 0.5325520833333334 0.7005208333333334 0.5299479166666666 0.7096354166666666 0.5260416666666666 0.7122395833333334 0.5234375 0.7096354166666666 0.5247395833333334 0.6927083333333334
3 0.4713541666666667 0.8385416666666666 0.4739583333333333 0.8385416666666666 0.4778645833333333 0.84375 0.4778645833333333 0.8502604166666666 0.4752604166666667 0.8528645833333334 0.4713541666666667 0.8528645833333334 0.46875 0.8502604166666666 0.46875 0.84375 0.4713541666666667 0.83984375
3 0.7591145833333334 0.53515625 0.76171875 0.5403645833333334 0.76171875 0.5520833333333334 0.7591145833333334 0.5546875 0.75390625 0.5546875 0.7486979166666666 0.5494791666666666 0.7473958333333334 0.5442708333333334 0.7473958333333334 0.5390625 0.75 0.53515625 0.7578125 0.53515625
3 0.4453125 0.4440104166666667 0.4479166666666667 0.4479166666666667 0.4505208333333333 0.4635416666666667 0.4466145833333333 0.4661458333333333 0.4401041666666667 0.4609375 0.4401041666666667 0.453125 0.4440104166666667 0.4453125