1 0.48593749999999997 0.5625 0.48515625 0.5569444440104167 0.48281250000000003 0.5569444440104167 0.48125 0.55972222265625 0.48203124999999997 0.5638888893229167 0.48515625 0.5638888893229167 0.48593749999999997 0.5625
0 0 0.4283854166666667 0.09114583333333333 0.4296875 0.10026041666666667 0.4309895833333333 0.11197916666666667 0.4361979166666667 0.13020833333333334 0.4557291666666667 0.13802083333333334 0.4713541666666667 0.14583333333333334 0.4947916666666667 0.14973958333333334 0.5208333333333334 0.14973958333333334 0.5520833333333334 0.14322916666666666 0.5872395833333334 0.13020833333333334 0.6158854166666666 0.11458333333333333 0.6341145833333334 0.09895833333333333 0.640625 0 0.6380208333333334 0 0.6328125 0.09635416666666667 0.6354166666666666 0.11197916666666667 0.62890625 0.12760416666666666 0.6106770833333334 0.13932291666666666 0.5859375 0.14453125 0.5651041666666666 0.14713541666666666 0.5325520833333334 0.14322916666666666 0.4986979166666667 0.13671875 0.4830729166666667 0.13671875 0.4778645833333333 0.125 0.45703125 0.11197916666666667 0.4440104166666667 0.09765625 0.4388020833333333 0.09635416666666667 0.4361979166666667 0.0026041666666666665 0.43359375 0 0.4322916666666667 0 0.4296875
0 0.9348958333333334 0.4557291666666667 0.9700520833333334 0.45703125 0.9700520833333334 0.4635416666666667 0.85546875 0.4609375 0.84375 0.4661458333333333 0.8307291666666666 0.4765625 0.8177083333333334 0.4973958333333333 0.8072916666666666 0.53125 0.8072916666666666 0.5872395833333334 0.8098958333333334 0.5924479166666666 0.8111979166666666 0.60546875 0.8177083333333334 0.6184895833333334 0.8190104166666666 0.6263020833333334 0.8346354166666666 0.6471354166666666 0.84375 0.6549479166666666 0.8580729166666666 0.66015625 0.9674479166666666 0.6640625 0.9674479166666666 0.6692708333333334 0.9166666666666666 0.66796875 0.9153645833333334 0.6653645833333334 0.8606770833333334 0.6653645833333334 0.84765625 0.6627604166666666 0.83203125 0.65234375 0.8203125 0.63671875 0.80859375 0.609375 0.8072916666666666 0.5963541666666666 0.8046875 0.5911458333333334 0.8046875 0.5299479166666666 0.8125 0.5 0.8268229166666666 0.4739583333333333 0.8502604166666666 0.4557291666666667 0.93359375 0.4557291666666667
2 0.4765625 0.4830729166666667 0.4791666666666667 0.4934895833333333 0.4791666666666667 0.5651041666666666 0.4765625 0.6510416666666666 0.4752604166666667 0.8880208333333334 0.4739583333333333 0.9557291666666666 0.4713541666666667 0.9544270833333334 0.4700520833333333 0.9361979166666666 0.47265625 0.8606770833333334 0.47265625 0.6302083333333334 0.4752604166666667 0.59375 0.4765625 0.484375
3 0.4505208333333333 0.24479166666666666 0.4596354166666667 0.2421875 0.4622395833333333 0.2604166666666667 0.45703125 0.265625 0.453125 0.2565104166666667 0.4518229166666667 0.24609375
3 0.4986979166666667 0.6223958333333334 0.5026041666666666 0.6328125 0.5026041666666666 0.6380208333333334 0.5 0.6419270833333334 0.4947916666666667 0.640625 0.4934895833333333 0.6315104166666666 0.4947916666666667 0.6236979166666666 0.4973958333333333 0.6223958333333334
3 0.4427083333333333 0.3776041666666667 0.4466145833333333 0.3828125 0.4466145833333333 0.3971354166666667 0.4440104166666667 0.3997395833333333 0.44140625 0.3997395833333333 0.4401041666666667 0.3971354166666667 0.4375 0.3815104166666667 0.44140625 0.37890625
3 0.5677083333333334 0.5520833333333334 0.5716145833333334 0.5520833333333334 0.57421875 0.55859375 0.57421875 0.5651041666666666 0.5716145833333334 0.5690104166666666 0.5690104166666666 0.5690104166666666 0.56640625 0.5651041666666666 0.5677083333333334 0.5533854166666666
3 0.4270833333333333 0.5859375 0.4322916666666667 0.5924479166666666 0.4322916666666667 0.59765625 0.42578125 0.6028645833333334 0.421875 0.5963541666666666 0.421875 0.5885416666666666 0.42578125 0.5859375
3 0.546875 0.23828125 0.55078125 0.24088541666666666 0.5533854166666666 0.24739583333333334 0.5520833333333334 0.2565104166666667 0.5455729166666666 0.2604166666666667 0.54296875 0.2526041666666667 0.546875 0.23958333333333334
3 0.41796875 0.80078125 0.41796875 0.8216145833333334 0.4140625 0.8216145833333334 0.4114583333333333 0.81640625 0.4114583333333333 0.8098958333333334 0.4140625 0.8020833333333334 0.4166666666666667 0.80078125
3 0.5104166666666666 0.7369791666666666 0.515625 0.7395833333333334 0.5143229166666666 0.7526041666666666 0.51171875 0.7552083333333334 0.5078125 0.7526041666666666 0.5065104166666666 0.7421875 0.50390625 0.73828125 0.5091145833333334 0.7369791666666666
3 0.3828125 0.3268229166666667 0.3854166666666667 0.3268229166666667 0.3880208333333333 0.3307291666666667 0.3880208333333333 0.3450520833333333 0.3841145833333333 0.3463541666666667 0.37890625 0.3411458333333333 0.3828125 0.328125
3 0.6979166666666666 0.5911458333333334 0.7018229166666666 0.6002604166666666 0.69921875 0.6119791666666666 0.6953125 0.6119791666666666 0.6888020833333334 0.6067708333333334 0.6901041666666666 0.5950520833333334 0.6966145833333334 0.5911458333333334
3 0.5377604166666666 0.4440104166666667 0.5403645833333334 0.4440104166666667 0.5455729166666666 0.44921875 0.5455729166666666 0.4596354166666667 0.5403645833333334 0.46484375 0.5338541666666666 0.4544270833333333 0.5377604166666666 0.4453125
3 0.48125 0.44444444401041666 0.47578125 0.44166666666666665 0.47109375000000003 0.44722222265624995 0.47031249999999997 0.4569444440104167 0.4734375 0.46388888932291666 0.48359375 0.4611111106770833 0.48125 0.44444444401041666