1 0.49374999999999997 0.5861111106770833 0.49453125000000003 0.58472222265625 0.49453125000000003 0.5805555559895833 0.49062500000000003 0.5805555559895833 0.49062500000000003 0.58472222265625 0.49140625 0.5861111106770833 0.49374999999999997 0.5861111106770833
3 0.453125 0.2421875 0.4609375 0.2421875 0.4635416666666667 0.25 0.4635416666666667 0.2669270833333333 0.4596354166666667 0.26953125 0.45703125 0.265625 0.4557291666666667 0.25390625 0.453125 0.2513020833333333 0.453125 0.24348958333333334
3 0.5052083333333334 0.6575520833333334 0.5026041666666666 0.6484375 0.50390625 0.63671875 0.5078125 0.63671875 0.5130208333333334 0.6458333333333334 0.5130208333333334 0.6510416666666666 0.5091145833333334 0.6588541666666666 0.5065104166666666 0.6575520833333334
3 0.4440104166666667 0.3645833333333333 0.4479166666666667 0.3684895833333333 0.4466145833333333 0.3854166666666667 0.4401041666666667 0.3763020833333333 0.4401041666666667 0.3658854166666667 0.4427083333333333 0.3645833333333333
3 0.5755208333333334 0.55078125 0.578125 0.5377604166666666 0.5833333333333334 0.5364583333333334 0.5833333333333334 0.5546875 0.578125 0.5572916666666666 0.5768229166666666 0.5520833333333334
3 0.5598958333333334 0.23828125 0.5625 0.24609375 0.5611979166666666 0.26171875 0.5572916666666666 0.26171875 0.55078125 0.2526041666666667 0.55078125 0.24609375 0.55859375 0.23958333333333334
3 0.4388020833333333 0.5794270833333334 0.4401041666666667 0.6028645833333334 0.4348958333333333 0.6015625 0.4309895833333333 0.58984375 0.4322916666666667 0.58203125 0.4375 0.5807291666666666
3 0.4244791666666667 0.7903645833333334 0.4283854166666667 0.7942708333333334 0.4270833333333333 0.8098958333333334 0.421875 0.80859375 0.41796875 0.8033854166666666 0.41796875 0.7955729166666666 0.4231770833333333 0.7903645833333334
3 0.3958333333333333 0.3385416666666667 0.4010416666666667 0.3463541666666667 0.3932291666666667 0.3580729166666667 0.38671875 0.3502604166666667 0.38671875 0.33984375 0.3893229166666667 0.3372395833333333 0.39453125 0.3385416666666667
3 0.7057291666666666 0.5911458333333334 0.7096354166666666 0.5950520833333334 0.7096354166666666 0.609375 0.70703125 0.6119791666666666 0.7018229166666666 0.6119791666666666 0.69921875 0.609375 0.69921875 0.59375 0.7044270833333334 0.5924479166666666
3 0.5481770833333334 0.43359375 0.5481770833333334 0.4557291666666667 0.54296875 0.453125 0.54296875 0.4361979166666667 0.546875 0.43359375
3 0.4734375 0.44166666666666665 0.47031249999999997 0.44722222265624995 0.471875 0.4611111106770833 0.48203124999999997 0.46249999999999997 0.48203124999999997 0.4458333333333333 0.4734375 0.44166666666666665
3 0.5148437499999999 0.7541666666666668 0.509375 0.7208333333333333 0.50546875 0.7291666666666666 0.5031249999999999 0.7374999999999999 0.5070312499999999 0.7444444440104167 0.5070312499999999 0.7569444440104167 0.5148437499999999 0.7541666666666668
2 0.4765625 0.4700520833333333 0.4791666666666667 0.4895833333333333 0.4791666666666667 0.63671875 0.4752604166666667 0.7734375 0.4752604166666667 0.94921875 0.4739583333333333 0.9557291666666666 0.4713541666666667 0.94921875 0.4765625 0.4713541666666667
0 0 0.6375000000000001 0.06467031250000001 0.6388888893229167 0.07156537239583334 0.6339964986979166 0 0.6319444440104166 0 0.6375000000000001
0 0.0734375 0.64027777734375 0.09765625 0.64027777734375 0.11796875 0.6291666666666667 0.1390625 0.59722222265625 0.14765625000000002 0.5680555559895833 0.14921874999999998 0.5166666666666667 0.140625 0.4763888893229167 0.12578124999999998 0.44861111067708337 0.11171874999999999 0.43472222265625 0.09453125 0.4291666666666667 0.0015624999999999999 0.42638888932291663 0 0.43333333333333335 0.0890625 0.43472222265625 0.11015625 0.44027777734375 0.12890625 0.46249999999999997 0.13828125 0.48333333333333334 0.14609375 0.5208333333333334 0.14609375 0.54722222265625 0.13515625 0.5944444440104167 0.1125 0.62777777734375 0.096875 0.63472222265625 0.07259350651041667 0.6340259791666667 0.0734375 0.64027777734375
0 0.83984375 0.65 0.8171875000000001 0.6166666666666667 0.80859375 0.5833333333333334 0.80703125 0.5513888893229166 0.8156249999999999 0.5041666666666667 0.828125 0.4805555559895833 0.8453125 0.46388888932291666 0.8562500000000001 0.45972222265625 0.9546875 0.46249999999999997 0.9718749999999999 0.4611111106770833 0.9718749999999999 0.4569444440104167 0.8484375000000001 0.45555555598958336 0.82421875 0.47777777734375 0.80703125 0.5208333333333334 0.803125 0.5430555559895833 0.803125 0.5666666666666667 0.81015625 0.6111111106770833 0.81640625 0.62777777734375 0.8375 0.6555555559895833 0.8671875 0.66527777734375 0.96640625 0.66527777734375 0.96328125 0.6611111106770834 0.8562500000000001 0.6583333333333333 0.83984375 0.65