1 0.56385859375 0.34337361067708333 0.5661132812499999 0.34070277734375004 0.56604453125 0.33694027734375 0.564678125 0.33463333333333334 0.56235546875 0.33511944401041666 0.56119375 0.33791111067708335 0.56187734375 0.34155277734374995 0.56385859375 0.34337361067708333
0 0 0.4296875 0.08333333333333333 0.4322916666666667 0.09765625 0.4375 0.11458333333333333 0.4544270833333333 0.12630208333333334 0.4765625 0.13411458333333334 0.5026041666666666 0.13671875 0.5234375 0.13671875 0.5559895833333334 0.13411458333333334 0.578125 0.12630208333333334 0.6028645833333334 0.11848958333333333 0.6184895833333334 0.10677083333333333 0.6341145833333334 0.09765625 0.640625 0.0859375 0.64453125 0.08463541666666667 0.6471354166666666 0 0.6432291666666666 0 0.6380208333333334 0.08203125 0.640625 0.10026041666666667 0.6328125 0.11328125 0.6171875 0.12369791666666667 0.59765625 0.13151041666666666 0.5716145833333334 0.13411458333333334 0.5455729166666666 0.1328125 0.515625 0.12760416666666666 0.4908854166666667 0.12369791666666667 0.4791666666666667 0.11197916666666667 0.4583333333333333 0.1015625 0.4479166666666667 0.09114583333333333 0.44140625 0.08072916666666667 0.4388020833333333 0.0546875 0.4388020833333333 0.053385416666666664 0.4361979166666667 0.045572916666666664 0.4361979166666667 0.044270833333333336 0.4388020833333333 0.041666666666666664 0.4361979166666667 0.0078125 0.4361979166666667 0 0.4348958333333333 0 0.4309895833333333
0 0.9166666666666666 0.4622395833333333 0.9635416666666666 0.4635416666666667 0.9674479166666666 0.4661458333333333 0.9674479166666666 0.46875 0.9622395833333334 0.4700520833333333 0.8515625 0.4661458333333333 0.84375 0.46875 0.8294270833333334 0.4791666666666667 0.8294270833333334 0.4817708333333333 0.8151041666666666 0.5 0.8033854166666666 0.5377604166666666 0.8020833333333334 0.5768229166666666 0.8072916666666666 0.6119791666666666 0.8190104166666666 0.6393229166666666 0.8255208333333334 0.6458333333333334 0.8255208333333334 0.6484375 0.84375 0.6640625 0.8515625 0.6666666666666666 0.8619791666666666 0.6666666666666666 0.86328125 0.6692708333333334 0.9635416666666666 0.671875 0.9635416666666666 0.67578125 0.87109375 0.6744791666666666 0.8541666666666666 0.6731770833333334 0.8411458333333334 0.6692708333333334 0.8307291666666666 0.6614583333333334 0.8203125 0.6497395833333334 0.8111979166666666 0.6328125 0.8033854166666666 0.6106770833333334 0.7994791666666666 0.5768229166666666 0.80078125 0.5377604166666666 0.8046875 0.5182291666666666 0.8111979166666666 0.5 0.82421875 0.4778645833333333 0.8385416666666666 0.4661458333333333 0.8528645833333334 0.4609375 0.9153645833333334 0.4622395833333333
2 0.47265625 0.13802083333333334 0.4739583333333333 0.328125 0.4713541666666667 0.34375 0.4713541666666667 0.6484375 0.4674479166666667 0.8151041666666666 0.4674479166666667 0.9440104166666666 0.4661458333333333 0.9635416666666666 0.4635416666666667 0.96484375 0.46484375 0.7473958333333334 0.4674479166666667 0.6966145833333334 0.46875 0.5638020833333334 0.46875 0.36328125 0.47265625 0.13932291666666666
3 0.6888020833333334 0.5963541666666666 0.6966145833333334 0.5924479166666666 0.7005208333333334 0.5924479166666666 0.7018229166666666 0.5950520833333334 0.7005208333333334 0.6080729166666666 0.6940104166666666 0.6080729166666666 0.6875 0.5989583333333334 0.6888020833333334 0.59765625
3 0.8033854166666666 0.37109375 0.8059895833333334 0.3723958333333333 0.8059895833333334 0.3828125 0.7994791666666666 0.3919270833333333 0.7955729166666666 0.390625 0.7916666666666666 0.3815104166666667 0.8020833333333334 0.37109375
3 0.6028645833333334 0.4368489583333333 0.012369791666666666 0.020833333333333332
3 0.234375 0.4544270833333333 0.23177083333333334 0.4453125 0.23307291666666666 0.4361979166666667 0.24348958333333334 0.4375 0.24479166666666666 0.4401041666666667 0.24348958333333334 0.453125 0.24088541666666666 0.4557291666666667 0.23567708333333334 0.4544270833333333
3 0.69140625 0.4166666666666667 0.6966145833333334 0.4166666666666667 0.69921875 0.4244791666666667 0.6966145833333334 0.4440104166666667 0.6927083333333334 0.4466145833333333 0.6822916666666666 0.44140625 0.6822916666666666 0.4361979166666667 0.6901041666666666 0.4283854166666667 0.69140625 0.41796875
3 0.6549479166666666 0.8815104166666666 0.6588541666666666 0.88671875 0.6575520833333334 0.90234375 0.6510416666666666 0.8984375 0.6497395833333334 0.8919270833333334 0.6510416666666666 0.8828125 0.6536458333333334 0.8815104166666666
3 0.56640625 0.3125 0.5690104166666666 0.3151041666666667 0.5690104166666666 0.3359375 0.5651041666666666 0.34375 0.5625 0.3424479166666667 0.5611979166666666 0.3359375 0.5611979166666666 0.32421875 0.56640625 0.3138020833333333
3 0.4361979166666667 0.2604166666666667 0.4322916666666667 0.25390625 0.4322916666666667 0.24479166666666666 0.4348958333333333 0.23958333333333334 0.4388020833333333 0.2421875 0.4401041666666667 0.26171875 0.4375 0.2604166666666667
3 0.8723958333333334 0.5390625 0.8776041666666666 0.546875 0.8776041666666666 0.5533854166666666 0.8697916666666666 0.5611979166666666 0.859375 0.5572916666666666 0.85546875 0.5520833333333334 0.85546875 0.5481770833333334 0.8619791666666666 0.546875 0.8671875 0.5403645833333334 0.87109375 0.5390625
3 0.7578125 0.6510416666666666 0.76953125 0.6536458333333334 0.7721354166666666 0.65625 0.7708333333333334 0.66796875 0.7682291666666666 0.6705729166666666 0.7643229166666666 0.6705729166666666 0.7578125 0.65234375
3 0.6888020833333334 0.3684895833333333 0.6927083333333334 0.37109375 0.6927083333333334 0.3776041666666667 0.6901041666666666 0.3802083333333333 0.6875 0.3919270833333333 0.68359375 0.3919270833333333 0.6822916666666666 0.3893229166666667 0.6822916666666666 0.3697916666666667 0.6875 0.3684895833333333
3 0.6710937499999999 0.7305555559895834 0.6719328125 0.7490583333333333 0.6815984374999999 0.7472513893229166 0.68125 0.74027777734375 0.6710937499999999 0.7305555559895834