1 0.71328125 0.42777777734375005 0.7140624999999999 0.4291666666666667 0.7171875 0.42777777734375005 0.7179687499999999 0.425 0.7171875 0.42222222265625 0.7140624999999999 0.42222222265625 0.71328125 0.4236111106770833 0.71328125 0.42777777734375005
0 0.9453125 0.4166666666666667 0.9986979166666666 0.4166666666666667 0.9986979166666666 0.421875 0.90234375 0.42578125 0.8841145833333334 0.4348958333333333 0.8671875 0.45703125 0.85546875 0.4908854166666667 0.8528645833333334 0.5130208333333334 0.85546875 0.5611979166666666 0.8619791666666666 0.5768229166666666 0.86328125 0.5859375 0.87109375 0.6002604166666666 0.88671875 0.6184895833333334 0.8997395833333334 0.625 0.9986979166666666 0.6223958333333334 0.9986979166666666 0.62890625 0.9075520833333334 0.6328125 0.8893229166666666 0.6276041666666666 0.8684895833333334 0.6067708333333334 0.8684895833333334 0.6028645833333334 0.8606770833333334 0.58984375 0.85546875 0.5690104166666666 0.8528645833333334 0.56640625 0.8489583333333334 0.5338541666666666 0.8489583333333334 0.515625 0.8528645833333334 0.4856770833333333 0.85546875 0.4830729166666667 0.85546875 0.4765625 0.86328125 0.4557291666666667 0.875 0.4375 0.8854166666666666 0.4270833333333333 0.8958333333333334 0.421875 0.91015625 0.4192708333333333 0.9453125 0.41796875
0 0.14322916666666666 0.44921875 0.15494791666666666 0.4557291666666667 0.171875 0.4752604166666667 0.17838541666666666 0.48828125 0.18619791666666666 0.5130208333333334 0.1875 0.53125 0.19010416666666666 0.5390625 0.19010416666666666 0.5729166666666666 0.18359375 0.6067708333333334 0.17447916666666666 0.625 0.17447916666666666 0.62890625 0.15885416666666666 0.6497395833333334 0.14192708333333334 0.6588541666666666 0.12369791666666667 0.6614583333333334 0.078125 0.6614583333333334 0.044270833333333336 0.6640625 0.024739583333333332 0.6627604166666666 0.024739583333333332 0.66015625 0.029947916666666668 0.6588541666666666 0.13541666666666666 0.6549479166666666 0.15104166666666666 0.6484375 0.16796875 0.6302083333333334 0.1796875 0.6067708333333334 0.1875 0.5677083333333334 0.1875 0.5377604166666666 0.18359375 0.5143229166666666 0.17578125 0.4921875 0.1640625 0.47265625 0.14713541666666666 0.45703125 0.13671875 0.453125 0.07682291666666667 0.4557291666666667 0.0234375 0.4557291666666667 0.020833333333333332 0.453125 0.03125 0.4505208333333333 0.0703125 0.44921875 0.14192708333333334 0.44921875
2 0.5182291666666666 0.4036458333333333 0.5208333333333334 0.45703125 0.51953125 0.4973958333333333 0.5221354166666666 0.5690104166666666 0.5221354166666666 0.703125 0.5260416666666666 0.8606770833333334 0.5260416666666666 0.9505208333333334 0.5234375 0.9505208333333334 0.5208333333333334 0.8697916666666666 0.5208333333333334 0.7018229166666666 0.5182291666666666 0.6328125 0.51953125 0.625 0.5169270833333334 0.6067708333333334 0.5169270833333334 0.6015625 0.5208333333333334 0.5963541666666666 0.5208333333333334 0.5807291666666666 0.5169270833333334 0.57421875 0.5182291666666666 0.4049479166666667
3 0.4205729166666667 0.5143229166666666 0.4244791666666667 0.5143229166666666 0.4283854166666667 0.51953125 0.4283854166666667 0.5325520833333334 0.4244791666666667 0.5364583333333334 0.4192708333333333 0.5338541666666666 0.4205729166666667 0.515625
3 0.5169270833333334 0.5755208333333334 0.51953125 0.58203125 0.5143229166666666 0.5950520833333334 0.5078125 0.59375 0.5078125 0.5794270833333334 0.5091145833333334 0.5768229166666666 0.515625 0.5755208333333334
3 0.5703125 0.22526041666666666 0.5729166666666666 0.20442708333333334 0.578125 0.20833333333333334 0.5807291666666666 0.21484375 0.57421875 0.22526041666666666 0.5716145833333334 0.22526041666666666
3 0.7747395833333334 0.62109375 0.78125 0.62109375 0.78515625 0.625 0.7838541666666666 0.6328125 0.7734375 0.6380208333333334 0.76953125 0.6302083333333334 0.7747395833333334 0.6223958333333334
3 0.63671875 0.55859375 0.6393229166666666 0.5611979166666666 0.6393229166666666 0.5690104166666666 0.6328125 0.5768229166666666 0.62890625 0.5755208333333334 0.6263020833333334 0.5677083333333334 0.6354166666666666 0.55859375
3 0.7265625 0.3606770833333333 0.734375 0.3645833333333333 0.73828125 0.3697916666666667 0.7369791666666666 0.37890625 0.7330729166666666 0.37890625 0.73046875 0.3828125 0.7291666666666666 0.4049479166666667 0.7265625 0.4075520833333333 0.72265625 0.4075520833333333 0.72265625 0.3854166666666667 0.7265625 0.3802083333333333 0.7278645833333334 0.3723958333333333 0.7265625 0.3619791666666667
3 0.5299479166666666 0.37890625 0.5338541666666666 0.3841145833333333 0.5338541666666666 0.3893229166666667 0.52734375 0.3984375 0.5247395833333334 0.3971354166666667 0.5234375 0.3893229166666667 0.5247395833333334 0.3828125 0.5286458333333334 0.37890625
3 0.6145833333333334 0.4036458333333333 0.6197916666666666 0.4049479166666667 0.6197916666666666 0.4127604166666667 0.6145833333333334 0.421875 0.6106770833333334 0.4205729166666667 0.6106770833333334 0.4114583333333333 0.6145833333333334 0.4049479166666667
3 0.5598958333333334 0.7291666666666666 0.5651041666666666 0.73828125 0.5651041666666666 0.74609375 0.55859375 0.7513020833333334 0.5559895833333334 0.7473958333333334 0.5559895833333334 0.7395833333333334 0.5598958333333334 0.73046875
3 0.5833333333333334 0.4908854166666667 0.5859375 0.4947916666666667 0.5859375 0.5091145833333334 0.5794270833333334 0.5143229166666666 0.57421875 0.51171875 0.57421875 0.4947916666666667 0.5768229166666666 0.4895833333333333 0.58203125 0.4908854166666667
3 0.6119791666666666 0.828125 0.6145833333333334 0.8294270833333334 0.6171875 0.8411458333333334 0.6158854166666666 0.8489583333333334 0.6119791666666666 0.8502604166666666 0.6067708333333334 0.8450520833333334 0.6119791666666666 0.8294270833333334
3 0.50390625 0.2565104166666667 0.50390625 0.27734375 0.5 0.27734375 0.49609375 0.2682291666666667 0.4973958333333333 0.2604166666666667 0.5026041666666666 0.2565104166666667