1 0.46718750000000003 0.5138888893229167 0.46640624999999997 0.5180555559895833 0.47031249999999997 0.5208333333333334 0.47031249999999997 0.5138888893229167 0.46718750000000003 0.5138888893229167
0 0 0.4244791666666667 0.10286458333333333 0.4270833333333333 0.11458333333333333 0.4322916666666667 0.13151041666666666 0.4505208333333333 0.14192708333333334 0.4700520833333333 0.14973958333333334 0.4947916666666667 0.15234375 0.5260416666666666 0.15104166666666666 0.5611979166666666 0.14583333333333334 0.5846354166666666 0.13671875 0.60546875 0.11848958333333333 0.62890625 0.10286458333333333 0.63671875 0 0.6341145833333334 0 0.62890625 0.09895833333333333 0.6315104166666666 0.11067708333333333 0.6276041666666666 0.13151041666666666 0.60546875 0.1328125 0.5989583333333334 0.13932291666666666 0.58984375 0.1484375 0.5546875 0.14713541666666666 0.5 0.13932291666666666 0.4739583333333333 0.13151041666666666 0.4583333333333333 0.11848958333333333 0.4440104166666667 0.109375 0.4361979166666667 0.09895833333333333 0.4322916666666667 0.028645833333333332 0.4296875 0 0.4309895833333333 0 0.42578125
0 0.9127604166666666 0.4544270833333333 0.96484375 0.4557291666666667 0.9713541666666666 0.45703125 0.9739583333333334 0.4609375 0.92578125 0.4622395833333333 0.8619791666666666 0.4596354166666667 0.84765625 0.4635416666666667 0.83984375 0.46875 0.8229166666666666 0.4908854166666667 0.8111979166666666 0.5234375 0.8072916666666666 0.5533854166666666 0.8111979166666666 0.59375 0.8190104166666666 0.6184895833333334 0.8294270833333334 0.63671875 0.8424479166666666 0.6510416666666666 0.8541666666666666 0.6575520833333334 0.9700520833333334 0.6627604166666666 0.9700520833333334 0.66796875 0.9674479166666666 0.6692708333333334 0.94140625 0.66796875 0.9401041666666666 0.6653645833333334 0.8854166666666666 0.6653645833333334 0.859375 0.6640625 0.8502604166666666 0.6614583333333334 0.8385416666666666 0.6549479166666666 0.82421875 0.6380208333333334 0.81640625 0.6223958333333334 0.80859375 0.59765625 0.8059895833333334 0.578125 0.8072916666666666 0.5286458333333334 0.81640625 0.4947916666666667 0.82421875 0.4791666666666667 0.8450520833333334 0.4583333333333333 0.8541666666666666 0.4544270833333333 0.9114583333333334 0.4544270833333333
2 0.4778645833333333 0.4817708333333333 0.4817708333333333 0.4895833333333333 0.4765625 0.875 0.4778645833333333 0.92578125 0.4752604166666667 0.9283854166666666 0.4752604166666667 0.9518229166666666 0.47265625 0.9518229166666666 0.4778645833333333 0.4830729166666667
3 0.5 0.7005208333333334 0.50390625 0.7018229166666666 0.5091145833333334 0.7083333333333334 0.5091145833333334 0.7161458333333334 0.5052083333333334 0.7213541666666666 0.5 0.7135416666666666 0.5 0.7018229166666666
3 0.5631510416666666 0.564453125 0.0078125 0.018229166666666668
3 0.5364583333333334 0.2643229166666667 0.5416666666666666 0.2682291666666667 0.54296875 0.2734375 0.5403645833333334 0.2838541666666667 0.5364583333333334 0.28515625 0.5338541666666666 0.2799479166666667 0.53515625 0.265625
3 0.5026041666666666 0.61328125 0.5065104166666666 0.6184895833333334 0.5065104166666666 0.6315104166666666 0.5026041666666666 0.6315104166666666 0.5 0.6276041666666666 0.5013020833333334 0.6145833333333334
3 0.4244791666666667 0.5651041666666666 0.4296875 0.5716145833333334 0.4296875 0.5794270833333334 0.42578125 0.5807291666666666 0.421875 0.5755208333333334 0.4231770833333333 0.56640625
3 0.4401041666666667 0.4283854166666667 0.4348958333333333 0.41796875 0.4348958333333333 0.4114583333333333 0.4375 0.4088541666666667 0.44140625 0.4088541666666667 0.4440104166666667 0.4114583333333333 0.4440104166666667 0.4244791666666667 0.44140625 0.4270833333333333
3 0.3736979166666667 0.3463541666666667 0.3763020833333333 0.3502604166666667 0.3763020833333333 0.36328125 0.3697916666666667 0.3619791666666667 0.3658854166666667 0.3580729166666667 0.3658854166666667 0.3515625 0.3723958333333333 0.3463541666666667
3 0.4140625 0.7578125 0.4127604166666667 0.7799479166666666 0.41015625 0.78125 0.40625 0.7760416666666666 0.40625 0.765625 0.4127604166666667 0.7591145833333334
3 0.4622395833333333 0.23958333333333334 0.46484375 0.2552083333333333 0.4635416666666667 0.2591145833333333 0.4596354166666667 0.26171875 0.453125 0.24609375 0.453125 0.24088541666666666 0.4609375 0.23958333333333334
3 0.5078125 0.484375 0.5130208333333334 0.4856770833333333 0.5169270833333334 0.4947916666666667 0.5143229166666666 0.50390625 0.5078125 0.50390625 0.5052083333333334 0.4947916666666667 0.5078125 0.4856770833333333
3 0.6549479166666666 0.5481770833333334 0.6614583333333334 0.5520833333333334 0.66015625 0.5651041666666666 0.6575520833333334 0.5690104166666666 0.6549479166666666 0.5690104166666666 0.6510416666666666 0.5638020833333334 0.6510416666666666 0.5533854166666666 0.6549479166666666 0.5494791666666666
3 0.48671875000000003 0.45972222265625 0.48359375 0.44166666666666665 0.47500000000000003 0.44444444401041666 0.4734375 0.4569444440104167 0.47578125 0.4611111106770833 0.48203124999999997 0.46388888932291666 0.48671875000000003 0.45972222265625