1 0.3359375 0.5499999999999999 0.33515625 0.5375 0.33125 0.54027777734375 0.3328125 0.5499999999999999 0.3359375 0.5499999999999999
0 0.1703125 0.46388888932291666 0.15390625 0.4513888893229167 0.032031250000000004 0.45277777734375 0.029687500000000002 0.4569444440104167 0.14609375 0.45416666666666666 0.15546875000000002 0.4583333333333333 0.1703125 0.4708333333333334 0.18437499999999998 0.4944444440104167 0.19218749999999998 0.5208333333333334 0.1953125 0.5458333333333333 0.19375 0.5763888893229167 0.18515625 0.6124999999999999 0.16953125 0.6388888893229167 0.15859375 0.6486111106770833 0.1328125 0.6569444440104167 0.07656249999999999 0.6555555559895833 0.03359375 0.6611111106770834 0.14140624999999998 0.65972222265625 0.165625 0.6486111106770833 0.18281250000000002 0.6263888893229167 0.19453125000000002 0.5916666666666667 0.196875 0.57777777734375 0.19453125000000002 0.5708333333333333 0.19765625 0.5666666666666667 0.196875 0.5305555559895833 0.19296875 0.5083333333333333 0.18359375 0.48333333333333334 0.1703125 0.46388888932291666
0 1 0.4138888893229167 0.9523437499999999 0.4138888893229167 0.89453125 0.42222222265625 0.8734375 0.44444444401041666 0.86875 0.4569444440104167 0.90078125 0.4236111106770833 1 0.4180555559895833 1 0.4138888893229167
0 1 0.6194444440104167 0.8992187500000001 0.6194444440104167 0.884375 0.6069444440104167 0.8718750000000001 0.5875 0.8609375 0.5499999999999999 0.8609375 0.5361111106770834 0.8562500000000001 0.5194444440104167 0.8562500000000001 0.54722222265625 0.8624999999999999 0.5763888893229167 0.8742187499999999 0.6013888893229167 0.8914062500000001 0.6208333333333333 0.9054687499999999 0.62777777734375 1 0.625 1 0.6194444440104167
2 0.52734375 0.8541666666666666 0.5296875 0.8624999999999999 0.5281250000000001 0.9263888893229167 0.52890625 0.94027777734375 0.5320312500000001 0.9430555559895833 0.5304687499999999 0.6305555559895833 0.52578125 0.62777777734375 0.5234375 0.6333333333333333 0.52734375 0.8541666666666666
2 0.5265624999999999 0.7388888893229167 0.5265624999999999 0.7541666666666668 0.5296875 0.7647222226562499 0.5296875 0.73472222265625 0.5265624999999999 0.7388888893229167
2 0.52734375 0.7722222226562501 0.5296875 0.7861111106770834 0.5296875 0.7647222226562499 0.52734375 0.7722222226562501
2 0.52578125 0.625 0.52890625 0.6236111106770833 0.5281250000000001 0.5569444440104167 0.52578125 0.52777777734375 0.5234375 0.5569444440104167 0.52578125 0.625
2 0.5265624999999999 0.52777777734375 0.5242187500000001 0.5499999999999999 0.5265624999999999 0.6208333333333333 0.5265624999999999 0.52777777734375
2 0.52578125 0.5041666666666667 0.5265624999999999 0.45416666666666666 0.5234375 0.45277777734375 0.5226562499999999 0.4583333333333333 0.52578125 0.5041666666666667
2 0.5265624999999999 0.50277777734375 0.52578125 0.45416666666666666 0.5234375 0.4583333333333333 0.5234375 0.4944444440104167 0.5265624999999999 0.50277777734375
2 0.51953125 0.19722222265625 0.5226562499999999 0.43472222265625 0.52578125 0.44166666666666665 0.5242187500000001 0.19305555598958335 0.5226562499999999 0.13055555598958332 0.51953125 0.15138888932291666 0.51953125 0.19722222265625
2 0.5226562499999999 0.43611111067708336 0.52578125 0.44027777734375 0.5234375 0.14166666666666666 0.5226562499999999 0.12777777734374998 0.51953125 0.12777777734374998 0.5226562499999999 0.43611111067708336
3 0.66796875 0.7864583333333334 0.67578125 0.7890625 0.67578125 0.8046875 0.6705729166666666 0.8059895833333334 0.66796875 0.8020833333333334 0.66796875 0.7877604166666666
3 0.3893229166666667 0.6861979166666666 0.3893229166666667 0.6966145833333334 0.3828125 0.6979166666666666 0.3763020833333333 0.6966145833333334 0.3736979166666667 0.68359375 0.3763020833333333 0.6796875 0.3828125 0.6783854166666666 0.3828125 0.6809895833333334 0.3880208333333333 0.6861979166666666
3 0.4518229166666667 0.2994791666666667 0.4479166666666667 0.2890625 0.44921875 0.2799479166666667 0.4518229166666667 0.2786458333333333 0.4583333333333333 0.2890625 0.4583333333333333 0.2942708333333333 0.4557291666666667 0.2981770833333333 0.453125 0.2981770833333333
3 0.5455729166666666 0.4466145833333333 0.55078125 0.4544270833333333 0.5494791666666666 0.4700520833333333 0.5442708333333334 0.4713541666666667 0.5403645833333334 0.4661458333333333 0.5403645833333334 0.453125 0.5442708333333334 0.4479166666666667
3 0.4205729166666667 0.7662760416666666 0.010416666666666666 0.0234375
3 0.47265625 0.7161458333333334 0.4778645833333333 0.7239583333333334 0.4752604166666667 0.73046875 0.46875 0.7330729166666666 0.4674479166666667 0.7265625 0.46875 0.71875 0.4713541666666667 0.7174479166666666
3 0.71875 0.2578125 0.72265625 0.2604166666666667 0.72265625 0.2721354166666667 0.7174479166666666 0.2799479166666667 0.71484375 0.28125 0.7109375 0.2786458333333333 0.7122395833333334 0.265625 0.71875 0.2591145833333333
3 0.5104166666666666 0.5104166666666666 0.5143229166666666 0.5182291666666666 0.5143229166666666 0.5260416666666666 0.51171875 0.5299479166666666 0.5078125 0.5325520833333334 0.50390625 0.52734375 0.50390625 0.515625 0.5091145833333334 0.51171875
3 0.3255208333333333 0.4453125 0.3216145833333333 0.4348958333333333 0.3216145833333333 0.4283854166666667 0.3255208333333333 0.4231770833333333 0.3346354166666667 0.4361979166666667 0.3346354166666667 0.44140625 0.3268229166666667 0.4453125
3 0.15546875000000002 0.5875 0.16015625 0.5875 0.16328125000000002 0.57777777734375 0.16171875 0.5680555559895833 0.15156250000000002 0.5666666666666667 0.15 0.5763888893229167 0.15546875000000002 0.5875
3 0.87109375 0.4666666666666666 0.87109375 0.4680555559895833 0.86875 0.4708333333333334 0.86875 0.4763888893229167 0.8718750000000001 0.4805555559895833 0.875 0.4805555559895833 0.8757812500000001 0.48194444401041664 0.87734375 0.48194444401041664 0.87890625 0.4805555559895833 0.88046875 0.47777777734375 0.88046875 0.4680555559895833 0.8796875000000001 0.4666666666666666 0.8781249999999999 0.46527777734375 0.87265625 0.46527777734375 0.87109375 0.4666666666666666
3 0.553125 0.8319444440104166 0.55234375 0.8333333333333334 0.55234375 0.8361111106770833 0.553125 0.8375 0.553125 0.8472222226562499 0.5539062499999999 0.8513888893229167 0.5546875 0.8458333333333333 0.5609375 0.8319444440104166 0.5625 0.8250000000000001 0.5617187499999999 0.82222222265625 0.5539062499999999 0.82222222265625 0.553125 0.8250000000000001 0.553125 0.8319444440104166