1 0.31093750000000003 0.2736111106770833 0.31015624999999997 0.2791666666666667 0.31406249999999997 0.2819444440104167 0.31484375000000003 0.2736111106770833 0.31093750000000003 0.2736111106770833
0 0 0.4322916666666667 0.08333333333333333 0.4348958333333333 0.09244791666666667 0.4375 0.09375 0.4401041666666667 0.10286458333333333 0.4440104166666667 0.11458333333333333 0.4557291666666667 0.13020833333333334 0.4856770833333333 0.13411458333333334 0.4986979166666667 0.13802083333333334 0.5286458333333334 0.13802083333333334 0.5572916666666666 0.13411458333333334 0.5872395833333334 0.12760416666666666 0.60546875 0.11588541666666667 0.6276041666666666 0.10286458333333333 0.640625 0.0859375 0.6497395833333334 0 0.6471354166666666 0 0.640625 0.08333333333333333 0.6432291666666666 0.09895833333333333 0.63671875 0.109375 0.6263020833333334 0.125 0.6002604166666666 0.13151041666666666 0.5794270833333334 0.13541666666666666 0.5546875 0.1328125 0.5091145833333334 0.12239583333333333 0.4778645833333333 0.10677083333333333 0.4544270833333333 0.09635416666666667 0.4466145833333333 0.0859375 0.4427083333333333 0 0.4401041666666667 0 0.43359375
0 0.8684895833333334 0.4635416666666667 0.9505208333333334 0.4661458333333333 0.9661458333333334 0.4674479166666667 0.9661458333333334 0.4713541666666667 0.9505208333333334 0.47265625 0.8515625 0.46875 0.8359375 0.4765625 0.8229166666666666 0.4895833333333333 0.8177083333333334 0.4986979166666667 0.8177083333333334 0.5026041666666666 0.8151041666666666 0.50390625 0.8098958333333334 0.5143229166666666 0.8020833333333334 0.5481770833333334 0.80078125 0.5703125 0.8033854166666666 0.5989583333333334 0.8059895833333334 0.6028645833333334 0.8111979166666666 0.6276041666666666 0.8255208333333334 0.65234375 0.84765625 0.6692708333333334 0.8619791666666666 0.671875 0.9622395833333334 0.6744791666666666 0.9622395833333334 0.6796875 0.86328125 0.6770833333333334 0.8463541666666666 0.6744791666666666 0.8359375 0.6692708333333334 0.82421875 0.6588541666666666 0.81640625 0.6484375 0.80859375 0.6315104166666666 0.80078125 0.60546875 0.7981770833333334 0.5716145833333334 0.80078125 0.53515625 0.80859375 0.5052083333333334 0.8203125 0.4856770833333333 0.83203125 0.47265625 0.8463541666666666 0.46484375 0.8671875 0.4635416666666667
2 0.47265625 0.140625 0.4739583333333333 0.328125 0.4713541666666667 0.3658854166666667 0.4700520833333333 0.72265625 0.4661458333333333 0.9283854166666666 0.4674479166666667 0.96484375 0.4661458333333333 0.9674479166666666 0.4635416666666667 0.9661458333333334 0.46484375 0.7252604166666666 0.4674479166666667 0.67578125 0.4661458333333333 0.6432291666666666 0.46875 0.546875 0.46875 0.3372395833333333 0.4713541666666667 0.2903645833333333 0.4700520833333333 0.2526041666666667 0.47265625 0.14192708333333334
3 0.6549479166666666 0.5677083333333334 0.6588541666666666 0.5703125 0.66015625 0.57421875 0.6575520833333334 0.5859375 0.6536458333333334 0.5859375 0.6484375 0.578125 0.6484375 0.57421875 0.6536458333333334 0.5677083333333334
3 0.6028645833333334 0.3098958333333333 0.6067708333333334 0.3125 0.60546875 0.328125 0.6002604166666666 0.328125 0.6015625 0.3111979166666667
3 0.4361979166666667 0.22395833333333334 0.4401041666666667 0.22916666666666666 0.4401041666666667 0.23958333333333334 0.4361979166666667 0.2421875 0.4322916666666667 0.23177083333333334 0.4322916666666667 0.22526041666666666 0.4348958333333333 0.22395833333333334
3 0.4986979166666667 0.27734375 0.5013020833333334 0.27734375 0.5026041666666666 0.2799479166666667 0.50390625 0.2955729166666667 0.5026041666666666 0.2981770833333333 0.5 0.2981770833333333 0.4921875 0.2903645833333333 0.4986979166666667 0.2786458333333333
3 0.3177083333333333 0.24479166666666666 0.32421875 0.24869791666666666 0.3255208333333333 0.2747395833333333 0.32421875 0.2760416666666667 0.3177083333333333 0.265625 0.3151041666666667 0.2526041666666667 0.31640625 0.24609375
3 0.615234375 0.7102864583333334 0.01171875 0.020833333333333332
3 0.58203125 0.4010416666666667 0.5846354166666666 0.4036458333333333 0.5859375 0.4140625 0.5846354166666666 0.421875 0.5807291666666666 0.4270833333333333 0.5768229166666666 0.4270833333333333 0.5729166666666666 0.421875 0.57421875 0.4036458333333333 0.5768229166666666 0.4010416666666667 0.5807291666666666 0.4010416666666667
3 0.5221354166666666 0.4700520833333333 0.5247395833333334 0.47265625 0.5247395833333334 0.4908854166666667 0.5221354166666666 0.4921875 0.5182291666666666 0.4856770833333333 0.5182291666666666 0.4765625 0.5208333333333334 0.4713541666666667
3 0.8098958333333334 0.4544270833333333 0.8138020833333334 0.4583333333333333 0.8138020833333334 0.4674479166666667 0.8072916666666666 0.4739583333333333 0.80078125 0.47265625 0.7994791666666666 0.4609375 0.80859375 0.4544270833333333
3 0.7122395833333334 0.3216145833333333 0.7161458333333334 0.3216145833333333 0.72265625 0.31640625 0.7265625 0.3203125 0.7239583333333334 0.33203125 0.7200520833333334 0.3385416666666667 0.71484375 0.3359375 0.7122395833333334 0.3229166666666667
3 0.6536458333333334 0.6419270833333334 0.6653645833333334 0.6432291666666666 0.6653645833333334 0.65625 0.6614583333333334 0.6627604166666666 0.6497395833333334 0.6471354166666666 0.6497395833333334 0.6432291666666666 0.65234375 0.6419270833333334
3 0.5494791666666666 0.87109375 0.5520833333333334 0.87109375 0.5559895833333334 0.8815104166666666 0.5559895833333334 0.8919270833333334 0.5533854166666666 0.89453125 0.5494791666666666 0.89453125 0.546875 0.8919270833333334 0.5442708333333334 0.8828125 0.5494791666666666 0.8723958333333334