1 0.6945312499999999 0.37916666666666665 0.6953125 0.3805555559895833 0.6984374999999999 0.3805555559895833 0.69921875 0.37916666666666665 0.69921875 0.37638888932291664 0.6984374999999999 0.375 0.696875 0.37361111067708336 0.6953125 0.375 0.6945312499999999 0.37916666666666665
0 0.96484375 0.4166666666666667 0.9986979166666666 0.4166666666666667 0.9986979166666666 0.421875 0.90234375 0.42578125 0.8841145833333334 0.4348958333333333 0.87109375 0.4505208333333333 0.859375 0.4752604166666667 0.8541666666666666 0.4973958333333333 0.8528645833333334 0.5390625 0.85546875 0.5638020833333334 0.8619791666666666 0.578125 0.86328125 0.5872395833333334 0.875 0.6067708333333334 0.88671875 0.6184895833333334 0.8958333333333334 0.6236979166666666 0.92578125 0.625 0.9986979166666666 0.6223958333333334 0.9986979166666666 0.62890625 0.8997395833333334 0.6315104166666666 0.8893229166666666 0.6276041666666666 0.8723958333333334 0.6119791666666666 0.8606770833333334 0.5911458333333334 0.85546875 0.5703125 0.8528645833333334 0.5677083333333334 0.8489583333333334 0.53515625 0.8489583333333334 0.515625 0.8528645833333334 0.4856770833333333 0.86328125 0.4557291666666667 0.875 0.4375 0.8854166666666666 0.4270833333333333 0.8958333333333334 0.421875 0.96484375 0.41796875
0 0.13671875 0.4479166666666667 0.15104166666666666 0.4518229166666667 0.15885416666666666 0.45703125 0.17057291666666666 0.4700520833333333 0.18619791666666666 0.50390625 0.19010416666666666 0.5182291666666666 0.19270833333333334 0.5481770833333334 0.19140625 0.5846354166666666 0.1875 0.5950520833333334 0.18619791666666666 0.6067708333333334 0.17057291666666666 0.6380208333333334 0.15885416666666666 0.6510416666666666 0.14713541666666666 0.6575520833333334 0.11588541666666667 0.6614583333333334 0.061197916666666664 0.6627604166666666 0.028645833333333332 0.6627604166666666 0.02734375 0.66015625 0.029947916666666668 0.6588541666666666 0.13411458333333334 0.6549479166666666 0.15104166666666666 0.6497395833333334 0.16536458333333334 0.63671875 0.1796875 0.61328125 0.1875 0.5872395833333334 0.19010416666666666 0.5611979166666666 0.1875 0.5208333333333334 0.18359375 0.5065104166666666 0.18098958333333334 0.50390625 0.18098958333333334 0.4986979166666667 0.16796875 0.4739583333333333 0.14713541666666666 0.4557291666666667 0.13932291666666666 0.453125 0.1171875 0.453125 0.024739583333333332 0.45703125 0.0234375 0.453125 0.0390625 0.4505208333333333 0.13541666666666666 0.4479166666666667
2 0.5169270833333334 0.2903645833333333 0.5208333333333334 0.2890625 0.51953125 0.3216145833333333 0.5234375 0.56640625 0.5221354166666666 0.62890625 0.52734375 0.9205729166666666 0.5260416666666666 0.94921875 0.5247395833333334 0.9505208333333334 0.5234375 0.9348958333333334 0.51953125 0.4830729166666667 0.5169270833333334 0.4557291666666667 0.5169270833333334 0.2916666666666667
3 0.4908854166666667 0.46875 0.4921875 0.48046875 0.4895833333333333 0.4869791666666667 0.484375 0.4869791666666667 0.4830729166666667 0.484375 0.484375 0.4700520833333333 0.4895833333333333 0.46875
3 0.51171875 0.2734375 0.5143229166666666 0.2760416666666667 0.5143229166666666 0.2864583333333333 0.51171875 0.2903645833333333 0.5078125 0.2903645833333333 0.5065104166666666 0.2864583333333333 0.5078125 0.27734375 0.5104166666666666 0.2747395833333333
3 0.7018229166666666 0.3203125 0.7057291666666666 0.3203125 0.7096354166666666 0.3268229166666667 0.7083333333333334 0.3346354166666667 0.7018229166666666 0.3372395833333333 0.69921875 0.3346354166666667 0.7018229166666666 0.3216145833333333
3 0.5520833333333334 0.7350260416666666 0.011067708333333334 0.01953125
3 0.5651041666666666 0.4700520833333333 0.56640625 0.4869791666666667 0.5625 0.4921875 0.5559895833333334 0.4908854166666667 0.5533854166666666 0.4830729166666667 0.5546875 0.4713541666666667 0.55859375 0.46875 0.5638020833333334 0.4700520833333333
3 0.69921875 0.625 0.6953125 0.6223958333333334 0.6953125 0.6106770833333334 0.70703125 0.6119791666666666 0.70703125 0.6197916666666666 0.7005208333333334 0.6236979166666666
3 0.3997395833333333 0.5390625 0.40234375 0.5416666666666666 0.40234375 0.5494791666666666 0.4049479166666667 0.5533854166666666 0.4036458333333333 0.5638020833333334 0.4010416666666667 0.5638020833333334 0.3919270833333333 0.5533854166666666 0.39453125 0.5442708333333334 0.3984375 0.5403645833333334
3 0.6158854166666666 0.5592447916666666 0.01171875 0.018229166666666668
3 0.6223958333333334 0.7291666666666666 0.625 0.7291666666666666 0.62890625 0.7395833333333334 0.62890625 0.7526041666666666 0.6263020833333334 0.7552083333333334 0.62109375 0.75390625 0.6223958333333334 0.73046875
3 0.6041666666666666 0.4309895833333333 0.6080729166666666 0.4375 0.60546875 0.4466145833333333 0.6028645833333334 0.44921875 0.5989583333333334 0.4479166666666667 0.5989583333333334 0.4361979166666667 0.6028645833333334 0.4322916666666667
3 0.5494791666666666 0.22265625 0.5520833333333334 0.2265625 0.5520833333333334 0.23697916666666666 0.5481770833333334 0.2421875 0.546875 0.22786458333333334 0.5494791666666666 0.22395833333333334
3 0.55078125 0.6194444440104167 0.5476562500000001 0.60277777734375 0.54140625 0.6166666666666667 0.5437500000000001 0.6263888893229167 0.55078125 0.6194444440104167