1 0.47583671875000005 0.5357763893229167 0.47537890625 0.5315027773437501 0.4738890625 0.5292638893229167 0.47254296875 0.53159027734375 0.47148359375 0.5337416666666667 0.4719421875 0.5369986106770833 0.4756078125 0.53801527734375 0.47583671875000005 0.5357763893229167
0 0 0.4140625 0.08984375 0.4166666666666667 0.09114583333333333 0.4192708333333333 0.09895833333333333 0.4205729166666667 0.109375 0.4270833333333333 0.11848958333333333 0.4361979166666667 0.13020833333333334 0.4557291666666667 0.13802083333333334 0.4778645833333333 0.14322916666666666 0.515625 0.14192708333333334 0.5494791666666666 0.13411458333333334 0.58203125 0.11848958333333333 0.6106770833333334 0.10026041666666667 0.6263020833333334 0.09244791666666667 0.62890625 0 0.6276041666666666 0 0.62109375 0.08854166666666667 0.6236979166666666 0.1015625 0.6184895833333334 0.11588541666666667 0.60546875 0.12760416666666666 0.5872395833333334 0.13932291666666666 0.5455729166666666 0.13932291666666666 0.5 0.13671875 0.4947916666666667 0.13541666666666666 0.4817708333333333 0.12369791666666667 0.4518229166666667 0.109375 0.43359375 0.10286458333333333 0.4283854166666667 0.08984375 0.4231770833333333 0.014322916666666666 0.421875 0 0.4205729166666667 0 0.4153645833333333
0 0.9674479166666666 0.4479166666666667 0.9674479166666666 0.453125 0.8606770833333334 0.44921875 0.84375 0.453125 0.8255208333333334 0.4700520833333333 0.8151041666666666 0.48828125 0.8033854166666666 0.5325520833333334 0.8033854166666666 0.5690104166666666 0.8098958333333334 0.59765625 0.8229166666666666 0.6263020833333334 0.8359375 0.640625 0.8463541666666666 0.6484375 0.85546875 0.6510416666666666 0.953125 0.6536458333333334 0.96484375 0.6549479166666666 0.9661458333333334 0.6588541666666666 0.875 0.6575520833333334 0.8502604166666666 0.6549479166666666 0.8385416666666666 0.6497395833333334 0.8229166666666666 0.6341145833333334 0.8125 0.6158854166666666 0.8046875 0.5924479166666666 0.80078125 0.56640625 0.80078125 0.53515625 0.8072916666666666 0.4986979166666667 0.81640625 0.4765625 0.8346354166666666 0.453125 0.8502604166666666 0.4453125 0.9661458333333334 0.4479166666666667
2 0.4739583333333333 0.12369791666666667 0.4765625 0.12369791666666667 0.4778645833333333 0.13671875 0.4778645833333333 0.19270833333333334 0.4752604166666667 0.19791666666666666 0.4778645833333333 0.21354166666666666 0.4752604166666667 0.2565104166666667 0.4752604166666667 0.5091145833333334 0.47265625 0.5104166666666666 0.47265625 0.17578125 0.4765625 0.16927083333333334 0.47265625 0.15104166666666666 0.47265625 0.14453125 0.4752604166666667 0.140625 0.4739583333333333 0.125
3 0.6875 0.55078125 0.6927083333333334 0.5559895833333334 0.6927083333333334 0.5703125 0.6888020833333334 0.5729166666666666 0.68359375 0.5677083333333334 0.68359375 0.5520833333333334 0.6861979166666666 0.55078125
3 0.4739583333333333 0.5104166666666666 0.4778645833333333 0.5130208333333334 0.4791666666666667 0.5169270833333334 0.4778645833333333 0.5364583333333334 0.4739583333333333 0.5377604166666666 0.4713541666666667 0.5325520833333334 0.47265625 0.51171875
3 0.10546875 0.47265625 0.10807291666666667 0.4739583333333333 0.10677083333333333 0.48828125 0.09375 0.4934895833333333 0.08984375 0.4869791666666667 0.09244791666666667 0.4778645833333333 0.1015625 0.4765625 0.10416666666666667 0.4739583333333333
3 0.6158854166666666 0.1640625 0.6197916666666666 0.16276041666666666 0.6236979166666666 0.16927083333333334 0.6223958333333334 0.1796875 0.6197916666666666 0.18489583333333334 0.6158854166666666 0.18619791666666666 0.61328125 0.18098958333333334 0.61328125 0.171875 0.6158854166666666 0.16536458333333334
3 0.4427083333333333 0.640625 0.4427083333333333 0.6575520833333334 0.4388020833333333 0.6575520833333334 0.4361979166666667 0.65234375 0.4361979166666667 0.6419270833333334 0.44140625 0.640625
3 0.4010416666666667 0.8658854166666666 0.4114583333333333 0.8619791666666666 0.4114583333333333 0.8932291666666666 0.40234375 0.87890625 0.4010416666666667 0.8671875
3 0.20833333333333334 0.13671875 0.21614583333333334 0.14583333333333334 0.21614583333333334 0.15885416666666666 0.21354166666666666 0.16015625 0.203125 0.14713541666666666 0.203125 0.140625 0.20703125 0.13671875
3 0.48046875 0.14583333333333334 0.4869791666666667 0.14453125 0.4908854166666667 0.14973958333333334 0.4908854166666667 0.171875 0.4895833333333333 0.17708333333333334 0.484375 0.1796875 0.48046875 0.17317708333333334 0.4778645833333333 0.16145833333333334 0.48046875 0.14713541666666666
3 0.82421875 0.5104166666666666 0.8294270833333334 0.5104166666666666 0.8333333333333334 0.5182291666666666 0.8333333333333334 0.5286458333333334 0.8307291666666666 0.5338541666666666 0.8190104166666666 0.5299479166666666 0.8203125 0.5260416666666666 0.8177083333333334 0.5182291666666666 0.82421875 0.51171875
3 0.7109375 0.7111111106770833 0.7015625 0.70277777734375 0.7000000000000001 0.7152777773437501 0.7023437499999999 0.7291666666666666 0.70546875 0.7305555559895834 0.7109375 0.7111111106770833
3 0.6078125 0.8555555559895834 0.60546875 0.8263888893229167 0.6015625 0.8263888893229167 0.5984375000000001 0.8347222226562501 0.5974875000000001 0.8464736106770833 0.60272578125 0.85335277734375 0.60546875 0.86527777734375 0.6078125 0.8555555559895834
3 0.27187500000000003 0.22916666666666666 0.27578125000000003 0.23611111067708335 0.27578125000000003 0.23750000000000002 0.2765625 0.23750000000000002 0.27890624999999997 0.24166666666666667 0.27968750000000003 0.24166666666666667 0.28046875 0.24027777734375 0.27968750000000003 0.23888888932291666 0.27890624999999997 0.22777777734375002 0.27968750000000003 0.2236111106770833 0.27578125000000003 0.21805555598958334 0.26796875000000003 0.21527777734375 0.26640625 0.21666666666666667 0.26640625 0.2236111106770833 0.26953125 0.22777777734375002 0.27187500000000003 0.22916666666666666