1 0.4921875 0.57777777734375 0.4921875 0.5750000000000001 0.49062500000000003 0.57222222265625 0.48828125 0.5736111106770834 0.4875 0.5750000000000001 0.4875 0.5791666666666667 0.49062500000000003 0.5805555559895833 0.4921875 0.57777777734375
0 0 0.4283854166666667 0.09244791666666667 0.4296875 0.11067708333333333 0.4348958333333333 0.12760416666666666 0.4518229166666667 0.13802083333333334 0.4700520833333333 0.14322916666666666 0.4908854166666667 0.14583333333333334 0.4934895833333333 0.14973958333333334 0.5182291666666666 0.14973958333333334 0.5546875 0.14192708333333334 0.5924479166666666 0.13020833333333334 0.6158854166666666 0.11588541666666667 0.6328125 0.09505208333333333 0.640625 0 0.6380208333333334 0 0.6328125 0.08723958333333333 0.6354166666666666 0.10026041666666667 0.6341145833333334 0.11067708333333333 0.6302083333333334 0.13151041666666666 0.60546875 0.14322916666666666 0.57421875 0.14713541666666666 0.55078125 0.14713541666666666 0.5234375 0.13932291666666666 0.484375 0.125 0.4557291666666667 0.11458333333333333 0.4453125 0.10286458333333333 0.4388020833333333 0.09895833333333333 0.4388020833333333 0.09765625 0.4361979166666667 0.08854166666666667 0.4348958333333333 0.078125 0.4361979166666667 0.00390625 0.43359375 0 0.4322916666666667 0 0.4296875
0 0.9049479166666666 0.4544270833333333 0.9713541666666666 0.45703125 0.9713541666666666 0.4622395833333333 0.86328125 0.4596354166666667 0.84765625 0.4635416666666667 0.8359375 0.4713541666666667 0.8190104166666666 0.49609375 0.8111979166666666 0.5169270833333334 0.8072916666666666 0.5390625 0.8072916666666666 0.5807291666666666 0.8111979166666666 0.6002604166666666 0.8229166666666666 0.6302083333333334 0.8359375 0.6471354166666666 0.84765625 0.65625 0.8671875 0.66015625 0.9401041666666666 0.6614583333333334 0.9622395833333334 0.6640625 0.9674479166666666 0.6627604166666666 0.9700520833333334 0.6640625 0.9674479166666666 0.6692708333333334 0.9296875 0.66796875 0.9283854166666666 0.6653645833333334 0.875 0.6653645833333334 0.85546875 0.6640625 0.84765625 0.6614583333333334 0.83203125 0.6510416666666666 0.81640625 0.6276041666666666 0.8151041666666666 0.6197916666666666 0.8125 0.6171875 0.8046875 0.58203125 0.8033854166666666 0.5533854166666666 0.80859375 0.515625 0.8151041666666666 0.49609375 0.82421875 0.4778645833333333 0.84375 0.4583333333333333 0.8502604166666666 0.4557291666666667 0.9036458333333334 0.4544270833333333
3 0.453125 0.24348958333333334 0.4596354166666667 0.2421875 0.4635416666666667 0.24479166666666666 0.4635416666666667 0.265625 0.4609375 0.2682291666666667 0.45703125 0.265625 0.453125 0.24479166666666666
3 0.4453125 0.3671875 0.4479166666666667 0.3736979166666667 0.4466145833333333 0.3919270833333333 0.4427083333333333 0.3893229166666667 0.4401041666666667 0.3776041666666667 0.4401041666666667 0.3697916666666667 0.4440104166666667 0.3671875
3 0.5755208333333334 0.5416666666666666 0.578125 0.5416666666666666 0.5807291666666666 0.546875 0.5807291666666666 0.55859375 0.5794270833333334 0.5611979166666666 0.57421875 0.5611979166666666 0.5729166666666666 0.546875 0.5755208333333334 0.54296875
3 0.5572916666666666 0.26171875 0.55078125 0.25390625 0.55078125 0.24609375 0.5546875 0.23828125 0.5572916666666666 0.23697916666666666 0.5598958333333334 0.24479166666666666 0.55859375 0.2604166666666667
3 0.4322916666666667 0.5807291666666666 0.4361979166666667 0.58984375 0.4361979166666667 0.6015625 0.4322916666666667 0.6015625 0.4296875 0.5963541666666666 0.4283854166666667 0.5885416666666666 0.4309895833333333 0.58203125
3 0.4212239583333333 0.8014322916666666 0.010416666666666666 0.022135416666666668
3 0.5084635416666666 0.7395833333333334 0.009114583333333334 0.026692708333333332
3 0.5052083333333334 0.6341145833333334 0.5091145833333334 0.6419270833333334 0.5091145833333334 0.6497395833333334 0.5065104166666666 0.65234375 0.5026041666666666 0.65234375 0.5013020833333334 0.6419270833333334 0.50390625 0.6354166666666666
3 0.3919270833333333 0.3359375 0.3958333333333333 0.3424479166666667 0.3958333333333333 0.3515625 0.3932291666666667 0.35546875 0.38671875 0.3528645833333333 0.3841145833333333 0.34765625 0.3854166666666667 0.3385416666666667 0.390625 0.3359375
3 0.69140625 0.5950520833333334 0.7057291666666666 0.5924479166666666 0.7083333333333334 0.5950520833333334 0.7083333333333334 0.6080729166666666 0.7044270833333334 0.61328125 0.69921875 0.6119791666666666 0.6927083333333334 0.5963541666666666
3 0.54296875 0.4361979166666667 0.5481770833333334 0.4361979166666667 0.5494791666666666 0.4401041666666667 0.5481770833333334 0.45703125 0.54296875 0.4609375 0.54296875 0.4375
3 0.48046875 0.44166666666666665 0.47109375000000003 0.4458333333333333 0.47031249999999997 0.45555555598958336 0.4734375 0.46388888932291666 0.48359375 0.46249999999999997 0.48046875 0.44166666666666665
2 0.4765625 0.4700520833333333 0.4791666666666667 0.4908854166666667 0.4791666666666667 0.5716145833333334 0.4739583333333333 0.8919270833333334 0.4752604166666667 0.9427083333333334 0.4739583333333333 0.9557291666666666 0.4713541666666667 0.9479166666666666 0.4765625 0.4713541666666667