1 0.38437499999999997 0.7236111106770834 0.38359375 0.7194444440104166 0.3828125 0.7180555559895834 0.38046874999999997 0.7194444440104166 0.3796875 0.7208333333333333 0.3796875 0.7236111106770834 0.3828125 0.7263888893229167 0.38437499999999997 0.7236111106770834
3 0.3776041666666667 0.7454427083333334 0.012369791666666666 0.0234375
3 0.54296875 0.5208333333333334 0.5481770833333334 0.5208333333333334 0.55078125 0.5299479166666666 0.5494791666666666 0.5364583333333334 0.5442708333333334 0.5377604166666666 0.54296875 0.5221354166666666
3 0.5026041666666666 0.2578125 0.5052083333333334 0.2591145833333333 0.5065104166666666 0.2643229166666667 0.5052083333333334 0.28125 0.5026041666666666 0.28125 0.5 0.2734375 0.5013020833333334 0.2591145833333333
3 0.484375 0.6341145833333334 0.4817708333333333 0.6276041666666666 0.484375 0.6171875 0.48828125 0.6171875 0.4908854166666667 0.62109375 0.4895833333333333 0.6328125 0.4856770833333333 0.6341145833333334
3 0.3203125 0.3658854166666667 0.3294270833333333 0.3645833333333333 0.3346354166666667 0.3684895833333333 0.3359375 0.39453125 0.3346354166666667 0.4049479166666667 0.33203125 0.4049479166666667 0.328125 0.39453125 0.3268229166666667 0.375 0.3216145833333333 0.37109375 0.3203125 0.3671875
3 0.4270833333333333 0.4401041666666667 0.4296875 0.4466145833333333 0.4283854166666667 0.453125 0.4244791666666667 0.4544270833333333 0.41796875 0.4518229166666667 0.41796875 0.4466145833333333 0.421875 0.4361979166666667 0.42578125 0.4401041666666667
3 0.6315104166666666 0.49609375 0.6341145833333334 0.4973958333333333 0.63671875 0.5065104166666666 0.6341145833333334 0.5143229166666666 0.6302083333333334 0.5130208333333334 0.6276041666666666 0.5091145833333334 0.6276041666666666 0.4973958333333333 0.6302083333333334 0.49609375
3 0.3736979166666667 0.5833333333333334 0.3776041666666667 0.5885416666666666 0.3776041666666667 0.5924479166666666 0.3723958333333333 0.6015625 0.3684895833333333 0.6028645833333334 0.3658854166666667 0.6002604166666666 0.3658854166666667 0.5885416666666666 0.3736979166666667 0.5846354166666666
3 0.4622395833333333 0.22786458333333334 0.4622395833333333 0.24479166666666666 0.4596354166666667 0.2526041666666667 0.45703125 0.2513020833333333 0.453125 0.23307291666666666 0.4609375 0.22786458333333334
3 0.3971354166666667 0.5520833333333334 0.4010416666666667 0.5546875 0.3971354166666667 0.5729166666666666 0.3932291666666667 0.5716145833333334 0.390625 0.5651041666666666 0.390625 0.5572916666666666 0.3958333333333333 0.5533854166666666
3 0.4635416666666667 0.6822916666666666 0.4674479166666667 0.6940104166666666 0.4661458333333333 0.7044270833333334 0.4609375 0.7018229166666666 0.45703125 0.6940104166666666 0.45703125 0.6901041666666666 0.4622395833333333 0.68359375
3 0.47031249999999997 0.4430555559895833 0.46249999999999997 0.44861111067708337 0.4640625 0.4666666666666666 0.47421874999999997 0.46249999999999997 0.47500000000000003 0.4513888893229167 0.47031249999999997 0.4430555559895833
2 0.48046875 0.12760416666666666 0.4830729166666667 0.13020833333333334 0.4817708333333333 0.4283854166666667 0.4791666666666667 0.4505208333333333 0.4817708333333333 0.4947916666666667 0.4791666666666667 0.5494791666666666 0.48046875 0.61328125 0.4791666666666667 0.6197916666666666 0.4752604166666667 0.6197916666666666 0.4778645833333333 0.5234375 0.4765625 0.4934895833333333 0.4791666666666667 0.4895833333333333 0.48046875 0.4778645833333333 0.4765625 0.4661458333333333 0.4791666666666667 0.3984375 0.4778645833333333 0.3619791666666667 0.48046875 0.2591145833333333 0.48046875 0.12890625
0 0 0.6263888893229167 0.0984375 0.6305555559895833 0.11562499999999999 0.62222222265625 0.13046875 0.6055555559895833 0.146875 0.5666666666666667 0.15 0.5444444440104167 0.14613025651041667 0.5389408098958334 0.1390625 0.57777777734375 0.1265625 0.60277777734375 0.1140625 0.6180555559895834 0.0984375 0.625 0 0.62222222265625 0 0.6263888893229167
0 0 0.4236111106770833 0.08958359375000001 0.425 0.11171874999999999 0.4319444440104167 0.12578124999999998 0.4458333333333333 0.13984375000000002 0.47500000000000003 0.14531249999999998 0.4944444440104167 0.14765625000000002 0.5305555559895833 0.14615666927083334 0.5387956744791667 0.15078125 0.5319444440104167 0.14765625000000002 0.48888888932291663 0.13749999999999998 0.4569444440104167 0.12578124999999998 0.4375 0.10703125000000001 0.42222222265625 0.03359375 0.4166666666666667 0 0.4166666666666667 0 0.4236111106770833
0 0.84140625 0.65 0.859375 0.6583333333333333 0.9703125 0.6611111106770834 0.9125 0.65277777734375 0.859375 0.65277777734375 0.84375 0.6458333333333334 0.821875 0.6166666666666667 0.8117187499999999 0.5861111106770833 0.80859375 0.54722222265625 0.8117187499999999 0.5194444440104167 0.81875 0.49583333333333335 0.8312499999999999 0.47222222265625 0.8453125 0.4583333333333333 0.8585937499999999 0.45277777734375 0.9679687499999999 0.45555555598958336 0.97421875 0.4513888893229167 0.8507812499999999 0.44861111067708337 0.8328125000000001 0.46249999999999997 0.8203125 0.4805555559895833 0.8078124999999999 0.52222222265625 0.80625 0.5750000000000001 0.81015625 0.5958333333333333 0.8203125 0.6236111106770833 0.84140625 0.65