1 0.28984375 0.37083333333333335 0.28984375 0.36527777734375005 0.2890625 0.36388888932291663 0.28671874999999997 0.36527777734375005 0.28671874999999997 0.3694444440104167 0.28828125 0.37083333333333335 0.28984375 0.37083333333333335
0 0 0.4166666666666667 0.009114583333333334 0.4166666666666667 0.010416666666666666 0.4192708333333333 0.09114583333333333 0.4205729166666667 0.11197916666666667 0.4270833333333333 0.12760416666666666 0.4440104166666667 0.13932291666666666 0.4661458333333333 0.14583333333333334 0.4869791666666667 0.14973958333333334 0.5169270833333334 0.14713541666666666 0.55859375 0.13802083333333334 0.5911458333333334 0.12760416666666666 0.6106770833333334 0.11067708333333333 0.6276041666666666 0.09635416666666667 0.6328125 0 0.6302083333333334 0 0.6223958333333334 0.0859375 0.625 0.08723958333333333 0.6276041666666666 0.10677083333333333 0.6223958333333334 0.11979166666666667 0.6119791666666666 0.13541666666666666 0.5872395833333334 0.13541666666666666 0.58203125 0.14322916666666666 0.5611979166666666 0.14583333333333334 0.5390625 0.14583333333333334 0.5104166666666666 0.13932291666666666 0.4765625 0.12760416666666666 0.4518229166666667 0.11328125 0.4348958333333333 0.09895833333333333 0.4270833333333333 0.09244791666666667 0.42578125 0.013020833333333334 0.4244791666666667 0 0.4231770833333333 0 0.41796875
0 0.83984375 0.4583333333333333 0.8580729166666666 0.44921875 0.9088541666666666 0.44921875 0.9752604166666666 0.453125 0.9752604166666666 0.45703125 0.8841145833333334 0.4544270833333333 0.8580729166666666 0.4544270833333333 0.8515625 0.45703125 0.8424479166666666 0.4635416666666667 0.8268229166666666 0.4817708333333333 0.8138020833333334 0.5130208333333334 0.8098958333333334 0.5364583333333334 0.8098958333333334 0.57421875 0.8151041666666666 0.6002604166666666 0.8268229166666666 0.6276041666666666 0.8450520833333334 0.6484375 0.859375 0.6549479166666666 0.9661458333333334 0.6588541666666666 0.97265625 0.6614583333333334 0.96875 0.6640625 0.859375 0.66015625 0.84765625 0.65625 0.8359375 0.6484375 0.8359375 0.6458333333333334 0.828125 0.6380208333333334 0.81640625 0.6158854166666666 0.8111979166666666 0.5911458333333334 0.80859375 0.5872395833333334 0.8072916666666666 0.5338541666666666 0.8125 0.5065104166666666 0.8190104166666666 0.48828125 0.828125 0.4713541666666667 0.83984375 0.4596354166666667
2 0.48046875 0.12760416666666666 0.4830729166666667 0.12890625 0.4830729166666667 0.203125 0.4817708333333333 0.41015625 0.4791666666666667 0.453125 0.4791666666666667 0.64453125 0.4752604166666667 0.9466145833333334 0.4739583333333333 0.9518229166666666 0.47265625 0.9505208333333334 0.4713541666666667 0.9322916666666666 0.4765625 0.62890625 0.4752604166666667 0.5859375 0.48046875 0.12890625
3 0.375 0.7747395833333334 0.3802083333333333 0.7799479166666666 0.3815104166666667 0.7864583333333334 0.3815104166666667 0.796875 0.37890625 0.7981770833333334 0.375 0.7955729166666666 0.3723958333333333 0.7890625 0.3723958333333333 0.78125 0.375 0.7760416666666666
3 0.4973958333333333 0.4401041666666667 0.4986979166666667 0.4609375 0.49609375 0.4596354166666667 0.4947916666666667 0.453125 0.4908854166666667 0.44921875 0.4921875 0.4427083333333333 0.49609375 0.4401041666666667
3 0.4908854166666667 0.265625 0.4947916666666667 0.2669270833333333 0.49609375 0.2747395833333333 0.4947916666666667 0.2890625 0.4869791666666667 0.2890625 0.4908854166666667 0.2669270833333333
3 0.4388020833333333 0.7291666666666666 0.4427083333333333 0.73828125 0.4427083333333333 0.7513020833333334 0.4322916666666667 0.74609375 0.4388020833333333 0.73046875
3 0.4309895833333333 0.4583333333333333 0.4348958333333333 0.46484375 0.4348958333333333 0.48046875 0.4296875 0.4869791666666667 0.421875 0.4752604166666667 0.421875 0.46484375 0.4270833333333333 0.45703125 0.4296875 0.4583333333333333
3 0.2708333333333333 0.30078125 0.2786458333333333 0.30859375 0.28125 0.3177083333333333 0.2799479166666667 0.32421875 0.2721354166666667 0.31640625 0.2708333333333333 0.3020833333333333
3 0.3932291666666667 0.4231770833333333 0.3971354166666667 0.4231770833333333 0.4010416666666667 0.4296875 0.3997395833333333 0.4401041666666667 0.39453125 0.4427083333333333 0.3919270833333333 0.4348958333333333 0.3932291666666667 0.4244791666666667
3 0.2643229166666667 0.5859375 0.2760416666666667 0.5924479166666666 0.2786458333333333 0.5963541666666666 0.2786458333333333 0.5989583333333334 0.2760416666666667 0.6002604166666666 0.2747395833333333 0.6223958333333334 0.2721354166666667 0.6223958333333334 0.2682291666666667 0.61328125 0.2682291666666667 0.6015625 0.26171875 0.5989583333333334 0.26171875 0.58984375 0.2643229166666667 0.5872395833333334
3 0.38671875 0.5494791666666666 0.3919270833333333 0.5559895833333334 0.390625 0.5677083333333334 0.38671875 0.5703125 0.3815104166666667 0.5651041666666666 0.3802083333333333 0.5572916666666666 0.3854166666666667 0.55078125
3 0.45703125 0.578125 0.4583333333333333 0.5963541666666666 0.453125 0.60546875 0.4479166666666667 0.59375 0.4479166666666667 0.5872395833333334 0.44921875 0.5833333333333334 0.4518229166666667 0.5859375 0.4557291666666667 0.5794270833333334
3 0.4453125 0.21484375 0.4505208333333333 0.2265625 0.4505208333333333 0.24088541666666666 0.44921875 0.2421875 0.4453125 0.23958333333333334 0.4427083333333333 0.22395833333333334 0.4453125 0.21614583333333334
3 0.5813802083333334 0.5670572916666666 0.009114583333333334 0.0234375