1 0.47734375 0.5416666666666666 0.47734375 0.5361111106770834 0.47500000000000003 0.5361111106770834 0.47421874999999997 0.5375 0.47421874999999997 0.54027777734375 0.47500000000000003 0.5416666666666666 0.47734375 0.5416666666666666
0 0 0.42578125 0.10026041666666667 0.4283854166666667 0.11458333333333333 0.4348958333333333 0.13020833333333334 0.453125 0.13802083333333334 0.46875 0.14713541666666666 0.4973958333333333 0.14973958333333334 0.5169270833333334 0.14973958333333334 0.55078125 0.14192708333333334 0.58984375 0.13411458333333334 0.6041666666666666 0.13411458333333334 0.6080729166666666 0.11588541666666667 0.6302083333333334 0.09895833333333333 0.6380208333333334 0 0.63671875 0 0.6302083333333334 0.09765625 0.6328125 0.10807291666666667 0.62890625 0.125 0.6119791666666666 0.13541666666666666 0.59375 0.14322916666666666 0.5703125 0.14453125 0.5533854166666666 0.14713541666666666 0.546875 0.14713541666666666 0.5208333333333334 0.13932291666666666 0.4830729166666667 0.12760416666666666 0.45703125 0.11588541666666667 0.4440104166666667 0.10546875 0.4361979166666667 0.09635416666666667 0.43359375 0 0.4309895833333333 0 0.4270833333333333
0 0.9544270833333334 0.4544270833333333 0.9700520833333334 0.4557291666666667 0.9700520833333334 0.4609375 0.8528645833333334 0.4596354166666667 0.83984375 0.4661458333333333 0.8268229166666666 0.4791666666666667 0.8151041666666666 0.5 0.8111979166666666 0.51171875 0.8059895833333334 0.5403645833333334 0.8059895833333334 0.57421875 0.8098958333333334 0.5989583333333334 0.8190104166666666 0.6236979166666666 0.8216145833333334 0.625 0.8294270833333334 0.6393229166666666 0.8411458333333334 0.6510416666666666 0.85546875 0.6575520833333334 0.9661458333333334 0.6614583333333334 0.9661458333333334 0.6640625 0.9635416666666666 0.6653645833333334 0.8723958333333334 0.6640625 0.8567708333333334 0.6627604166666666 0.84375 0.6588541666666666 0.8294270833333334 0.6471354166666666 0.81640625 0.62890625 0.8151041666666666 0.62109375 0.80859375 0.6080729166666666 0.8033854166666666 0.5807291666666666 0.8033854166666666 0.5364583333333334 0.8072916666666666 0.5130208333333334 0.81640625 0.48828125 0.8268229166666666 0.4713541666666667 0.8346354166666666 0.4635416666666667 0.8424479166666666 0.45703125 0.8515625 0.453125 0.953125 0.4544270833333333
2 0.4765625 0.4700520833333333 0.4778645833333333 0.6471354166666666 0.4752604166666667 0.7057291666666666 0.4752604166666667 0.8736979166666666 0.4739583333333333 0.953125 0.4713541666666667 0.953125 0.4700520833333333 0.9296875 0.47265625 0.84765625 0.4713541666666667 0.8177083333333334 0.4739583333333333 0.6966145833333334 0.47265625 0.63671875 0.4752604166666667 0.5716145833333334 0.4739583333333333 0.5455729166666666 0.4765625 0.5390625 0.4739583333333333 0.4765625 0.4765625 0.4752604166666667 0.4765625 0.4713541666666667
3 0.515625 0.7317708333333334 0.51953125 0.7408854166666666 0.5182291666666666 0.7552083333333334 0.515625 0.7578125 0.51171875 0.7513020833333334 0.51171875 0.7395833333333334 0.515625 0.7330729166666666
3 0.4947916666666667 0.6197916666666666 0.4986979166666667 0.62109375 0.5 0.62890625 0.4986979166666667 0.6380208333333334 0.4947916666666667 0.6393229166666666 0.4921875 0.6354166666666666 0.4947916666666667 0.62109375
3 0.45703125 0.23958333333333334 0.4596354166666667 0.24088541666666666 0.4596354166666667 0.24609375 0.4622395833333333 0.24869791666666666 0.4622395833333333 0.2578125 0.4596354166666667 0.26171875 0.4557291666666667 0.26171875 0.453125 0.2578125 0.4518229166666667 0.24739583333333334 0.44921875 0.24479166666666666 0.4518229166666667 0.24088541666666666 0.4557291666666667 0.24088541666666666
3 0.44140625 0.38671875 0.4440104166666667 0.390625 0.4427083333333333 0.4010416666666667 0.4401041666666667 0.4010416666666667 0.4361979166666667 0.39453125 0.4361979166666667 0.390625 0.4401041666666667 0.38671875
3 0.5651041666666666 0.5768229166666666 0.5611979166666666 0.56640625 0.5625 0.55859375 0.56640625 0.55859375 0.5690104166666666 0.5625 0.5690104166666666 0.57421875 0.56640625 0.5768229166666666
3 0.41796875 0.5872395833333334 0.421875 0.5859375 0.4244791666666667 0.58984375 0.4244791666666667 0.6015625 0.421875 0.6028645833333334 0.41796875 0.5989583333333334 0.41796875 0.5885416666666666
3 0.5364583333333334 0.23697916666666666 0.5403645833333334 0.23697916666666666 0.5442708333333334 0.24479166666666666 0.5442708333333334 0.2578125 0.5390625 0.26171875 0.53515625 0.2552083333333333 0.5364583333333334 0.23828125
3 0.3736979166666667 0.3190104166666667 0.3815104166666667 0.328125 0.3802083333333333 0.3372395833333333 0.375 0.3385416666666667 0.37109375 0.3346354166666667 0.3697916666666667 0.3255208333333333 0.3723958333333333 0.3203125
3 0.4049479166666667 0.8072916666666666 0.4075520833333333 0.8072916666666666 0.4075520833333333 0.828125 0.40234375 0.8255208333333334 0.3997395833333333 0.8190104166666666 0.4010416666666667 0.8125 0.4049479166666667 0.80859375
3 0.6848958333333334 0.5872395833333334 0.6888020833333334 0.5963541666666666 0.6861979166666666 0.6067708333333334 0.6822916666666666 0.6080729166666666 0.6744791666666666 0.58984375 0.6796875 0.58984375 0.68359375 0.5872395833333334
3 0.5299479166666666 0.4505208333333333 0.5338541666666666 0.453125 0.5325520833333334 0.4700520833333333 0.5299479166666666 0.4700520833333333 0.52734375 0.4661458333333333 0.5286458333333334 0.4518229166666667
3 0.47578125 0.4611111106770833 0.47734375 0.46249999999999997 0.47812499999999997 0.4611111106770833 0.48125 0.4611111106770833 0.48281250000000003 0.45972222265625 0.48281250000000003 0.4513888893229167 0.48203124999999997 0.45 0.48203124999999997 0.4458333333333333 0.48046875 0.44166666666666665 0.47812499999999997 0.44027777734375 0.47421874999999997 0.44027777734375 0.47109375000000003 0.44444444401041666 0.47031249999999997 0.44722222265624995 0.47031249999999997 0.45555555598958336 0.4734375 0.4611111106770833 0.47578125 0.4611111106770833