1 0.66640625 0.45972222265625 0.6687500000000001 0.45277777734375 0.6648437500000001 0.45 0.6632812499999999 0.4583333333333333 0.66640625 0.45972222265625
0 0 0.4283854166666667 0.08723958333333333 0.4309895833333333 0.1015625 0.4375 0.11848958333333333 0.4557291666666667 0.13020833333333334 0.4791666666666667 0.13671875 0.5052083333333334 0.13932291666666666 0.5325520833333334 0.13802083333333334 0.5611979166666666 0.13411458333333334 0.5846354166666666 0.12239583333333333 0.61328125 0.11588541666666667 0.62109375 0.11458333333333333 0.6263020833333334 0.10677083333333333 0.6341145833333334 0.08854166666666667 0.6432291666666666 0 0.6419270833333334 0 0.63671875 0.08854166666666667 0.6380208333333334 0.09895833333333333 0.6328125 0.10546875 0.6276041666666666 0.10546875 0.625 0.11197916666666667 0.6197916666666666 0.11979166666666667 0.6080729166666666 0.12760416666666666 0.5924479166666666 0.13541666666666666 0.5598958333333334 0.13541666666666666 0.5169270833333334 0.13151041666666666 0.49609375 0.12109375 0.46875 0.11197916666666667 0.4544270833333333 0.10286458333333333 0.4453125 0.0859375 0.4388020833333333 0.08463541666666667 0.4361979166666667 0 0.43359375 0 0.4296875
0 0.83203125 0.4765625 0.8307291666666666 0.4817708333333333 0.8229166666666666 0.48828125 0.8177083333333334 0.4986979166666667 0.8151041666666666 0.5 0.8033854166666666 0.5403645833333334 0.8033854166666666 0.5872395833333334 0.8098958333333334 0.6158854166666666 0.8190104166666666 0.63671875 0.83203125 0.6536458333333334 0.8515625 0.6653645833333334 0.9544270833333334 0.6705729166666666 0.96484375 0.671875 0.9635416666666666 0.67578125 0.8541666666666666 0.671875 0.8424479166666666 0.66796875 0.8333333333333334 0.6614583333333334 0.8203125 0.6471354166666666 0.8125 0.6328125 0.8033854166666666 0.60546875 0.80078125 0.5911458333333334 0.80078125 0.5403645833333334 0.8125 0.4973958333333333 0.8229166666666666 0.4791666666666667 0.8307291666666666 0.4765625
2 0.47265625 0.13671875 0.4752604166666667 0.13932291666666666 0.4739583333333333 0.4765625 0.4713541666666667 0.5442708333333334 0.47265625 0.640625 0.4700520833333333 0.6901041666666666 0.4700520833333333 0.8411458333333334 0.4674479166666667 0.8776041666666666 0.4674479166666667 0.9661458333333334 0.46484375 0.96484375 0.4635416666666667 0.94140625 0.46484375 0.8359375 0.4674479166666667 0.7955729166666666 0.47265625 0.13802083333333334
3 0.7317708333333334 0.4479166666666667 0.7330729166666666 0.4674479166666667 0.7278645833333334 0.4752604166666667 0.7239583333333334 0.4765625 0.7213541666666666 0.47265625 0.7213541666666666 0.4557291666666667 0.7265625 0.4479166666666667 0.73046875 0.4479166666666667
3 0.7135416666666666 0.8958333333333334 0.71875 0.9049479166666666 0.7174479166666666 0.9192708333333334 0.7135416666666666 0.9270833333333334 0.7096354166666666 0.9127604166666666 0.703125 0.90234375 0.7096354166666666 0.90234375 0.7135416666666666 0.8971354166666666
3 0.9088541666666666 0.5325520833333334 0.9127604166666666 0.5377604166666666 0.9127604166666666 0.5455729166666666 0.9075520833333334 0.5520833333333334 0.90234375 0.5520833333333334 0.8932291666666666 0.5403645833333334 0.8932291666666666 0.5364583333333334 0.8997395833333334 0.5364583333333334 0.9036458333333334 0.5325520833333334 0.9075520833333334 0.5325520833333334
3 0.8268229166666666 0.4322916666666667 0.83203125 0.4361979166666667 0.8411458333333334 0.4375 0.8424479166666666 0.4427083333333333 0.8346354166666666 0.45703125 0.83203125 0.4557291666666667 0.828125 0.44921875 0.8268229166666666 0.43359375
3 0.17838541666666666 0.4739583333333333 0.18229166666666666 0.4739583333333333 0.1875 0.4791666666666667 0.19270833333333334 0.4791666666666667 0.1953125 0.484375 0.18880208333333334 0.4908854166666667 0.18229166666666666 0.4895833333333333 0.17838541666666666 0.4921875 0.17838541666666666 0.4752604166666667
3 0.7330729166666666 0.6354166666666666 0.73046875 0.6315104166666666 0.73046875 0.62109375 0.734375 0.6184895833333334 0.7408854166666666 0.6184895833333334 0.7447916666666666 0.6223958333333334 0.7434895833333334 0.6341145833333334 0.7369791666666666 0.63671875 0.734375 0.6354166666666666
3 0.5416666666666666 0.4088541666666667 0.5455729166666666 0.4088541666666667 0.5481770833333334 0.4153645833333333 0.546875 0.4283854166666667 0.54296875 0.4296875 0.5403645833333334 0.4231770833333333 0.5416666666666666 0.41015625
3 0.70703125 0.4622395833333333 0.7122395833333334 0.4661458333333333 0.7122395833333334 0.4713541666666667 0.7096354166666666 0.4739583333333333 0.7083333333333334 0.4830729166666667 0.7057291666666666 0.484375 0.703125 0.484375 0.7018229166666666 0.47265625 0.7018229166666666 0.4622395833333333 0.7057291666666666 0.4622395833333333
3 0.41796875 0.23828125 0.4231770833333333 0.24088541666666666 0.4244791666666667 0.24609375 0.4244791666666667 0.2591145833333333 0.421875 0.2604166666666667 0.41796875 0.2565104166666667 0.41796875 0.23958333333333334
3 0.8072916666666666 0.69921875 0.8138020833333334 0.703125 0.8216145833333334 0.7005208333333334 0.8268229166666666 0.7109375 0.8255208333333334 0.7174479166666666 0.8216145833333334 0.7213541666666666 0.81640625 0.7200520833333334 0.8072916666666666 0.7005208333333334
3 0.6653645833333334 0.4700520833333333 0.6666666666666666 0.4765625 0.6627604166666666 0.48828125 0.6575520833333334 0.4869791666666667 0.6549479166666666 0.4765625 0.65625 0.47265625 0.6640625 0.4700520833333333
3 0.671875 0.7291666666666666 0.6783854166666666 0.7317708333333334 0.6822916666666666 0.73828125 0.6822916666666666 0.7447916666666666 0.67578125 0.7473958333333334 0.671875 0.7434895833333334 0.671875 0.73046875