1 0.6234375 0.6458333333333334 0.625 0.64027777734375 0.62265625 0.6388888893229167 0.6234375 0.6458333333333334
0 0 0.4180555559895833 0.09999999999999999 0.4236111106770833 0.1140625 0.43472222265625 0.13046875 0.4569444440104167 0.11562499999999999 0.43055555598958334 0.09765625 0.4180555559895833 0.096875 0.42222222265625 0.0828125 0.41527777734375 0.01640625 0.41250000000000003 0 0.41250000000000003 0 0.4180555559895833
0 0 0.625 0.09375 0.62777777734375 0.10781249999999999 0.6208333333333333 0.12421875 0.60277777734375 0.13749999999999998 0.5736111106770834 0.14375000000000002 0.5430555559895833 0.14453125 0.52222222265625 0.14140624999999998 0.5208333333333334 0.1390625 0.54722222265625 0.13046875 0.5805555559895833 0.11562499999999999 0.6055555559895833 0.10234375 0.6180555559895834 0.09296875 0.62222222265625 0 0.6194444440104167 0 0.625
0 0.8140625 0.60972222265625 0.8171875000000001 0.6263888893229167 0.834375 0.6486111106770833 0.84765625 0.6569444440104167 0.87265625 0.6611111106770834 0.9625 0.6611111106770834 0.8601562500000001 0.6555555559895833 0.8429687499999999 0.65 0.821875 0.6291666666666667 0.81640625 0.6166666666666667 0.8078124999999999 0.5833333333333334 0.8039062499999999 0.5458333333333333 0.80859375 0.5138888893229167 0.81484375 0.4944444440104167 0.8296875 0.4694444440104167 0.8453125 0.4569444440104167 0.9703125 0.4583333333333333 0.9695312500000001 0.45277777734375 0.90625 0.44861111067708337 0.8507812499999999 0.44861111067708337 0.84140625 0.45277777734375 0.81640625 0.48194444401041664 0.80234375 0.5305555559895833 0.8015625000000001 0.5625 0.80703125 0.6013888893229167 0.8093750000000001 0.60972222265625 0.8140625 0.60972222265625
2 0.47265625 0.5555555559895834 0.47109375000000003 0.5986111106770834 0.4734375 0.6180555559895834 0.4734375 0.5458333333333333 0.47265625 0.5555555559895834
2 0.46953125 0.7374999999999999 0.46796875 0.8444444440104166 0.47031249999999997 0.8583333333333334 0.47031249999999997 0.7291666666666666 0.46953125 0.7374999999999999
2 0.47500000000000003 0.4430555559895833 0.47734375 0.4291666666666667 0.47812499999999997 0.12638888932291667 0.4734375 0.3236111106770833 0.471875 0.5013888893229167 0.4734375 0.5083333333333333 0.47734375 0.5083333333333333 0.47500000000000003 0.4430555559895833
3 0.5885416666666666 0.6822916666666666 0.59375 0.6796875 0.5989583333333334 0.6875 0.5989583333333334 0.69140625 0.5950520833333334 0.6966145833333334 0.58984375 0.6979166666666666 0.5872395833333334 0.6927083333333334 0.5885416666666666 0.68359375
3 0.57421875 0.7591145833333334 0.57421875 0.7643229166666666 0.5716145833333334 0.7682291666666666 0.5716145833333334 0.7825520833333334 0.5690104166666666 0.7838541666666666 0.5651041666666666 0.7825520833333334 0.55859375 0.7708333333333334 0.5690104166666666 0.7591145833333334 0.5729166666666666 0.7591145833333334
3 0.5950520833333334 0.6796875 0.5989583333333334 0.6861979166666666 0.5989583333333334 0.6940104166666666 0.5885416666666666 0.6979166666666666 0.5859375 0.6953125 0.5807291666666666 0.6966145833333334 0.578125 0.6927083333333334 0.578125 0.6875 0.59375 0.6796875
3 0.2760416666666667 0.2578125 0.2799479166666667 0.2604166666666667 0.2890625 0.2825520833333333 0.28125 0.2877604166666667 0.2799479166666667 0.28125 0.2721354166666667 0.2721354166666667 0.2708333333333333 0.2669270833333333 0.2721354166666667 0.2591145833333333 0.2747395833333333 0.2591145833333333
3 0.44921875 0.4453125 0.4518229166666667 0.4505208333333333 0.4518229166666667 0.4609375 0.4466145833333333 0.46875 0.4401041666666667 0.4635416666666667 0.4401041666666667 0.4505208333333333 0.4440104166666667 0.4453125 0.4479166666666667 0.4453125
3 0.5221354166666666 0.2682291666666667 0.5247395833333334 0.2708333333333333 0.5247395833333334 0.2890625 0.51953125 0.2903645833333333 0.515625 0.2864583333333333 0.515625 0.27734375 0.5208333333333334 0.26953125
3 0.328125 0.7890625 0.3255208333333333 0.8138020833333334 0.3203125 0.8138020833333334 0.3177083333333333 0.8033854166666666 0.3203125 0.796875 0.3268229166666667 0.7903645833333334
3 0.5104166666666666 0.72265625 0.5130208333333334 0.7239583333333334 0.51171875 0.7395833333333334 0.5026041666666666 0.73828125 0.5 0.734375 0.50390625 0.7239583333333334 0.5091145833333334 0.72265625
3 0.4361979166666667 0.8229166666666666 0.4401041666666667 0.8307291666666666 0.4388020833333333 0.83984375 0.4322916666666667 0.8385416666666666 0.4322916666666667 0.82421875 0.4348958333333333 0.8229166666666666
3 0.125 0.46484375 0.12890625 0.4674479166666667 0.13020833333333334 0.4739583333333333 0.12369791666666667 0.4830729166666667 0.11979166666666667 0.4817708333333333 0.11848958333333333 0.4765625 0.11979166666666667 0.4661458333333333 0.12369791666666667 0.46484375
3 0.2760416666666667 0.2578125 0.28125 0.2630208333333333 0.2864583333333333 0.2799479166666667 0.2799479166666667 0.28125 0.2721354166666667 0.2721354166666667 0.2708333333333333 0.2630208333333333 0.2721354166666667 0.2591145833333333 0.2747395833333333 0.2591145833333333
3 0.8385416666666666 0.5794270833333334 0.8411458333333334 0.58203125 0.8411458333333334 0.59375 0.8385416666666666 0.6015625 0.8346354166666666 0.6028645833333334 0.8268229166666666 0.6015625 0.83203125 0.5859375 0.8372395833333334 0.5794270833333334
3 0.63671875 0.4283854166666667 0.6419270833333334 0.4296875 0.6419270833333334 0.4401041666666667 0.63671875 0.4466145833333333 0.62890625 0.4440104166666667 0.62890625 0.4375 0.63671875 0.4296875
3 0.484375 0.5305555559895833 0.4875 0.5208333333333334 0.48046875 0.5111111106770834 0.47734375 0.5125000000000001 0.4734375 0.525 0.4796875 0.5458333333333333 0.484375 0.5486111106770833 0.484375 0.5305555559895833