1 0.39687500000000003 0.42222222265625 0.39375 0.42222222265625 0.39375 0.42777777734375005 0.39687500000000003 0.4291666666666667 0.39687500000000003 0.42222222265625
0 0 0.43359375 0.08072916666666667 0.4348958333333333 0.09244791666666667 0.4361979166666667 0.10546875 0.4427083333333333 0.11848958333333333 0.4544270833333333 0.13151041666666666 0.4765625 0.13802083333333334 0.49609375 0.14322916666666666 0.53125 0.14192708333333334 0.5703125 0.13802083333333334 0.58984375 0.13020833333333334 0.6119791666666666 0.11458333333333333 0.6354166666666666 0.09505208333333333 0.6484375 0.06770833333333333 0.6497395833333334 0 0.6471354166666666 0 0.6393229166666666 0.09375 0.6419270833333334 0.1015625 0.6380208333333334 0.11458333333333333 0.6263020833333334 0.12760416666666666 0.6067708333333334 0.13932291666666666 0.56640625 0.13932291666666666 0.51953125 0.13541666666666666 0.5 0.12369791666666667 0.4713541666666667 0.10677083333333333 0.4505208333333333 0.10026041666666667 0.4466145833333333 0.08463541666666667 0.4427083333333333 0 0.4401041666666667 0 0.4348958333333333
0 0.9661458333333334 0.4661458333333333 0.9700520833333334 0.4674479166666667 0.9700520833333334 0.4713541666666667 0.8528645833333334 0.46875 0.8359375 0.4778645833333333 0.8229166666666666 0.4934895833333333 0.8111979166666666 0.5182291666666666 0.8046875 0.5559895833333334 0.8046875 0.5859375 0.8098958333333334 0.61328125 0.8190104166666666 0.63671875 0.8346354166666666 0.6575520833333334 0.8515625 0.6666666666666666 0.8528645833333334 0.6692708333333334 0.87890625 0.671875 0.9544270833333334 0.6731770833333334 0.9674479166666666 0.6744791666666666 0.9674479166666666 0.6783854166666666 0.8606770833333334 0.67578125 0.83984375 0.6692708333333334 0.82421875 0.6536458333333334 0.8125 0.6328125 0.8046875 0.6080729166666666 0.80078125 0.5703125 0.8046875 0.53125 0.8125 0.5052083333333334 0.828125 0.4791666666666667 0.8424479166666666 0.4674479166666667 0.8541666666666666 0.4635416666666667 0.96484375 0.4661458333333333
2 0.4765625 0.14192708333333334 0.4778645833333333 0.17838541666666666 0.4752604166666667 0.2825520833333333 0.4739583333333333 0.6809895833333334 0.4713541666666667 0.7291666666666666 0.4700520833333333 0.9674479166666666 0.4674479166666667 0.9674479166666666 0.4661458333333333 0.9348958333333334 0.46875 0.8411458333333334 0.46875 0.6861979166666666 0.4713541666666667 0.6276041666666666 0.4739583333333333 0.2825520833333333 0.47265625 0.24609375 0.4752604166666667 0.14322916666666666
3 0.640625 0.24739583333333334 0.6458333333333334 0.25 0.6432291666666666 0.2721354166666667 0.63671875 0.2682291666666667 0.6328125 0.2604166666666667 0.6328125 0.2578125 0.6393229166666666 0.2526041666666667 0.640625 0.24869791666666666
3 0.6614583333333334 0.5572916666666666 0.6614583333333334 0.5703125 0.6588541666666666 0.5755208333333334 0.6549479166666666 0.5755208333333334 0.65234375 0.5729166666666666 0.6497395833333334 0.5651041666666666 0.6575520833333334 0.5559895833333334 0.66015625 0.5572916666666666
3 0.5182291666666666 0.3046875 0.5208333333333334 0.3072916666666667 0.5208333333333334 0.3255208333333333 0.5182291666666666 0.328125 0.515625 0.328125 0.51171875 0.3229166666666667 0.51171875 0.3098958333333333 0.5169270833333334 0.3046875
3 0.44140625 0.24088541666666666 0.4466145833333333 0.24088541666666666 0.4479166666666667 0.24348958333333334 0.4479166666666667 0.2565104166666667 0.4440104166666667 0.2578125 0.4401041666666667 0.24869791666666666 0.44140625 0.2421875
3 0.4986979166666667 0.4205729166666667 0.4947916666666667 0.4127604166666667 0.4947916666666667 0.39453125 0.4973958333333333 0.3919270833333333 0.5013020833333334 0.3919270833333333 0.5052083333333334 0.3958333333333333 0.5052083333333334 0.4127604166666667 0.5026041666666666 0.4205729166666667 0.5 0.4205729166666667
3 0.58203125 0.6497395833333334 0.5755208333333334 0.63671875 0.58203125 0.6315104166666666 0.5859375 0.6315104166666666 0.5885416666666666 0.6354166666666666 0.5872395833333334 0.6497395833333334 0.5833333333333334 0.6497395833333334
3 0.3828125 0.3984375 0.3919270833333333 0.40625 0.3919270833333333 0.4114583333333333 0.3893229166666667 0.41796875 0.38671875 0.4192708333333333 0.3815104166666667 0.41015625 0.3828125 0.3997395833333333
3 0.5481770833333334 0.7057291666666666 0.55078125 0.7213541666666666 0.546875 0.7265625 0.5390625 0.7122395833333334 0.5403645833333334 0.70703125 0.54296875 0.7083333333333334 0.546875 0.7057291666666666
3 0.765625 0.5143229166666666 0.7721354166666666 0.5208333333333334 0.7708333333333334 0.5338541666666666 0.7604166666666666 0.5338541666666666 0.7591145833333334 0.515625 0.7643229166666666 0.5143229166666666
3 0.4140625 0.328125 0.4205729166666667 0.3372395833333333 0.4205729166666667 0.3450520833333333 0.41796875 0.34765625 0.4140625 0.34765625 0.4127604166666667 0.3294270833333333
3 0.4348958333333333 0.5130208333333334 0.4388020833333333 0.5182291666666666 0.4388020833333333 0.53125 0.4361979166666667 0.5325520833333334 0.4322916666666667 0.5286458333333334 0.43359375 0.5143229166666666
3 0.484375 0.8515625 0.4908854166666667 0.8528645833333334 0.49609375 0.859375 0.4947916666666667 0.8723958333333334 0.4908854166666667 0.8763020833333334 0.4856770833333333 0.8658854166666666 0.4856770833333333 0.8528645833333334