1 0.46554140625 0.7209291666666666 0.46569062499999997 0.71322777734375 0.46161874999999997 0.7144444440104167 0.4619546875 0.7209291666666666 0.46554140625 0.7209291666666666
0 0 0.4140625 0.09114583333333333 0.4166666666666667 0.09244791666666667 0.4192708333333333 0.10416666666666667 0.421875 0.11458333333333333 0.4283854166666667 0.13020833333333334 0.44921875 0.13802083333333334 0.4674479166666667 0.14583333333333334 0.5 0.14713541666666666 0.515625 0.14583333333333334 0.5494791666666666 0.14322916666666666 0.5546875 0.14192708333333334 0.5703125 0.13541666666666666 0.58984375 0.12369791666666667 0.609375 0.10677083333333333 0.6263020833333334 0.09244791666666667 0.6315104166666666 0 0.62890625 0 0.6223958333333334 0.09635416666666667 0.6236979166666666 0.10286458333333333 0.62109375 0.11979166666666667 0.6067708333333334 0.11979166666666667 0.6041666666666666 0.12760416666666666 0.5950520833333334 0.1328125 0.5846354166666666 0.13671875 0.5677083333333334 0.13932291666666666 0.5651041666666666 0.14322916666666666 0.5403645833333334 0.14322916666666666 0.5052083333333334 0.13671875 0.4752604166666667 0.12369791666666667 0.4479166666666667 0.11067708333333333 0.4322916666666667 0.09114583333333333 0.4231770833333333 0.010416666666666666 0.421875 0 0.4205729166666667 0 0.4153645833333333
0 0.8997395833333334 0.4479166666666667 0.9674479166666666 0.4505208333333333 0.9778645833333334 0.453125 0.9765625 0.4557291666666667 0.859375 0.453125 0.8411458333333334 0.46484375 0.8229166666666666 0.4908854166666667 0.8177083333333334 0.5091145833333334 0.8151041666666666 0.51171875 0.8138020833333334 0.52734375 0.8111979166666666 0.5325520833333334 0.8111979166666666 0.57421875 0.8190104166666666 0.6080729166666666 0.8333333333333334 0.6341145833333334 0.8463541666666666 0.6484375 0.8541666666666666 0.65234375 0.8841145833333334 0.65625 0.9674479166666666 0.6588541666666666 0.9739583333333334 0.66015625 0.9739583333333334 0.6627604166666666 0.9674479166666666 0.6640625 0.8802083333333334 0.6614583333333334 0.8567708333333334 0.6588541666666666 0.8372395833333334 0.6471354166666666 0.82421875 0.62890625 0.8151041666666666 0.6080729166666666 0.8151041666666666 0.6015625 0.8111979166666666 0.5924479166666666 0.8111979166666666 0.5833333333333334 0.80859375 0.578125 0.80859375 0.5325520833333334 0.8125 0.5104166666666666 0.82421875 0.4791666666666667 0.83984375 0.4583333333333333 0.8515625 0.4505208333333333 0.859375 0.4479166666666667 0.8984375 0.4479166666666667
2 0.48046875 0.12239583333333333 0.4830729166666667 0.125 0.48046875 0.33203125 0.4817708333333333 0.4557291666666667 0.4791666666666667 0.47265625 0.4791666666666667 0.640625 0.4739583333333333 0.8932291666666666 0.4752604166666667 0.9322916666666666 0.4739583333333333 0.9518229166666666 0.4713541666666667 0.9505208333333334 0.4700520833333333 0.92578125 0.47265625 0.9153645833333334 0.47265625 0.7122395833333334 0.4752604166666667 0.69140625 0.4739583333333333 0.6302083333333334 0.4765625 0.5638020833333334 0.4765625 0.4166666666666667 0.4791666666666667 0.3177083333333333 0.4791666666666667 0.28515625 0.4765625 0.2747395833333333 0.4791666666666667 0.265625 0.48046875 0.12369791666666667
3 0.4635416666666667 0.2421875 0.4674479166666667 0.24739583333333334 0.4674479166666667 0.2630208333333333 0.46484375 0.2630208333333333 0.4596354166666667 0.2565104166666667 0.4596354166666667 0.24869791666666666 0.4622395833333333 0.24348958333333334
3 0.5572916666666666 0.6588541666666666 0.5611979166666666 0.6640625 0.5611979166666666 0.67578125 0.5572916666666666 0.6783854166666666 0.5546875 0.6770833333333334 0.5520833333333334 0.6640625 0.5559895833333334 0.66015625
3 0.3515625 0.5208333333333334 0.3567708333333333 0.5208333333333334 0.3619791666666667 0.546875 0.3619791666666667 0.55859375 0.35546875 0.5546875 0.3541666666666667 0.5416666666666666 0.3502604166666667 0.5364583333333334 0.3515625 0.5221354166666666
3 0.22981770833333334 0.6998697916666666 0.015625 0.022135416666666668
3 0.3997395833333333 0.21549479166666666 0.01171875 0.024739583333333332
3 0.5533854166666666 0.4153645833333333 0.5559895833333334 0.4166666666666667 0.5598958333333334 0.42578125 0.5598958333333334 0.4348958333333333 0.5572916666666666 0.4388020833333333 0.5494791666666666 0.4401041666666667 0.5494791666666666 0.4375 0.546875 0.4361979166666667 0.5520833333333334 0.4166666666666667
3 0.23046875 0.5125000000000001 0.23046875 0.49722222265625 0.21953124999999998 0.5013888893229167 0.21953124999999998 0.5083333333333333 0.23046875 0.5125000000000001
3 0.39999999999999997 0.5180555559895833 0.3953125 0.5180555559895833 0.39218749999999997 0.525 0.39218749999999997 0.5361111106770834 0.39687500000000003 0.5416666666666666 0.40390624999999997 0.5333333333333333 0.39999999999999997 0.5180555559895833
3 0.43124999999999997 0.40277777734375 0.42734374999999997 0.39999999999999997 0.425 0.4041666666666666 0.42421875000000003 0.41111111067708334 0.42812500000000003 0.41944444401041664 0.43359375 0.42083333333333334 0.43124999999999997 0.40277777734375
3 0.36796875 0.62777777734375 0.36796875 0.6375000000000001 0.37265624999999997 0.6388888893229167 0.375 0.6333333333333333 0.37343750000000003 0.625 0.36796875 0.62777777734375
3 0.46562734375000003 0.7223930559895834 0.4604578125 0.7227930559895833 0.45618749999999997 0.71720277734375 0.45079375000000005 0.7267861106770833 0.46000859375 0.7431569440104168 0.46540234374999995 0.7355708333333334 0.46562734375000003 0.7223930559895834
3 0.40390624999999997 0.8513888893229167 0.40390624999999997 0.8375 0.3953125 0.8361111106770833 0.39687500000000003 0.8458333333333333 0.40390624999999997 0.8513888893229167