1 0.46796875 0.5194444440104167 0.46875 0.5208333333333334 0.47031249999999997 0.5208333333333334 0.47109375000000003 0.5194444440104167 0.47109375000000003 0.51527777734375 0.47031249999999997 0.5138888893229167 0.46875 0.5138888893229167 0.46796875 0.51527777734375 0.46796875 0.5194444440104167
0 0 0.4244791666666667 0.09765625 0.4270833333333333 0.11458333333333333 0.4322916666666667 0.13411458333333334 0.453125 0.14322916666666666 0.4713541666666667 0.14973958333333334 0.4921875 0.15364583333333334 0.5208333333333334 0.15364583333333334 0.546875 0.15104166666666666 0.5690104166666666 0.14713541666666666 0.578125 0.14583333333333334 0.5885416666666666 0.13802083333333334 0.60546875 0.13151041666666666 0.6158854166666666 0.12239583333333333 0.625 0.12239583333333333 0.6276041666666666 0.11197916666666667 0.6341145833333334 0.09895833333333333 0.6380208333333334 0 0.6341145833333334 0 0.62890625 0.0703125 0.6315104166666666 0.10416666666666667 0.6315104166666666 0.11067708333333333 0.62890625 0.12760416666666666 0.6119791666666666 0.13932291666666666 0.5924479166666666 0.14713541666666666 0.5677083333333334 0.14973958333333334 0.5494791666666666 0.14973958333333334 0.515625 0.14713541666666666 0.49609375 0.140625 0.48046875 0.13932291666666666 0.4713541666666667 0.12239583333333333 0.4466145833333333 0.109375 0.4361979166666667 0.10286458333333333 0.43359375 0.055989583333333336 0.4309895833333333 0.00390625 0.4322916666666667 0 0.4309895833333333 0 0.42578125
0 0.9127604166666666 0.4544270833333333 0.9635416666666666 0.4557291666666667 0.9739583333333334 0.45703125 0.9752604166666666 0.4609375 0.9153645833333334 0.4622395833333333 0.86328125 0.4596354166666667 0.84375 0.4674479166666667 0.83203125 0.4791666666666667 0.8229166666666666 0.4934895833333333 0.8216145833333334 0.5013020833333334 0.8138020833333334 0.5182291666666666 0.8138020833333334 0.5260416666666666 0.8098958333333334 0.5390625 0.8111979166666666 0.5885416666666666 0.8190104166666666 0.6158854166666666 0.8268229166666666 0.6315104166666666 0.8385416666666666 0.6471354166666666 0.8515625 0.65625 0.8723958333333334 0.66015625 0.9622395833333334 0.6627604166666666 0.9713541666666666 0.6640625 0.9713541666666666 0.66796875 0.9674479166666666 0.6692708333333334 0.9361979166666666 0.66796875 0.9348958333333334 0.6653645833333334 0.8776041666666666 0.6653645833333334 0.8502604166666666 0.6614583333333334 0.83984375 0.6549479166666666 0.828125 0.6419270833333334 0.8125 0.609375 0.8072916666666666 0.58203125 0.8072916666666666 0.5364583333333334 0.81640625 0.4986979166666667 0.828125 0.4765625 0.8463541666666666 0.4583333333333333 0.85546875 0.4544270833333333 0.9114583333333334 0.4544270833333333
2 0.48046875 0.4674479166666667 0.4817708333333333 0.640625 0.4791666666666667 0.6809895833333334 0.4778645833333333 0.94140625 0.4765625 0.953125 0.4739583333333333 0.953125 0.4778645833333333 0.6510416666666666 0.4765625 0.6236979166666666 0.4791666666666667 0.55859375 0.4778645833333333 0.515625 0.48046875 0.46875
3 0.51171875 0.7135416666666666 0.5143229166666666 0.7135416666666666 0.5169270833333334 0.7213541666666666 0.515625 0.73046875 0.5130208333333334 0.7330729166666666 0.5104166666666666 0.7317708333333334 0.51171875 0.71484375
3 0.5403645833333334 0.265625 0.54296875 0.26953125 0.54296875 0.27734375 0.5403645833333334 0.2864583333333333 0.5377604166666666 0.2877604166666667 0.5338541666666666 0.27734375 0.5338541666666666 0.2669270833333333 0.5364583333333334 0.2643229166666667 0.5390625 0.265625
3 0.5013020833333334 0.6223958333333334 0.5052083333333334 0.62109375 0.5078125 0.62890625 0.5065104166666666 0.6380208333333334 0.5026041666666666 0.6380208333333334 0.5 0.6341145833333334 0.5013020833333334 0.6236979166666666
3 0.564453125 0.564453125 0.008463541666666666 0.018229166666666668
3 0.421875 0.6015625 0.421875 0.5872395833333334 0.4270833333333333 0.5885416666666666 0.4283854166666667 0.59765625 0.4270833333333333 0.6028645833333334 0.4231770833333333 0.6015625
3 0.4427083333333333 0.4075520833333333 0.4427083333333333 0.421875 0.4375 0.4192708333333333 0.4361979166666667 0.4140625 0.4361979166666667 0.4088541666666667 0.44140625 0.4075520833333333
3 0.3697916666666667 0.3255208333333333 0.3736979166666667 0.3307291666666667 0.3736979166666667 0.3411458333333333 0.3697916666666667 0.3463541666666667 0.36328125 0.3372395833333333 0.36328125 0.3294270833333333 0.3684895833333333 0.3255208333333333
3 0.4075520833333333 0.7708333333333334 0.4114583333333333 0.7760416666666666 0.4114583333333333 0.78125 0.4075520833333333 0.7890625 0.4010416666666667 0.7825520833333334 0.4010416666666667 0.7734375 0.4036458333333333 0.76953125 0.40625 0.7708333333333334
3 0.6640625 0.5729166666666666 0.6666666666666666 0.5807291666666666 0.6653645833333334 0.5989583333333334 0.6627604166666666 0.6015625 0.66015625 0.6015625 0.6588541666666666 0.5989583333333334 0.6588541666666666 0.578125 0.6640625 0.57421875
3 0.4622395833333333 0.23958333333333334 0.46484375 0.2565104166666667 0.4596354166666667 0.2643229166666667 0.453125 0.24348958333333334 0.4609375 0.23958333333333334
3 0.5221354166666666 0.46484375 0.5260416666666666 0.46484375 0.52734375 0.46875 0.5260416666666666 0.4830729166666667 0.5234375 0.4817708333333333 0.5221354166666666 0.4765625 0.5221354166666666 0.4661458333333333
3 0.4765625 0.44166666666666665 0.4734375 0.4569444440104167 0.4796875 0.46388888932291666 0.48593749999999997 0.4611111106770833 0.48593749999999997 0.4458333333333333 0.4765625 0.44166666666666665