1 0.6234375 0.16527777734375002 0.6257812500000001 0.16527777734375002 0.62734375 0.16388888932291668 0.62734375 0.15694444401041666 0.625 0.15694444401041666 0.6242187499999999 0.15555555598958334 0.62265625 0.15833333333333333 0.62265625 0.1625 0.6234375 0.16527777734375002
0 0.9817708333333334 0.4166666666666667 0.9986979166666666 0.4166666666666667 0.9986979166666666 0.4231770833333333 0.9075520833333334 0.4270833333333333 0.8919270833333334 0.43359375 0.875 0.453125 0.8658854166666666 0.47265625 0.8580729166666666 0.5026041666666666 0.8580729166666666 0.53125 0.8541666666666666 0.5338541666666666 0.8528645833333334 0.5299479166666666 0.85546875 0.5182291666666666 0.85546875 0.5 0.8606770833333334 0.4765625 0.8684895833333334 0.4557291666666667 0.8841145833333334 0.43359375 0.89453125 0.42578125 0.9049479166666666 0.421875 0.9817708333333334 0.41796875
0 0.13932291666666666 0.453125 0.14973958333333334 0.4583333333333333 0.16796875 0.4778645833333333 0.17838541666666666 0.4986979166666667 0.18359375 0.5169270833333334 0.18359375 0.5260416666666666 0.1875 0.5416666666666666 0.1875 0.5768229166666666 0.18229166666666666 0.6080729166666666 0.17447916666666666 0.6302083333333334 0.16276041666666666 0.6484375 0.15494791666666666 0.65625 0.13932291666666666 0.6640625 0.10546875 0.6653645833333334 0.10416666666666667 0.66796875 0.08854166666666667 0.6692708333333334 0.028645833333333332 0.671875 0.022135416666666668 0.6705729166666666 0.020833333333333332 0.6653645833333334 0.12760416666666666 0.6614583333333334 0.13932291666666666 0.6588541666666666 0.15104166666666666 0.65234375 0.171875 0.6263020833333334 0.18359375 0.5872395833333334 0.18489583333333334 0.5455729166666666 0.18098958333333334 0.51953125 0.17578125 0.5026041666666666 0.16145833333333334 0.4765625 0.15234375 0.4674479166666667 0.13411458333333334 0.4596354166666667 0.1328125 0.45703125 0.0859375 0.4609375 0.016927083333333332 0.4609375 0.01953125 0.4557291666666667 0.07161458333333333 0.453125 0.13802083333333334 0.453125
2 0.5208333333333334 0.4947916666666667 0.5247395833333334 0.74609375 0.5234375 0.7799479166666666 0.52734375 0.9348958333333334 0.5260416666666666 0.9596354166666666 0.5247395833333334 0.9609375 0.5234375 0.95703125 0.5221354166666666 0.9401041666666666 0.5234375 0.8841145833333334 0.5182291666666666 0.63671875 0.51953125 0.5833333333333334 0.5169270833333334 0.52734375 0.5169270833333334 0.5182291666666666 0.51953125 0.515625 0.5208333333333334 0.5078125 0.5208333333333334 0.49609375
3 0.6015625 0.53515625 0.60546875 0.5390625 0.60546875 0.546875 0.6015625 0.5533854166666666 0.59765625 0.5533854166666666 0.6002604166666666 0.5364583333333334
3 0.4075520833333333 0.67578125 0.41015625 0.69140625 0.40625 0.6979166666666666 0.40234375 0.6953125 0.3997395833333333 0.6861979166666666 0.4010416666666667 0.6796875 0.40625 0.67578125
3 0.474609375 0.20182291666666666 0.008463541666666666 0.026692708333333332
3 0.5078125 0.7630208333333334 0.5052083333333334 0.76171875 0.5052083333333334 0.74609375 0.5104166666666666 0.7421875 0.5130208333333334 0.7447916666666666 0.5130208333333334 0.7565104166666666 0.5091145833333334 0.76171875
3 0.8567708333333334 0.5325520833333334 0.8619791666666666 0.5325520833333334 0.8658854166666666 0.5299479166666666 0.87109375 0.53125 0.87109375 0.5442708333333334 0.8684895833333334 0.546875 0.8619791666666666 0.546875 0.8567708333333334 0.5703125 0.8528645833333334 0.5703125 0.85546875 0.5598958333333334 0.8567708333333334 0.5338541666666666
3 0.7421875 0.7154947916666666 0.014322916666666666 0.022135416666666668
3 0.5703125 0.73828125 0.57421875 0.73828125 0.5768229166666666 0.7408854166666666 0.578125 0.7473958333333334 0.5768229166666666 0.7526041666666666 0.5729166666666666 0.7565104166666666 0.5677083333333334 0.7552083333333334 0.5677083333333334 0.7434895833333334 0.5703125 0.7395833333333334
3 0.5546875 0.4036458333333333 0.012369791666666666 0.018229166666666668
3 0.578125 0.5989583333333334 0.5807291666666666 0.6015625 0.5807291666666666 0.6119791666666666 0.5768229166666666 0.6158854166666666 0.5716145833333334 0.6145833333333334 0.5729166666666666 0.6015625 0.5768229166666666 0.5989583333333334
3 0.62890625 0.13932291666666666 0.6328125 0.13932291666666666 0.6341145833333334 0.14192708333333334 0.6328125 0.16015625 0.62890625 0.16927083333333334 0.6263020833333334 0.16927083333333334 0.62109375 0.16276041666666666 0.6263020833333334 0.14322916666666666 0.62890625 0.140625
3 0.3984375 0.359375 0.4049479166666667 0.3684895833333333 0.4049479166666667 0.3736979166666667 0.4010416666666667 0.3802083333333333 0.3984375 0.3802083333333333 0.3958333333333333 0.3763020833333333 0.39453125 0.3606770833333333 0.3971354166666667 0.359375
3 0.5208333333333334 0.4739583333333333 0.5221354166666666 0.4895833333333333 0.5182291666666666 0.4973958333333333 0.5143229166666666 0.4973958333333333 0.51171875 0.4934895833333333 0.51171875 0.4830729166666667 0.5130208333333334 0.4765625 0.5169270833333334 0.47265625 0.51953125 0.4739583333333333