1 0.8015625000000001 0.7263888893229167 0.80234375 0.7277777773437499 0.8054687500000001 0.7277777773437499 0.80625 0.7263888893229167 0.80625 0.7208333333333333 0.8054687500000001 0.7194444440104166 0.80234375 0.7194444440104166 0.8015625000000001 0.7208333333333333 0.8015625000000001 0.7263888893229167
0 0.9986979166666666 0.41015625 0.9986979166666666 0.4153645833333333 0.984375 0.4153645833333333 0.9830729166666666 0.41796875 0.9166666666666666 0.4192708333333333 0.90234375 0.4244791666666667 0.8880208333333334 0.4375 0.8828125 0.4453125 0.8684895833333334 0.4791666666666667 0.8645833333333334 0.50390625 0.8658854166666666 0.55078125 0.87109375 0.5716145833333334 0.87890625 0.58984375 0.890625 0.6041666666666666 0.890625 0.6067708333333334 0.8997395833333334 0.6158854166666666 0.9153645833333334 0.6223958333333334 0.9986979166666666 0.6197916666666666 0.9986979166666666 0.6263020833333334 0.984375 0.6263020833333334 0.9830729166666666 0.6236979166666666 0.98046875 0.6236979166666666 0.9791666666666666 0.6263020833333334 0.9505208333333334 0.6276041666666666 0.9127604166666666 0.6276041666666666 0.8958333333333334 0.6184895833333334 0.8841145833333334 0.6067708333333334 0.8684895833333334 0.5755208333333334 0.8619791666666666 0.5442708333333334 0.8606770833333334 0.5169270833333334 0.8645833333333334 0.4817708333333333 0.8723958333333334 0.4557291666666667 0.8828125 0.4401041666666667 0.8841145833333334 0.4348958333333333 0.9036458333333334 0.4166666666666667 0.9192708333333334 0.4127604166666667 0.9973958333333334 0.41015625
0 0.14973958333333334 0.4453125 0.16796875 0.4557291666666667 0.18229166666666666 0.4752604166666667 0.19401041666666666 0.5078125 0.19661458333333334 0.52734375 0.1953125 0.53125 0.19140625 0.5182291666666666 0.19140625 0.5091145833333334 0.1796875 0.4791666666666667 0.171875 0.4674479166666667 0.15234375 0.4518229166666667 0.14453125 0.44921875 0.13020833333333334 0.44921875 0.03125 0.453125 0.032552083333333336 0.4479166666666667 0.05078125 0.4466145833333333 0.1484375 0.4453125
2 0.5247395833333334 0.11979166666666667 0.52734375 0.1875 0.52734375 0.3203125 0.5299479166666666 0.3333333333333333 0.52734375 0.3580729166666667 0.52734375 0.390625 0.5299479166666666 0.4453125 0.5299479166666666 0.59765625 0.5325520833333334 0.6731770833333334 0.5325520833333334 0.67578125 0.5286458333333334 0.6770833333333334 0.52734375 0.4622395833333333 0.5247395833333334 0.4544270833333333 0.5247395833333334 0.12109375
3 0.4791666666666667 0.484375 0.4830729166666667 0.4895833333333333 0.4817708333333333 0.5013020833333334 0.4791666666666667 0.50390625 0.4765625 0.5026041666666666 0.4752604166666667 0.4908854166666667 0.4778645833333333 0.4856770833333333
3 0.5143229166666666 0.3216145833333333 0.5182291666666666 0.3216145833333333 0.5234375 0.328125 0.5182291666666666 0.34375 0.5143229166666666 0.3450520833333333 0.5091145833333334 0.3385416666666667 0.5143229166666666 0.3229166666666667
3 0.5319010416666666 0.6861979166666666 0.013020833333333334 0.022135416666666668
3 0.9401041666666666 0.5481770833333334 0.94140625 0.5559895833333334 0.9375 0.55859375 0.9309895833333334 0.55859375 0.9283854166666666 0.5611979166666666 0.9244791666666666 0.5598958333333334 0.92578125 0.5494791666666666 0.9309895833333334 0.546875 0.9388020833333334 0.5481770833333334
3 0.8203125 0.5572916666666666 0.8307291666666666 0.5559895833333334 0.8359375 0.5611979166666666 0.8346354166666666 0.5703125 0.8216145833333334 0.5716145833333334 0.8190104166666666 0.5638020833333334 0.8203125 0.55859375
3 0.6119791666666666 0.69140625 0.6171875 0.70703125 0.6171875 0.7161458333333334 0.61328125 0.7174479166666666 0.609375 0.71484375 0.6119791666666666 0.6927083333333334
3 0.78515625 0.42578125 0.7864583333333334 0.4296875 0.7786458333333334 0.4375 0.77734375 0.4466145833333333 0.7747395833333334 0.4479166666666667 0.7721354166666666 0.4440104166666667 0.7734375 0.4309895833333333 0.7786458333333334 0.42578125 0.7838541666666666 0.42578125
3 0.7942708333333334 0.7903645833333334 0.796875 0.7903645833333334 0.8033854166666666 0.7994791666666666 0.8033854166666666 0.8072916666666666 0.80078125 0.80859375 0.7942708333333334 0.8098958333333334 0.7877604166666666 0.8059895833333334 0.78515625 0.8033854166666666 0.78515625 0.7994791666666666 0.7916666666666666 0.796875 0.7942708333333334 0.7916666666666666
3 0.5729166666666666 0.2981770833333333 0.578125 0.3046875 0.578125 0.3177083333333333 0.5729166666666666 0.3229166666666667 0.5677083333333334 0.3229166666666667 0.5638020833333334 0.3190104166666667 0.5638020833333334 0.3059895833333333 0.56640625 0.30078125 0.5716145833333334 0.2981770833333333
3 0.19401041666666666 0.53125 0.20572916666666666 0.5325520833333334 0.19791666666666666 0.5481770833333334 0.19401041666666666 0.55078125 0.19010416666666666 0.55078125 0.18489583333333334 0.5442708333333334 0.18489583333333334 0.5364583333333334 0.19010416666666666 0.5299479166666666 0.19270833333333334 0.53125
3 0.7734375 0.20703125 0.7760416666666666 0.21614583333333334 0.7721354166666666 0.22135416666666666 0.7643229166666666 0.22526041666666666 0.76171875 0.22395833333333334 0.76171875 0.21354166666666666 0.7721354166666666 0.20703125
3 0.5703125 0.8502604166666666 0.5729166666666666 0.8541666666666666 0.57421875 0.8671875 0.5690104166666666 0.8815104166666666 0.56640625 0.8841145833333334 0.5638020833333334 0.8815104166666666 0.5638020833333334 0.8645833333333334 0.5703125 0.8515625