1 0.140625 0.9427083333333334 0.14192708333333334 0.9505208333333334 0.13932291666666666 0.9518229166666666 0.13671875 0.94921875 0.13671875 0.9440104166666666 0.13932291666666666 0.9427083333333334
0 0.8880208333333334 0.4375 0.8997395833333334 0.4309895833333333 0.91015625 0.4283854166666667 0.9986979166666666 0.42578125 0.9986979166666666 0.4309895833333333 0.9114583333333334 0.43359375 0.90234375 0.4361979166666667 0.9010416666666666 0.4388020833333333 0.8919270833333334 0.4427083333333333 0.87890625 0.4557291666666667 0.8671875 0.4765625 0.8580729166666666 0.5169270833333334 0.8580729166666666 0.5494791666666666 0.8619791666666666 0.5755208333333334 0.8658854166666666 0.5833333333333334 0.8671875 0.5924479166666666 0.875 0.6080729166666666 0.8919270833333334 0.62890625 0.9049479166666666 0.6354166666666666 0.9986979166666666 0.6341145833333334 0.9986979166666666 0.6393229166666666 0.9036458333333334 0.640625 0.8919270833333334 0.6354166666666666 0.8841145833333334 0.62890625 0.87109375 0.6119791666666666 0.8645833333333334 0.59765625 0.8567708333333334 0.5703125 0.8541666666666666 0.5390625 0.85546875 0.51171875 0.8645833333333334 0.47265625 0.8763020833333334 0.4518229166666667 0.8880208333333334 0.4388020833333333
0 0.16015625 0.4700520833333333 0.17057291666666666 0.4778645833333333 0.18229166666666666 0.4973958333333333 0.19010416666666666 0.5182291666666666 0.1953125 0.5533854166666666 0.1953125 0.5794270833333334 0.19140625 0.6067708333333334 0.18229166666666666 0.6341145833333334 0.17447916666666666 0.6484375 0.16015625 0.6627604166666666 0.14192708333333334 0.671875 0.041666666666666664 0.67578125 0.028645833333333332 0.6744791666666666 0.028645833333333332 0.671875 0.05078125 0.671875 0.053385416666666664 0.6692708333333334 0.08984375 0.6692708333333334 0.09114583333333333 0.6666666666666666 0.13671875 0.6666666666666666 0.15494791666666666 0.66015625 0.16927083333333334 0.6471354166666666 0.18098958333333334 0.6276041666666666 0.18880208333333334 0.6028645833333334 0.19140625 0.58984375 0.19140625 0.5403645833333334 0.1796875 0.5 0.16536458333333334 0.4817708333333333 0.16536458333333334 0.4791666666666667 0.16145833333333334 0.4765625 0.16015625 0.4713541666666667
2 0.5208333333333334 0.13802083333333334 0.5234375 0.43359375 0.5260416666666666 0.4661458333333333 0.5247395833333334 0.5442708333333334 0.52734375 0.6158854166666666 0.52734375 0.7890625 0.53125 0.9609375 0.5286458333333334 0.9635416666666666 0.52734375 0.9609375 0.52734375 0.875 0.5247395833333334 0.81640625 0.5247395833333334 0.6705729166666666 0.5182291666666666 0.171875 0.51953125 0.13932291666666666
3 0.2981770833333333 0.6627604166666666 0.2955729166666667 0.6484375 0.296875 0.64453125 0.30078125 0.6419270833333334 0.3046875 0.6419270833333334 0.3046875 0.65234375 0.3033854166666667 0.66015625 0.3020833333333333 0.6627604166666666 0.2994791666666667 0.6627604166666666
3 0.29296875 0.7916666666666666 0.2955729166666667 0.7916666666666666 0.30078125 0.7981770833333334 0.2955729166666667 0.8072916666666666 0.29296875 0.8268229166666666 0.2890625 0.8294270833333334 0.2864583333333333 0.8216145833333334 0.28515625 0.80078125 0.29296875 0.79296875
3 0.059895833333333336 0.6315104166666666 0.061197916666666664 0.6354166666666666 0.0546875 0.6432291666666666 0.044270833333333336 0.64453125 0.04296875 0.6471354166666666 0.037760416666666664 0.6471354166666666 0.036458333333333336 0.6393229166666666 0.044270833333333336 0.6328125 0.052083333333333336 0.6328125 0.055989583333333336 0.6302083333333334 0.05859375 0.6315104166666666
3 0.6328125 0.2591145833333333 0.6341145833333334 0.2682291666666667 0.62890625 0.28125 0.625 0.2799479166666667 0.62109375 0.2721354166666667 0.62109375 0.265625 0.6315104166666666 0.2604166666666667
3 0.2591145833333333 0.5520833333333334 0.2643229166666667 0.55859375 0.2643229166666667 0.5638020833333334 0.2578125 0.5716145833333334 0.25390625 0.5716145833333334 0.25 0.5651041666666666 0.2513020833333333 0.5520833333333334 0.2578125 0.5520833333333334
3 0.12890625 0.9427083333333334 0.1328125 0.9466145833333334 0.140625 0.9427083333333334 0.140625 0.9505208333333334 0.13541666666666666 0.9557291666666666 0.1328125 0.9622395833333334 0.125 0.9674479166666666 0.12109375 0.9661458333333334 0.12109375 0.9518229166666666 0.12760416666666666 0.9440104166666666
3 0.5651041666666666 0.7024739583333334 0.01171875 0.022135416666666668
3 0.15234375 0.4453125 0.16276041666666666 0.4479166666666667 0.16276041666666666 0.4622395833333333 0.16015625 0.4674479166666667 0.15364583333333334 0.4635416666666667 0.15234375 0.4583333333333333 0.14713541666666666 0.453125 0.14713541666666666 0.44921875 0.15104166666666666 0.4453125
3 0.11458333333333333 0.7604166666666666 0.11588541666666667 0.7682291666666666 0.11328125 0.7838541666666666 0.10546875 0.7877604166666666 0.09895833333333333 0.7825520833333334 0.09895833333333333 0.7708333333333334 0.1015625 0.7643229166666666 0.10807291666666667 0.7669270833333334 0.11328125 0.76171875
3 0.41796875 0.49609375 0.4153645833333333 0.4908854166666667 0.4153645833333333 0.4778645833333333 0.41796875 0.4752604166666667 0.42578125 0.4765625 0.4283854166666667 0.4869791666666667 0.4244791666666667 0.49609375 0.4192708333333333 0.49609375
3 0.8411458333333334 0.4791666666666667 0.84765625 0.4791666666666667 0.8528645833333334 0.4869791666666667 0.8515625 0.4921875 0.8411458333333334 0.4921875 0.8359375 0.484375 0.8411458333333334 0.48046875
3 0.4322916666666667 0.81640625 0.4361979166666667 0.82421875 0.43359375 0.828125 0.4322916666666667 0.8450520833333334 0.4296875 0.8502604166666666 0.4270833333333333 0.8502604166666666 0.42578125 0.828125 0.4270833333333333 0.8203125 0.4309895833333333 0.81640625