1 0.165625 0.9083333333333333 0.165625 0.9 0.16171875 0.8958333333333334 0.16015625 0.9 0.165625 0.9083333333333333
0 0.065625 0.6680555559895834 0.039843750000000004 0.6680555559895834 0.03046875 0.6708333333333334 0.059375000000000004 0.67222222265625 0.065625 0.6680555559895834
0 0.1703125 0.47361111067708334 0.15234375 0.45972222265625 0.02734375 0.46249999999999997 0.14375000000000002 0.4611111106770833 0.15625 0.4666666666666666 0.17656249999999998 0.48888888932291663 0.18437499999999998 0.5041666666666667 0.19140625 0.5305555559895833 0.19218749999999998 0.5875 0.18125 0.6263888893229167 0.171875 0.6430555559895833 0.15 0.6611111106770834 0.15 0.66527777734375 0.16874999999999998 0.6541666666666667 0.18671875000000002 0.625 0.196875 0.57777777734375 0.19609374999999998 0.5458333333333333 0.19296875 0.52222222265625 0.18281250000000002 0.49305555598958334 0.1703125 0.47361111067708334
0 0.14140624999999998 0.6680555559895834 0.14140624999999998 0.6638888893229167 0.09375 0.6680555559895834 0.11484375000000001 0.6708333333333334 0.14140624999999998 0.6680555559895834
0 0.884375 0.6236111106770833 0.896875 0.6333333333333333 0.9500000000000001 0.6375000000000001 1 0.6333333333333333 0.9054687499999999 0.6333333333333333 0.896875 0.6291666666666667 0.87109375 0.59722222265625 0.8601562500000001 0.5638888893229167 0.8562500000000001 0.54027777734375 0.8601562500000001 0.5736111106770834 0.8664062499999999 0.5944444440104167 0.884375 0.6236111106770833
0 1 0.42222222265625 0.9851562500000001 0.42222222265625 0.9015624999999999 0.42777777734375005 0.8828125 0.44166666666666665 0.865625 0.47361111067708334 0.8703124999999999 0.47500000000000003 0.87109375 0.4680555559895833 0.88671875 0.44444444401041666 0.9070312500000001 0.4319444440104167 1 0.42777777734375005 1 0.42222222265625
2 0.5226562499999999 0.14027777734375 0.51953125 0.13749999999999998 0.5265624999999999 0.87222222265625 0.52890625 0.9555555559895833 0.5320312500000001 0.9569444440104166 0.5265624999999999 0.5166666666666667 0.5281250000000001 0.46249999999999997 0.5234375 0.25833333333333336 0.5242187500000001 0.15694444401041666 0.5226562499999999 0.14027777734375
3 0.15234375 0.6171875 0.15494791666666666 0.6171875 0.15625 0.6197916666666666 0.15234375 0.63671875 0.14713541666666666 0.640625 0.140625 0.6393229166666666 0.13932291666666666 0.63671875 0.14192708333333334 0.625 0.1484375 0.625 0.15234375 0.6184895833333334
3 0.3333333333333333 0.6106770833333334 0.3385416666666667 0.6145833333333334 0.3359375 0.62890625 0.3333333333333333 0.6315104166666666 0.3294270833333333 0.62890625 0.328125 0.6236979166666666 0.328125 0.61328125 0.33203125 0.6106770833333334
3 0.3359375 0.7903645833333334 0.3385416666666667 0.7903645833333334 0.3385416666666667 0.79296875 0.34375 0.7981770833333334 0.33984375 0.8138020833333334 0.3372395833333333 0.81640625 0.3333333333333333 0.8098958333333334 0.3359375 0.7916666666666666
3 0.06640625 0.6471354166666666 0.06770833333333333 0.6341145833333334 0.08463541666666667 0.6341145833333334 0.0859375 0.6393229166666666 0.08463541666666667 0.6484375 0.08203125 0.6497395833333334 0.06770833333333333 0.6471354166666666
3 0.21875 0.3580729166666667 0.22395833333333334 0.3645833333333333 0.23046875 0.3658854166666667 0.23046875 0.37109375 0.2265625 0.375 0.22526041666666666 0.3802083333333333 0.21875 0.3802083333333333 0.21223958333333334 0.3658854166666667 0.21223958333333334 0.36328125 0.21744791666666666 0.3580729166666667
3 0.6640625 0.2591145833333333 0.6666666666666666 0.2643229166666667 0.6666666666666666 0.27734375 0.6640625 0.28125 0.66015625 0.2825520833333333 0.65625 0.2760416666666667 0.65625 0.2682291666666667 0.6627604166666666 0.2604166666666667
3 0.4622395833333333 0.4622395833333333 0.4661458333333333 0.4674479166666667 0.4674479166666667 0.4778645833333333 0.4622395833333333 0.4869791666666667 0.4557291666666667 0.48828125 0.4544270833333333 0.4661458333333333 0.4583333333333333 0.4609375 0.4609375 0.4622395833333333
3 0.3333333333333333 0.546875 0.3385416666666667 0.5494791666666666 0.33984375 0.5533854166666666 0.3385416666666667 0.5572916666666666 0.33203125 0.5611979166666666 0.3268229166666667 0.5611979166666666 0.32421875 0.5520833333333334 0.3268229166666667 0.5455729166666666 0.33203125 0.546875
3 0.4830729166666667 0.8059895833333334 0.4830729166666667 0.8151041666666666 0.4791666666666667 0.82421875 0.4765625 0.8255208333333334 0.47265625 0.82421875 0.4713541666666667 0.8098958333333334 0.4817708333333333 0.8059895833333334
3 0.17578125 0.7680555559895833 0.1734375 0.7680555559895833 0.171875 0.7708333333333334 0.171875 0.7791666666666667 0.17421875 0.7805555559895834 0.17890625000000002 0.7986111106770833 0.18281250000000002 0.79722222265625 0.18359375 0.7958333333333334 0.18359375 0.7916666666666666 0.18437499999999998 0.7902777773437499 0.1875 0.76527777734375 0.1875 0.7583333333333333 0.18515625 0.7583333333333333 0.18281250000000002 0.7625000000000001 0.17656249999999998 0.7666666666666666 0.17578125 0.7680555559895833
3 0.859375 0.48333333333333334 0.8585937499999999 0.4861111106770833 0.8585937499999999 0.4916666666666667 0.8562500000000001 0.5 0.85725234375 0.5009180559895833 0.85692421875 0.5022291666666666 0.8584 0.5022291666666666 0.86077734375 0.5013555559895834 0.8620890625 0.4998986106770833 0.86405625 0.49130555598958336 0.8722546875 0.49785972265625 0.8742187499999999 0.4861111106770833 0.8734375 0.48194444401041664 0.8703124999999999 0.47777777734375 0.8664062499999999 0.47777777734375 0.859375 0.48333333333333334
3 0.6080729166666666 0.7174479166666666 0.6106770833333334 0.73046875 0.60546875 0.7356770833333334 0.6015625 0.7356770833333334 0.5989583333333334 0.7317708333333334 0.5989583333333334 0.7174479166666666 0.6067708333333334 0.7174479166666666