1 0.38906250000000003 0.2930555559895833 0.38906250000000003 0.3 0.39218749999999997 0.3 0.39218749999999997 0.2930555559895833 0.38906250000000003 0.2930555559895833
0 0.4778645833333333 0.4661458333333333 0.4895833333333333 0.4713541666666667 0.4973958333333333 0.4791666666666667 0.5130208333333334 0.5052083333333334 0.5208333333333334 0.5377604166666666 0.5208333333333334 0.5755208333333334 0.5130208333333334 0.6080729166666666 0.5052083333333334 0.6223958333333334 0.4908854166666667 0.6380208333333334 0.4765625 0.64453125 0.4622395833333333 0.64453125 0.44140625 0.6302083333333334 0.4283854166666667 0.6067708333333334 0.4283854166666667 0.6015625 0.421875 0.5846354166666666 0.4205729166666667 0.5716145833333334 0.421875 0.52734375 0.43359375 0.4934895833333333 0.4440104166666667 0.4791666666666667 0.45703125 0.46875 0.46484375 0.4661458333333333 0.4765625 0.4661458333333333
0 0 0.4322916666666667 0.07682291666666667 0.43359375 0.09244791666666667 0.4361979166666667 0.10286458333333333 0.4427083333333333 0.11588541666666667 0.4557291666666667 0.13020833333333334 0.4830729166666667 0.13671875 0.5078125 0.13932291666666666 0.5390625 0.13802083333333334 0.5690104166666666 0.13020833333333334 0.6015625 0.11848958333333333 0.6236979166666666 0.10677083333333333 0.6380208333333334 0.08854166666666667 0.6484375 0 0.6471354166666666 0 0.6393229166666666 0.08854166666666667 0.6419270833333334 0.10286458333333333 0.6341145833333334 0.12369791666666667 0.60546875 0.13411458333333334 0.5716145833333334 0.13671875 0.5442708333333334 0.13541666666666666 0.5182291666666666 0.12760416666666666 0.4869791666666667 0.11979166666666667 0.4700520833333333 0.10286458333333333 0.44921875 0.08463541666666667 0.44140625 0 0.4388020833333333 0 0.43359375
0 0.8151041666666666 0.50390625 0.81640625 0.5065104166666666 0.8098958333333334 0.51953125 0.8033854166666666 0.5533854166666666 0.8033854166666666 0.5859375 0.8111979166666666 0.62109375 0.8268229166666666 0.6510416666666666 0.8359375 0.66015625 0.8502604166666666 0.6666666666666666 0.8515625 0.6692708333333334 0.8736979166666666 0.671875 0.9661458333333334 0.6744791666666666 0.9661458333333334 0.6796875 0.85546875 0.67578125 0.83984375 0.6705729166666666 0.828125 0.66015625 0.81640625 0.6432291666666666 0.8111979166666666 0.6315104166666666 0.8046875 0.6119791666666666 0.80078125 0.5872395833333334 0.80078125 0.5520833333333334 0.8033854166666666 0.5455729166666666 0.8033854166666666 0.53515625 0.8072916666666666 0.5169270833333334 0.8111979166666666 0.5052083333333334 0.8138020833333334 0.50390625
2 0.4739583333333333 0.13932291666666666 0.4739583333333333 0.5130208333333334 0.4713541666666667 0.5651041666666666 0.47265625 0.5989583333333334 0.4700520833333333 0.6979166666666666 0.4700520833333333 0.87890625 0.4674479166666667 0.9010416666666666 0.4674479166666667 0.9700520833333334 0.46484375 0.96875 0.46484375 0.8736979166666666 0.4674479166666667 0.8216145833333334 0.4674479166666667 0.6341145833333334 0.4713541666666667 0.4388020833333333 0.47265625 0.140625
3 0.7513020833333334 0.36328125 0.74609375 0.359375 0.74609375 0.3502604166666667 0.7486979166666666 0.3450520833333333 0.7565104166666666 0.3424479166666667 0.7591145833333334 0.3463541666666667 0.7591145833333334 0.3528645833333333 0.7526041666666666 0.3619791666666667
3 0.6614583333333334 0.5690104166666666 0.6627604166666666 0.578125 0.6588541666666666 0.5859375 0.6549479166666666 0.5859375 0.6510416666666666 0.5794270833333334 0.6510416666666666 0.5716145833333334 0.6575520833333334 0.5677083333333334 0.66015625 0.5690104166666666
3 0.2864583333333333 0.3580729166666667 0.2981770833333333 0.3606770833333333 0.296875 0.37890625 0.2942708333333333 0.3880208333333333 0.2903645833333333 0.3893229166666667 0.2864583333333333 0.359375
3 0.6432291666666666 0.703125 0.6484375 0.7018229166666666 0.6536458333333334 0.7083333333333334 0.6510416666666666 0.7213541666666666 0.6471354166666666 0.7213541666666666 0.6432291666666666 0.7044270833333334
3 0.5859375 0.8912760416666666 0.012369791666666666 0.0234375
3 0.5221354166666666 0.296875 0.5260416666666666 0.2981770833333333 0.52734375 0.3033854166666667 0.5260416666666666 0.3216145833333333 0.5221354166666666 0.3216145833333333 0.5182291666666666 0.3098958333333333 0.5182291666666666 0.3046875 0.5221354166666666 0.2981770833333333
3 0.6197916666666666 0.40625 0.6236979166666666 0.4049479166666667 0.6276041666666666 0.41015625 0.6276041666666666 0.4244791666666667 0.6197916666666666 0.4348958333333333 0.6145833333333334 0.4231770833333333 0.6197916666666666 0.4075520833333333
3 0.5533854166666666 0.4583333333333333 0.5572916666666666 0.4583333333333333 0.5598958333333334 0.4661458333333333 0.5572916666666666 0.4739583333333333 0.5533854166666666 0.4752604166666667 0.55078125 0.4713541666666667 0.55078125 0.4635416666666667 0.5533854166666666 0.4596354166666667
3 0.4348958333333333 0.24088541666666666 0.4401041666666667 0.2421875 0.4427083333333333 0.2526041666666667 0.4427083333333333 0.26171875 0.4375 0.26171875 0.43359375 0.24869791666666666 0.4348958333333333 0.2421875
3 0.8307291666666666 0.4908854166666667 0.8346354166666666 0.4947916666666667 0.8346354166666666 0.50390625 0.8294270833333334 0.5130208333333334 0.8229166666666666 0.51171875 0.8151041666666666 0.4986979166666667 0.8151041666666666 0.4947916666666667 0.82421875 0.4947916666666667 0.8294270833333334 0.4908854166666667
3 0.7005208333333334 0.63671875 0.7044270833333334 0.640625 0.7044270833333334 0.65234375 0.7005208333333334 0.6549479166666666 0.6953125 0.65234375 0.6940104166666666 0.64453125 0.6940104166666666 0.6380208333333334 0.69921875 0.63671875
3 0.6341145833333334 0.3346354166666667 0.6315104166666666 0.3307291666666667 0.6315104166666666 0.3255208333333333 0.6341145833333334 0.3190104166666667 0.6393229166666666 0.3151041666666667 0.6432291666666666 0.3190104166666667 0.6432291666666666 0.3294270833333333 0.6419270833333334 0.3346354166666667 0.6354166666666666 0.3346354166666667