1 0.33671875 0.3805555559895833 0.33749999999999997 0.38194444401041666 0.33984375 0.38194444401041666 0.340625 0.3805555559895833 0.340625 0.37638888932291664 0.3390625 0.37361111067708336 0.33749999999999997 0.37361111067708336 0.33671875 0.375 0.33671875 0.3805555559895833
2 0.4739583333333333 0.140625 0.4739583333333333 0.5299479166666666 0.4713541666666667 0.5325520833333334 0.47265625 0.63671875 0.4700520833333333 0.6822916666666666 0.4713541666666667 0.71484375 0.4674479166666667 0.9674479166666666 0.46484375 0.9674479166666666 0.4635416666666667 0.9375 0.46484375 0.8489583333333334 0.4674479166666667 0.81640625 0.4661458333333333 0.7825520833333334 0.46875 0.53125 0.47265625 0.515625 0.46875 0.5065104166666666 0.4713541666666667 0.4153645833333333 0.4700520833333333 0.3307291666666667 0.47265625 0.14192708333333334
3 0.6614583333333334 0.5677083333333334 0.6640625 0.5716145833333334 0.6640625 0.578125 0.66015625 0.5846354166666666 0.6549479166666666 0.5846354166666666 0.65234375 0.578125 0.65234375 0.5703125 0.66015625 0.5677083333333334
3 0.4361979166666667 0.2265625 0.4401041666666667 0.2265625 0.4427083333333333 0.22916666666666666 0.4427083333333333 0.24609375 0.4388020833333333 0.24739583333333334 0.4348958333333333 0.23697916666666666 0.4361979166666667 0.22786458333333334
3 0.5169270833333334 0.3932291666666667 0.5221354166666666 0.3984375 0.5208333333333334 0.4192708333333333 0.5169270833333334 0.4231770833333333 0.5078125 0.4127604166666667 0.51171875 0.39453125 0.515625 0.3932291666666667
3 0.5989583333333334 0.6432291666666666 0.6041666666666666 0.6458333333333334 0.6041666666666666 0.6588541666666666 0.6015625 0.6640625 0.5924479166666666 0.6484375 0.5924479166666666 0.64453125 0.59765625 0.6432291666666666
3 0.57421875 0.7109375 0.5768229166666666 0.7122395833333334 0.5768229166666666 0.7239583333333334 0.5794270833333334 0.7278645833333334 0.578125 0.734375 0.57421875 0.7369791666666666 0.5703125 0.7239583333333334 0.5703125 0.7161458333333334 0.5729166666666666 0.7122395833333334
3 0.4635416666666667 0.5078125 0.4596354166666667 0.5026041666666666 0.4596354166666667 0.4895833333333333 0.4622395833333333 0.48828125 0.4674479166666667 0.4973958333333333 0.4674479166666667 0.5026041666666666 0.46484375 0.5065104166666666
3 0.7760416666666666 0.4778645833333333 0.78125 0.4869791666666667 0.78125 0.4921875 0.7760416666666666 0.4973958333333333 0.76953125 0.49609375 0.765625 0.4908854166666667 0.7747395833333334 0.4778645833333333
3 0.5052083333333334 0.8580729166666666 0.5130208333333334 0.8671875 0.5182291666666666 0.8841145833333334 0.5130208333333334 0.8971354166666666 0.51171875 0.8984375 0.5104166666666666 0.88671875 0.5065104166666666 0.8802083333333334 0.5065104166666666 0.8645833333333334 0.50390625 0.859375
3 0.6640625 0.265625 0.6666666666666666 0.265625 0.6692708333333334 0.2708333333333333 0.6666666666666666 0.2890625 0.6627604166666666 0.2903645833333333 0.65625 0.27734375 0.65625 0.2734375 0.6640625 0.2669270833333333
3 0.33203125 0.37916666666666665 0.32890625 0.3611111106770833 0.32421875 0.35972222265625 0.3234375 0.37222222265625 0.33203125 0.37916666666666665
3 0.4421875 0.33749999999999997 0.44453125 0.33055555598958336 0.43906249999999997 0.32083333333333336 0.43828125 0.3333333333333333 0.4421875 0.33749999999999997
3 0.54296875 0.33055555598958336 0.5453125 0.31666666666666665 0.540625 0.3125 0.5390625 0.32638888932291665 0.54296875 0.33055555598958336
0 0 0.6458333333333334 0.08984375 0.64722222265625 0.10781249999999999 0.6375000000000001 0.1265625 0.6124999999999999 0.13984375000000002 0.5638888893229167 0.140625 0.5263888893229166 0.13125 0.48333333333333334 0.11640625 0.45555555598958336 0.10312500000000001 0.44166666666666665 0.0890625 0.43611111067708336 0.0015624999999999999 0.4319444440104167 0 0.43888888932291664 0.0890625 0.44166666666666665 0.10859375 0.45416666666666666 0.12890625 0.49027777734375005 0.13515625 0.5138888893229167 0.13671875 0.54722222265625 0.13515625 0.5694444440104166 0.12578124999999998 0.6013888893229167 0.1125 0.625 0.09453125 0.64027777734375 0.01875 0.6388888893229167 0 0.64027777734375 0 0.6458333333333334
0 0.8406250000000001 0.6638888893229167 0.8296875 0.6555555559895833 0.8125 0.6263888893229167 0.8046875 0.5958333333333333 0.80234375 0.56527777734375 0.8117187499999999 0.5125000000000001 0.8273437499999999 0.48472222265625 0.8445312500000001 0.4708333333333334 0.9625 0.4708333333333334 0.9679687499999999 0.4666666666666666 0.84375 0.46527777734375 0.828125 0.4763888893229167 0.8140625 0.49722222265625 0.8054687500000001 0.5180555559895833 0.7999999999999999 0.5458333333333333 0.7999999999999999 0.59027777734375 0.8039062499999999 0.6124999999999999 0.81796875 0.64722222265625 0.8359375 0.6680555559895834 0.859375 0.6763888893229167 0.9617187500000001 0.67777777734375 0.9609375 0.6736111106770833 0.94921875 0.67222222265625 0.86484375 0.6694444440104167 0.8406250000000001 0.6638888893229167