1 0.3203125 0.49722222265625 0.32265625000000003 0.4944444440104167 0.32265625000000003 0.49027777734375005 0.32109375 0.4875 0.31953125 0.4875 0.31796874999999997 0.48888888932291663 0.31796874999999997 0.4944444440104167 0.3203125 0.49722222265625
3 0.46484375 0.2591145833333333 0.4739583333333333 0.24869791666666666 0.4778645833333333 0.2682291666666667 0.4752604166666667 0.2721354166666667 0.47265625 0.2721354166666667 0.4661458333333333 0.2604166666666667
3 0.58203125 0.4609375 0.5885416666666666 0.46875 0.5872395833333334 0.48046875 0.58203125 0.484375 0.5768229166666666 0.4765625 0.578125 0.4713541666666667 0.5807291666666666 0.4700520833333333 0.58203125 0.4622395833333333
3 0.22526041666666666 0.6354166666666666 0.22786458333333334 0.6354166666666666 0.2265625 0.65625 0.21744791666666666 0.66015625 0.21354166666666666 0.6510416666666666 0.21484375 0.6432291666666666 0.22005208333333334 0.6432291666666666 0.22526041666666666 0.63671875
3 0.3528645833333333 0.5520833333333334 0.35546875 0.56640625 0.3528645833333333 0.5716145833333334 0.3450520833333333 0.5651041666666666 0.3463541666666667 0.5546875 0.3515625 0.5520833333333334
3 0.4361979166666667 0.7291666666666666 0.4401041666666667 0.7369791666666666 0.4388020833333333 0.7513020833333334 0.4322916666666667 0.74609375 0.4322916666666667 0.7395833333333334 0.4361979166666667 0.73046875
3 0.2565104166666667 0.41015625 0.2643229166666667 0.4114583333333333 0.2669270833333333 0.4140625 0.2669270833333333 0.42578125 0.2643229166666667 0.4322916666666667 0.26171875 0.43359375 0.2552083333333333 0.4192708333333333 0.2565104166666667 0.4114583333333333
3 0.4075520833333333 0.1953125 0.4127604166666667 0.20703125 0.4140625 0.22005208333333334 0.41015625 0.22135416666666666 0.40625 0.21484375 0.40625 0.19661458333333334
3 0.35546875 0.4661458333333333 0.3515625 0.4518229166666667 0.3541666666666667 0.44921875 0.3619791666666667 0.4479166666666667 0.3645833333333333 0.44921875 0.3645833333333333 0.4609375 0.3606770833333333 0.4674479166666667 0.3567708333333333 0.4661458333333333
3 0.44921875 0.3697916666666667 0.4518229166666667 0.3776041666666667 0.4518229166666667 0.3880208333333333 0.44921875 0.3893229166666667 0.44140625 0.3802083333333333 0.44140625 0.375 0.4479166666666667 0.3697916666666667
3 0.38671875 0.8294270833333334 0.3893229166666667 0.83984375 0.3893229166666667 0.8528645833333334 0.38671875 0.85546875 0.3815104166666667 0.8489583333333334 0.3815104166666667 0.84375 0.38671875 0.8307291666666666
3 0.39375 0.4944444440104167 0.390625 0.49861111067708336 0.38984375 0.5013888893229167 0.38984375 0.5111111106770834 0.39296875000000003 0.5166666666666667 0.39765625 0.5180555559895833 0.4015625 0.51527777734375 0.4015625 0.5111111106770834 0.40234375 0.50972222265625 0.40234375 0.5 0.39999999999999997 0.4944444440104167 0.39375 0.4944444440104167
3 0.51953125 0.6083333333333333 0.52109375 0.5944444440104167 0.515625 0.5930555559895833 0.5148437499999999 0.6 0.51953125 0.6083333333333333
2 0.4778645833333333 0.2786458333333333 0.48046875 0.2786458333333333 0.4817708333333333 0.2838541666666667 0.4791666666666667 0.3567708333333333 0.4791666666666667 0.5598958333333334 0.4752604166666667 0.7421875 0.4739583333333333 0.94921875 0.4713541666666667 0.94921875 0.4700520833333333 0.9270833333333334 0.4752604166666667 0.6549479166666666 0.4739583333333333 0.6041666666666666 0.4778645833333333 0.2799479166666667
0 0 0.6263888893229167 0.09609374999999999 0.6291666666666667 0.1171875 0.61527777734375 0.134375 0.5888888893229166 0.14453125 0.5513888893229166 0.146875 0.5138888893229167 0.140625 0.47361111067708334 0.12578124999999998 0.44166666666666665 0.10546875 0.42083333333333334 0.0453125 0.4138888893229167 0 0.4138888893229167 0 0.41944444401041664 0.09140625000000001 0.42222222265625 0.11562499999999999 0.43611111067708336 0.13203125000000002 0.46388888932291666 0.14140624999999998 0.49722222265625 0.14296875 0.53472222265625 0.13828125 0.5638888893229167 0.12343749999999999 0.5986111106770834 0.10234375 0.6208333333333333 0 0.6208333333333333 0 0.6263888893229167
0 0.80703125 0.5430555559895833 0.81640625 0.5 0.8250000000000001 0.4805555559895833 0.8367187500000001 0.46388888932291666 0.8515625 0.45277777734375 0.9710399596354167 0.45413934505208337 0.9601562499999999 0.44861111067708337 0.8921875 0.4458333333333333 0.8484375000000001 0.45 0.83203125 0.46388888932291666 0.8171875000000001 0.4875 0.80703125 0.5305555559895833 0.80625 0.56527777734375 0.81015625 0.5944444440104167 0.8171875000000001 0.6166666666666667 0.83828125 0.64722222265625 0.8601562500000001 0.6583333333333333 0.9734375000000001 0.6611111106770834 0.9718749999999999 0.6569444440104167 0.9390625 0.6541666666666667 0.8609375 0.65277777734375 0.8445312500000001 0.6458333333333334 0.8312499999999999 0.6319444440104166 0.81484375 0.5986111106770834 0.80703125 0.5430555559895833