1 0.33203125 0.5208333333333334 0.3328125 0.52222222265625 0.33437500000000003 0.5236111106770833 0.33671875 0.5208333333333334 0.33671875 0.5180555559895833 0.3359375 0.5166666666666667 0.3328125 0.5166666666666667 0.33203125 0.5180555559895833 0.33203125 0.5208333333333334
0 0 0.4140625 0.09244791666666667 0.4166666666666667 0.09375 0.4192708333333333 0.10286458333333333 0.4205729166666667 0.11197916666666667 0.42578125 0.12239583333333333 0.4361979166666667 0.12369791666666667 0.44140625 0.13541666666666666 0.4583333333333333 0.14192708333333334 0.4778645833333333 0.14713541666666666 0.5130208333333334 0.14583333333333334 0.55078125 0.14322916666666666 0.5559895833333334 0.14192708333333334 0.5703125 0.13411458333333334 0.5924479166666666 0.11458333333333333 0.6197916666666666 0.09505208333333333 0.6302083333333334 0 0.6276041666666666 0 0.62109375 0.06901041666666667 0.6236979166666666 0.09505208333333333 0.6236979166666666 0.10286458333333333 0.62109375 0.11979166666666667 0.6067708333333334 0.11979166666666667 0.6041666666666666 0.12760416666666666 0.5950520833333334 0.13541666666666666 0.578125 0.13671875 0.5690104166666666 0.13932291666666666 0.56640625 0.140625 0.5520833333333334 0.14322916666666666 0.546875 0.14322916666666666 0.5026041666666666 0.13932291666666666 0.4830729166666667 0.12760416666666666 0.453125 0.11197916666666667 0.4322916666666667 0.09244791666666667 0.4231770833333333 0 0.4205729166666667 0 0.4153645833333333
0 0.890625 0.4466145833333333 0.9739583333333334 0.4505208333333333 0.9752604166666666 0.4544270833333333 0.9544270833333334 0.4557291666666667 0.859375 0.4518229166666667 0.84765625 0.45703125 0.8359375 0.4674479166666667 0.8268229166666666 0.4791666666666667 0.8255208333333334 0.4856770833333333 0.8177083333333334 0.4986979166666667 0.8098958333333334 0.5325520833333334 0.8098958333333334 0.57421875 0.8190104166666666 0.6106770833333334 0.8346354166666666 0.63671875 0.8515625 0.6510416666666666 0.859375 0.6536458333333334 0.9622395833333334 0.6575520833333334 0.9700520833333334 0.6588541666666666 0.97265625 0.6614583333333334 0.9700520833333334 0.6627604166666666 0.859375 0.6588541666666666 0.84375 0.65234375 0.8372395833333334 0.6471354166666666 0.828125 0.63671875 0.81640625 0.6145833333333334 0.8072916666666666 0.578125 0.8072916666666666 0.53125 0.8125 0.5052083333333334 0.8203125 0.4830729166666667 0.8307291666666666 0.4661458333333333 0.84375 0.453125 0.859375 0.4466145833333333 0.8893229166666666 0.4466145833333333
2 0.48046875 0.12239583333333333 0.4830729166666667 0.1484375 0.4791666666666667 0.36328125 0.48046875 0.4596354166666667 0.4752604166666667 0.7526041666666666 0.4752604166666667 0.8828125 0.4739583333333333 0.94921875 0.4713541666666667 0.94921875 0.4700520833333333 0.92578125 0.47265625 0.8658854166666666 0.4713541666666667 0.8333333333333334 0.4752604166666667 0.6549479166666666 0.4739583333333333 0.6171875 0.4778645833333333 0.34375 0.4765625 0.296875 0.4791666666666667 0.24739583333333334 0.48046875 0.12369791666666667
3 0.5911458333333334 0.43359375 0.5950520833333334 0.4401041666666667 0.5950520833333334 0.44921875 0.5924479166666666 0.4518229166666667 0.5859375 0.4518229166666667 0.5846354166666666 0.44921875 0.5859375 0.43359375 0.58984375 0.43359375
3 0.4557291666666667 0.24739583333333334 0.4583333333333333 0.24739583333333334 0.4609375 0.2604166666666667 0.4596354166666667 0.26953125 0.45703125 0.26953125 0.4518229166666667 0.2604166666666667 0.4557291666666667 0.24869791666666666
3 0.3893229166666667 0.4947916666666667 0.3932291666666667 0.50390625 0.3919270833333333 0.5182291666666666 0.3828125 0.5182291666666666 0.37890625 0.51171875 0.3802083333333333 0.4986979166666667 0.3841145833333333 0.4947916666666667 0.3880208333333333 0.4947916666666667
3 0.5260416666666666 0.59765625 0.5364583333333334 0.6015625 0.5377604166666666 0.6119791666666666 0.5364583333333334 0.6171875 0.53125 0.6184895833333334 0.5260416666666666 0.5989583333333334
3 0.34375 0.5677083333333334 0.3463541666666667 0.5677083333333334 0.3489583333333333 0.57421875 0.3489583333333333 0.5872395833333334 0.3424479166666667 0.5846354166666666 0.33984375 0.5807291666666666 0.33984375 0.5755208333333334 0.34375 0.5690104166666666
3 0.4375 0.3736979166666667 0.4427083333333333 0.3802083333333333 0.4427083333333333 0.3854166666666667 0.4388020833333333 0.390625 0.43359375 0.3880208333333333 0.43359375 0.375 0.4361979166666667 0.3736979166666667
3 0.21744791666666666 0.6432291666666666 0.22005208333333334 0.64453125 0.22135416666666666 0.6614583333333334 0.21744791666666666 0.6627604166666666 0.20963541666666666 0.66015625 0.20963541666666666 0.6484375 0.2109375 0.6458333333333334 0.21614583333333334 0.64453125
3 0.4361979166666667 0.73828125 0.4427083333333333 0.7473958333333334 0.4427083333333333 0.7591145833333334 0.4388020833333333 0.7630208333333334 0.4361979166666667 0.7604166666666666 0.43359375 0.7565104166666666 0.43359375 0.7447916666666666 0.4361979166666667 0.7395833333333334
3 0.2513020833333333 0.43359375 0.2591145833333333 0.4427083333333333 0.2591145833333333 0.4479166666666667 0.2552083333333333 0.4505208333333333 0.24739583333333334 0.44140625 0.24739583333333334 0.4348958333333333 0.25 0.43359375
3 0.4010416666666667 0.19791666666666666 0.4036458333333333 0.19791666666666666 0.4049479166666667 0.203125 0.4088541666666667 0.20703125 0.4075520833333333 0.21744791666666666 0.4049479166666667 0.22005208333333334 0.4010416666666667 0.22005208333333334 0.3984375 0.20963541666666666 0.3984375 0.203125 0.4010416666666667 0.19921875
3 0.3359375 0.4973958333333333 0.3411458333333333 0.4986979166666667 0.3450520833333333 0.5026041666666666 0.3450520833333333 0.515625 0.3385416666666667 0.5169270833333334 0.3372395833333333 0.5234375 0.3346354166666667 0.5247395833333334 0.33203125 0.5221354166666666 0.33203125 0.5182291666666666 0.3359375 0.5130208333333334 0.3359375 0.4986979166666667
3 0.3880208333333333 0.8372395833333334 0.3880208333333333 0.8515625 0.3841145833333333 0.8567708333333334 0.3776041666666667 0.8515625 0.3776041666666667 0.8424479166666666 0.3802083333333333 0.8385416666666666 0.38671875 0.8372395833333334