1 0.5750000000000001 0.7013888893229167 0.5773437499999999 0.7013888893229167 0.578125 0.7000000000000001 0.578125 0.6944444440104167 0.5773437499999999 0.6916666666666668 0.57421875 0.6916666666666668 0.57421875 0.7000000000000001 0.5750000000000001 0.7013888893229167
0 0 0.4114583333333333 0.08723958333333333 0.4140625 0.09635416666666667 0.4166666666666667 0.09765625 0.4192708333333333 0.10416666666666667 0.421875 0.11588541666666667 0.4322916666666667 0.13020833333333334 0.4557291666666667 0.13671875 0.4765625 0.14192708333333334 0.5143229166666666 0.13932291666666666 0.5559895833333334 0.13020833333333334 0.5872395833333334 0.11979166666666667 0.60546875 0.10546875 0.6197916666666666 0.08984375 0.6276041666666666 0 0.6263020833333334 0 0.6197916666666666 0.09114583333333333 0.62109375 0.09765625 0.6184895833333334 0.11328125 0.60546875 0.125 0.5872395833333334 0.13541666666666666 0.5572916666666666 0.13671875 0.5390625 0.13932291666666666 0.5338541666666666 0.13932291666666666 0.5091145833333334 0.13671875 0.50390625 0.13671875 0.4895833333333333 0.1328125 0.4752604166666667 0.12369791666666667 0.4518229166666667 0.11067708333333333 0.43359375 0.10026041666666667 0.42578125 0.08723958333333333 0.4205729166666667 0.01171875 0.4192708333333333 0 0.41796875 0 0.4127604166666667
0 0.9479166666666666 0.4453125 0.9661458333333334 0.4466145833333333 0.9674479166666666 0.4505208333333333 0.8541666666666666 0.4479166666666667 0.8359375 0.45703125 0.8190104166666666 0.4778645833333333 0.8111979166666666 0.4947916666666667 0.8033854166666666 0.52734375 0.8033854166666666 0.5690104166666666 0.8059895833333334 0.5729166666666666 0.8072916666666666 0.5885416666666666 0.8151041666666666 0.6119791666666666 0.8255208333333334 0.62890625 0.8385416666666666 0.6419270833333334 0.8489583333333334 0.6458333333333334 0.8502604166666666 0.6484375 0.96484375 0.6536458333333334 0.96484375 0.6575520833333334 0.90625 0.6575520833333334 0.859375 0.6549479166666666 0.8463541666666666 0.65234375 0.8359375 0.6471354166666666 0.82421875 0.6354166666666666 0.8125 0.6158854166666666 0.8046875 0.5924479166666666 0.80078125 0.5703125 0.80078125 0.5299479166666666 0.8046875 0.5065104166666666 0.81640625 0.4739583333333333 0.828125 0.45703125 0.8424479166666666 0.4466145833333333 0.8502604166666666 0.4440104166666667 0.9466145833333334 0.4453125
2 0.4700520833333333 0.4895833333333333 0.4739583333333333 0.4921875 0.4752604166666667 0.5 0.4739583333333333 0.6302083333333334 0.4713541666666667 0.6484375 0.47265625 0.6809895833333334 0.4700520833333333 0.91796875 0.46875 0.9453125 0.4661458333333333 0.9453125 0.4700520833333333 0.63671875 0.46875 0.6119791666666666 0.4713541666666667 0.5911458333333334 0.4700520833333333 0.4908854166666667
3 0.6197916666666666 0.1640625 0.625 0.17317708333333334 0.6197916666666666 0.19140625 0.61328125 0.19010416666666666 0.6145833333333334 0.171875 0.6158854166666666 0.16666666666666666 0.6184895833333334 0.16536458333333334
3 0.6731770833333334 0.5572916666666666 0.6809895833333334 0.5625 0.6822916666666666 0.5677083333333334 0.6796875 0.58203125 0.6809895833333334 0.59375 0.6783854166666666 0.5989583333333334 0.67578125 0.59765625 0.6744791666666666 0.5807291666666666 0.671875 0.57421875 0.6731770833333334 0.55859375
3 0.6028645833333334 0.8815104166666666 0.609375 0.8932291666666666 0.609375 0.9114583333333334 0.6041666666666666 0.9127604166666666 0.6002604166666666 0.91015625 0.6002604166666666 0.89453125 0.59765625 0.88671875 0.6015625 0.8828125
3 0.8411458333333334 0.5286458333333334 0.8489583333333334 0.5364583333333334 0.8489583333333334 0.5442708333333334 0.8411458333333334 0.546875 0.8294270833333334 0.5455729166666666 0.8372395833333334 0.5299479166666666 0.83984375 0.5286458333333334
3 0.20963541666666666 0.15494791666666666 0.21614583333333334 0.15755208333333334 0.21354166666666666 0.17317708333333334 0.2109375 0.17447916666666666 0.203125 0.171875 0.19921875 0.16536458333333334 0.19921875 0.15625 0.20833333333333334 0.15494791666666666
3 0.2578125 0.3190104166666667 0.2630208333333333 0.3268229166666667 0.2643229166666667 0.3424479166666667 0.26171875 0.3424479166666667 0.25390625 0.3346354166666667 0.2526041666666667 0.3229166666666667 0.2565104166666667 0.3190104166666667
3 0.4869791666666667 0.14583333333333334 0.4947916666666667 0.15494791666666666 0.4934895833333333 0.17447916666666666 0.4908854166666667 0.18229166666666666 0.48828125 0.18229166666666666 0.48046875 0.16927083333333334 0.48046875 0.15625 0.4869791666666667 0.14713541666666666
3 0.4734375 0.4708333333333334 0.47265625 0.47361111067708334 0.4734375 0.4763888893229167 0.47812499999999997 0.4763888893229167 0.47890625000000003 0.47777777734375 0.48046875 0.47777777734375 0.48125 0.47361111067708334 0.48125 0.4680555559895833 0.48046875 0.4666666666666666 0.47578125 0.4666666666666666 0.4734375 0.4708333333333334
3 0.44609375 0.6430555559895833 0.44375000000000003 0.6444444440104167 0.44296874999999997 0.64722222265625 0.44296874999999997 0.6541666666666667 0.44375000000000003 0.6583333333333333 0.44609375 0.6625 0.45 0.6625 0.45078124999999997 0.6611111106770834 0.45078124999999997 0.6555555559895833 0.44921875 0.6513888893229166 0.44921875 0.64722222265625 0.44609375 0.6430555559895833
3 0.39140625 0.8569444440104167 0.38984375 0.8569444440104167 0.3859375 0.8624999999999999 0.3828125 0.8638888893229167 0.38125000000000003 0.8666666666666667 0.38125000000000003 0.8708333333333332 0.38203125 0.8736111106770833 0.38671875 0.8805555559895833 0.38984375 0.8791666666666668 0.38984375 0.87777777734375 0.39218749999999997 0.87222222265625 0.39140625 0.8694444440104167 0.39218749999999997 0.8583333333333334 0.39140625 0.8569444440104167
3 0.0984375 0.47777777734375 0.0890625 0.4791666666666667 0.08359375000000001 0.47777777734375 0.08125 0.4791666666666667 0.07890625 0.48333333333333334 0.07890625 0.48888888932291663 0.08046874999999999 0.49305555598958334 0.0828125 0.4944444440104167 0.08515625 0.4944444440104167 0.08984375 0.49027777734375005 0.09531250000000001 0.49027777734375005 0.096875 0.4875 0.0984375 0.48194444401041664 0.0984375 0.47777777734375
3 0.68984375 0.7263888893229167 0.6882812500000001 0.7263888893229167 0.678125 0.73472222265625 0.6765625000000001 0.7374999999999999 0.6765625000000001 0.7416666666666667 0.678125 0.7444444440104167 0.6790375000000001 0.7525569440104167 0.6815578125 0.7516138893229166 0.68368046875 0.7494916666666667 0.6832828125 0.75302777734375 0.6858031250000001 0.74972777734375 0.6868826835937499 0.7508060130208333 0.68984375 0.74027777734375 0.6906249999999999 0.7277777773437499 0.68984375 0.7263888893229167