1 0.47031249999999997 0.525 0.47265625 0.52222222265625 0.47265625 0.5194444440104167 0.471875 0.5180555559895833 0.47031249999999997 0.5166666666666667 0.46875 0.5180555559895833 0.46796875 0.5194444440104167 0.46796875 0.52222222265625 0.46875 0.5236111106770833 0.47031249999999997 0.525
3 0.6302083333333334 0.26171875 0.6302083333333334 0.24088541666666666 0.6328125 0.23828125 0.6380208333333334 0.2421875 0.6380208333333334 0.2552083333333333 0.6354166666666666 0.26171875 0.6315104166666666 0.26171875
3 0.6328125 0.5403645833333334 0.64453125 0.5364583333333334 0.6471354166666666 0.5416666666666666 0.6471354166666666 0.5481770833333334 0.6432291666666666 0.5546875 0.6393229166666666 0.5533854166666666 0.6328125 0.5416666666666666
3 0.5026041666666666 0.30078125 0.5078125 0.30859375 0.5065104166666666 0.3190104166666667 0.5026041666666666 0.32421875 0.4986979166666667 0.3229166666666667 0.4986979166666667 0.3125 0.49609375 0.30859375 0.49609375 0.3059895833333333 0.5013020833333334 0.30078125
3 0.4869791666666667 0.3815104166666667 0.4908854166666667 0.3815104166666667 0.4947916666666667 0.3854166666666667 0.4973958333333333 0.39453125 0.4947916666666667 0.4049479166666667 0.48828125 0.4049479166666667 0.484375 0.3971354166666667 0.484375 0.3854166666666667 0.4869791666666667 0.3828125
3 0.57421875 0.6197916666666666 0.5794270833333334 0.6184895833333334 0.58203125 0.62109375 0.58203125 0.6354166666666666 0.5807291666666666 0.6380208333333334 0.578125 0.6380208333333334 0.5755208333333334 0.62109375
3 0.3990885416666667 0.345703125 0.011067708333333334 0.01953125
3 0.44921875 0.23958333333333334 0.4518229166666667 0.24348958333333334 0.4518229166666667 0.2552083333333333 0.44921875 0.2578125 0.4453125 0.2552083333333333 0.4440104166666667 0.2513020833333333 0.4440104166666667 0.2421875 0.4479166666666667 0.23958333333333334
3 0.4348958333333333 0.4427083333333333 0.4348958333333333 0.45703125 0.4296875 0.4557291666666667 0.4296875 0.4440104166666667 0.43359375 0.4427083333333333
3 0.7591145833333334 0.55078125 0.7526041666666666 0.5481770833333334 0.75390625 0.5325520833333334 0.7565104166666666 0.5299479166666666 0.7604166666666666 0.5299479166666666 0.7643229166666666 0.53515625 0.7643229166666666 0.5442708333333334 0.7604166666666666 0.5494791666666666
3 0.4739583333333333 0.8385416666666666 0.4778645833333333 0.83984375 0.4830729166666667 0.84765625 0.4830729166666667 0.8684895833333334 0.48046875 0.87109375 0.4765625 0.8658854166666666 0.47265625 0.8515625 0.4739583333333333 0.83984375
3 0.4244791666666667 0.5182291666666666 0.4283854166666667 0.5182291666666666 0.4283854166666667 0.5364583333333334 0.42578125 0.5364583333333334 0.4231770833333333 0.5325520833333334 0.4244791666666667 0.51953125
3 0.53359375 0.7097222226562501 0.53515625 0.6986111106770833 0.52578125 0.6986111106770833 0.5328125 0.7305555559895834 0.5359375000000001 0.7194444440104166 0.53359375 0.7097222226562501
2 0.4778645833333333 0.140625 0.48046875 0.15494791666666666 0.48046875 0.17578125 0.4778645833333333 0.3125 0.4778645833333333 0.5559895833333334 0.4739583333333333 0.7421875 0.4752604166666667 0.8359375 0.4739583333333333 0.8424479166666666 0.4713541666666667 0.83984375 0.4739583333333333 0.5924479166666666 0.47265625 0.515625 0.4752604166666667 0.4947916666666667 0.4739583333333333 0.4505208333333333 0.4778645833333333 0.14192708333333334
0 0 0.6430555559895833 0.09609374999999999 0.6458333333333334 0.10781249999999999 0.64027777734375 0.1265625 0.6208333333333333 0.14140624999999998 0.5875 0.14765625000000002 0.5444444440104167 0.14375000000000002 0.5013888893229167 0.13359374999999998 0.47222222265625 0.11953124999999999 0.45 0.09999999999999999 0.43611111067708336 0.039843750000000004 0.4319444440104167 0 0.4319444440104167 0 0.4375 0.08828124999999999 0.43888888932291664 0.1140625 0.4513888893229167 0.12812500000000002 0.4708333333333334 0.1421875 0.5138888893229167 0.14140624999999998 0.5708333333333333 0.13125 0.6041666666666666 0.1140625 0.6291666666666667 0.1046875 0.6361111106770834 0.09375 0.64027777734375 0 0.6361111106770834 0 0.6430555559895833
0 0.8359375 0.6611111106770834 0.8585937499999999 0.67222222265625 0.9703125 0.6749999999999999 0.9703125 0.6708333333333334 0.8757812500000001 0.6680555559895834 0.8445312500000001 0.6611111106770834 0.8132812500000001 0.625 0.81484375 0.6194444440104167 0.80703125 0.57222222265625 0.80859375 0.5361111106770834 0.8156249999999999 0.5111111106770834 0.83046875 0.48333333333333334 0.8445312500000001 0.4708333333333334 0.8523437500000001 0.4666666666666666 0.9703125 0.4680555559895833 0.9703125 0.46249999999999997 0.84765625 0.46249999999999997 0.8296875 0.4763888893229167 0.81640625 0.49722222265625 0.8046875 0.54027777734375 0.803125 0.5736111106770834 0.81015625 0.6180555559895834 0.8171875000000001 0.6361111106770834 0.8359375 0.6611111106770834