1 0.44296874999999997 0.3125 0.44296874999999997 0.30972222265625 0.4421875 0.30833333333333335 0.43906249999999997 0.30833333333333335 0.43906249999999997 0.31527777734375 0.4421875 0.31527777734375 0.44296874999999997 0.3125
0 0 0.4296875 0.08333333333333333 0.4322916666666667 0.09895833333333333 0.4375 0.11848958333333333 0.4583333333333333 0.12760416666666666 0.4765625 0.13411458333333334 0.49609375 0.13802083333333334 0.5260416666666666 0.13671875 0.5690104166666666 0.13020833333333334 0.5963541666666666 0.11458333333333333 0.6263020833333334 0.10286458333333333 0.6380208333333334 0.09505208333333333 0.6432291666666666 0.08854166666666667 0.64453125 0.08723958333333333 0.6471354166666666 0.05078125 0.6471354166666666 0.049479166666666664 0.64453125 0 0.64453125 0 0.6380208333333334 0.08463541666666667 0.640625 0.09765625 0.6354166666666666 0.10807291666666667 0.6263020833333334 0.125 0.5989583333333334 0.13151041666666666 0.5768229166666666 0.13541666666666666 0.55078125 0.13541666666666666 0.52734375 0.13151041666666666 0.5 0.12369791666666667 0.4765625 0.11197916666666667 0.45703125 0.10286458333333333 0.4479166666666667 0.08854166666666667 0.4401041666666667 0.04296875 0.4388020833333333 0.041666666666666664 0.4361979166666667 0 0.4361979166666667 0 0.4309895833333333
0 0.8932291666666666 0.4622395833333333 0.9661458333333334 0.46484375 0.9674479166666666 0.46875 0.9296875 0.4700520833333333 0.8971354166666666 0.4674479166666667 0.8502604166666666 0.4674479166666667 0.8359375 0.4752604166666667 0.8229166666666666 0.4895833333333333 0.8151041666666666 0.50390625 0.8033854166666666 0.5416666666666666 0.8020833333333334 0.5690104166666666 0.8072916666666666 0.6106770833333334 0.8151041666666666 0.6315104166666666 0.8255208333333334 0.6484375 0.84375 0.6640625 0.8580729166666666 0.6666666666666666 0.859375 0.6692708333333334 0.9544270833333334 0.671875 0.9661458333333334 0.6744791666666666 0.9635416666666666 0.6770833333333334 0.8828125 0.67578125 0.8463541666666666 0.671875 0.83984375 0.6692708333333334 0.82421875 0.6549479166666666 0.80859375 0.6263020833333334 0.80078125 0.5950520833333334 0.80078125 0.5416666666666666 0.8046875 0.5208333333333334 0.81640625 0.4908854166666667 0.828125 0.4752604166666667 0.8463541666666666 0.4635416666666667 0.8919270833333334 0.4622395833333333
2 0.4739583333333333 0.13802083333333334 0.4739583333333333 0.4739583333333333 0.4713541666666667 0.484375 0.47265625 0.515625 0.4674479166666667 0.96484375 0.46484375 0.9661458333333334 0.4635416666666667 0.9609375 0.4635416666666667 0.88671875 0.4674479166666667 0.7591145833333334 0.47265625 0.13932291666666666
3 0.5690104166666666 0.44921875 0.5716145833333334 0.4544270833333333 0.5716145833333334 0.4622395833333333 0.5677083333333334 0.4713541666666667 0.5598958333333334 0.4622395833333333 0.5625 0.453125 0.5677083333333334 0.44921875
3 0.66015625 0.5729166666666666 0.6666666666666666 0.5716145833333334 0.6692708333333334 0.57421875 0.6692708333333334 0.5846354166666666 0.6666666666666666 0.58984375 0.66015625 0.5885416666666666 0.66015625 0.57421875
3 0.2747395833333333 0.40234375 0.2890625 0.40625 0.2864583333333333 0.4231770833333333 0.2825520833333333 0.4244791666666667 0.27734375 0.4192708333333333 0.2734375 0.4088541666666667 0.2747395833333333 0.4036458333333333
3 0.640625 0.40625 0.6458333333333334 0.4114583333333333 0.6458333333333334 0.42578125 0.6432291666666666 0.4309895833333333 0.63671875 0.4309895833333333 0.6328125 0.4231770833333333 0.6328125 0.4192708333333333 0.6393229166666666 0.4075520833333333
3 0.75390625 0.34765625 0.7591145833333334 0.34765625 0.7643229166666666 0.3424479166666667 0.7682291666666666 0.3424479166666667 0.76953125 0.3450520833333333 0.7682291666666666 0.3567708333333333 0.76171875 0.36328125 0.7578125 0.359375 0.75390625 0.3489583333333333
3 0.44140625 0.2421875 0.4466145833333333 0.24348958333333334 0.4466145833333333 0.265625 0.44140625 0.2643229166666667 0.44140625 0.24348958333333334
3 0.8346354166666666 0.5065104166666666 0.8424479166666666 0.5065104166666666 0.8450520833333334 0.5104166666666666 0.8450520833333334 0.5182291666666666 0.8385416666666666 0.52734375 0.8346354166666666 0.5260416666666666 0.828125 0.5182291666666666 0.828125 0.51171875 0.8346354166666666 0.5078125
3 0.7057291666666666 0.6484375 0.7044270833333334 0.6432291666666666 0.71484375 0.6354166666666666 0.71875 0.6354166666666666 0.7213541666666666 0.6393229166666666 0.7200520833333334 0.6510416666666666 0.7135416666666666 0.6549479166666666 0.70703125 0.6484375
3 0.52734375 0.3307291666666667 0.5260416666666666 0.3190104166666667 0.53125 0.30859375 0.5338541666666666 0.3307291666666667 0.5286458333333334 0.3307291666666667
3 0.6536458333333334 0.3287760416666667 0.01171875 0.0234375
3 0.6023437500000001 0.8972222226562501 0.603125 0.8972222226562501 0.60546875 0.9013888893229166 0.60546875 0.8944444440104166 0.6062500000000001 0.8930555559895833 0.6062500000000001 0.8833333333333333 0.60546875 0.8791666666666668 0.6023437500000001 0.875 0.6 0.8763888893229167 0.59921875 0.8791666666666668 0.59921875 0.8875000000000001 0.6015625 0.8930555559895833 0.6023437500000001 0.8972222226562501
3 0.6578125 0.7430555559895833 0.6609375000000001 0.7458333333333332 0.66171875 0.7444444440104167 0.6625 0.7361111106770833 0.6632812499999999 0.73472222265625 0.6640625 0.7152777773437501 0.66171875 0.7125 0.66015625 0.7125 0.6578125 0.7083333333333334 0.6546875 0.7083333333333334 0.65390625 0.7097222226562501 0.6554687499999999 0.7166666666666667 0.65625 0.7319444440104167 0.6578125 0.7430555559895833