1 0.53125 0.5208333333333334 0.5343749999999999 0.5208333333333334 0.53515625 0.5194444440104167 0.53515625 0.51527777734375 0.53359375 0.5125000000000001 0.5304687499999999 0.5138888893229167 0.5304687499999999 0.5194444440104167 0.53125 0.5208333333333334
0 0.9830729166666666 0.4309895833333333 0.90234375 0.4322916666666667 0.8919270833333334 0.4348958333333333 0.8841145833333334 0.44140625 0.87109375 0.4544270833333333 0.8619791666666666 0.4713541666666667 0.85546875 0.4895833333333333 0.8515625 0.5091145833333334 0.8515625 0.5546875 0.859375 0.5872395833333334 0.8658854166666666 0.5963541666666666 0.8697916666666666 0.6067708333333334 0.8893229166666666 0.6276041666666666 0.8997395833333334 0.6315104166666666 0.9986979166666666 0.62890625 0.9986979166666666 0.6341145833333334 0.8958333333333334 0.63671875 0.8828125 0.6302083333333334 0.8684895833333334 0.6145833333333334 0.8606770833333334 0.6002604166666666 0.8515625 0.57421875 0.84765625 0.5494791666666666 0.84765625 0.515625 0.8528645833333334 0.484375 0.85546875 0.4817708333333333 0.8567708333333334 0.47265625 0.8645833333333334 0.4557291666666667 0.8802083333333334 0.4361979166666667 0.8971354166666666 0.4270833333333333 0.9986979166666666 0.4244791666666667 0.9986979166666666 0.4309895833333333 0.984375 0.4296875
0 0.02734375 0.4557291666666667 0.14322916666666666 0.453125 0.15625 0.4583333333333333 0.171875 0.4739583333333333 0.18359375 0.4947916666666667 0.19140625 0.51953125 0.19140625 0.53125 0.19401041666666666 0.5403645833333334 0.19401041666666666 0.5794270833333334 0.19010416666666666 0.6015625 0.1875 0.6041666666666666 0.1875 0.6106770833333334 0.17838541666666666 0.6315104166666666 0.16276041666666666 0.65234375 0.15104166666666666 0.66015625 0.12890625 0.6640625 0.03125 0.6653645833333334 0.03125 0.6627604166666666 0.0390625 0.6614583333333334 0.1328125 0.6588541666666666 0.14322916666666666 0.6575520833333334 0.15625 0.6510416666666666 0.171875 0.6341145833333334 0.18489583333333334 0.6067708333333334 0.19140625 0.5755208333333334 0.19140625 0.5403645833333334 0.1875 0.5169270833333334 0.1796875 0.4947916666666667 0.16927083333333334 0.4778645833333333 0.15494791666666666 0.46484375 0.14322916666666666 0.4596354166666667 0.02734375 0.4609375 0.02734375 0.45703125
2 0.5208333333333334 0.4713541666666667 0.5260416666666666 0.7760416666666666 0.5247395833333334 0.80078125 0.52734375 0.8723958333333334 0.52734375 0.94140625 0.5260416666666666 0.953125 0.5234375 0.9479166666666666 0.5221354166666666 0.7239583333333334 0.51953125 0.62890625 0.5208333333333334 0.5859375 0.5182291666666666 0.4947916666666667 0.5208333333333334 0.47265625
3 0.4856770833333333 0.7135416666666666 0.4908854166666667 0.7200520833333334 0.4908854166666667 0.73046875 0.4869791666666667 0.7330729166666666 0.484375 0.73046875 0.4856770833333333 0.71484375
3 0.4348958333333333 0.55078125 0.4401041666666667 0.5559895833333334 0.4401041666666667 0.5690104166666666 0.4375 0.57421875 0.4348958333333333 0.57421875 0.4348958333333333 0.5520833333333334
3 0.4661458333333333 0.2643229166666667 0.4674479166666667 0.27734375 0.46484375 0.28515625 0.4622395833333333 0.2864583333333333 0.4583333333333333 0.2786458333333333 0.4583333333333333 0.2669270833333333 0.4609375 0.2643229166666667 0.46484375 0.2643229166666667
3 0.4973958333333333 0.6197916666666666 0.5013020833333334 0.625 0.4986979166666667 0.6393229166666666 0.49609375 0.640625 0.4934895833333333 0.63671875 0.4934895833333333 0.6236979166666666 0.49609375 0.62109375
3 0.5774739583333334 0.59375 0.008463541666666666 0.018229166666666668
3 0.6354166666666666 0.32421875 0.6393229166666666 0.33203125 0.6328125 0.33984375 0.62890625 0.33984375 0.6276041666666666 0.328125 0.6302083333333334 0.32421875 0.6341145833333334 0.32421875
3 0.5618489583333334 0.4134114583333333 0.010416666666666666 0.014973958333333334
3 0.5970052083333334 0.7786458333333334 0.013020833333333334 0.018229166666666668
3 0.5390625 0.23828125 0.546875 0.24088541666666666 0.54296875 0.2591145833333333 0.5390625 0.2604166666666667 0.53515625 0.2552083333333333 0.5390625 0.23958333333333334
3 0.33984375 0.5865885416666666 0.009114583333333334 0.0234375
3 0.4778645833333333 0.47265625 0.007161458333333333 0.020833333333333332
3 0.5265624999999999 0.4611111106770833 0.5281250000000001 0.4430555559895833 0.51953125 0.44027777734375 0.515625 0.45972222265625 0.5265624999999999 0.4611111106770833