1 0.525 0.5333333333333333 0.52578125 0.5361111106770834 0.5281250000000001 0.5361111106770834 0.5296875 0.5333333333333333 0.5296875 0.5291666666666667 0.5281250000000001 0.52777777734375 0.52578125 0.52777777734375 0.525 0.5291666666666667 0.525 0.5333333333333333
0 0.9114583333333334 0.4166666666666667 0.9986979166666666 0.4140625 0.9986979166666666 0.4205729166666667 0.9908854166666666 0.421875 0.91015625 0.4231770833333333 0.8971354166666666 0.4283854166666667 0.8854166666666666 0.4375 0.8854166666666666 0.4401041666666667 0.875 0.4518229166666667 0.8645833333333334 0.4778645833333333 0.859375 0.50390625 0.859375 0.5442708333333334 0.8619791666666666 0.5494791666666666 0.86328125 0.5638020833333334 0.8697916666666666 0.5846354166666666 0.8828125 0.60546875 0.8958333333333334 0.6184895833333334 0.91015625 0.6236979166666666 0.9986979166666666 0.62109375 0.9986979166666666 0.6276041666666666 0.9752604166666666 0.62890625 0.9114583333333334 0.6302083333333334 0.8997395833333334 0.6276041666666666 0.8802083333333334 0.6106770833333334 0.8645833333333334 0.58203125 0.859375 0.5638020833333334 0.85546875 0.53125 0.8567708333333334 0.5 0.8606770833333334 0.4791666666666667 0.8684895833333334 0.4557291666666667 0.8828125 0.43359375 0.8958333333333334 0.4231770833333333 0.9114583333333334 0.41796875
0 0.15234375 0.4466145833333333 0.17057291666666666 0.4583333333333333 0.18229166666666666 0.4765625 0.19140625 0.4986979166666667 0.19791666666666666 0.5338541666666666 0.19791666666666666 0.5703125 0.1953125 0.5872395833333334 0.19140625 0.5963541666666666 0.19010416666666666 0.6067708333333334 0.17838541666666666 0.6315104166666666 0.16276041666666666 0.6484375 0.1484375 0.6549479166666666 0.12760416666666666 0.6575520833333334 0.037760416666666664 0.66015625 0.032552083333333336 0.6588541666666666 0.033854166666666664 0.6549479166666666 0.14453125 0.6510416666666666 0.15234375 0.6484375 0.16276041666666666 0.640625 0.1796875 0.6197916666666666 0.18880208333333334 0.5989583333333334 0.19270833333333334 0.57421875 0.1953125 0.5690104166666666 0.1953125 0.5325520833333334 0.1875 0.5052083333333334 0.1875 0.4973958333333333 0.17317708333333334 0.4700520833333333 0.15885416666666666 0.4557291666666667 0.1484375 0.4505208333333333 0.046875 0.453125 0.032552083333333336 0.453125 0.029947916666666668 0.4505208333333333 0.03125 0.4479166666666667 0.048177083333333336 0.4466145833333333 0.15104166666666666 0.4466145833333333
2 0.5247395833333334 0.5325520833333334 0.52734375 0.5338541666666666 0.52734375 0.58984375 0.5299479166666666 0.6158854166666666 0.5286458333333334 0.65234375 0.5325520833333334 0.9166666666666666 0.5325520833333334 0.9453125 0.53125 0.9479166666666666 0.5286458333333334 0.9453125 0.52734375 0.6536458333333334 0.5247395833333334 0.63671875 0.5234375 0.5520833333333334 0.5247395833333334 0.5338541666666666
3 0.3118489583333333 0.5611979166666666 0.010416666666666666 0.022135416666666668
3 0.89453125 0.4739583333333333 0.8997395833333334 0.4778645833333333 0.90625 0.4778645833333333 0.9088541666666666 0.4830729166666667 0.90625 0.4934895833333333 0.8997395833333334 0.4895833333333333 0.8919270833333334 0.4895833333333333 0.890625 0.4739583333333333 0.8932291666666666 0.4739583333333333
3 0.37890625 0.16276041666666666 0.3828125 0.16536458333333334 0.3854166666666667 0.17447916666666666 0.3828125 0.18489583333333334 0.37890625 0.18489583333333334 0.3763020833333333 0.18098958333333334 0.375 0.16666666666666666 0.3776041666666667 0.1640625
3 0.5559895833333334 0.6575520833333334 0.5572916666666666 0.640625 0.5625 0.6419270833333334 0.5625 0.6536458333333334 0.55859375 0.6588541666666666 0.5572916666666666 0.6575520833333334
3 0.5872395833333334 0.8854166666666666 0.5859375 0.8776041666666666 0.5885416666666666 0.8619791666666666 0.5924479166666666 0.8619791666666666 0.5963541666666666 0.8684895833333334 0.59375 0.8736979166666666 0.59375 0.8815104166666666 0.5885416666666666 0.8854166666666666
3 0.7291666666666666 0.21223958333333334 0.73046875 0.22135416666666666 0.7213541666666666 0.23828125 0.7161458333333334 0.23567708333333334 0.7161458333333334 0.22395833333333334 0.7278645833333334 0.21223958333333334
3 0.3971354166666667 0.8268229166666666 0.4010416666666667 0.8333333333333334 0.4010416666666667 0.8411458333333334 0.3958333333333333 0.84765625 0.3919270833333333 0.8463541666666666 0.3919270833333333 0.83203125 0.3958333333333333 0.8268229166666666
3 0.7890625 0.13932291666666666 0.7916666666666666 0.13932291666666666 0.7942708333333334 0.14453125 0.7916666666666666 0.15625 0.7825520833333334 0.16145833333333334 0.78125 0.15364583333333334 0.7825520833333334 0.14583333333333334 0.7890625 0.140625
3 0.5104166666666666 0.14583333333333334 0.5182291666666666 0.14583333333333334 0.5208333333333334 0.15364583333333334 0.5182291666666666 0.17447916666666666 0.5143229166666666 0.1796875 0.51171875 0.1796875 0.5078125 0.17447916666666666 0.5078125 0.15104166666666666 0.5104166666666666 0.14713541666666666
3 0.2955729166666667 0.7018229166666666 0.2994791666666667 0.7083333333333334 0.2994791666666667 0.7174479166666666 0.296875 0.7200520833333334 0.2955729166666667 0.73046875 0.2903645833333333 0.7278645833333334 0.2877604166666667 0.7174479166666666 0.2890625 0.7083333333333334 0.2942708333333333 0.703125
3 0.16927083333333334 0.5104166666666666 0.17447916666666666 0.5104166666666666 0.17578125 0.515625 0.18229166666666666 0.51953125 0.1796875 0.5247395833333334 0.18098958333333334 0.5299479166666666 0.16927083333333334 0.5338541666666666 0.16536458333333334 0.5286458333333334 0.16536458333333334 0.5182291666666666 0.16927083333333334 0.51171875
3 0.5260416666666666 0.51171875 0.5260416666666666 0.5364583333333334 0.5208333333333334 0.5338541666666666 0.5208333333333334 0.5143229166666666 0.5247395833333334 0.51171875