1 0.5375 0.6541666666666667 0.5375 0.6486111106770833 0.53671875 0.64722222265625 0.5343749999999999 0.64722222265625 0.53359375 0.6486111106770833 0.53359375 0.6541666666666667 0.53671875 0.6555555559895833 0.5375 0.6541666666666667
0 0 0.4296875 0.09635416666666667 0.4322916666666667 0.11067708333333333 0.4375 0.12760416666666666 0.4544270833333333 0.13411458333333334 0.46484375 0.14583333333333334 0.4973958333333333 0.14973958333333334 0.5247395833333334 0.14973958333333334 0.5533854166666666 0.14192708333333334 0.5950520833333334 0.13020833333333334 0.6184895833333334 0.11848958333333333 0.6328125 0.09895833333333333 0.6432291666666666 0 0.640625 0 0.6354166666666666 0.09635416666666667 0.6380208333333334 0.11197916666666667 0.6315104166666666 0.125 0.6171875 0.13671875 0.5950520833333334 0.14322916666666666 0.5755208333333334 0.14713541666666666 0.5494791666666666 0.14453125 0.5091145833333334 0.13932291666666666 0.4869791666666667 0.125 0.4583333333333333 0.11458333333333333 0.4479166666666667 0.10677083333333333 0.4427083333333333 0.09114583333333333 0.4388020833333333 0.0078125 0.4361979166666667 0 0.4348958333333333 0 0.4309895833333333
0 0.8971354166666666 0.45703125 0.9752604166666666 0.4609375 0.9752604166666666 0.46484375 0.8567708333333334 0.4635416666666667 0.8424479166666666 0.4713541666666667 0.8346354166666666 0.4791666666666667 0.8229166666666666 0.4973958333333333 0.8151041666666666 0.515625 0.8111979166666666 0.5325520833333334 0.8098958333333334 0.5846354166666666 0.8190104166666666 0.6197916666666666 0.8346354166666666 0.6471354166666666 0.84375 0.65625 0.8541666666666666 0.6614583333333334 0.8671875 0.6640625 0.9661458333333334 0.6666666666666666 0.9674479166666666 0.6692708333333334 0.9700520833333334 0.6666666666666666 0.97265625 0.6692708333333334 0.97265625 0.671875 0.9700520833333334 0.6731770833333334 0.8984375 0.671875 0.85546875 0.66796875 0.8541666666666666 0.6653645833333334 0.84765625 0.6640625 0.83984375 0.6588541666666666 0.828125 0.6471354166666666 0.8125 0.61328125 0.8072916666666666 0.5872395833333334 0.8072916666666666 0.5403645833333334 0.8125 0.5143229166666666 0.8203125 0.4934895833333333 0.828125 0.4791666666666667 0.83984375 0.4674479166666667 0.8528645833333334 0.4609375 0.8541666666666666 0.4583333333333333 0.8958333333333334 0.45703125
2 0.48046875 0.4622395833333333 0.4765625 0.7747395833333334 0.4778645833333333 0.7942708333333334 0.4739583333333333 0.9622395833333334 0.47265625 0.8177083333333334 0.4765625 0.6380208333333334 0.4765625 0.4661458333333333 0.4791666666666667 0.4635416666666667
3 0.4596354166666667 0.2682291666666667 0.45703125 0.2643229166666667 0.45703125 0.25 0.4596354166666667 0.24609375 0.4635416666666667 0.24609375 0.46484375 0.2526041666666667 0.46484375 0.265625 0.4635416666666667 0.2682291666666667 0.4609375 0.2682291666666667
3 0.6041666666666666 0.2591145833333333 0.6067708333333334 0.2591145833333333 0.6080729166666666 0.26171875 0.609375 0.2760416666666667 0.6067708333333334 0.2799479166666667 0.6002604166666666 0.2786458333333333 0.6002604166666666 0.26953125 0.6041666666666666 0.2604166666666667
3 0.515625 0.7005208333333334 0.5182291666666666 0.7278645833333334 0.515625 0.73046875 0.5104166666666666 0.7135416666666666 0.51171875 0.70703125 0.515625 0.7018229166666666
3 0.3971354166666667 0.3385416666666667 0.4010416666666667 0.3411458333333333 0.4036458333333333 0.3528645833333333 0.4010416666666667 0.3697916666666667 0.3932291666666667 0.3567708333333333 0.3919270833333333 0.3489583333333333 0.3932291666666667 0.3411458333333333 0.3958333333333333 0.33984375
3 0.6197916666666666 0.5208333333333334 0.6236979166666666 0.5286458333333334 0.6223958333333334 0.53515625 0.6197916666666666 0.5377604166666666 0.6158854166666666 0.5377604166666666 0.6119791666666666 0.5325520833333334 0.6119791666666666 0.5286458333333334 0.6197916666666666 0.5221354166666666
3 0.5475260416666666 0.66796875 0.010416666666666666 0.01953125
3 0.453125 0.5651041666666666 0.4557291666666667 0.5651041666666666 0.4583333333333333 0.5703125 0.4583333333333333 0.5794270833333334 0.4544270833333333 0.58203125 0.44921875 0.5794270833333334 0.44921875 0.5729166666666666 0.453125 0.56640625
3 0.4466145833333333 0.8125 0.44921875 0.8125 0.4544270833333333 0.8268229166666666 0.453125 0.8359375 0.44921875 0.83984375 0.4453125 0.83203125 0.4466145833333333 0.8138020833333334
3 0.7408854166666666 0.578125 0.7473958333333334 0.58984375 0.7473958333333334 0.5950520833333334 0.7434895833333334 0.5989583333333334 0.7369791666666666 0.5963541666666666 0.7369791666666666 0.5794270833333334 0.7395833333333334 0.578125
3 0.46875 0.3359375 0.4752604166666667 0.3411458333333333 0.4739583333333333 0.3502604166666667 0.4700520833333333 0.35546875 0.4674479166666667 0.35546875 0.46484375 0.3489583333333333 0.46484375 0.3372395833333333 0.4674479166666667 0.3359375
3 0.5247395833333334 0.4505208333333333 0.5260416666666666 0.4622395833333333 0.5221354166666666 0.4700520833333333 0.51953125 0.4700520833333333 0.515625 0.46484375 0.515625 0.453125 0.5208333333333334 0.44921875 0.5234375 0.4505208333333333
3 0.48515625 0.4291666666666667 0.48359375 0.4138888893229167 0.47578125 0.4138888893229167 0.4734375 0.43055555598958334 0.47734375 0.43611111067708336 0.48281250000000003 0.43472222265625 0.48515625 0.4291666666666667