0 0.9986979166666666 0.4114583333333333 0.9986979166666666 0.41796875 0.9153645833333334 0.4205729166666667 0.9049479166666666 0.4231770833333333 0.8958333333333334 0.4283854166666667 0.87890625 0.4479166666666667 0.8671875 0.4765625 0.8619791666666666 0.50390625 0.86328125 0.5520833333333334 0.875 0.5885416666666666 0.88671875 0.60546875 0.8971354166666666 0.6158854166666666 0.91015625 0.6223958333333334 0.9986979166666666 0.6197916666666666 0.9986979166666666 0.6263020833333334 0.9322916666666666 0.62890625 0.9075520833333334 0.6276041666666666 0.8919270833333334 0.6184895833333334 0.8828125 0.609375 0.8684895833333334 0.5846354166666666 0.859375 0.5442708333333334 0.859375 0.5 0.8645833333333334 0.47265625 0.87109375 0.4544270833333333 0.8828125 0.4348958333333333 0.9036458333333334 0.4166666666666667 0.9140625 0.4140625 0.9973958333333334 0.4114583333333333
0 0.15104166666666666 0.4466145833333333 0.16666666666666666 0.4557291666666667 0.17838541666666666 0.4700520833333333 0.19010416666666666 0.4947916666666667 0.19401041666666666 0.5091145833333334 0.19791666666666666 0.5338541666666666 0.19791666666666666 0.5703125 0.19010416666666666 0.6080729166666666 0.17447916666666666 0.63671875 0.16015625 0.6510416666666666 0.15494791666666666 0.6536458333333334 0.13802083333333334 0.6575520833333334 0.07682291666666667 0.66015625 0.033854166666666664 0.66015625 0.032552083333333336 0.6575520833333334 0.03515625 0.65625 0.14713541666666666 0.6510416666666666 0.15885416666666666 0.64453125 0.17578125 0.6276041666666666 0.18489583333333334 0.6106770833333334 0.19140625 0.58984375 0.19270833333333334 0.57421875 0.1953125 0.5703125 0.1953125 0.53515625 0.19270833333333334 0.5286458333333334 0.19140625 0.51171875 0.1875 0.4973958333333333 0.17578125 0.4739583333333333 0.16015625 0.45703125 0.15104166666666666 0.4518229166666667 0.11848958333333333 0.4505208333333333 0.029947916666666668 0.453125 0.029947916666666668 0.4505208333333333 0.036458333333333336 0.4479166666666667 0.11067708333333333 0.4453125 0.14973958333333334 0.4466145833333333
2 0.5221354166666666 0.12239583333333333 0.5247395833333334 0.12239583333333333 0.5260416666666666 0.14322916666666666 0.5260416666666666 0.23958333333333334 0.5234375 0.23958333333333334 0.5221354166666666 0.12369791666666667
3 0.75 0.4518229166666667 0.7552083333333334 0.45703125 0.7552083333333334 0.4635416666666667 0.7473958333333334 0.46484375 0.7447916666666666 0.4674479166666667 0.7395833333333334 0.4635416666666667 0.7395833333333334 0.4544270833333333 0.7421875 0.4518229166666667 0.7486979166666666 0.4518229166666667
3 0.69140625 0.83203125 0.69140625 0.8489583333333334 0.6848958333333334 0.8489583333333334 0.6809895833333334 0.8450520833333334 0.6809895833333334 0.8307291666666666 0.6901041666666666 0.83203125
3 0.5201822916666666 0.2526041666666667 0.013020833333333334 0.033203125
3 0.4479166666666667 0.6692708333333334 0.4518229166666667 0.6731770833333334 0.4505208333333333 0.6888020833333334 0.4479166666666667 0.6901041666666666 0.4453125 0.6861979166666666 0.4466145833333333 0.6705729166666666
3 0.3723958333333333 0.5325520833333334 0.3815104166666667 0.5338541666666666 0.3776041666666667 0.55078125 0.37109375 0.5494791666666666 0.3723958333333333 0.5338541666666666
3 0.5143229166666666 0.8268229166666666 0.5182291666666666 0.8307291666666666 0.5182291666666666 0.84765625 0.51171875 0.8619791666666666 0.5078125 0.8580729166666666 0.5065104166666666 0.84765625 0.5091145833333334 0.8307291666666666 0.5130208333333334 0.8268229166666666
3 0.578125 0.6328125 0.5846354166666666 0.6393229166666666 0.5846354166666666 0.65234375 0.5807291666666666 0.65625 0.57421875 0.6510416666666666 0.57421875 0.6380208333333334 0.5768229166666666 0.6341145833333334
3 0.76953125 0.20442708333333334 0.7721354166666666 0.20703125 0.7721354166666666 0.21614583333333334 0.7643229166666666 0.23307291666666666 0.7591145833333334 0.23177083333333334 0.7578125 0.22135416666666666 0.7630208333333334 0.20833333333333334 0.7682291666666666 0.20442708333333334
3 0.6875 0.38671875 0.6875 0.4049479166666667 0.6783854166666666 0.4270833333333333 0.6770833333333334 0.4010416666666667 0.68359375 0.3932291666666667 0.68359375 0.3880208333333333 0.6861979166666666 0.38671875
3 0.9244791666666666 0.5143229166666666 0.9270833333333334 0.5143229166666666 0.9309895833333334 0.51953125 0.9375 0.5169270833333334 0.94140625 0.5234375 0.94140625 0.53125 0.9375 0.5364583333333334 0.9309895833333334 0.5325520833333334 0.9244791666666666 0.5364583333333334 0.9244791666666666 0.515625
3 0.21614583333333334 0.5325520833333334 0.22005208333333334 0.53125 0.2265625 0.53515625 0.2265625 0.5481770833333334 0.22526041666666666 0.55078125 0.21875 0.5533854166666666 0.21484375 0.5494791666666666 0.21614583333333334 0.5338541666666666
3 0.4309895833333333 0.2981770833333333 0.4375 0.30859375 0.4375 0.3151041666666667 0.43359375 0.3216145833333333 0.4296875 0.32421875 0.4270833333333333 0.3229166666666667 0.42578125 0.3177083333333333 0.42578125 0.3072916666666667 0.4296875 0.2994791666666667