1 0.2625 0.7819444440104166 0.26328124999999997 0.7791666666666667 0.26328124999999997 0.775 0.26171875 0.7722222226562501 0.26171875 0.7708333333333334 0.25859375 0.7708333333333334 0.2578125 0.7722222226562501 0.25703125 0.775 0.2578125 0.7791666666666667 0.25937499999999997 0.7819444440104166 0.2625 0.7819444440104166
0 0 0.4114583333333333 0.08723958333333333 0.4140625 0.10286458333333333 0.4231770833333333 0.11588541666666667 0.4375 0.12630208333333334 0.4557291666666667 0.13411458333333334 0.4791666666666667 0.13802083333333334 0.5143229166666666 0.13671875 0.5481770833333334 0.13020833333333334 0.5768229166666666 0.11588541666666667 0.60546875 0.10677083333333333 0.6158854166666666 0.08854166666666667 0.6276041666666666 0 0.6263020833333334 0 0.6197916666666666 0.08463541666666667 0.6223958333333334 0.09895833333333333 0.6158854166666666 0.109375 0.60546875 0.12109375 0.5872395833333334 0.12109375 0.5833333333333334 0.12890625 0.5677083333333334 0.13541666666666666 0.5338541666666666 0.13541666666666666 0.51171875 0.12890625 0.4739583333333333 0.11979166666666667 0.4518229166666667 0.10677083333333333 0.4322916666666667 0.08984375 0.421875 0.07942708333333333 0.4192708333333333 0 0.41796875 0 0.4127604166666667
0 0.9427083333333334 0.4466145833333333 0.9661458333333334 0.4479166666666667 0.96875 0.44921875 0.9674479166666666 0.453125 0.85546875 0.44921875 0.84375 0.453125 0.828125 0.4661458333333333 0.8190104166666666 0.4791666666666667 0.8177083333333334 0.4856770833333333 0.8151041666666666 0.4869791666666667 0.8072916666666666 0.51171875 0.8033854166666666 0.5377604166666666 0.8046875 0.5729166666666666 0.8111979166666666 0.60546875 0.8190104166666666 0.62109375 0.8255208333333334 0.6315104166666666 0.8450520833333334 0.6484375 0.8658854166666666 0.65234375 0.9635416666666666 0.65625 0.9661458333333334 0.6575520833333334 0.9596354166666666 0.6614583333333334 0.8606770833333334 0.6575520833333334 0.8385416666666666 0.6510416666666666 0.828125 0.6419270833333334 0.81640625 0.6263020833333334 0.8033854166666666 0.5911458333333334 0.80078125 0.5716145833333334 0.80078125 0.53125 0.8033854166666666 0.5247395833333334 0.8046875 0.5078125 0.8125 0.484375 0.828125 0.4583333333333333 0.8385416666666666 0.4505208333333333 0.8502604166666666 0.4453125 0.94140625 0.4466145833333333
2 0.4739583333333333 0.12109375 0.4739583333333333 0.45703125 0.4713541666666667 0.4635416666666667 0.4713541666666667 0.6979166666666666 0.4661458333333333 0.94921875 0.4635416666666667 0.9479166666666666 0.4635416666666667 0.87109375 0.4674479166666667 0.75390625 0.47265625 0.12239583333333333
3 0.23046875 0.8229166666666666 0.23697916666666666 0.8294270833333334 0.23828125 0.8372395833333334 0.22526041666666666 0.8411458333333334 0.22526041666666666 0.8294270833333334 0.22916666666666666 0.82421875
3 0.49609375 0.3450520833333333 0.5 0.3424479166666667 0.5 0.3333333333333333 0.50390625 0.3294270833333333 0.5065104166666666 0.3307291666666667 0.5065104166666666 0.3346354166666667 0.5091145833333334 0.3372395833333333 0.5091145833333334 0.3489583333333333 0.5052083333333334 0.35546875 0.5026041666666666 0.35546875 0.49609375 0.3489583333333333 0.49609375 0.3463541666666667
3 0.48046875 0.6796875 0.4830729166666667 0.6796875 0.4856770833333333 0.6848958333333334 0.4856770833333333 0.6966145833333334 0.48046875 0.6979166666666666 0.48046875 0.6809895833333334
3 0.5416666666666666 0.4830729166666667 0.5442708333333334 0.48828125 0.5442708333333334 0.49609375 0.5416666666666666 0.5013020833333334 0.5390625 0.5013020833333334 0.5377604166666666 0.4986979166666667 0.5377604166666666 0.484375 0.5403645833333334 0.4830729166666667
3 0.4427083333333333 0.2877604166666667 0.4466145833333333 0.2916666666666667 0.4479166666666667 0.296875 0.4466145833333333 0.3111979166666667 0.4427083333333333 0.3151041666666667 0.4388020833333333 0.3151041666666667 0.43359375 0.3059895833333333 0.4348958333333333 0.2916666666666667 0.4375 0.2877604166666667 0.44140625 0.2877604166666667
3 0.44921875 0.8671875 0.4557291666666667 0.8802083333333334 0.453125 0.8997395833333334 0.44921875 0.8971354166666666 0.4440104166666667 0.8854166666666666 0.4440104166666667 0.8723958333333334 0.4453125 0.8684895833333334 0.4479166666666667 0.8684895833333334
3 0.22786458333333334 0.4075520833333333 0.22786458333333334 0.4296875 0.22526041666666666 0.4322916666666667 0.22265625 0.4309895833333333 0.22135416666666666 0.4244791666666667 0.21354166666666666 0.4192708333333333 0.21354166666666666 0.4114583333333333 0.22135416666666666 0.4114583333333333 0.2265625 0.4075520833333333
3 0.19010416666666666 0.5416666666666666 0.19791666666666666 0.5390625 0.19921875 0.5442708333333334 0.19661458333333334 0.5520833333333334 0.19270833333333334 0.5559895833333334 0.18229166666666666 0.5546875 0.18229166666666666 0.5455729166666666 0.19010416666666666 0.54296875
3 0.39453125 0.7213541666666666 0.3984375 0.7317708333333334 0.3971354166666667 0.7408854166666666 0.39453125 0.7434895833333334 0.390625 0.7408854166666666 0.390625 0.7278645833333334 0.3932291666666667 0.72265625
3 0.23046875 0.20182291666666666 0.23828125 0.22005208333333334 0.23567708333333334 0.22786458333333334 0.23046875 0.22526041666666666 0.22526041666666666 0.2109375 0.22526041666666666 0.20182291666666666 0.22916666666666666 0.20182291666666666
3 0.07421875 0.5130208333333334 0.07682291666666667 0.5130208333333334 0.07942708333333333 0.5299479166666666 0.06380208333333333 0.5299479166666666 0.06510416666666667 0.5208333333333334 0.07161458333333333 0.5182291666666666 0.07421875 0.5143229166666666
3 0.8125 0.5377604166666666 0.8177083333333334 0.5338541666666666 0.8216145833333334 0.5338541666666666 0.8255208333333334 0.5377604166666666 0.8268229166666666 0.5442708333333334 0.8216145833333334 0.5533854166666666 0.8072916666666666 0.5520833333333334 0.8059895833333334 0.5481770833333334 0.8125 0.5390625