1 0.46953125 0.5208333333333334 0.47031249999999997 0.51527777734375 0.46875 0.5125000000000001 0.46718750000000003 0.5125000000000001 0.46640624999999997 0.5138888893229167 0.46640624999999997 0.5194444440104167 0.46718750000000003 0.5208333333333334 0.46953125 0.5208333333333334
3 0.51171875 0.7122395833333334 0.5143229166666666 0.7135416666666666 0.5169270833333334 0.7239583333333334 0.5130208333333334 0.7330729166666666 0.5091145833333334 0.73046875 0.5091145833333334 0.71875 0.51171875 0.7135416666666666
3 0.5611979166666666 0.5546875 0.5651041666666666 0.5559895833333334 0.56640625 0.5611979166666666 0.5651041666666666 0.5703125 0.5611979166666666 0.5703125 0.55859375 0.56640625 0.55859375 0.55859375 0.5611979166666666 0.5559895833333334
3 0.5403645833333334 0.265625 0.5403645833333334 0.28125 0.5364583333333334 0.28515625 0.5325520833333334 0.27734375 0.5325520833333334 0.265625 0.53515625 0.2630208333333333 0.5390625 0.265625
3 0.5052083333333334 0.62109375 0.5065104166666666 0.6341145833333334 0.5026041666666666 0.6393229166666666 0.5 0.6380208333333334 0.4986979166666667 0.6236979166666666 0.5013020833333334 0.6197916666666666 0.50390625 0.62109375
3 0.421875 0.5833333333333334 0.42578125 0.5911458333333334 0.42578125 0.5989583333333334 0.4205729166666667 0.6002604166666666 0.41796875 0.58984375 0.421875 0.5846354166666666
3 0.4427083333333333 0.4075520833333333 0.4440104166666667 0.4140625 0.44140625 0.4205729166666667 0.4375 0.4192708333333333 0.4348958333333333 0.4127604166666667 0.4361979166666667 0.40625 0.44140625 0.4075520833333333
3 0.36328125 0.32421875 0.3671875 0.3229166666666667 0.3723958333333333 0.328125 0.3723958333333333 0.3359375 0.3684895833333333 0.33984375 0.3619791666666667 0.3346354166666667 0.36328125 0.3255208333333333
3 0.44140625 0.40625 0.4466145833333333 0.4283854166666667 0.4453125 0.4453125 0.44140625 0.44140625 0.4348958333333333 0.4127604166666667 0.4348958333333333 0.4075520833333333 0.4401041666666667 0.40625
3 0.4036458333333333 0.7682291666666666 0.4088541666666667 0.7734375 0.4075520833333333 0.7825520833333334 0.4049479166666667 0.78515625 0.4010416666666667 0.78515625 0.3984375 0.7799479166666666 0.3984375 0.7708333333333334 0.40234375 0.76953125
3 0.4609375 0.23828125 0.4635416666666667 0.2565104166666667 0.4596354166666667 0.2604166666666667 0.45703125 0.2591145833333333 0.4518229166666667 0.24348958333333334 0.453125 0.23958333333333334 0.4596354166666667 0.23828125
3 0.6614583333333334 0.5729166666666666 0.6640625 0.5729166666666666 0.6653645833333334 0.5768229166666666 0.6653645833333334 0.58984375 0.6627604166666666 0.5989583333333334 0.6588541666666666 0.5989583333333334 0.65625 0.5859375 0.65625 0.578125 0.6614583333333334 0.57421875
3 0.5221354166666666 0.4622395833333333 0.5260416666666666 0.4661458333333333 0.5260416666666666 0.48046875 0.5221354166666666 0.4817708333333333 0.5208333333333334 0.4778645833333333 0.5208333333333334 0.4635416666666667
3 0.47421874999999997 0.45972222265625 0.48046875 0.46249999999999997 0.48125 0.4611111106770833 0.48359375 0.4611111106770833 0.48515625 0.4583333333333333 0.48515625 0.45 0.484375 0.44861111067708337 0.484375 0.44444444401041666 0.48203124999999997 0.44027777734375 0.48046875 0.43888888932291664 0.47578125 0.43888888932291664 0.47265625 0.44166666666666665 0.471875 0.44444444401041666 0.471875 0.45277777734375 0.47265625 0.4569444440104167 0.47421874999999997 0.45972222265625
0 0 0.6333333333333333 0.10312500000000001 0.63472222265625 0.12734375 0.6166666666666667 0.14140624999999998 0.5930555559895833 0.15078125 0.5555555559895834 0.15 0.5 0.140625 0.4666666666666666 0.1265625 0.4430555559895833 0.10390624999999999 0.42638888932291663 0.017187499999999998 0.42222222265625 0 0.42222222265625 0 0.42777777734375005 0.09453125 0.4319444440104167 0.11640625 0.44027777734375 0.13593750000000002 0.4680555559895833 0.14531249999999998 0.49583333333333335 0.14921874999999998 0.5263888893229166 0.14765625000000002 0.5499999999999999 0.14296875 0.5750000000000001 0.13203125000000002 0.6013888893229167 0.10703125000000001 0.62777777734375 0 0.62777777734375 0 0.6333333333333333
0 0.83984375 0.6541666666666667 0.8523437500000001 0.6611111106770834 0.8757812500000001 0.6638888893229167 0.97109375 0.6638888893229167 0.84921875 0.6541666666666667 0.83046875 0.6375000000000001 0.8156249999999999 0.6083333333333333 0.80859375 0.57222222265625 0.8078124999999999 0.5430555559895833 0.81484375 0.5069444440104166 0.821875 0.49027777734375005 0.83046875 0.4763888893229167 0.84765625 0.4611111106770833 0.8578125 0.4569444440104167 0.97265625 0.45972222265625 0.9734375000000001 0.45555555598958336 0.85 0.45416666666666666 0.8328125000000001 0.4666666666666666 0.8171875000000001 0.49027777734375005 0.80625 0.5333333333333333 0.8054687500000001 0.5750000000000001 0.81015625 0.60277777734375 0.8273437499999999 0.6416666666666667 0.83984375 0.6541666666666667
2 0.4778645833333333 0.4713541666666667 0.4778645833333333 0.4817708333333333 0.4817708333333333 0.4934895833333333 0.4791666666666667 0.5143229166666666 0.48046875 0.56640625 0.4752604166666667 0.89453125 0.4765625 0.9231770833333334 0.4739583333333333 0.953125 0.4713541666666667 0.9296875 0.4765625 0.67578125 0.4752604166666667 0.6184895833333334 0.4778645833333333 0.47265625