1 0.29609375 0.2791666666666667 0.29453124999999997 0.28611111067708334 0.296875 0.2888888893229167 0.29843749999999997 0.2819444440104167 0.29609375 0.2791666666666667
0 0.010416666666666666 0.4309895833333333 0.08203125 0.43359375 0.09635416666666667 0.4375 0.11588541666666667 0.4557291666666667 0.12760416666666666 0.4765625 0.13411458333333334 0.49609375 0.13802083333333334 0.5260416666666666 0.13802083333333334 0.55859375 0.13411458333333334 0.5859375 0.13020833333333334 0.59765625 0.11588541666666667 0.6263020833333334 0.09895833333333333 0.6419270833333334 0.08072916666666667 0.6484375 0.033854166666666664 0.6471354166666666 0.032552083333333336 0.64453125 0 0.64453125 0 0.6393229166666666 0.08854166666666667 0.640625 0.10416666666666667 0.6315104166666666 0.11588541666666667 0.6171875 0.12369791666666667 0.6028645833333334 0.1328125 0.5729166666666666 0.13541666666666666 0.5572916666666666 0.13541666666666666 0.52734375 0.12890625 0.4921875 0.12369791666666667 0.4778645833333333 0.11197916666666667 0.4583333333333333 0.09895833333333333 0.4466145833333333 0.07942708333333333 0.4401041666666667 0 0.4388020833333333 0 0.4322916666666667 0.009114583333333334 0.4309895833333333
0 0.86328125 0.4622395833333333 0.9635416666666666 0.46484375 0.9661458333333334 0.4661458333333333 0.9661458333333334 0.46875 0.9088541666666666 0.4700520833333333 0.88671875 0.4674479166666667 0.8489583333333334 0.4674479166666667 0.8294270833333334 0.4791666666666667 0.8111979166666666 0.5078125 0.8020833333333334 0.5416666666666666 0.8020833333333334 0.5911458333333334 0.8111979166666666 0.6263020833333334 0.8268229166666666 0.65234375 0.83984375 0.6627604166666666 0.8489583333333334 0.6666666666666666 0.8893229166666666 0.6705729166666666 0.953125 0.671875 0.9635416666666666 0.6731770833333334 0.9622395833333334 0.6770833333333334 0.91796875 0.6770833333333334 0.84765625 0.6731770833333334 0.83203125 0.6640625 0.81640625 0.6471354166666666 0.8046875 0.6197916666666666 0.7994791666666666 0.59375 0.7981770833333334 0.5572916666666666 0.8033854166666666 0.5208333333333334 0.8111979166666666 0.4986979166666667 0.82421875 0.4778645833333333 0.8346354166666666 0.46875 0.8450520833333334 0.4635416666666667 0.8619791666666666 0.4622395833333333
2 0.4713541666666667 0.140625 0.4739583333333333 0.140625 0.4739583333333333 0.2942708333333333 0.4713541666666667 0.296875 0.4700520833333333 0.3046875 0.47265625 0.3359375 0.4700520833333333 0.4934895833333333 0.4700520833333333 0.6861979166666666 0.4674479166666667 0.7447916666666666 0.4674479166666667 0.9401041666666666 0.4661458333333333 0.9635416666666666 0.4635416666666667 0.9661458333333334 0.4713541666666667 0.14192708333333334
3 0.6510416666666666 0.5677083333333334 0.6549479166666666 0.56640625 0.6614583333333334 0.57421875 0.6614583333333334 0.5794270833333334 0.6575520833333334 0.58203125 0.65234375 0.58203125 0.6484375 0.5768229166666666 0.6484375 0.5716145833333334 0.6510416666666666 0.5690104166666666
3 0.578125 0.3046875 0.5833333333333334 0.3111979166666667 0.5833333333333334 0.3229166666666667 0.5794270833333334 0.3268229166666667 0.57421875 0.3255208333333333 0.57421875 0.30859375 0.5768229166666666 0.3059895833333333
3 0.4361979166666667 0.23958333333333334 0.4322916666666667 0.23046875 0.4322916666666667 0.22265625 0.4348958333333333 0.22005208333333334 0.4388020833333333 0.22265625 0.4401041666666667 0.2265625 0.4401041666666667 0.23828125 0.4375 0.23958333333333334
3 0.62890625 0.63671875 0.6380208333333334 0.6380208333333334 0.6380208333333334 0.65234375 0.6341145833333334 0.6549479166666666 0.62890625 0.6471354166666666 0.62890625 0.6380208333333334
3 0.4765625 0.2877604166666667 0.484375 0.2994791666666667 0.48046875 0.3138020833333333 0.4752604166666667 0.3059895833333333 0.4752604166666667 0.2890625
3 0.6979166666666666 0.2916666666666667 0.7044270833333334 0.2916666666666667 0.7044270833333334 0.3020833333333333 0.7005208333333334 0.3072916666666667 0.7005208333333334 0.3111979166666667 0.6953125 0.30859375 0.6901041666666666 0.296875 0.6901041666666666 0.2942708333333333 0.6979166666666666 0.29296875
3 0.5013020833333334 0.46875 0.5052083333333334 0.4817708333333333 0.5052083333333334 0.4921875 0.5013020833333334 0.4921875 0.49609375 0.4856770833333333 0.49609375 0.4765625 0.5 0.4700520833333333
3 0.3111979166666667 0.24479166666666666 0.3190104166666667 0.24739583333333334 0.3177083333333333 0.2604166666666667 0.3138020833333333 0.26953125 0.30859375 0.2669270833333333 0.3046875 0.2591145833333333 0.3046875 0.24739583333333334 0.3098958333333333 0.24479166666666666
3 0.5403645833333334 0.8841145833333334 0.010416666666666666 0.026692708333333332
3 0.59375 0.7044270833333334 0.59765625 0.7018229166666666 0.6002604166666666 0.7044270833333334 0.5989583333333334 0.7239583333333334 0.59375 0.7213541666666666 0.59375 0.7057291666666666
3 0.5559895833333334 0.3958333333333333 0.55859375 0.4140625 0.5572916666666666 0.41796875 0.5520833333333334 0.421875 0.5494791666666666 0.421875 0.546875 0.41796875 0.5455729166666666 0.4036458333333333 0.5494791666666666 0.39453125 0.5546875 0.3958333333333333
3 0.7916666666666666 0.4518229166666667 0.014973958333333334 0.0234375