1 0.70546875 0.28611111067708334 0.7039062500000001 0.2791666666666667 0.7015625 0.2819444440104167 0.703125 0.2888888893229167 0.70546875 0.28611111067708334
0 0.9908854166666666 0.4309895833333333 0.9986979166666666 0.4322916666666667 0.9986979166666666 0.4388020833333333 0.9192708333333334 0.4401041666666667 0.8997395833333334 0.4466145833333333 0.88671875 0.4583333333333333 0.875 0.4778645833333333 0.8697916666666666 0.4921875 0.86328125 0.52734375 0.86328125 0.5572916666666666 0.8658854166666666 0.5729166666666666 0.875 0.6028645833333334 0.8828125 0.6171875 0.89453125 0.6315104166666666 0.91015625 0.640625 0.9986979166666666 0.6393229166666666 0.9986979166666666 0.64453125 0.9661458333333334 0.64453125 0.96484375 0.6471354166666666 0.93359375 0.6484375 0.91015625 0.6471354166666666 0.9088541666666666 0.64453125 0.8958333333333334 0.6393229166666666 0.8828125 0.6263020833333334 0.8723958333333334 0.6067708333333334 0.8645833333333334 0.5859375 0.8606770833333334 0.55859375 0.8606770833333334 0.5260416666666666 0.8645833333333334 0.49609375 0.87109375 0.4765625 0.8828125 0.4557291666666667 0.90234375 0.4375 0.9166666666666666 0.43359375 0.9895833333333334 0.4309895833333333
0 0.14322916666666666 0.4622395833333333 0.15364583333333334 0.4635416666666667 0.1640625 0.46875 0.17447916666666666 0.4778645833333333 0.18619791666666666 0.49609375 0.19401041666666666 0.515625 0.20052083333333334 0.5572916666666666 0.19921875 0.59375 0.19401041666666666 0.6197916666666666 0.18229166666666666 0.6471354166666666 0.16015625 0.6692708333333334 0.15104166666666666 0.6731770833333334 0.140625 0.6744791666666666 0.08072916666666667 0.6770833333333334 0.036458333333333336 0.6770833333333334 0.03515625 0.6731770833333334 0.13411458333333334 0.6692708333333334 0.13541666666666666 0.6666666666666666 0.14973958333333334 0.6666666666666666 0.15625 0.6640625 0.171875 0.65234375 0.1875 0.6263020833333334 0.1953125 0.6002604166666666 0.19791666666666666 0.57421875 0.1953125 0.53515625 0.19140625 0.5247395833333334 0.19140625 0.5182291666666666 0.1796875 0.4934895833333333 0.16796875 0.4778645833333333 0.15364583333333334 0.46875 0.11197916666666667 0.4674479166666667 0.08984375 0.4700520833333333 0.033854166666666664 0.4700520833333333 0.032552083333333336 0.4661458333333333 0.06380208333333333 0.4635416666666667 0.078125 0.46484375 0.14192708333333334 0.4622395833333333
2 0.5247395833333334 0.140625 0.52734375 0.140625 0.5286458333333334 0.16145833333333334 0.52734375 0.2643229166666667 0.5299479166666666 0.3046875 0.5299479166666666 0.5052083333333334 0.5325520833333334 0.63671875 0.53125 0.6822916666666666 0.5338541666666666 0.7109375 0.53515625 0.86328125 0.53515625 0.9661458333333334 0.5325520833333334 0.9635416666666666 0.53125 0.9401041666666666 0.53125 0.7447916666666666 0.5286458333333334 0.6861979166666666 0.5286458333333334 0.4934895833333333 0.5260416666666666 0.3424479166666667 0.5286458333333334 0.3046875 0.52734375 0.296875 0.5247395833333334 0.2942708333333333 0.5247395833333334 0.14192708333333334
3 0.34765625 0.5677083333333334 0.3502604166666667 0.5716145833333334 0.3502604166666667 0.5768229166666666 0.3463541666666667 0.58203125 0.3411458333333333 0.58203125 0.3372395833333333 0.5794270833333334 0.3385416666666667 0.5716145833333334 0.34375 0.56640625 0.3463541666666667 0.5677083333333334
3 0.4205729166666667 0.3046875 0.4244791666666667 0.30859375 0.4244791666666667 0.3255208333333333 0.4192708333333333 0.3268229166666667 0.4140625 0.3203125 0.4153645833333333 0.3111979166666667 0.4192708333333333 0.3059895833333333
3 0.5638020833333334 0.22981770833333334 0.008463541666666666 0.020833333333333332
3 0.3697916666666667 0.63671875 0.3697916666666667 0.6471354166666666 0.3645833333333333 0.6549479166666666 0.3606770833333333 0.65234375 0.3606770833333333 0.6380208333333334 0.3684895833333333 0.63671875
3 0.5221354166666666 0.2877604166666667 0.5221354166666666 0.3098958333333333 0.5182291666666666 0.3138020833333333 0.5143229166666666 0.3046875 0.5143229166666666 0.2994791666666667 0.5208333333333334 0.2890625
3 0.30859375 0.2942708333333333 0.3072916666666667 0.30078125 0.30078125 0.3111979166666667 0.2981770833333333 0.3111979166666667 0.2981770833333333 0.3072916666666667 0.2942708333333333 0.3020833333333333 0.2942708333333333 0.2916666666666667 0.296875 0.2903645833333333 0.3020833333333333 0.2942708333333333 0.3072916666666667 0.2942708333333333
3 0.4973958333333333 0.46875 0.5026041666666666 0.4765625 0.5026041666666666 0.4856770833333333 0.5 0.4895833333333333 0.4973958333333333 0.4921875 0.4934895833333333 0.4921875 0.49609375 0.4700520833333333
3 0.6901041666666666 0.24479166666666666 0.6940104166666666 0.24739583333333334 0.6940104166666666 0.2591145833333333 0.6875 0.26953125 0.6848958333333334 0.26953125 0.6809895833333334 0.2604166666666667 0.6796875 0.24739583333333334 0.6888020833333334 0.24479166666666666
3 0.4596354166666667 0.8841145833333334 0.010416666666666666 0.026692708333333332
3 0.3997395833333333 0.7018229166666666 0.40625 0.70703125 0.4049479166666667 0.7213541666666666 0.3997395833333333 0.7239583333333334 0.3997395833333333 0.703125
3 0.4427083333333333 0.3958333333333333 0.44921875 0.39453125 0.453125 0.4036458333333333 0.4518229166666667 0.41796875 0.44921875 0.421875 0.4440104166666667 0.4205729166666667 0.4401041666666667 0.4140625 0.4427083333333333 0.3971354166666667
3 0.21223958333333334 0.4479166666666667 0.21354166666666666 0.4544270833333333 0.20963541666666666 0.4635416666666667 0.20442708333333334 0.4635416666666667 0.20052083333333334 0.4557291666666667 0.20052083333333334 0.4453125 0.20572916666666666 0.44140625 0.2109375 0.4479166666666667