1 0.5226562499999999 0.5305555559895833 0.5242187500000001 0.5333333333333333 0.5265624999999999 0.5333333333333333 0.5281250000000001 0.5319444440104167 0.5281250000000001 0.52777777734375 0.5265624999999999 0.525 0.5234375 0.5263888893229166 0.5226562499999999 0.5291666666666667 0.5226562499999999 0.5305555559895833
0 0.9986979166666666 0.4114583333333333 0.9986979166666666 0.41796875 0.90625 0.4205729166666667 0.8919270833333334 0.4283854166666667 0.8828125 0.4375 0.87109375 0.4557291666666667 0.86328125 0.4778645833333333 0.8580729166666666 0.5143229166666666 0.859375 0.5442708333333334 0.8619791666666666 0.5481770833333334 0.86328125 0.5638020833333334 0.8658854166666666 0.56640625 0.87109375 0.5859375 0.8815104166666666 0.5989583333333334 0.8841145833333334 0.60546875 0.8958333333333334 0.6158854166666666 0.9075520833333334 0.62109375 0.9986979166666666 0.6184895833333334 0.9986979166666666 0.6236979166666666 0.93359375 0.6276041666666666 0.9036458333333334 0.6263020833333334 0.90234375 0.6236979166666666 0.8893229166666666 0.6171875 0.87890625 0.6067708333333334 0.8684895833333334 0.58984375 0.8606770833333334 0.5677083333333334 0.85546875 0.5325520833333334 0.8567708333333334 0.4947916666666667 0.8606770833333334 0.4752604166666667 0.8671875 0.4557291666666667 0.87890625 0.4348958333333333 0.8841145833333334 0.4283854166666667 0.8997395833333334 0.4166666666666667 0.9075520833333334 0.4140625 0.9309895833333334 0.4127604166666667 0.9973958333333334 0.4114583333333333
0 0.1484375 0.4427083333333333 0.17057291666666666 0.45703125 0.171875 0.4622395833333333 0.18359375 0.4791666666666667 0.19401041666666666 0.5130208333333334 0.19661458333333334 0.5377604166666666 0.1953125 0.5729166666666666 0.18619791666666666 0.609375 0.17447916666666666 0.6315104166666666 0.15885416666666666 0.6471354166666666 0.15104166666666666 0.6510416666666666 0.11588541666666667 0.6549479166666666 0.0703125 0.65625 0.032552083333333336 0.65625 0.03125 0.65234375 0.14192708333333334 0.6484375 0.14322916666666666 0.6458333333333334 0.15625 0.6419270833333334 0.171875 0.6276041666666666 0.18359375 0.6067708333333334 0.19270833333333334 0.5690104166666666 0.19401041666666666 0.5390625 0.19140625 0.5325520833333334 0.1875 0.5026041666666666 0.18489583333333334 0.4908854166666667 0.17317708333333334 0.46875 0.16276041666666666 0.45703125 0.15104166666666666 0.44921875 0.14322916666666666 0.4466145833333333 0.125 0.4466145833333333 0.028645833333333332 0.4505208333333333 0.028645833333333332 0.4453125 0.12890625 0.44140625 0.14713541666666666 0.4427083333333333
2 0.5247395833333334 0.53125 0.52734375 0.546875 0.5260416666666666 0.57421875 0.5286458333333334 0.6158854166666666 0.52734375 0.7122395833333334 0.5299479166666666 0.75 0.53125 0.9440104166666666 0.5286458333333334 0.9453125 0.52734375 0.93359375 0.52734375 0.7591145833333334 0.5247395833333334 0.7317708333333334 0.5234375 0.5325520833333334
3 0.3795572916666667 0.173828125 0.013020833333333334 0.027994791666666668
3 0.3177083333333333 0.55078125 0.32421875 0.5598958333333334 0.3229166666666667 0.5690104166666666 0.31640625 0.5703125 0.31640625 0.5520833333333334
3 0.51953125 0.5065104166666666 0.5247395833333334 0.5078125 0.5260416666666666 0.5247395833333334 0.5247395833333334 0.5338541666666666 0.5208333333333334 0.5338541666666666 0.5182291666666666 0.5286458333333334 0.5169270833333334 0.5169270833333334 0.51953125 0.5078125
3 0.5592447916666666 0.6471354166666666 0.008463541666666666 0.01953125
3 0.6028645833333334 0.8606770833333334 0.6119791666666666 0.8606770833333334 0.6158854166666666 0.8658854166666666 0.6158854166666666 0.8736979166666666 0.6119791666666666 0.8815104166666666 0.6067708333333334 0.8815104166666666 0.6015625 0.8606770833333334
3 0.7369791666666666 0.2669270833333333 0.7395833333333334 0.2708333333333333 0.7395833333333334 0.2760416666666667 0.7369791666666666 0.2825520833333333 0.73046875 0.28515625 0.73046875 0.2682291666666667 0.7330729166666666 0.265625 0.7356770833333334 0.2669270833333333
3 0.4036458333333333 0.8684895833333334 0.40625 0.8697916666666666 0.40625 0.8776041666666666 0.40234375 0.8893229166666666 0.3997395833333333 0.890625 0.3958333333333333 0.88671875 0.3958333333333333 0.875 0.40234375 0.8697916666666666
3 0.7942708333333334 0.14583333333333334 0.7994791666666666 0.14583333333333334 0.80078125 0.15494791666666666 0.79296875 0.1640625 0.7890625 0.17447916666666666 0.7864583333333334 0.17317708333333334 0.7864583333333334 0.16015625 0.7942708333333334 0.14713541666666666
3 0.5182291666666666 0.14322916666666666 0.51953125 0.1640625 0.5143229166666666 0.17447916666666666 0.5078125 0.171875 0.5078125 0.16145833333333334 0.5052083333333334 0.15364583333333334 0.5091145833333334 0.14322916666666666 0.5169270833333334 0.14322916666666666
3 0.9127604166666666 0.47265625 0.9140625 0.484375 0.91015625 0.4895833333333333 0.8997395833333334 0.48828125 0.8984375 0.4765625 0.9088541666666666 0.4713541666666667 0.9114583333333334 0.47265625
3 0.16536458333333334 0.5299479166666666 0.1640625 0.5143229166666666 0.16927083333333334 0.5065104166666666 0.17578125 0.5143229166666666 0.1796875 0.515625 0.17838541666666666 0.5234375 0.18098958333333334 0.5299479166666666 0.16666666666666666 0.5299479166666666
3 0.2903645833333333 0.7083333333333334 0.29296875 0.7109375 0.2942708333333333 0.72265625 0.2890625 0.734375 0.28515625 0.7317708333333334 0.2825520833333333 0.71875 0.2838541666666667 0.71484375 0.2903645833333333 0.7096354166666666