1 0.39375 0.21527777734375 0.39375 0.20555555598958333 0.39140625 0.20555555598958333 0.390625 0.2041666666666667 0.38984375 0.20555555598958333 0.38906250000000003 0.20833333333333334 0.38906250000000003 0.2125 0.390625 0.21527777734375 0.39375 0.21527777734375
0 0 0.4153645833333333 0.040364583333333336 0.4166666666666667 0.041666666666666664 0.4192708333333333 0.08203125 0.4192708333333333 0.09895833333333333 0.421875 0.11067708333333333 0.4283854166666667 0.11979166666666667 0.4375 0.13411458333333334 0.4622395833333333 0.14192708333333334 0.4869791666666667 0.14322916666666666 0.5078125 0.14583333333333334 0.5130208333333334 0.14583333333333334 0.5338541666666666 0.14322916666666666 0.54296875 0.14322916666666666 0.51953125 0.13541666666666666 0.4752604166666667 0.12369791666666667 0.4505208333333333 0.11328125 0.4401041666666667 0.11328125 0.4375 0.10286458333333333 0.4296875 0.09244791666666667 0.42578125 0.07421875 0.4244791666666667 0 0.4231770833333333 0 0.4166666666666667
0 0.97265625 0.453125 0.98046875 0.4544270833333333 0.9817708333333334 0.4609375 0.9296875 0.4596354166666667 0.9283854166666666 0.45703125 0.8645833333333334 0.4557291666666667 0.84765625 0.46484375 0.8346354166666666 0.4791666666666667 0.8255208333333334 0.49609375 0.8190104166666666 0.5143229166666666 0.8151041666666666 0.5338541666666666 0.8138020833333334 0.5690104166666666 0.8177083333333334 0.5950520833333334 0.8255208333333334 0.6184895833333334 0.8294270833333334 0.6236979166666666 0.8294270833333334 0.6276041666666666 0.8463541666666666 0.6497395833333334 0.8671875 0.6588541666666666 0.9791666666666666 0.6640625 0.9778645833333334 0.6692708333333334 0.9388020833333334 0.66796875 0.9375 0.6653645833333334 0.87890625 0.6653645833333334 0.85546875 0.6614583333333334 0.8372395833333334 0.6471354166666666 0.82421875 0.6263020833333334 0.81640625 0.60546875 0.8111979166666666 0.5716145833333334 0.8111979166666666 0.5442708333333334 0.81640625 0.5104166666666666 0.8307291666666666 0.4765625 0.8463541666666666 0.4583333333333333 0.85546875 0.453125 0.8658854166666666 0.4505208333333333 0.9713541666666666 0.453125
2 0.4778645833333333 0.5390625 0.4778645833333333 0.5442708333333334 0.4817708333333333 0.546875 0.4817708333333333 0.5546875 0.4791666666666667 0.6119791666666666 0.48046875 0.6380208333333334 0.4778645833333333 0.7122395833333334 0.4752604166666667 0.9140625 0.4765625 0.9401041666666666 0.4752604166666667 0.9557291666666666 0.47265625 0.95703125 0.4778645833333333 0.5403645833333334
3 0.4401041666666667 0.7552083333333334 0.4466145833333333 0.7669270833333334 0.4466145833333333 0.7786458333333334 0.4427083333333333 0.7799479166666666 0.4375 0.7760416666666666 0.4401041666666667 0.7565104166666666
3 0.14713541666666666 0.5455729166666666 0.15885416666666666 0.5559895833333334 0.15885416666666666 0.5846354166666666 0.15625 0.5846354166666666 0.15234375 0.5755208333333334 0.15104166666666666 0.5625 0.14713541666666666 0.55859375 0.140625 0.55859375 0.140625 0.546875 0.14322916666666666 0.5442708333333334 0.14583333333333334 0.5455729166666666
3 0.5234375 0.1875 0.5260416666666666 0.1875 0.5299479166666666 0.19661458333333334 0.5286458333333334 0.2109375 0.5260416666666666 0.21354166666666666 0.5234375 0.21223958333333334 0.5234375 0.18880208333333334
3 0.4361979166666667 0.6119791666666666 0.4388020833333333 0.6171875 0.4388020833333333 0.62890625 0.4361979166666667 0.6315104166666666 0.4322916666666667 0.6315104166666666 0.4283854166666667 0.6276041666666666 0.4283854166666667 0.6184895833333334 0.4348958333333333 0.61328125
3 0.4700520833333333 0.390625 0.4739583333333333 0.390625 0.4752604166666667 0.3984375 0.4791666666666667 0.4049479166666667 0.4765625 0.4088541666666667 0.4713541666666667 0.4088541666666667 0.46875 0.40234375 0.4700520833333333 0.3919270833333333
3 0.2721354166666667 0.70703125 0.2721354166666667 0.7265625 0.26171875 0.7265625 0.26171875 0.71484375 0.265625 0.71484375 0.2708333333333333 0.7083333333333334
3 0.5013020833333334 0.7591145833333334 0.5091145833333334 0.7708333333333334 0.5078125 0.7799479166666666 0.5026041666666666 0.7825520833333334 0.5 0.7799479166666666 0.5013020833333334 0.7604166666666666
3 0.4817708333333333 0.5091145833333334 0.4856770833333333 0.5130208333333334 0.4869791666666667 0.5182291666666666 0.4817708333333333 0.5338541666666666 0.4765625 0.5286458333333334 0.4739583333333333 0.51953125 0.4752604166666667 0.5104166666666666 0.4778645833333333 0.5078125 0.48046875 0.5091145833333334
3 0.359375 0.19661458333333334 0.3619791666666667 0.19661458333333334 0.3684895833333333 0.20442708333333334 0.3684895833333333 0.21354166666666666 0.36328125 0.21354166666666666 0.359375 0.20963541666666666 0.359375 0.19791666666666666
3 0.59375 0.4166666666666667 0.5963541666666666 0.4166666666666667 0.5950520833333334 0.4388020833333333 0.5885416666666666 0.4401041666666667 0.5859375 0.4361979166666667 0.5885416666666666 0.42578125 0.59375 0.41796875
3 0.6041666666666666 0.6875 0.60546875 0.6901041666666666 0.6106770833333334 0.6901041666666666 0.61328125 0.6927083333333334 0.6119791666666666 0.7018229166666666 0.6067708333333334 0.7057291666666666 0.5989583333333334 0.6901041666666666 0.6002604166666666 0.6861979166666666 0.6028645833333334 0.6875
3 0.39375 0.53472222265625 0.39296875000000003 0.5416666666666666 0.40078125000000003 0.5499999999999999 0.39999999999999997 0.5375 0.39375 0.53472222265625