1 0.47890625000000003 0.5458333333333333 0.4796875 0.5430555559895833 0.47890625000000003 0.5388888893229167 0.4765625 0.5388888893229167 0.47578125 0.54027777734375 0.47578125 0.5444444440104167 0.4765625 0.5458333333333333 0.47890625000000003 0.5458333333333333
0 0 0.42578125 0.09895833333333333 0.4283854166666667 0.11197916666666667 0.43359375 0.13020833333333334 0.453125 0.13932291666666666 0.4713541666666667 0.14713541666666666 0.49609375 0.14713541666666666 0.5078125 0.14973958333333334 0.5169270833333334 0.14973958333333334 0.5533854166666666 0.14322916666666666 0.5859375 0.13020833333333334 0.6145833333333334 0.11458333333333333 0.6315104166666666 0.10026041666666667 0.6380208333333334 0 0.63671875 0 0.6302083333333334 0.09895833333333333 0.6328125 0.11067708333333333 0.6276041666666666 0.12760416666666666 0.609375 0.13671875 0.5911458333333334 0.14322916666666666 0.5716145833333334 0.14713541666666666 0.5481770833333334 0.14713541666666666 0.5208333333333334 0.14453125 0.5143229166666666 0.14322916666666666 0.4947916666666667 0.13541666666666666 0.4713541666666667 0.12760416666666666 0.45703125 0.11458333333333333 0.4440104166666667 0.10416666666666667 0.4361979166666667 0.09244791666666667 0.43359375 0.0026041666666666665 0.4322916666666667 0 0.4309895833333333 0 0.4270833333333333
0 0.9127604166666666 0.453125 0.96875 0.4557291666666667 0.9700520833333334 0.4609375 0.9388020833333334 0.4622395833333333 0.8541666666666666 0.4596354166666667 0.8385416666666666 0.4674479166666667 0.8268229166666666 0.4791666666666667 0.8255208333333334 0.484375 0.8151041666666666 0.5 0.8072916666666666 0.53125 0.8059895833333334 0.5729166666666666 0.8098958333333334 0.5989583333333334 0.8151041666666666 0.6145833333333334 0.8255208333333334 0.6341145833333334 0.8411458333333334 0.6510416666666666 0.84765625 0.6549479166666666 0.8671875 0.6588541666666666 0.9661458333333334 0.6614583333333334 0.9661458333333334 0.6653645833333334 0.8697916666666666 0.6640625 0.8502604166666666 0.6614583333333334 0.8359375 0.6536458333333334 0.82421875 0.640625 0.81640625 0.62890625 0.80859375 0.6080729166666666 0.8033854166666666 0.578125 0.8033854166666666 0.5377604166666666 0.8072916666666666 0.5234375 0.8072916666666666 0.5143229166666666 0.81640625 0.4895833333333333 0.82421875 0.4752604166666667 0.8411458333333334 0.4583333333333333 0.8528645833333334 0.453125 0.9114583333333334 0.453125
2 0.4765625 0.4700520833333333 0.4791666666666667 0.5052083333333334 0.4752604166666667 0.8815104166666666 0.4739583333333333 0.953125 0.4713541666666667 0.953125 0.4700520833333333 0.9270833333333334 0.47265625 0.8606770833333334 0.47265625 0.6354166666666666 0.4752604166666667 0.6028645833333334 0.4739583333333333 0.5390625 0.4765625 0.4713541666666667
3 0.515625 0.7330729166666666 0.5182291666666666 0.73828125 0.5182291666666666 0.75390625 0.51171875 0.75390625 0.51171875 0.7408854166666666 0.5143229166666666 0.73828125 0.5143229166666666 0.734375
3 0.4986979166666667 0.6184895833333334 0.5013020833333334 0.6223958333333334 0.5013020833333334 0.63671875 0.4986979166666667 0.640625 0.4921875 0.63671875 0.4921875 0.62890625 0.4947916666666667 0.6197916666666666 0.4973958333333333 0.6184895833333334
3 0.4583333333333333 0.24088541666666666 0.4622395833333333 0.25 0.4622395833333333 0.2565104166666667 0.4583333333333333 0.2643229166666667 0.4557291666666667 0.2643229166666667 0.4544270833333333 0.26171875 0.4505208333333333 0.24609375 0.4505208333333333 0.2421875 0.45703125 0.24088541666666666
3 0.4401041666666667 0.3938802083333333 0.009114583333333334 0.014973958333333334
3 0.5657552083333334 0.568359375 0.009114583333333334 0.01953125
3 0.4244791666666667 0.6041666666666666 0.41796875 0.5963541666666666 0.4192708333333333 0.58984375 0.421875 0.5872395833333334 0.4244791666666667 0.5885416666666666 0.42578125 0.6028645833333334
3 0.54296875 0.2630208333333333 0.5390625 0.2604166666666667 0.53515625 0.2526041666666667 0.5377604166666666 0.23697916666666666 0.5403645833333334 0.23567708333333334 0.5442708333333334 0.2421875 0.5442708333333334 0.26171875
3 0.40625 0.8072916666666666 0.4088541666666667 0.8072916666666666 0.4088541666666667 0.8255208333333334 0.4049479166666667 0.8255208333333334 0.4010416666666667 0.8177083333333334 0.40234375 0.8125 0.40625 0.80859375
3 0.375 0.3203125 0.3802083333333333 0.3216145833333333 0.3841145833333333 0.3294270833333333 0.3841145833333333 0.3372395833333333 0.3802083333333333 0.3411458333333333 0.3776041666666667 0.33984375 0.3723958333333333 0.33203125 0.375 0.3216145833333333
3 0.6888020833333334 0.58984375 0.69140625 0.5950520833333334 0.69140625 0.60546875 0.6888020833333334 0.6106770833333334 0.68359375 0.6080729166666666 0.6822916666666666 0.6015625 0.67578125 0.5924479166666666 0.6770833333333334 0.58984375 0.6875 0.58984375
3 0.5364583333333334 0.44921875 0.5377604166666666 0.45703125 0.5325520833333334 0.46875 0.5299479166666666 0.4674479166666667 0.5299479166666666 0.4505208333333333 0.53515625 0.44921875
3 0.48046875 0.44166666666666665 0.47109375000000003 0.44444444401041666 0.47031249999999997 0.45555555598958336 0.4734375 0.46249999999999997 0.48281250000000003 0.45972222265625 0.48046875 0.44166666666666665