1 0.38263046875 0.7227847226562499 0.38020859375 0.72245277734375 0.37923046875000005 0.7263916666666667 0.38086015625 0.73072777734375 0.38346875 0.73072777734375 0.38458593750000003 0.72625972265625 0.38263046875 0.7227847226562499
0 0 0.4166666666666667 0.015625 0.4166666666666667 0.016927083333333332 0.4192708333333333 0.09505208333333333 0.4205729166666667 0.10286458333333333 0.421875 0.11588541666666667 0.4283854166666667 0.13411458333333334 0.4505208333333333 0.14192708333333334 0.4674479166666667 0.14973958333333334 0.5 0.15104166666666666 0.5182291666666666 0.14973958333333334 0.5546875 0.14192708333333334 0.5859375 0.13151041666666666 0.6067708333333334 0.11067708333333333 0.6276041666666666 0.10026041666666667 0.6315104166666666 0 0.62890625 0 0.6223958333333334 0.09895833333333333 0.625 0.11067708333333333 0.6197916666666666 0.12369791666666667 0.6080729166666666 0.13671875 0.5859375 0.14322916666666666 0.5690104166666666 0.14453125 0.5546875 0.14713541666666666 0.55078125 0.1484375 0.5299479166666666 0.14713541666666666 0.5065104166666666 0.13932291666666666 0.4713541666666667 0.12760416666666666 0.44921875 0.11328125 0.43359375 0.10416666666666667 0.4283854166666667 0.09244791666666667 0.42578125 0 0.4231770833333333 0 0.41796875
0 0.8919270833333334 0.4479166666666667 0.9700520833333334 0.4505208333333333 0.9739583333333334 0.4518229166666667 0.9739583333333334 0.4557291666666667 0.8580729166666666 0.453125 0.8489583333333334 0.45703125 0.8333333333333334 0.4700520833333333 0.8177083333333334 0.4973958333333333 0.8111979166666666 0.5182291666666666 0.80859375 0.5390625 0.8098958333333334 0.5794270833333334 0.8190104166666666 0.61328125 0.8307291666666666 0.6328125 0.8463541666666666 0.6484375 0.859375 0.6536458333333334 0.96875 0.6575520833333334 0.9713541666666666 0.6614583333333334 0.9088541666666666 0.6614583333333334 0.8541666666666666 0.6575520833333334 0.8359375 0.6471354166666666 0.81640625 0.6171875 0.80859375 0.5911458333333334 0.8059895833333334 0.56640625 0.8072916666666666 0.52734375 0.81640625 0.4908854166666667 0.8268229166666666 0.4713541666666667 0.8463541666666666 0.4518229166666667 0.8606770833333334 0.4479166666666667 0.890625 0.4479166666666667
2 0.48046875 0.12890625 0.4830729166666667 0.13020833333333334 0.4817708333333333 0.4114583333333333 0.4778645833333333 0.46875 0.48046875 0.47265625 0.4817708333333333 0.4921875 0.4791666666666667 0.6197916666666666 0.4778645833333333 0.6223958333333334 0.4739583333333333 0.6197916666666666 0.4765625 0.61328125 0.4765625 0.4908854166666667 0.4791666666666667 0.48828125 0.4791666666666667 0.4778645833333333 0.4765625 0.4739583333333333 0.4765625 0.44140625 0.4791666666666667 0.390625 0.4778645833333333 0.3606770833333333 0.48046875 0.13020833333333334
3 0.3802083333333333 0.7239583333333334 0.3841145833333333 0.7252604166666666 0.3828125 0.7552083333333334 0.3802083333333333 0.7591145833333334 0.37109375 0.7552083333333334 0.37109375 0.75 0.3776041666666667 0.7408854166666666 0.3802083333333333 0.7252604166666666
3 0.54296875 0.5208333333333334 0.5520833333333334 0.5286458333333334 0.5533854166666666 0.53515625 0.5520833333333334 0.54296875 0.546875 0.5442708333333334 0.54296875 0.5221354166666666
3 0.5052083333333334 0.2565104166666667 0.51171875 0.265625 0.51171875 0.2734375 0.5091145833333334 0.2786458333333333 0.5052083333333334 0.2799479166666667 0.5026041666666666 0.2760416666666667 0.50390625 0.2578125
3 0.4817708333333333 0.6223958333333334 0.4830729166666667 0.6184895833333334 0.48828125 0.6158854166666666 0.4921875 0.6223958333333334 0.4908854166666667 0.6328125 0.48828125 0.6341145833333334 0.484375 0.6302083333333334 0.4830729166666667 0.6236979166666666
3 0.4231770833333333 0.4375 0.42578125 0.4375 0.4296875 0.4440104166666667 0.4296875 0.4505208333333333 0.42578125 0.4544270833333333 0.421875 0.4505208333333333 0.4231770833333333 0.4388020833333333
3 0.6341145833333334 0.4921875 0.6380208333333334 0.4973958333333333 0.6380208333333334 0.5091145833333334 0.6341145833333334 0.5130208333333334 0.6302083333333334 0.51171875 0.6276041666666666 0.5078125 0.62890625 0.4947916666666667 0.6328125 0.4921875
3 0.3736979166666667 0.5859375 0.3815104166666667 0.5859375 0.38671875 0.58984375 0.3841145833333333 0.5989583333333334 0.37890625 0.60546875 0.37109375 0.5963541666666666 0.37109375 0.5911458333333334 0.3736979166666667 0.5872395833333334
3 0.3307291666666667 0.3658854166666667 0.3385416666666667 0.375 0.3385416666666667 0.3802083333333333 0.3346354166666667 0.3828125 0.3294270833333333 0.3815104166666667 0.3229166666666667 0.37109375 0.32421875 0.3645833333333333 0.3294270833333333 0.3658854166666667
3 0.4596354166666667 0.22786458333333334 0.4635416666666667 0.24739583333333334 0.4622395833333333 0.2526041666666667 0.45703125 0.2526041666666667 0.45703125 0.24739583333333334 0.453125 0.23958333333333334 0.453125 0.234375 0.4583333333333333 0.22916666666666666
3 0.39453125 0.5677083333333334 0.3932291666666667 0.5533854166666666 0.4010416666666667 0.5494791666666666 0.4036458333333333 0.55078125 0.40234375 0.5651041666666666 0.3971354166666667 0.5703125 0.3958333333333333 0.5677083333333334
3 0.47578125 0.4513888893229167 0.47578125 0.44722222265624995 0.47500000000000003 0.44444444401041666 0.47421874999999997 0.44444444401041666 0.47265625 0.44166666666666665 0.46640624999999997 0.44166666666666665 0.46640624999999997 0.4430555559895833 0.46484375 0.4458333333333333 0.4640625 0.4458333333333333 0.46328125000000003 0.44861111067708337 0.46249999999999997 0.45277777734375 0.46328125000000003 0.4569444440104167 0.46640624999999997 0.46388888932291666 0.46875 0.46527777734375 0.47265625 0.46527777734375 0.47578125 0.46249999999999997 0.4765625 0.45972222265625 0.47578125 0.45416666666666666 0.4765625 0.45277777734375 0.47578125 0.4513888893229167
3 0.46718750000000003 0.6888888893229167 0.46796875 0.6875 0.46796875 0.6819444440104167 0.46640624999999997 0.6791666666666667 0.46328125000000003 0.6805555559895833 0.46249999999999997 0.6819444440104167 0.4609375 0.6875 0.4609375 0.6930555559895833 0.46171875 0.6958333333333333 0.46640624999999997 0.7041666666666666 0.46640624999999997 0.7069444440104166 0.46718750000000003 0.7069444440104166 0.46796875 0.7041666666666666 0.46796875 0.6986111106770833 0.46718750000000003 0.69722222265625 0.46718750000000003 0.6888888893229167