1 0.28984375 0.4430555559895833 0.2921875 0.4458333333333333 0.29375 0.4458333333333333 0.29453124999999997 0.44444444401041666 0.29453124999999997 0.43888888932291664 0.29296875 0.43611111067708336 0.29140625000000003 0.43611111067708336 0.28984375 0.4375 0.28984375 0.4430555559895833
0 0 0.4153645833333333 0.055989583333333336 0.4166666666666667 0.057291666666666664 0.4192708333333333 0.09114583333333333 0.4192708333333333 0.10286458333333333 0.421875 0.11458333333333333 0.4283854166666667 0.13411458333333334 0.4544270833333333 0.14192708333333334 0.4752604166666667 0.14322916666666666 0.48828125 0.14583333333333334 0.4908854166666667 0.1484375 0.5169270833333334 0.14713541666666666 0.5520833333333334 0.13802083333333334 0.5885416666666666 0.12369791666666667 0.61328125 0.10807291666666667 0.6276041666666666 0.08854166666666667 0.6328125 0 0.62890625 0 0.6223958333333334 0.09635416666666667 0.625 0.10677083333333333 0.62109375 0.12369791666666667 0.60546875 0.125 0.6002604166666666 0.13151041666666666 0.5924479166666666 0.140625 0.56640625 0.14453125 0.5325520833333334 0.14453125 0.5052083333333334 0.13932291666666666 0.4791666666666667 0.12890625 0.4544270833333333 0.11067708333333333 0.4322916666666667 0.10026041666666667 0.4270833333333333 0.08854166666666667 0.4244791666666667 0.0078125 0.4231770833333333 0 0.421875 0 0.4166666666666667
0 0.9309895833333334 0.44921875 0.9752604166666666 0.4518229166666667 0.9752604166666666 0.4557291666666667 0.859375 0.453125 0.8515625 0.45703125 0.8333333333333334 0.47265625 0.8190104166666666 0.4986979166666667 0.8190104166666666 0.50390625 0.8138020833333334 0.5169270833333334 0.8138020833333334 0.5260416666666666 0.8111979166666666 0.5325520833333334 0.8111979166666666 0.5755208333333334 0.8190104166666666 0.609375 0.8294270833333334 0.62890625 0.8463541666666666 0.6484375 0.86328125 0.6549479166666666 0.9674479166666666 0.6588541666666666 0.9739583333333334 0.66015625 0.9739583333333334 0.6627604166666666 0.9674479166666666 0.6640625 0.8619791666666666 0.66015625 0.8450520833333334 0.6536458333333334 0.8372395833333334 0.6471354166666666 0.82421875 0.62890625 0.8151041666666666 0.609375 0.8151041666666666 0.6028645833333334 0.80859375 0.5807291666666666 0.8072916666666666 0.546875 0.8125 0.5091145833333334 0.82421875 0.4778645833333333 0.83984375 0.4583333333333333 0.85546875 0.44921875 0.8619791666666666 0.4479166666666667 0.9296875 0.44921875
2 0.48046875 0.125 0.4830729166666667 0.12760416666666666 0.48046875 0.3736979166666667 0.4817708333333333 0.45703125 0.48046875 0.5546875 0.4778645833333333 0.5872395833333334 0.4791666666666667 0.6588541666666666 0.4752604166666667 0.94921875 0.47265625 0.9518229166666666 0.4713541666666667 0.9283854166666666 0.4765625 0.6484375 0.4765625 0.4140625 0.4791666666666667 0.4114583333333333 0.4765625 0.4075520833333333 0.48046875 0.3984375 0.48046875 0.3932291666666667 0.4765625 0.3893229166666667 0.4791666666666667 0.3619791666666667 0.4778645833333333 0.2760416666666667 0.48046875 0.23307291666666666 0.48046875 0.12630208333333334
3 0.5703125 0.5338541666666666 0.5703125 0.5182291666666666 0.5768229166666666 0.5130208333333334 0.5794270833333334 0.5143229166666666 0.5807291666666666 0.5247395833333334 0.5794270833333334 0.5286458333333334 0.5716145833333334 0.5338541666666666
3 0.4361979166666667 0.7317708333333334 0.4388020833333333 0.7317708333333334 0.4427083333333333 0.7421875 0.4427083333333333 0.7473958333333334 0.4401041666666667 0.7513020833333334 0.4375 0.7513020833333334 0.4322916666666667 0.7447916666666666 0.4361979166666667 0.7330729166666666
3 0.4921875 0.578125 0.4934895833333333 0.5950520833333334 0.4895833333333333 0.59765625 0.484375 0.5911458333333334 0.484375 0.5807291666666666 0.4869791666666667 0.578125 0.4908854166666667 0.578125
3 0.4205729166666667 0.20182291666666666 0.4231770833333333 0.203125 0.4244791666666667 0.21223958333333334 0.4283854166666667 0.21875 0.4283854166666667 0.22395833333333334 0.4231770833333333 0.22395833333333334 0.41796875 0.21614583333333334 0.41796875 0.20572916666666666 0.4205729166666667 0.203125
3 0.22395833333333334 0.6223958333333334 0.22395833333333334 0.6432291666666666 0.21875 0.640625 0.21223958333333334 0.6328125 0.21354166666666666 0.6236979166666666 0.21744791666666666 0.6236979166666666 0.22005208333333334 0.62109375 0.22265625 0.6223958333333334
3 0.37890625 0.4049479166666667 0.3828125 0.4049479166666667 0.3854166666666667 0.4088541666666667 0.3854166666666667 0.421875 0.3815104166666667 0.4231770833333333 0.3776041666666667 0.4153645833333333 0.37890625 0.40625
3 0.4921875 0.2760416666666667 0.4908854166666667 0.26171875 0.4934895833333333 0.2565104166666667 0.4973958333333333 0.2604166666666667 0.4973958333333333 0.2760416666666667 0.4934895833333333 0.2760416666666667
3 0.359375 0.55859375 0.36328125 0.5572916666666666 0.3697916666666667 0.5677083333333334 0.3684895833333333 0.57421875 0.359375 0.5729166666666666 0.359375 0.5598958333333334
3 0.2682291666666667 0.3645833333333333 0.2708333333333333 0.38671875 0.2643229166666667 0.38671875 0.2604166666666667 0.3802083333333333 0.26171875 0.3736979166666667 0.2669270833333333 0.3658854166666667
3 0.46484375 0.390625 0.4635416666666667 0.3815104166666667 0.4661458333333333 0.3776041666666667 0.4700520833333333 0.3776041666666667 0.4739583333333333 0.38671875 0.4739583333333333 0.390625 0.4661458333333333 0.390625
3 0.3841145833333333 0.828125 0.38671875 0.8294270833333334 0.3919270833333333 0.8450520833333334 0.3880208333333333 0.8528645833333334 0.3815104166666667 0.8489583333333334 0.3841145833333333 0.8294270833333334
3 0.42109375 0.4944444440104167 0.41484375 0.4916666666666667 0.4109375 0.49583333333333335 0.4109375 0.5083333333333333 0.41562499999999997 0.51527777734375 0.42109375 0.51527777734375 0.42109375 0.4944444440104167