1 0.52109375 0.5458333333333333 0.5234375 0.5458333333333333 0.5242187500000001 0.5444444440104167 0.5242187500000001 0.54027777734375 0.5234375 0.5388888893229167 0.52109375 0.5388888893229167 0.5203125000000001 0.5430555559895833 0.52109375 0.5458333333333333
0 0.9986979166666666 0.42578125 0.9986979166666666 0.4309895833333333 0.99609375 0.4322916666666667 0.90625 0.43359375 0.89453125 0.4361979166666667 0.87109375 0.45703125 0.86328125 0.4713541666666667 0.85546875 0.4947916666666667 0.8541666666666666 0.5143229166666666 0.8515625 0.5208333333333334 0.8515625 0.5481770833333334 0.859375 0.5846354166666666 0.87109375 0.609375 0.8880208333333334 0.6276041666666666 0.8997395833333334 0.6328125 0.9986979166666666 0.6302083333333334 0.9986979166666666 0.63671875 0.9596354166666666 0.6380208333333334 0.8984375 0.6380208333333334 0.8841145833333334 0.6315104166666666 0.8723958333333334 0.6197916666666666 0.8606770833333334 0.6002604166666666 0.8515625 0.5716145833333334 0.8489583333333334 0.5533854166666666 0.8489583333333334 0.5169270833333334 0.8515625 0.5078125 0.8515625 0.49609375 0.8567708333333334 0.4778645833333333 0.8684895833333334 0.453125 0.88671875 0.43359375 0.8919270833333334 0.4309895833333333 0.8997395833333334 0.4283854166666667 0.9973958333333334 0.42578125
0 0.14583333333333334 0.453125 0.15755208333333334 0.4583333333333333 0.17447916666666666 0.4752604166666667 0.18229166666666666 0.4895833333333333 0.19140625 0.5143229166666666 0.19140625 0.5234375 0.1953125 0.5377604166666666 0.1953125 0.578125 0.19010416666666666 0.6080729166666666 0.18229166666666666 0.62890625 0.17447916666666666 0.640625 0.16276041666666666 0.6536458333333334 0.15494791666666666 0.6588541666666666 0.14322916666666666 0.6627604166666666 0.12890625 0.6640625 0.07682291666666667 0.6653645833333334 0.032552083333333336 0.6653645833333334 0.032552083333333336 0.6614583333333334 0.14322916666666666 0.6575520833333334 0.15755208333333334 0.6510416666666666 0.16927083333333334 0.6393229166666666 0.18359375 0.6145833333333334 0.19140625 0.5872395833333334 0.19270833333333334 0.5442708333333334 0.18880208333333334 0.5182291666666666 0.18359375 0.5 0.17317708333333334 0.484375 0.171875 0.4791666666666667 0.16015625 0.4674479166666667 0.1484375 0.4609375 0.1171875 0.4596354166666667 0.05859375 0.4622395833333333 0.028645833333333332 0.4609375 0.028645833333333332 0.45703125 0.0859375 0.453125 0.14453125 0.453125
2 0.5208333333333334 0.4700520833333333 0.5234375 0.4778645833333333 0.5247395833333334 0.5390625 0.5234375 0.6028645833333334 0.5260416666666666 0.6354166666666666 0.5260416666666666 0.8606770833333334 0.5286458333333334 0.92578125 0.52734375 0.953125 0.5247395833333334 0.953125 0.5234375 0.8815104166666666 0.51953125 0.5052083333333334 0.5208333333333334 0.4713541666666667
3 0.4830729166666667 0.7330729166666666 0.4869791666666667 0.7408854166666666 0.4869791666666667 0.75390625 0.48046875 0.75390625 0.4817708333333333 0.734375
3 0.5026041666666666 0.6184895833333334 0.5065104166666666 0.62890625 0.5065104166666666 0.63671875 0.5 0.640625 0.4973958333333333 0.63671875 0.4973958333333333 0.6223958333333334 0.5013020833333334 0.6184895833333334
3 0.5455729166666666 0.24088541666666666 0.5481770833333334 0.2421875 0.5481770833333334 0.24609375 0.54296875 0.2643229166666667 0.5403645833333334 0.2643229166666667 0.5377604166666666 0.2604166666666667 0.5364583333333334 0.25 0.5390625 0.24739583333333334 0.5390625 0.2421875 0.5442708333333334 0.24088541666666666
3 0.5598958333333334 0.3938802083333333 0.009114583333333334 0.014973958333333334
3 0.4309895833333333 0.55859375 0.4348958333333333 0.55859375 0.4375 0.5611979166666666 0.4348958333333333 0.5755208333333334 0.4309895833333333 0.5768229166666666 0.4309895833333333 0.5598958333333334
3 0.57421875 0.6041666666666666 0.57421875 0.5885416666666666 0.5768229166666666 0.5872395833333334 0.5807291666666666 0.5924479166666666 0.5807291666666666 0.5963541666666666 0.5755208333333334 0.6028645833333334
3 0.4583333333333333 0.23567708333333334 0.4609375 0.23697916666666666 0.4609375 0.24479166666666666 0.4635416666666667 0.24869791666666666 0.4596354166666667 0.2604166666666667 0.4557291666666667 0.2630208333333333 0.4544270833333333 0.26171875 0.453125 0.24869791666666666 0.4544270833333333 0.2421875 0.4583333333333333 0.23697916666666666
3 0.58984375 0.8072916666666666 0.5924479166666666 0.8072916666666666 0.59765625 0.8151041666666666 0.5963541666666666 0.8229166666666666 0.5911458333333334 0.8268229166666666 0.58984375 0.80859375
3 0.6236979166666666 0.3203125 0.6263020833333334 0.33203125 0.625 0.3359375 0.6184895833333334 0.3411458333333333 0.6145833333333334 0.3372395833333333 0.6145833333333334 0.3294270833333333 0.6184895833333334 0.3216145833333333 0.6223958333333334 0.3203125
3 0.3151041666666667 0.58984375 0.3216145833333333 0.58984375 0.3229166666666667 0.5924479166666666 0.31640625 0.6015625 0.3151041666666667 0.6080729166666666 0.3111979166666667 0.6106770833333334 0.3072916666666667 0.60546875 0.3072916666666667 0.5950520833333334 0.3098958333333333 0.58984375 0.3138020833333333 0.58984375
3 0.4622395833333333 0.44921875 0.46875 0.4505208333333333 0.4674479166666667 0.46875 0.4622395833333333 0.4622395833333333 0.4622395833333333 0.4505208333333333
3 0.5265624999999999 0.46249999999999997 0.5296875 0.45555555598958336 0.52890625 0.44444444401041666 0.51953125 0.44166666666666665 0.5171875 0.45972222265625 0.5265624999999999 0.46249999999999997