1 0.615625 0.7236111106770834 0.6171875 0.7263888893229167 0.6203124999999999 0.7236111106770834 0.6203124999999999 0.7208333333333333 0.61953125 0.7194444440104166 0.6171875 0.7180555559895834 0.6164062499999999 0.7194444440104166 0.615625 0.7236111106770834
3 0.6171875 0.734375 0.6276041666666666 0.7473958333333334 0.6276041666666666 0.7526041666666666 0.625 0.7552083333333334 0.6171875 0.7552083333333334 0.6171875 0.7356770833333334
3 0.4557291666666667 0.5208333333333334 0.4544270833333333 0.5377604166666666 0.44921875 0.5364583333333334 0.4479166666666667 0.5299479166666666 0.4505208333333333 0.5208333333333334 0.4544270833333333 0.5208333333333334
3 0.49609375 0.2578125 0.4986979166666667 0.26171875 0.4986979166666667 0.2734375 0.49609375 0.28125 0.4934895833333333 0.28125 0.4921875 0.27734375 0.4921875 0.2643229166666667 0.4947916666666667 0.2591145833333333
3 0.513671875 0.6256510416666666 0.010416666666666666 0.018229166666666668
3 0.6783854166666666 0.3658854166666667 0.6770833333333334 0.37109375 0.671875 0.375 0.6705729166666666 0.39453125 0.6666666666666666 0.4049479166666667 0.6640625 0.4049479166666667 0.6627604166666666 0.3984375 0.6640625 0.3684895833333333 0.6692708333333334 0.3645833333333333 0.6770833333333334 0.3658854166666667
3 0.5716145833333334 0.4401041666666667 0.5768229166666666 0.4361979166666667 0.5807291666666666 0.4466145833333333 0.5807291666666666 0.4518229166666667 0.5768229166666666 0.4544270833333333 0.5703125 0.453125 0.5690104166666666 0.4466145833333333 0.5716145833333334 0.44140625
3 0.3697916666666667 0.49609375 0.37109375 0.5091145833333334 0.3658854166666667 0.5143229166666666 0.36328125 0.5130208333333334 0.3619791666666667 0.5065104166666666 0.3645833333333333 0.4973958333333333 0.3684895833333333 0.49609375
3 0.625 0.5833333333333334 0.6263020833333334 0.5859375 0.6328125 0.5885416666666666 0.6328125 0.6002604166666666 0.62890625 0.6028645833333334 0.62109375 0.5924479166666666 0.62109375 0.5885416666666666 0.625 0.5846354166666666
3 0.5364583333333334 0.22786458333333334 0.5455729166666666 0.23307291666666666 0.5416666666666666 0.2513020833333333 0.5390625 0.2526041666666667 0.5364583333333334 0.24479166666666666 0.5364583333333334 0.22916666666666666
3 0.6015625 0.5520833333333334 0.6080729166666666 0.5572916666666666 0.60546875 0.5716145833333334 0.6015625 0.5729166666666666 0.5989583333333334 0.56640625 0.59765625 0.5546875 0.6002604166666666 0.5533854166666666
3 0.53515625 0.6822916666666666 0.5416666666666666 0.6901041666666666 0.5377604166666666 0.7018229166666666 0.5325520833333334 0.7044270833333334 0.53125 0.6940104166666666 0.5325520833333334 0.6861979166666666 0.53515625 0.68359375
3 0.52578125 0.46249999999999997 0.5359375000000001 0.4666666666666666 0.5375 0.44861111067708337 0.5296875 0.4430555559895833 0.525 0.4513888893229167 0.52578125 0.46249999999999997
2 0.5169270833333334 0.12760416666666666 0.51953125 0.19921875 0.51953125 0.3984375 0.5221354166666666 0.44140625 0.5221354166666666 0.4661458333333333 0.5182291666666666 0.4778645833333333 0.51953125 0.4895833333333333 0.5221354166666666 0.4934895833333333 0.5208333333333334 0.5234375 0.5234375 0.6158854166666666 0.5234375 0.6197916666666666 0.5208333333333334 0.62109375 0.5182291666666666 0.61328125 0.51953125 0.5494791666666666 0.5169270833333334 0.4791666666666667 0.51953125 0.4505208333333333 0.5169270833333334 0.4283854166666667 0.5169270833333334 0.12890625
0 1 0.62222222265625 0.9015624999999999 0.625 0.8859374999999999 0.6180555559895834 0.8734375 0.60277777734375 0.8609375 0.57777777734375 0.8538697434895833 0.5389408098958334 0.85 0.5444444440104167 0.853125 0.5666666666666667 0.86953125 0.6055555559895833 0.884375 0.62222222265625 0.9015624999999999 0.6305555559895833 1 0.6263888893229167 1 0.62222222265625
0 1 0.4166666666666667 0.96640625 0.4166666666666667 0.89296875 0.42222222265625 0.8742187499999999 0.4375 0.8624999999999999 0.4569444440104167 0.8523437500000001 0.48888888932291663 0.84921875 0.5319444440104167 0.8538433307291666 0.5387956744791667 0.8523437500000001 0.5305555559895833 0.8546874999999999 0.4944444440104167 0.8601562500000001 0.47500000000000003 0.8742187499999999 0.4458333333333333 0.88828125 0.4319444440104167 0.91041640625 0.425 1 0.4236111106770833 1 0.4166666666666667
0 0.14921874999999998 0.44861111067708337 0.025781250000000002 0.4513888893229167 0.032031250000000004 0.45555555598958336 0.14140624999999998 0.45277777734375 0.1546875 0.4583333333333333 0.16874999999999998 0.47222222265625 0.18125 0.49583333333333335 0.18828124999999998 0.5194444440104167 0.19140625 0.54722222265625 0.18828124999999998 0.5861111106770833 0.178125 0.6166666666666667 0.15625 0.6458333333333334 0.140625 0.65277777734375 0.08750000000000001 0.65277777734375 0.029687500000000002 0.6611111106770834 0.140625 0.6583333333333333 0.15859375 0.65 0.1796875 0.6236111106770833 0.18984375 0.5958333333333333 0.19375 0.5750000000000001 0.19218749999999998 0.52222222265625 0.1796875 0.4805555559895833 0.16718750000000002 0.46249999999999997 0.14921874999999998 0.44861111067708337