1 0.40859375000000003 0.7125 0.40859375000000003 0.7041666666666666 0.40781249999999997 0.70277777734375 0.40468750000000003 0.70277777734375 0.40390624999999997 0.7041666666666666 0.403125 0.7097222226562501 0.40468750000000003 0.7125 0.40781249999999997 0.7138888893229166 0.40859375000000003 0.7125
0 0 0.4114583333333333 0.08723958333333333 0.4140625 0.10677083333333333 0.42578125 0.12239583333333333 0.4466145833333333 0.13020833333333334 0.4635416666666667 0.13671875 0.4895833333333333 0.13932291666666666 0.5169270833333334 0.13802083333333334 0.5455729166666666 0.13020833333333334 0.5807291666666666 0.1171875 0.60546875 0.10677083333333333 0.6171875 0.08984375 0.6276041666666666 0.08072916666666667 0.62890625 0 0.6263020833333334 0 0.6197916666666666 0.0859375 0.6223958333333334 0.09895833333333333 0.6171875 0.11067708333333333 0.60546875 0.11979166666666667 0.5924479166666666 0.13151041666666666 0.5638020833333334 0.13541666666666666 0.5442708333333334 0.13541666666666666 0.5 0.13151041666666666 0.4791666666666667 0.12369791666666667 0.45703125 0.10677083333333333 0.4322916666666667 0.09895833333333333 0.42578125 0.0859375 0.4205729166666667 0 0.41796875 0 0.4127604166666667
0 0.8880208333333334 0.4453125 0.9622395833333334 0.4479166666666667 0.9674479166666666 0.44921875 0.96875 0.453125 0.8515625 0.4505208333333333 0.8424479166666666 0.4544270833333333 0.8255208333333334 0.4700520833333333 0.8151041666666666 0.48828125 0.8072916666666666 0.51171875 0.8033854166666666 0.5455729166666666 0.80078125 0.5338541666666666 0.8072916666666666 0.4986979166666667 0.81640625 0.48046875 0.81640625 0.4765625 0.8294270833333334 0.4583333333333333 0.8411458333333334 0.44921875 0.8515625 0.4453125 0.88671875 0.4453125
2 0.4739583333333333 0.12109375 0.4739583333333333 0.4947916666666667 0.4713541666666667 0.56640625 0.47265625 0.6197916666666666 0.4700520833333333 0.6901041666666666 0.4674479166666667 0.9479166666666666 0.46484375 0.9479166666666666 0.46484375 0.859375 0.4674479166666667 0.80859375 0.46875 0.5481770833333334 0.4713541666666667 0.4440104166666667 0.47265625 0.12239583333333333
3 0.2721354166666667 0.8489583333333334 0.2708333333333333 0.8372395833333334 0.2721354166666667 0.8333333333333334 0.2786458333333333 0.8294270833333334 0.28125 0.8307291666666666 0.2825520833333333 0.8450520833333334 0.2734375 0.8489583333333334
3 0.5130208333333334 0.6614583333333334 0.5169270833333334 0.6640625 0.5182291666666666 0.6692708333333334 0.5143229166666666 0.6796875 0.51171875 0.6796875 0.5078125 0.6731770833333334 0.5078125 0.6640625 0.51171875 0.6614583333333334
3 0.57421875 0.50390625 0.5872395833333334 0.50390625 0.5872395833333334 0.51953125 0.5846354166666666 0.5234375 0.58203125 0.5221354166666666 0.57421875 0.5052083333333334
3 0.22786458333333334 0.4921875 0.22786458333333334 0.5130208333333334 0.21875 0.51171875 0.21614583333333334 0.5078125 0.21744791666666666 0.5 0.2265625 0.4934895833333333
3 0.4609375 0.26171875 0.46484375 0.2682291666666667 0.4622395833333333 0.2877604166666667 0.4596354166666667 0.2877604166666667 0.4518229166666667 0.2786458333333333 0.453125 0.2643229166666667 0.4557291666666667 0.26171875 0.4596354166666667 0.26171875
3 0.23697916666666666 0.3841145833333333 0.24739583333333334 0.3893229166666667 0.24739583333333334 0.40234375 0.24348958333333334 0.4049479166666667 0.23567708333333334 0.39453125 0.23697916666666666 0.3854166666666667
3 0.23307291666666666 0.21549479166666666 0.014322916666666666 0.027994791666666668
3 0.08072916666666667 0.5 0.07942708333333333 0.5143229166666666 0.06510416666666667 0.5130208333333334 0.06640625 0.4986979166666667 0.07942708333333333 0.5
3 0.7890625 0.5533854166666666 0.796875 0.5442708333333334 0.80078125 0.5442708333333334 0.8059895833333334 0.5546875 0.8020833333333334 0.5651041666666666 0.796875 0.5651041666666666 0.7942708333333334 0.5598958333333334 0.7890625 0.55859375 0.7890625 0.5546875
3 0.5390625 0.3190104166666667 0.5416666666666666 0.3203125 0.5455729166666666 0.3307291666666667 0.5442708333333334 0.3372395833333333 0.5403645833333334 0.3411458333333333 0.5377604166666666 0.3385416666666667 0.5364583333333334 0.3294270833333333 0.5390625 0.3203125
3 0.4205729166666667 0.6940104166666666 0.41796875 0.72265625 0.41015625 0.7200520833333334 0.4049479166666667 0.7135416666666666 0.4049479166666667 0.703125 0.4192708333333333 0.6940104166666666
3 0.484375 0.8694444440104167 0.47890625000000003 0.8708333333333332 0.48046875 0.8930555559895833 0.4875 0.9 0.4875 0.8791666666666668 0.484375 0.8694444440104167