1 0.4734375 0.5375 0.47578125 0.5361111106770834 0.4765625 0.5319444440104167 0.47500000000000003 0.5291666666666667 0.47265625 0.5291666666666667 0.471875 0.5305555559895833 0.471875 0.5361111106770834 0.4734375 0.5375
0 0 0.4140625 0.08984375 0.4166666666666667 0.09114583333333333 0.4192708333333333 0.09895833333333333 0.4205729166666667 0.10807291666666667 0.42578125 0.11848958333333333 0.4348958333333333 0.11979166666666667 0.4401041666666667 0.13151041666666666 0.45703125 0.13932291666666666 0.4817708333333333 0.14322916666666666 0.5078125 0.14322916666666666 0.5377604166666666 0.13802083333333334 0.5716145833333334 0.13020833333333334 0.59375 0.11458333333333333 0.6158854166666666 0.1015625 0.6236979166666666 0.09895833333333333 0.6276041666666666 0.09375 0.62890625 0 0.6276041666666666 0 0.62109375 0.08854166666666667 0.6236979166666666 0.10286458333333333 0.6184895833333334 0.11588541666666667 0.6067708333333334 0.12890625 0.5859375 0.1328125 0.5703125 0.13541666666666666 0.5677083333333334 0.140625 0.5364583333333334 0.140625 0.5091145833333334 0.13541666666666666 0.4778645833333333 0.125 0.453125 0.10677083333333333 0.4309895833333333 0.09114583333333333 0.4231770833333333 0 0.4205729166666667 0 0.4153645833333333
0 0.9674479166666666 0.4479166666666667 0.9700520833333334 0.44921875 0.9700520833333334 0.4518229166666667 0.9674479166666666 0.453125 0.8658854166666666 0.44921875 0.85546875 0.44921875 0.84375 0.453125 0.8294270833333334 0.4661458333333333 0.8151041666666666 0.4895833333333333 0.8046875 0.5338541666666666 0.8046875 0.5677083333333334 0.8111979166666666 0.6002604166666666 0.8255208333333334 0.62890625 0.83984375 0.6432291666666666 0.85546875 0.6510416666666666 0.953125 0.6536458333333334 0.96484375 0.6549479166666666 0.9661458333333334 0.6588541666666666 0.8736979166666666 0.6575520833333334 0.84375 0.65234375 0.82421875 0.6354166666666666 0.8125 0.6145833333333334 0.8046875 0.58984375 0.80078125 0.5533854166666666 0.8046875 0.5130208333333334 0.8125 0.4869791666666667 0.828125 0.4609375 0.84375 0.4479166666666667 0.8502604166666666 0.4453125 0.9661458333333334 0.4479166666666667
2 0.4739583333333333 0.5390625 0.4739583333333333 0.7057291666666666 0.4713541666666667 0.7330729166666666 0.4700520833333333 0.8815104166666666 0.4713541666666667 0.9270833333333334 0.4700520833333333 0.9466145833333334 0.4674479166666667 0.9466145833333334 0.46875 0.7200520833333334 0.4713541666666667 0.6536458333333334 0.4700520833333333 0.6145833333333334 0.47265625 0.5611979166666666 0.4713541666666667 0.546875 0.4739583333333333 0.5403645833333334
3 0.6197916666666666 0.16276041666666666 0.6236979166666666 0.16666666666666666 0.6223958333333334 0.18359375 0.6171875 0.18619791666666666 0.6145833333333334 0.1796875 0.6158854166666666 0.16666666666666666 0.6184895833333334 0.1640625
3 0.6901041666666666 0.5533854166666666 0.6927083333333334 0.55859375 0.6927083333333334 0.5690104166666666 0.6888020833333334 0.5729166666666666 0.6822916666666666 0.56640625 0.6796875 0.5572916666666666 0.6809895833333334 0.5546875 0.6888020833333334 0.5533854166666666
3 0.4765625 0.5130208333333334 0.4791666666666667 0.5169270833333334 0.4791666666666667 0.53125 0.4778645833333333 0.5364583333333334 0.4752604166666667 0.5377604166666666 0.47265625 0.5364583333333334 0.47265625 0.5143229166666666 0.4752604166666667 0.5130208333333334
3 0.7005208333333334 0.7135416666666666 0.7018229166666666 0.703125 0.7044270833333334 0.7018229166666666 0.7109375 0.7109375 0.7096354166666666 0.7265625 0.7057291666666666 0.7278645833333334 0.703125 0.7252604166666666 0.7018229166666666 0.71484375
3 0.8177083333333334 0.5325520833333334 0.8203125 0.5260416666666666 0.8190104166666666 0.5182291666666666 0.8268229166666666 0.5091145833333334 0.8333333333333334 0.5169270833333334 0.8333333333333334 0.5299479166666666 0.8307291666666666 0.5338541666666666 0.8190104166666666 0.5325520833333334
3 0.10546875 0.47265625 0.10807291666666667 0.4739583333333333 0.10807291666666667 0.4869791666666667 0.09765625 0.4921875 0.09244791666666667 0.4908854166666667 0.08984375 0.4869791666666667 0.08984375 0.4830729166666667 0.09505208333333333 0.4765625 0.10286458333333333 0.4765625 0.10416666666666667 0.4739583333333333
3 0.4361979166666667 0.6484375 0.4375 0.6419270833333334 0.4427083333333333 0.640625 0.4427083333333333 0.6588541666666666 0.4375 0.6549479166666666 0.4375 0.6497395833333334
3 0.21223958333333334 0.13671875 0.21744791666666666 0.15104166666666666 0.21614583333333334 0.15885416666666666 0.21354166666666666 0.16015625 0.20572916666666666 0.15104166666666666 0.203125 0.14322916666666666 0.20572916666666666 0.13541666666666666 0.2109375 0.13671875
3 0.4075520833333333 0.8645833333333334 0.4075520833333333 0.8802083333333334 0.4049479166666667 0.8828125 0.4049479166666667 0.88671875 0.3997395833333333 0.8828125 0.3997395833333333 0.87109375 0.40234375 0.8645833333333334 0.40625 0.8645833333333334
3 0.6015625 0.8359375 0.6067708333333334 0.8489583333333334 0.6067708333333334 0.86328125 0.6028645833333334 0.87109375 0.59765625 0.859375 0.59765625 0.8424479166666666 0.6002604166666666 0.8372395833333334
3 0.2682291666666667 0.22395833333333334 0.2721354166666667 0.22395833333333334 0.2760416666666667 0.22786458333333334 0.2760416666666667 0.24479166666666666 0.2721354166666667 0.24609375 0.2682291666666667 0.2421875 0.2682291666666667 0.22526041666666666
3 0.4856770833333333 0.14453125 0.4895833333333333 0.14583333333333334 0.4921875 0.15494791666666666 0.4908854166666667 0.17317708333333334 0.4869791666666667 0.17838541666666666 0.484375 0.17838541666666666 0.4791666666666667 0.16796875 0.4791666666666667 0.15104166666666666 0.48046875 0.14583333333333334 0.484375 0.14453125