1 0.5671875000000001 0.6708333333333334 0.56875 0.66527777734375 0.5671875000000001 0.6583333333333333 0.56640625 0.65972222265625 0.5640625 0.65972222265625 0.5640625 0.6680555559895834 0.5671875000000001 0.6708333333333334
0 0 0.4140625 0.09114583333333333 0.4166666666666667 0.09244791666666667 0.4192708333333333 0.10677083333333333 0.4231770833333333 0.11848958333333333 0.4322916666666667 0.13411458333333334 0.45703125 0.14322916666666666 0.48828125 0.14322916666666666 0.4986979166666667 0.14583333333333334 0.5052083333333334 0.14583333333333334 0.5455729166666666 0.14322916666666666 0.55078125 0.14192708333333334 0.5677083333333334 0.13020833333333334 0.5989583333333334 0.11328125 0.6197916666666666 0.09635416666666667 0.6302083333333334 0.0390625 0.6302083333333334 0 0.6276041666666666 0 0.6223958333333334 0.09505208333333333 0.6236979166666666 0.10286458333333333 0.62109375 0.11979166666666667 0.60546875 0.13151041666666666 0.5859375 0.140625 0.5572916666666666 0.14322916666666666 0.5364583333333334 0.14322916666666666 0.5078125 0.140625 0.5026041666666666 0.13932291666666666 0.484375 0.13671875 0.4817708333333333 0.13671875 0.4765625 0.12760416666666666 0.4544270833333333 0.11067708333333333 0.4322916666666667 0.09114583333333333 0.4231770833333333 0.0026041666666666665 0.4205729166666667 0 0.4192708333333333 0 0.4153645833333333
0 0.9700520833333334 0.4505208333333333 0.9752604166666666 0.4518229166666667 0.9739583333333334 0.4557291666666667 0.9010416666666666 0.453125 0.8580729166666666 0.453125 0.8515625 0.4557291666666667 0.8346354166666666 0.4700520833333333 0.8190104166666666 0.4973958333333333 0.8177083333333334 0.5065104166666666 0.8138020833333334 0.5143229166666666 0.8098958333333334 0.5390625 0.8098958333333334 0.5690104166666666 0.8151041666666666 0.5963541666666666 0.8229166666666666 0.6184895833333334 0.8346354166666666 0.63671875 0.8463541666666666 0.6484375 0.8658854166666666 0.6549479166666666 0.9544270833333334 0.6575520833333334 0.9700520833333334 0.6588541666666666 0.9739583333333334 0.66015625 0.97265625 0.6627604166666666 0.8828125 0.6614583333333334 0.8567708333333334 0.6588541666666666 0.84765625 0.6549479166666666 0.83984375 0.6497395833333334 0.828125 0.63671875 0.8203125 0.6223958333333334 0.8151041666666666 0.609375 0.8151041666666666 0.6041666666666666 0.8125 0.6015625 0.8072916666666666 0.5729166666666666 0.8072916666666666 0.5364583333333334 0.8125 0.5065104166666666 0.8151041666666666 0.50390625 0.8151041666666666 0.4986979166666667 0.82421875 0.4765625 0.83984375 0.45703125 0.8580729166666666 0.4479166666666667 0.96875 0.4505208333333333
2 0.4778645833333333 0.2760416666666667 0.4817708333333333 0.2760416666666667 0.4778645833333333 0.5833333333333334 0.4791666666666667 0.6028645833333334 0.4752604166666667 0.74609375 0.4752604166666667 0.9270833333333334 0.47265625 0.9518229166666666 0.4700520833333333 0.92578125 0.47265625 0.8671875 0.47265625 0.71875 0.4752604166666667 0.65234375 0.4739583333333333 0.6171875 0.4765625 0.51171875 0.4765625 0.37109375 0.4791666666666667 0.2994791666666667 0.4778645833333333 0.27734375
3 0.4869791666666667 0.25 0.4908854166666667 0.25390625 0.4921875 0.2630208333333333 0.4908854166666667 0.2747395833333333 0.48828125 0.2760416666666667 0.484375 0.2734375 0.4830729166666667 0.2604166666666667 0.4869791666666667 0.2513020833333333
3 0.22265625 0.5364583333333334 0.23046875 0.5416666666666666 0.23177083333333334 0.546875 0.23177083333333334 0.5768229166666666 0.22916666666666666 0.5755208333333334 0.22526041666666666 0.5572916666666666 0.21484375 0.546875 0.21744791666666666 0.5364583333333334 0.22135416666666666 0.5364583333333334
3 0.3763020833333333 0.5546875 0.3815104166666667 0.5598958333333334 0.37890625 0.5716145833333334 0.3802083333333333 0.5911458333333334 0.375 0.5885416666666666 0.3736979166666667 0.5768229166666666 0.3684895833333333 0.5677083333333334 0.3684895833333333 0.55859375 0.37109375 0.5546875 0.375 0.5546875
3 0.44140625 0.4309895833333333 0.4466145833333333 0.4309895833333333 0.4518229166666667 0.4427083333333333 0.44921875 0.4739583333333333 0.4453125 0.46875 0.4440104166666667 0.4544270833333333 0.4401041666666667 0.4440104166666667 0.44140625 0.4322916666666667
3 0.45703125 0.74609375 0.4557291666666667 0.7330729166666666 0.4635416666666667 0.7252604166666666 0.4661458333333333 0.7265625 0.46484375 0.7421875 0.4609375 0.7513020833333334 0.4583333333333333 0.74609375
3 0.3841145833333333 0.2265625 0.3880208333333333 0.22786458333333334 0.3893229166666667 0.23177083333333334 0.3893229166666667 0.23958333333333334 0.3841145833333333 0.24869791666666666 0.3776041666666667 0.23567708333333334 0.3776041666666667 0.22786458333333334 0.3828125 0.2265625
3 0.4075520833333333 0.6393229166666666 0.40625 0.65625 0.40234375 0.65625 0.3984375 0.6510416666666666 0.3984375 0.640625 0.4010416666666667 0.6380208333333334 0.40625 0.6393229166666666
3 0.5572916666666666 0.4453125 0.5598958333333334 0.44921875 0.5572916666666666 0.46484375 0.5533854166666666 0.46484375 0.5494791666666666 0.4596354166666667 0.5494791666666666 0.44921875 0.5520833333333334 0.4453125 0.5559895833333334 0.4453125
3 0.4270833333333333 0.5260416666666666 0.4322916666666667 0.5338541666666666 0.4322916666666667 0.5481770833333334 0.4283854166666667 0.5520833333333334 0.42578125 0.5520833333333334 0.4205729166666667 0.5442708333333334 0.4205729166666667 0.5325520833333334 0.421875 0.5286458333333334 0.42578125 0.5260416666666666
3 0.5651041666666666 0.66015625 0.5755208333333334 0.6627604166666666 0.578125 0.6731770833333334 0.5755208333333334 0.68359375 0.5703125 0.68359375 0.5703125 0.6796875 0.5651041666666666 0.671875 0.5651041666666666 0.6614583333333334
3 0.24140625000000002 0.7194444440104166 0.23906249999999998 0.7236111106770834 0.240625 0.7333333333333334 0.24531250000000002 0.7333333333333334 0.25078125 0.7236111106770834 0.24140625000000002 0.7194444440104166
3 0.421875 0.8555555559895834 0.425 0.82777777734375 0.41484375 0.8305555559895833 0.41484375 0.8402777773437501 0.421875 0.8555555559895834