3 0.039843750000000004 0.5291666666666667 0.0390625 0.5388888893229167 0.043750000000000004 0.5430555559895833 0.05703125 0.5388888893229167 0.05703125 0.53472222265625 0.039843750000000004 0.5291666666666667
3 0.15312499999999998 0.6541666666666667 0.15390625 0.6638888893229167 0.16874999999999998 0.66527777734375 0.1734375 0.6430555559895833 0.1578125 0.6458333333333334 0.15312499999999998 0.6541666666666667
1 0.178125 0.5833333333333334 0.1796875 0.5861111106770833 0.18203125 0.5861111106770833 0.18281250000000002 0.58472222265625 0.18281250000000002 0.5791666666666667 0.18203125 0.57777777734375 0.17890625000000002 0.57777777734375 0.178125 0.5791666666666667 0.178125 0.5833333333333334
3 0.23750000000000002 0.44861111067708337 0.22890625 0.44166666666666665 0.22343749999999998 0.44444444401041666 0.22343749999999998 0.45277777734375 0.23046875 0.4583333333333333 0.234375 0.4583333333333333 0.23750000000000002 0.44861111067708337
3 0.37734375000000003 0.3888888893229167 0.3796875 0.38472222265624995 0.378125 0.3694444440104167 0.37109375 0.3666666666666667 0.3671875 0.37083333333333335 0.36562500000000003 0.37916666666666665 0.36953125000000003 0.3875 0.37734375000000003 0.3888888893229167
3 0.41875 0.37916666666666665 0.41875 0.3625 0.41328125 0.35833333333333334 0.41328125 0.37083333333333335 0.41875 0.37916666666666665
3 0.43593750000000003 0.52777777734375 0.43593750000000003 0.5138888893229167 0.43203125000000003 0.5111111106770834 0.43124999999999997 0.52222222265625 0.43593750000000003 0.52777777734375
3 0.3359375 0.6361111106770834 0.33437500000000003 0.6444444440104167 0.33828125000000003 0.6486111106770833 0.34765625 0.6388888893229167 0.34531249999999997 0.6319444440104166 0.3359375 0.6361111106770834
3 0.35234375 0.6791666666666667 0.35625 0.6666666666666666 0.346875 0.6625 0.346875 0.6749999999999999 0.35234375 0.6791666666666667
3 0.340625 0.8083333333333332 0.33749999999999997 0.8138888893229167 0.33828125000000003 0.82777777734375 0.34609375000000003 0.8180555559895833 0.34531249999999997 0.8083333333333332 0.340625 0.8083333333333332
3 0.19843750000000002 0.8583333333333334 0.19843750000000002 0.8708333333333332 0.20390624999999998 0.87222222265625 0.20781249999999998 0.8583333333333334 0.203125 0.8513888893229167 0.19843750000000002 0.8583333333333334
3 0.73828125 0.5486111106770833 0.734375 0.5430555559895833 0.728125 0.5444444440104167 0.7265625 0.55972222265625 0.7335937499999999 0.5666666666666667 0.7374999999999999 0.5638888893229167 0.73828125 0.5486111106770833
0 0 0.6236111106770833 0.08828124999999999 0.625 0.1125 0.6041666666666666 0.1265625 0.57777777734375 0.13593750000000002 0.525 0.13359374999999998 0.49305555598958334 0.1265625 0.46249999999999997 0.1125 0.43472222265625 0.09999999999999999 0.42083333333333334 0.08359375000000001 0.41250000000000003 0.0031249999999999997 0.4083333333333334 0 0.4083333333333334 0 0.41527777734375 0.09375 0.42222222265625 0.11875000000000001 0.45277777734375 0.12890625 0.48194444401041664 0.1328125 0.5083333333333333 0.12890625 0.5583333333333333 0.1125 0.59722222265625 0.09609374999999999 0.61527777734375 0.08515625 0.6208333333333333 0 0.6180555559895834 0 0.6236111106770833
0 0.8140625 0.61527777734375 0.8078124999999999 0.5986111106770834 0.8015625000000001 0.5680555559895833 0.8015625000000001 0.5333333333333333 0.8156249999999999 0.48472222265625 0.8273437499999999 0.46527777734375 0.84375 0.45277777734375 0.96640625 0.45416666666666666 0.9656250000000001 0.44861111067708337 0.8445312500000001 0.4458333333333333 0.8171875000000001 0.4708333333333334 0.80625 0.4944444440104167 0.7999999999999999 0.5194444440104167 0.7984375 0.5680555559895833 0.803125 0.5986111106770834 0.8156249999999999 0.6291666666666667 0.8312499999999999 0.64722222265625 0.8546874999999999 0.6583333333333333 0.9640624999999999 0.65972222265625 0.9640624999999999 0.6541666666666667 0.8468749999999999 0.65 0.83046875 0.64027777734375 0.8140625 0.61527777734375
2 0.4640625 0.9194444440104167 0.465625 0.8763888893229167 0.46249999999999997 0.8763888893229167 0.46171875 0.9152777773437499 0.4640625 0.9194444440104167
2 0.46875 0.6305555559895833 0.4796875 0.6194444440104167 0.47265625 0.6208333333333333 0.46953125 0.61527777734375 0.47109375000000003 0.45555555598958336 0.48125 0.4513888893229167 0.47109375000000003 0.44444444401041666 0.47031249999999997 0.27291666666666664 0.4734375 0.25416666666666665 0.4734375 0.22638888932291668 0.47109375000000003 0.22222222265625 0.47031249999999997 0.2236111106770833 0.46875 0.4319444440104167 0.4578125 0.44861111067708337 0.46718750000000003 0.45555555598958336 0.465625 0.6138888893229166 0.4609375 0.62222222265625 0.45468749999999997 0.6194444440104167 0.46328125000000003 0.625 0.465625 0.6365083333333333 0.46328125000000003 0.8638888893229167 0.46718750000000003 0.8583333333333334 0.46875 0.6305555559895833
2 0.46484375 0.9180555559895834 0.465625 0.8833333333333333 0.46328125000000003 0.8805555559895833 0.46249999999999997 0.9194444440104167 0.46484375 0.9180555559895834
2 0.47031249999999997 0.5930555559895833 0.47109375000000003 0.4569444440104167 0.46640624999999997 0.45277777734375 0.46718750000000003 0.61527777734375 0.47031249999999997 0.5930555559895833
2 0.46640624999999997 0.85 0.47031249999999997 0.625 0.46796875 0.6208333333333333 0.465625 0.625 0.46796875 0.6625 0.465625 0.66527777734375 0.46328125000000003 0.76527777734375 0.46328125000000003 0.8611111106770833 0.46640624999999997 0.85
2 0.47265625 0.3958333333333333 0.47421874999999997 0.12222222265625 0.47031249999999997 0.12222222265625 0.471875 0.13472222265625 0.46953125 0.14027777734375 0.46875 0.44444444401041666 0.471875 0.43472222265625 0.47265625 0.3958333333333333