1 0.7861320312500001 0.4659444440104166 0.7885734375000001 0.45955138932291667 0.78445 0.4549125 0.78251015625 0.4599694440104167 0.7861320312500001 0.4659444440104166
0 0.9986979166666666 0.4088541666666667 0.9986979166666666 0.4153645833333333 0.9453125 0.4153645833333333 0.9440104166666666 0.41796875 0.9401041666666666 0.41796875 0.9375 0.4153645833333333 0.9361979166666666 0.41796875 0.9114583333333334 0.4192708333333333 0.8997395833333334 0.42578125 0.8893229166666666 0.4361979166666667 0.87890625 0.453125 0.8736979166666666 0.4700520833333333 0.87109375 0.47265625 0.8658854166666666 0.50390625 0.8671875 0.546875 0.875 0.5768229166666666 0.8828125 0.5924479166666666 0.8932291666666666 0.6041666666666666 0.8932291666666666 0.6067708333333334 0.8997395833333334 0.61328125 0.9127604166666666 0.6197916666666666 0.9986979166666666 0.6184895833333334 0.9986979166666666 0.6236979166666666 0.9453125 0.6236979166666666 0.9440104166666666 0.6263020833333334 0.9153645833333334 0.6263020833333334 0.9140625 0.6236979166666666 0.9036458333333334 0.62109375 0.88671875 0.6067708333333334 0.875 0.5872395833333334 0.87109375 0.5729166666666666 0.8684895833333334 0.5703125 0.8645833333333334 0.5520833333333334 0.8619791666666666 0.5247395833333334 0.8645833333333334 0.48828125 0.8671875 0.4830729166666667 0.8684895833333334 0.4700520833333333 0.8828125 0.4375 0.90234375 0.4166666666666667 0.9075520833333334 0.4140625 0.91796875 0.4114583333333333 0.9973958333333334 0.4088541666666667
0 0.15494791666666666 0.4466145833333333 0.16796875 0.4544270833333333 0.17838541666666666 0.4661458333333333 0.19140625 0.4908854166666667 0.1953125 0.5104166666666666 0.19791666666666666 0.5143229166666666 0.20052083333333334 0.5390625 0.19791666666666666 0.58984375 0.19140625 0.6106770833333334 0.18229166666666666 0.6302083333333334 0.16666666666666666 0.6484375 0.15364583333333334 0.6549479166666666 0.13802083333333334 0.6575520833333334 0.040364583333333336 0.6614583333333334 0.03515625 0.6588541666666666 0.036458333333333336 0.65625 0.048177083333333336 0.6549479166666666 0.14973958333333334 0.6510416666666666 0.1640625 0.6432291666666666 0.1796875 0.6263020833333334 0.18880208333333334 0.6080729166666666 0.1953125 0.5859375 0.19791666666666666 0.5364583333333334 0.19140625 0.5026041666666666 0.1875 0.4908854166666667 0.17578125 0.4700520833333333 0.16276041666666666 0.45703125 0.14973958333333334 0.4505208333333333 0.032552083333333336 0.453125 0.033854166666666664 0.44921875 0.045572916666666664 0.4479166666666667 0.109375 0.4453125 0.15364583333333334 0.4466145833333333
2 0.5247395833333334 0.12109375 0.52734375 0.12239583333333333 0.52734375 0.2265625 0.5299479166666666 0.2786458333333333 0.53125 0.6119791666666666 0.5338541666666666 0.65625 0.53515625 0.9036458333333334 0.5377604166666666 0.9296875 0.5377604166666666 0.9466145833333334 0.5338541666666666 0.9466145833333334 0.53125 0.859375 0.5325520833333334 0.8190104166666666 0.53125 0.6861979166666666 0.5286458333333334 0.6393229166666666 0.5247395833333334 0.12239583333333333
3 0.77734375 0.8502604166666666 0.7799479166666666 0.8528645833333334 0.78125 0.8606770833333334 0.7799479166666666 0.8671875 0.7747395833333334 0.8697916666666666 0.7708333333333334 0.8671875 0.7669270833333334 0.8515625 0.7708333333333334 0.8489583333333334 0.7760416666666666 0.8502604166666666
3 0.5833333333333334 0.51171875 0.5859375 0.5143229166666666 0.5872395833333334 0.5221354166666666 0.5807291666666666 0.5494791666666666 0.578125 0.5494791666666666 0.578125 0.5299479166666666 0.5794270833333334 0.5169270833333334 0.58203125 0.5130208333333334
3 0.6705729166666666 0.6549479166666666 0.6770833333333334 0.6614583333333334 0.6744791666666666 0.6705729166666666 0.66796875 0.6705729166666666 0.6653645833333334 0.66796875 0.6653645833333334 0.6575520833333334 0.6692708333333334 0.6549479166666666
3 0.78515625 0.4524739583333333 0.012369791666666666 0.024739583333333332
3 0.25 0.5377604166666666 0.2578125 0.5403645833333334 0.25390625 0.5533854166666666 0.24869791666666666 0.5572916666666666 0.24348958333333334 0.5546875 0.24348958333333334 0.5442708333333334 0.24869791666666666 0.5377604166666666
3 0.6236979166666666 0.375 0.62890625 0.375 0.6328125 0.3841145833333333 0.62890625 0.3984375 0.6223958333333334 0.40234375 0.6184895833333334 0.3997395833333333 0.6184895833333334 0.3815104166666667 0.6236979166666666 0.3763020833333333
3 0.9401041666666666 0.5026041666666666 0.9440104166666666 0.5052083333333334 0.9440104166666666 0.51171875 0.9361979166666666 0.5234375 0.92578125 0.5182291666666666 0.9244791666666666 0.5052083333333334 0.9388020833333334 0.5026041666666666
3 0.8098958333333334 0.6158854166666666 0.81640625 0.62109375 0.8203125 0.62109375 0.8268229166666666 0.6302083333333334 0.8268229166666666 0.6380208333333334 0.8138020833333334 0.6393229166666666 0.8098958333333334 0.6171875
3 0.5929687499999999 0.33055555598958336 0.5906250000000001 0.3333333333333333 0.5906250000000001 0.3513888893229167 0.5921875 0.3541666666666667 0.5953125 0.3541666666666667 0.59609375 0.35277777734375 0.5984375000000001 0.3430555559895833 0.59921875 0.3430555559895833 0.6 0.34027777734375 0.59921875 0.33472222265625 0.59609375 0.3319444440104167 0.59375 0.3319444440104167 0.5929687499999999 0.33055555598958336
3 0.76953125 0.2125 0.76328125 0.22222222265625 0.76328125 0.2236111106770833 0.7640625 0.225 0.7687499999999999 0.225 0.77109375 0.22222222265625 0.7734375 0.22222222265625 0.775 0.21944444401041666 0.77578125 0.21944444401041666 0.7765624999999999 0.21805555598958334 0.7765624999999999 0.2125 0.775 0.20972222265624998 0.771875 0.20972222265624998 0.7703125000000001 0.2125 0.76953125 0.2125
3 0.6546875 0.6263888893229167 0.65234375 0.6319444440104166 0.65234375 0.6361111106770834 0.6546875 0.6388888893229167 0.6578125 0.6388888893229167 0.6648437500000001 0.6333333333333333 0.6648437500000001 0.62777777734375 0.6625 0.6236111106770833 0.6578125 0.62222222265625 0.6546875 0.625 0.6546875 0.6263888893229167
3 0.6531250000000001 0.8263888893229167 0.65234375 0.8347222226562501 0.6546875 0.8375 0.6546875 0.8416666666666667 0.65625 0.8416666666666667 0.6648437500000001 0.8333333333333334 0.6648437500000001 0.8305555559895833 0.6625 0.8263888893229167 0.66015625 0.8166666666666668 0.6578125 0.8166666666666668 0.65390625 0.8236111106770833 0.6531250000000001 0.8263888893229167