1 0.609375 0.42222222265625 0.6124999999999999 0.42222222265625 0.61328125 0.42083333333333334 0.61328125 0.41527777734375 0.6101562500000001 0.41527777734375 0.6085937499999999 0.4180555559895833 0.6085937499999999 0.42083333333333334 0.609375 0.42222222265625
0 0.90234375 0.4375 0.9153645833333334 0.4348958333333333 0.9986979166666666 0.43359375 0.9986979166666666 0.4401041666666667 0.9114583333333334 0.4427083333333333 0.8958333333333334 0.4479166666666667 0.88671875 0.4557291666666667 0.8736979166666666 0.4752604166666667 0.86328125 0.50390625 0.859375 0.5338541666666666 0.859375 0.5572916666666666 0.8671875 0.5924479166666666 0.8776041666666666 0.6158854166666666 0.8958333333333334 0.63671875 0.9075520833333334 0.6419270833333334 0.9986979166666666 0.6393229166666666 0.9986979166666666 0.6471354166666666 0.90625 0.6484375 0.8841145833333334 0.6341145833333334 0.8671875 0.6067708333333334 0.8606770833333334 0.5859375 0.8567708333333334 0.5598958333333334 0.8567708333333334 0.5260416666666666 0.8606770833333334 0.5 0.8684895833333334 0.4752604166666667 0.87890625 0.45703125 0.890625 0.4453125 0.90234375 0.4388020833333333
0 0.15494791666666666 0.4661458333333333 0.16666666666666666 0.4739583333333333 0.17838541666666666 0.48828125 0.18619791666666666 0.50390625 0.19401041666666666 0.52734375 0.1953125 0.5455729166666666 0.19791666666666666 0.5533854166666666 0.19791666666666666 0.5859375 0.1953125 0.60546875 0.18880208333333334 0.6276041666666666 0.17447916666666666 0.6549479166666666 0.15494791666666666 0.671875 0.13932291666666666 0.67578125 0.07552083333333333 0.6783854166666666 0.032552083333333336 0.6783854166666666 0.032552083333333336 0.6744791666666666 0.11458333333333333 0.6705729166666666 0.12109375 0.671875 0.14713541666666666 0.6692708333333334 0.1484375 0.6666666666666666 0.16015625 0.6614583333333334 0.171875 0.6497395833333334 0.17708333333333334 0.6393229166666666 0.1796875 0.6380208333333334 0.1875 0.6197916666666666 0.19140625 0.6067708333333334 0.19270833333333334 0.5885416666666666 0.1953125 0.5846354166666666 0.1953125 0.5520833333333334 0.19270833333333334 0.5455729166666666 0.19140625 0.5299479166666666 0.18880208333333334 0.5260416666666666 0.1875 0.515625 0.17578125 0.4921875 0.16536458333333334 0.4817708333333333 0.1640625 0.4778645833333333 0.15104166666666666 0.4700520833333333 0.13020833333333334 0.4674479166666667 0.11588541666666667 0.4700520833333333 0.03125 0.4713541666666667 0.029947916666666668 0.4674479166666667 0.09765625 0.4635416666666667 0.1484375 0.4635416666666667 0.15364583333333334 0.4661458333333333
2 0.5247395833333334 0.140625 0.5286458333333334 0.4752604166666667 0.52734375 0.5846354166666666 0.5299479166666666 0.625 0.5286458333333334 0.6614583333333334 0.53125 0.76953125 0.53125 0.921875 0.5338541666666666 0.93359375 0.5325520833333334 0.9674479166666666 0.5299479166666666 0.95703125 0.53125 0.9427083333333334 0.5286458333333334 0.9361979166666666 0.52734375 0.6588541666666666 0.5247395833333334 0.6497395833333334 0.5260416666666666 0.6002604166666666 0.5221354166666666 0.19140625 0.5234375 0.14192708333333334
3 0.35546875 0.24869791666666666 0.359375 0.2565104166666667 0.3645833333333333 0.2604166666666667 0.3645833333333333 0.2643229166666667 0.359375 0.26953125 0.3580729166666667 0.2747395833333333 0.3541666666666667 0.2734375 0.3515625 0.2591145833333333 0.3515625 0.25 0.3541666666666667 0.24869791666666666
3 0.4830729166666667 0.3059895833333333 0.4830729166666667 0.3229166666666667 0.48046875 0.3268229166666667 0.4765625 0.32421875 0.4765625 0.30859375 0.4791666666666667 0.3046875 0.4817708333333333 0.3059895833333333
3 0.341796875 0.5670572916666666 0.01171875 0.018229166666666668
3 0.5026041666666666 0.3919270833333333 0.50390625 0.4088541666666667 0.5 0.4192708333333333 0.49609375 0.4192708333333333 0.4934895833333333 0.4140625 0.4921875 0.3984375 0.49609375 0.390625 0.5013020833333334 0.3919270833333333
3 0.4114583333333333 0.6328125 0.41796875 0.6341145833333334 0.41796875 0.6471354166666666 0.4153645833333333 0.6510416666666666 0.4114583333333333 0.6510416666666666 0.41015625 0.6484375 0.4114583333333333 0.6341145833333334
3 0.5572916666666666 0.23958333333333334 0.55859375 0.2526041666666667 0.5559895833333334 0.2578125 0.5520833333333334 0.2578125 0.55078125 0.2552083333333333 0.5520833333333334 0.24348958333333334 0.5559895833333334 0.23958333333333334
3 0.6223958333333334 0.39453125 0.6236979166666666 0.4036458333333333 0.61328125 0.4166666666666667 0.6119791666666666 0.4231770833333333 0.6080729166666666 0.4231770833333333 0.6080729166666666 0.4166666666666667 0.6145833333333334 0.4075520833333333 0.6184895833333334 0.3958333333333333 0.62109375 0.39453125
3 0.4518229166666667 0.70703125 0.453125 0.7239583333333334 0.44921875 0.7278645833333334 0.4466145833333333 0.7265625 0.4466145833333333 0.7161458333333334 0.4479166666666667 0.7083333333333334 0.4505208333333333 0.70703125
3 0.5807291666666666 0.328125 0.5846354166666666 0.328125 0.5859375 0.3307291666666667 0.5859375 0.3450520833333333 0.5807291666666666 0.3528645833333333 0.5755208333333334 0.34375 0.5755208333333334 0.3372395833333333 0.5807291666666666 0.3294270833333333
3 0.5611979166666666 0.5130208333333334 0.5651041666666666 0.5182291666666666 0.5651041666666666 0.5260416666666666 0.5611979166666666 0.53125 0.55859375 0.53125 0.5546875 0.5247395833333334 0.5546875 0.5169270833333334 0.5598958333333334 0.5130208333333334
3 0.23697916666666666 0.51171875 0.23958333333333334 0.515625 0.23697916666666666 0.53125 0.22916666666666666 0.5299479166666666 0.2265625 0.52734375 0.22786458333333334 0.515625 0.23307291666666666 0.5104166666666666 0.23567708333333334 0.51171875
3 0.5130208333333334 0.8489583333333334 0.5143229166666666 0.85546875 0.51171875 0.8580729166666666 0.5104166666666666 0.87109375 0.5078125 0.8736979166666666 0.50390625 0.87109375 0.50390625 0.8580729166666666 0.5130208333333334 0.8502604166666666