0 0.9986979166666666 0.4283854166666667 0.9986979166666666 0.43359375 0.99609375 0.4348958333333333 0.9166666666666666 0.4361979166666667 0.9153645833333334 0.4388020833333333 0.9075520833333334 0.4401041666666667 0.88671875 0.4557291666666667 0.8854166666666666 0.4609375 0.875 0.4765625 0.8671875 0.5026041666666666 0.86328125 0.5299479166666666 0.8671875 0.5755208333333334 0.8776041666666666 0.60546875 0.88671875 0.6197916666666666 0.8932291666666666 0.625 0.8932291666666666 0.6276041666666666 0.8984375 0.6328125 0.9127604166666666 0.6393229166666666 0.9986979166666666 0.63671875 0.9986979166666666 0.6432291666666666 0.94921875 0.64453125 0.9114583333333334 0.64453125 0.8997395833333334 0.6393229166666666 0.8854166666666666 0.6263020833333334 0.8723958333333334 0.60546875 0.8645833333333334 0.5807291666666666 0.8606770833333334 0.5494791666666666 0.8606770833333334 0.52734375 0.8645833333333334 0.49609375 0.87109375 0.4765625 0.8802083333333334 0.4583333333333333 0.8984375 0.4375 0.91796875 0.4309895833333333 0.9973958333333334 0.4283854166666667
0 0.15885416666666666 0.46484375 0.17447916666666666 0.4778645833333333 0.18619791666666666 0.4973958333333333 0.19401041666666666 0.51953125 0.19791666666666666 0.5390625 0.19791666666666666 0.5950520833333334 0.18880208333333334 0.6276041666666666 0.17447916666666666 0.6536458333333334 0.15494791666666666 0.6692708333333334 0.140625 0.6731770833333334 0.08203125 0.67578125 0.033854166666666664 0.67578125 0.03515625 0.671875 0.14453125 0.6666666666666666 0.15494791666666666 0.6627604166666666 0.16927083333333334 0.65234375 0.1796875 0.6380208333333334 0.19140625 0.609375 0.19661458333333334 0.5755208333333334 0.1953125 0.5390625 0.19270833333333334 0.53515625 0.1875 0.5104166666666666 0.1796875 0.4934895833333333 0.16666666666666666 0.4765625 0.15234375 0.4674479166666667 0.1328125 0.46484375 0.032552083333333336 0.46875 0.03125 0.46484375 0.08984375 0.4609375 0.1484375 0.4609375 0.15755208333333334 0.46484375
2 0.5247395833333334 0.13671875 0.52734375 0.15625 0.5260416666666666 0.19270833333333334 0.52734375 0.3463541666666667 0.5299479166666666 0.4036458333333333 0.53125 0.7395833333333334 0.53515625 0.88671875 0.53515625 0.9609375 0.53125 0.9661458333333334 0.53125 0.8528645833333334 0.5286458333333334 0.78515625 0.52734375 0.4752604166666667 0.5247395833333334 0.3802083333333333 0.5247395833333334 0.13802083333333334
3 0.1875 0.37890625 0.19140625 0.3776041666666667 0.19791666666666666 0.3828125 0.20442708333333334 0.3841145833333333 0.20182291666666666 0.3919270833333333 0.1953125 0.3971354166666667 0.18619791666666666 0.3841145833333333 0.1875 0.3802083333333333
3 0.30859375 0.3802083333333333 0.3151041666666667 0.390625 0.3151041666666667 0.39453125 0.3111979166666667 0.3997395833333333 0.3059895833333333 0.3971354166666667 0.3046875 0.3815104166666667 0.3072916666666667 0.3802083333333333
3 0.3828125 0.4466145833333333 0.3763020833333333 0.4348958333333333 0.3828125 0.4244791666666667 0.3919270833333333 0.4348958333333333 0.3893229166666667 0.4427083333333333 0.38671875 0.4466145833333333 0.3841145833333333 0.4466145833333333
3 0.29296875 0.5950520833333334 0.3072916666666667 0.5989583333333334 0.30078125 0.6119791666666666 0.2955729166666667 0.61328125 0.2903645833333333 0.6067708333333334 0.2903645833333333 0.5989583333333334 0.29296875 0.5963541666666666
3 0.30078125 0.427734375 0.014322916666666666 0.027994791666666668
3 0.12109375 0.5390625 0.12369791666666667 0.5390625 0.12890625 0.5455729166666666 0.13541666666666666 0.5455729166666666 0.13151041666666666 0.5559895833333334 0.12760416666666666 0.5598958333333334 0.12109375 0.5598958333333334 0.11588541666666667 0.5520833333333334 0.11848958333333333 0.5416666666666666 0.12109375 0.5403645833333334
3 0.4309895833333333 0.3450520833333333 0.4309895833333333 0.3255208333333333 0.4348958333333333 0.3216145833333333 0.4375 0.3229166666666667 0.4401041666666667 0.33984375 0.4322916666666667 0.3450520833333333
3 0.56640625 0.23828125 0.56640625 0.25390625 0.5625 0.2604166666666667 0.5572916666666666 0.2578125 0.5598958333333334 0.24479166666666666 0.5651041666666666 0.23828125
3 0.22265625 0.6575520833333334 0.23307291666666666 0.6549479166666666 0.23046875 0.671875 0.2265625 0.67578125 0.22265625 0.6744791666666666 0.22005208333333334 0.6692708333333334 0.22005208333333334 0.66015625 0.22265625 0.6588541666666666
3 0.76171875 0.4609375 0.76171875 0.4466145833333333 0.76953125 0.4440104166666667 0.7734375 0.4440104166666667 0.7734375 0.453125 0.7669270833333334 0.4609375 0.7630208333333334 0.4609375
3 0.34609375000000003 0.8819444440104167 0.3328125 0.8861111106770833 0.3359375 0.9013888893229166 0.34609375000000003 0.8819444440104167
3 0.31951015625 0.7344541666666666 0.31628671875 0.7439041666666667 0.31838203125000003 0.74734027734375 0.32281484374999997 0.7443333333333334 0.3280125 0.7448305559895833 0.32861640625 0.74404722265625 0.32805234375 0.7287277773437499 0.31951015625 0.7344541666666666