1 0.58828125 0.7055555559895833 0.5906250000000001 0.7055555559895833 0.59140625 0.7013888893229167 0.5890624999999999 0.69722222265625 0.5875 0.6986111106770833 0.5875 0.7041666666666666 0.58828125 0.7055555559895833
0 0.9986979166666666 0.4114583333333333 0.9986979166666666 0.41796875 0.9348958333333334 0.4192708333333333 0.9114583333333334 0.4205729166666667 0.9036458333333334 0.4231770833333333 0.8958333333333334 0.4283854166666667 0.87890625 0.4479166666666667 0.8671875 0.4765625 0.86328125 0.4947916666666667 0.86328125 0.5494791666666666 0.87109375 0.578125 0.88671875 0.60546875 0.8958333333333334 0.6145833333333334 0.9114583333333334 0.6223958333333334 0.9986979166666666 0.6197916666666666 0.9986979166666666 0.6263020833333334 0.9635416666666666 0.6276041666666666 0.9088541666666666 0.6276041666666666 0.8958333333333334 0.62109375 0.8828125 0.6080729166666666 0.8697916666666666 0.5859375 0.8606770833333334 0.5520833333333334 0.8606770833333334 0.4934895833333333 0.8645833333333334 0.4739583333333333 0.8723958333333334 0.4518229166666667 0.8828125 0.4348958333333333 0.9036458333333334 0.4166666666666667 0.9114583333333334 0.4140625 0.9973958333333334 0.4114583333333333
0 0.15755208333333334 0.44921875 0.16796875 0.45703125 0.16796875 0.4596354166666667 0.18229166666666666 0.4765625 0.19401041666666666 0.5104166666666666 0.19661458333333334 0.53125 0.1953125 0.5598958333333334 0.19791666666666666 0.5716145833333334 0.19010416666666666 0.6067708333333334 0.17447916666666666 0.63671875 0.16276041666666666 0.6484375 0.15104166666666666 0.6549479166666666 0.11848958333333333 0.6588541666666666 0.07421875 0.66015625 0.03515625 0.66015625 0.032552083333333336 0.6588541666666666 0.03515625 0.65625 0.14713541666666666 0.6510416666666666 0.16666666666666666 0.6380208333333334 0.17578125 0.6276041666666666 0.18489583333333334 0.609375 0.19140625 0.58984375 0.19401041666666666 0.5716145833333334 0.19270833333333334 0.55859375 0.1953125 0.5533854166666666 0.19270833333333334 0.55078125 0.19401041666666666 0.53515625 0.19140625 0.5130208333333334 0.18880208333333334 0.5091145833333334 0.1875 0.4986979166666667 0.17578125 0.4739583333333333 0.16666666666666666 0.4635416666666667 0.15104166666666666 0.4518229166666667 0.10677083333333333 0.4505208333333333 0.029947916666666668 0.453125 0.028645833333333332 0.4505208333333333 0.032552083333333336 0.4479166666666667 0.10677083333333333 0.4453125 0.14713541666666666 0.4453125 0.15625 0.44921875
2 0.5247395833333334 0.2916666666666667 0.52734375 0.3072916666666667 0.52734375 0.55078125 0.5299479166666666 0.5872395833333334 0.53125 0.8580729166666666 0.5338541666666666 0.8932291666666666 0.5338541666666666 0.9466145833333334 0.53125 0.9479166666666666 0.5299479166666666 0.9114583333333334 0.52734375 0.6315104166666666 0.5247395833333334 0.6276041666666666 0.5247395833333334 0.29296875
3 0.76171875 0.484375 0.77734375 0.4921875 0.77734375 0.4973958333333333 0.7708333333333334 0.4986979166666667 0.7682291666666666 0.5052083333333334 0.7630208333333334 0.5052083333333334 0.7604166666666666 0.4921875 0.76171875 0.4856770833333333
3 0.71875 0.8294270833333334 0.71875 0.84765625 0.71484375 0.84765625 0.70703125 0.8372395833333334 0.7083333333333334 0.8307291666666666 0.7122395833333334 0.8307291666666666 0.71484375 0.828125 0.7174479166666666 0.8294270833333334
3 0.4778645833333333 0.6588541666666666 0.48828125 0.66015625 0.48828125 0.6640625 0.484375 0.6666666666666666 0.4830729166666667 0.6731770833333334 0.4791666666666667 0.6783854166666666 0.4765625 0.6783854166666666 0.4778645833333333 0.66015625
3 0.4036458333333333 0.5091145833333334 0.41015625 0.5091145833333334 0.4140625 0.51171875 0.4127604166666667 0.5247395833333334 0.40625 0.5377604166666666 0.40625 0.5442708333333334 0.4036458333333333 0.5442708333333334 0.4036458333333333 0.53125 0.3997395833333333 0.5234375 0.3997395833333333 0.5169270833333334 0.4036458333333333 0.5104166666666666
3 0.515625 0.8782552083333334 0.011067708333333334 0.034505208333333336
3 0.5846354166666666 0.68359375 0.5859375 0.6953125 0.58984375 0.703125 0.5885416666666666 0.7057291666666666 0.5859375 0.7057291666666666 0.5833333333333334 0.7018229166666666 0.578125 0.7018229166666666 0.5755208333333334 0.6979166666666666 0.5755208333333334 0.6822916666666666 0.578125 0.6809895833333334 0.5833333333333334 0.68359375
3 0.76953125 0.20182291666666666 0.7721354166666666 0.20572916666666666 0.7721354166666666 0.21223958333333334 0.7682291666666666 0.22395833333333334 0.7630208333333334 0.23177083333333334 0.7578125 0.2265625 0.7578125 0.22135416666666666 0.7630208333333334 0.20572916666666666 0.7682291666666666 0.20182291666666666
3 0.91796875 0.5 0.93359375 0.5052083333333334 0.93359375 0.515625 0.9322916666666666 0.5182291666666666 0.9270833333333334 0.5182291666666666 0.9244791666666666 0.515625 0.91796875 0.515625 0.91796875 0.5013020833333334
3 0.20182291666666666 0.5416666666666666 0.20572916666666666 0.5416666666666666 0.20833333333333334 0.5455729166666666 0.21614583333333334 0.5416666666666666 0.21223958333333334 0.5572916666666666 0.20703125 0.5638020833333334 0.20182291666666666 0.5638020833333334 0.19791666666666666 0.5572916666666666 0.19661458333333334 0.55078125 0.20182291666666666 0.54296875
3 0.4518229166666667 0.3151041666666667 0.4557291666666667 0.3203125 0.4557291666666667 0.33984375 0.4505208333333333 0.33984375 0.44921875 0.3372395833333333 0.4479166666666667 0.3255208333333333 0.4505208333333333 0.31640625
3 0.75546875 0.3888888893229167 0.75546875 0.3805555559895833 0.7453124999999999 0.38611111067708337 0.7515625 0.39305555598958336 0.75546875 0.3888888893229167
3 0.53671875 0.25277777734375 0.5343749999999999 0.25416666666666665 0.5320312500000001 0.25833333333333336 0.5320312500000001 0.2694444440104167 0.53359375 0.27638888932291666 0.53671875 0.2833333333333333 0.5398437500000001 0.28611111067708334 0.54453125 0.2694444440104167 0.54453125 0.2611111106770833 0.5437500000000001 0.25833333333333336 0.540625 0.25416666666666665 0.5382812499999999 0.25416666666666665 0.53671875 0.25277777734375