1 0.9070312500000001 0.6555555559895833 0.91015625 0.6555555559895833 0.91171875 0.6541666666666667 0.91171875 0.6486111106770833 0.9093749999999999 0.64722222265625 0.90625 0.65 0.90625 0.6541666666666667 0.9070312500000001 0.6555555559895833
0 0.9986979166666666 0.4114583333333333 0.9986979166666666 0.41796875 0.9192708333333334 0.4192708333333333 0.9075520833333334 0.4231770833333333 0.890625 0.4375 0.87890625 0.4557291666666667 0.8736979166666666 0.4739583333333333 0.87109375 0.4765625 0.8658854166666666 0.5104166666666666 0.8671875 0.546875 0.875 0.5768229166666666 0.890625 0.60546875 0.8997395833333334 0.6145833333333334 0.9153645833333334 0.6223958333333334 0.9986979166666666 0.62109375 0.9986979166666666 0.6263020833333334 0.9244791666666666 0.62890625 0.9075520833333334 0.6263020833333334 0.8880208333333334 0.609375 0.8802083333333334 0.59765625 0.8684895833333334 0.5703125 0.86328125 0.5364583333333334 0.8645833333333334 0.4934895833333333 0.8684895833333334 0.4739583333333333 0.87109375 0.4713541666666667 0.875 0.4557291666666667 0.88671875 0.4348958333333333 0.8919270833333334 0.4283854166666667 0.91015625 0.4153645833333333 0.9622395833333334 0.4114583333333333 0.9973958333333334 0.4114583333333333
0 0.15104166666666666 0.4466145833333333 0.17057291666666666 0.4583333333333333 0.18229166666666666 0.4739583333333333 0.19401041666666666 0.5026041666666666 0.19921875 0.5364583333333334 0.19921875 0.5690104166666666 0.19791666666666666 0.5859375 0.19140625 0.609375 0.17838541666666666 0.6354166666666666 0.1640625 0.6510416666666666 0.15625 0.6549479166666666 0.140625 0.6588541666666666 0.0859375 0.6614583333333334 0.03515625 0.6614583333333334 0.03515625 0.6575520833333334 0.1484375 0.65234375 0.15885416666666666 0.6484375 0.1796875 0.6263020833333334 0.19140625 0.59765625 0.19661458333333334 0.5690104166666666 0.19661458333333334 0.53515625 0.19140625 0.5065104166666666 0.18880208333333334 0.5026041666666666 0.18880208333333334 0.4973958333333333 0.17578125 0.47265625 0.17057291666666666 0.4661458333333333 0.15364583333333334 0.453125 0.1328125 0.4505208333333333 0.10286458333333333 0.453125 0.032552083333333336 0.4544270833333333 0.03125 0.4518229166666667 0.033854166666666664 0.44921875 0.05859375 0.4479166666666667 0.14973958333333334 0.4466145833333333
2 0.52734375 0.5208333333333334 0.53125 0.5364583333333334 0.53125 0.640625 0.5338541666666666 0.6796875 0.5364583333333334 0.9049479166666666 0.5364583333333334 0.94921875 0.5338541666666666 0.94921875 0.5325520833333334 0.9348958333333334 0.53125 0.703125 0.52734375 0.5221354166666666
3 0.5559895833333334 0.3385416666666667 0.5638020833333334 0.3307291666666667 0.56640625 0.33203125 0.56640625 0.3463541666666667 0.5625 0.3567708333333333 0.55859375 0.3567708333333333 0.55859375 0.3528645833333333 0.5559895833333334 0.3502604166666667 0.5559895833333334 0.33984375
3 0.6119791666666666 0.3216145833333333 0.6158854166666666 0.32421875 0.6184895833333334 0.3333333333333333 0.6158854166666666 0.34375 0.6080729166666666 0.3502604166666667 0.60546875 0.34765625 0.6041666666666666 0.3333333333333333 0.60546875 0.328125 0.6106770833333334 0.3229166666666667
3 0.5286458333333334 0.49609375 0.53515625 0.4947916666666667 0.5377604166666666 0.4973958333333333 0.5377604166666666 0.5078125 0.5286458333333334 0.53125 0.5286458333333334 0.4973958333333333
3 0.8346354166666666 0.8268229166666666 0.8385416666666666 0.8359375 0.8372395833333334 0.8463541666666666 0.8294270833333334 0.8463541666666666 0.82421875 0.83984375 0.8294270833333334 0.8294270833333334 0.8333333333333334 0.8268229166666666
3 0.5703125 0.6588541666666666 0.5807291666666666 0.6588541666666666 0.5768229166666666 0.6744791666666666 0.57421875 0.6770833333333334 0.5703125 0.6770833333333334 0.5677083333333334 0.671875 0.56640625 0.6640625 0.5703125 0.66015625
3 0.81640625 0.4192708333333333 0.8177083333333334 0.4283854166666667 0.8098958333333334 0.4388020833333333 0.8059895833333334 0.4348958333333333 0.8059895833333334 0.421875 0.80859375 0.4192708333333333 0.8151041666666666 0.4192708333333333
3 0.7708333333333334 0.2109375 0.7747395833333334 0.21223958333333334 0.7734375 0.22265625 0.765625 0.23046875 0.7630208333333334 0.23046875 0.76171875 0.22786458333333334 0.7630208333333334 0.22135416666666666 0.7708333333333334 0.21223958333333334
3 0.9205729166666666 0.640625 0.9231770833333334 0.6458333333333334 0.921875 0.6549479166666666 0.91015625 0.6588541666666666 0.90625 0.65625 0.90625 0.6484375 0.91015625 0.63671875 0.9140625 0.6328125 0.9192708333333334 0.640625
3 0.650390625 0.662109375 0.010416666666666666 0.020833333333333332
3 0.2421875 0.5208333333333334 0.24479166666666666 0.5208333333333334 0.24869791666666666 0.5286458333333334 0.25390625 0.5325520833333334 0.25390625 0.5377604166666666 0.24348958333333334 0.5442708333333334 0.23828125 0.5364583333333334 0.23958333333333334 0.5247395833333334 0.2421875 0.5221354166666666
3 0.9583333333333334 0.5677083333333334 0.97265625 0.5716145833333334 0.9765625 0.5768229166666666 0.9752604166666666 0.5846354166666666 0.97265625 0.5859375 0.96875 0.58203125 0.9583333333333334 0.58203125 0.9583333333333334 0.5690104166666666
3 0.6197916666666666 0.8196614583333334 0.014322916666666666 0.022135416666666668