3 0.3802083333333333 0.22265625 0.3841145833333333 0.234375 0.3841145833333333 0.2421875 0.3802083333333333 0.24739583333333334 0.375 0.24348958333333334 0.3736979166666667 0.23828125 0.3736979166666667 0.22916666666666666 0.375 0.22526041666666666 0.37890625 0.22265625
3 0.7526041666666666 0.5182291666666666 0.7643229166666666 0.53125 0.7630208333333334 0.5364583333333334 0.7526041666666666 0.5364583333333334 0.75 0.5260416666666666 0.7513020833333334 0.51953125
3 0.35546875 0.6966145833333334 0.3606770833333333 0.6901041666666666 0.3645833333333333 0.6901041666666666 0.3697916666666667 0.7005208333333334 0.3697916666666667 0.70703125 0.3658854166666667 0.70703125 0.3645833333333333 0.7096354166666666 0.3567708333333333 0.70703125 0.35546875 0.7096354166666666 0.3528645833333333 0.7096354166666666 0.35546875 0.6979166666666666
3 0.23307291666666666 0.21744791666666666 0.23958333333333334 0.22135416666666666 0.24609375 0.23177083333333334 0.24479166666666666 0.23958333333333334 0.23828125 0.23958333333333334 0.23046875 0.22395833333333334 0.23307291666666666 0.21875
3 0.3515625 0.5625 0.3567708333333333 0.5611979166666666 0.3580729166666667 0.5690104166666666 0.3619791666666667 0.5755208333333334 0.3619791666666667 0.58203125 0.359375 0.58203125 0.3580729166666667 0.5846354166666666 0.3515625 0.5807291666666666 0.3515625 0.5638020833333334
3 0.2760416666666667 0.8372395833333334 0.2799479166666667 0.8385416666666666 0.28125 0.84765625 0.27734375 0.8580729166666666 0.2721354166666667 0.85546875 0.2721354166666667 0.8450520833333334 0.2760416666666667 0.8385416666666666
3 0.3958333333333333 0.5026041666666666 0.3984375 0.5026041666666666 0.4049479166666667 0.51171875 0.4049479166666667 0.51953125 0.4010416666666667 0.51953125 0.39453125 0.51171875 0.3958333333333333 0.50390625
3 0.328125 0.6361111106770834 0.32890625 0.63472222265625 0.33125 0.63472222265625 0.33125 0.6305555559895833 0.33046875000000003 0.6291666666666667 0.32968749999999997 0.6208333333333333 0.32734375 0.61527777734375 0.32421875 0.6138888893229166 0.32109375 0.6208333333333333 0.3203125 0.625 0.3203125 0.62777777734375 0.32109375 0.6291666666666667 0.328125 0.6361111106770834
3 0.36796875 0.5041666666666667 0.36953125000000003 0.5069444440104166 0.371875 0.5069444440104166 0.37265624999999997 0.5083333333333333 0.375 0.5041666666666667 0.375 0.5013888893229167 0.37265624999999997 0.49583333333333335 0.37265624999999997 0.4944444440104167 0.36953125000000003 0.4875 0.36640625 0.4875 0.36484374999999997 0.49027777734375005 0.36484374999999997 0.4916666666666667 0.3625 0.49583333333333335 0.3625 0.5 0.36796875 0.5041666666666667
3 0.38359375 0.4236111106770833 0.38671875 0.4236111106770833 0.38906250000000003 0.42222222265625 0.39218749999999997 0.4166666666666667 0.39218749999999997 0.41111111067708334 0.390625 0.4083333333333334 0.390625 0.4069444440104167 0.38671875 0.40138888932291666 0.38515625000000003 0.40277777734375 0.3828125 0.40277777734375 0.3796875 0.4069444440104167 0.37890625 0.40972222265625 0.3796875 0.4180555559895833 0.38046874999999997 0.42083333333333334 0.38359375 0.4236111106770833
3 0.36953125000000003 0.7986111106770833 0.37578125 0.8041666666666667 0.378125 0.80277777734375 0.3796875 0.7999999999999999 0.37734375000000003 0.7944444440104167 0.37734375000000003 0.7930555559895834 0.37656249999999997 0.7930555559895834 0.37343750000000003 0.7875 0.37265624999999997 0.7833333333333333 0.36953125000000003 0.7819444440104166 0.36953125000000003 0.7861111106770834 0.36874999999999997 0.7875 0.36874999999999997 0.7958333333333334 0.36953125000000003 0.7986111106770833
0 0 0.62222222265625 0.090625 0.625 0.11015625 0.6124999999999999 0.12968749999999998 0.5819444440104167 0.13671875 0.55972222265625 0.140625 0.5333333333333333 0.13671875 0.4875 0.13203125000000002 0.5611111106770833 0.1203125 0.59027777734375 0.10390624999999999 0.6111111106770833 0.08828124999999999 0.6208333333333333 0 0.6166666666666667 0 0.62222222265625
3 0.11328125 0.45972222265625 0.1125 0.4694444440104167 0.12734375 0.46388888932291666 0.11953124999999999 0.45416666666666666 0.11328125 0.45972222265625
1 0.38046874999999997 0.7222222226562499 0.38125000000000003 0.7166666666666667 0.3796875 0.7125 0.37656249999999997 0.7125 0.37656249999999997 0.7166666666666667 0.378125 0.7208333333333333 0.38046874999999997 0.7222222226562499
2 0.46796875 0.8072222226562501 0.46875 0.7722222226562501 0.46640624999999997 0.74722222265625 0.46640624999999997 0.8098148151041666 0.46796875 0.8072222226562501
2 0.46640624999999997 0.9097222226562499 0.46796875 0.8144444440104167 0.46640624999999997 0.81222222265625 0.46640624999999997 0.9097222226562499
2 0.47031249999999997 0.6138888893229166 0.4734375 0.5430555559895833 0.4734375 0.46388888932291666 0.47031249999999997 0.45277777734375 0.46875 0.48472222265625 0.46953125 0.53472222265625 0.471875 0.5361111106770834 0.46796875 0.5750000000000001 0.47031249999999997 0.6138888893229166
0 0 0.41527777734375 0.09140625000000001 0.41944444401041664 0.11328125 0.43611111067708336 0.1265625 0.4569444440104167 0.1265625 0.45 0.11562499999999999 0.4319444440104167 0.10078125 0.4180555559895833 0.0859375 0.41250000000000003 0.021093749999999998 0.40972222265625 0 0.40972222265625 0 0.41527777734375
2 0.47031249999999997 0.44444444401041666 0.47421874999999997 0.43611111067708336 0.4765625 0.125 0.4734375 0.12361111067708334 0.471875 0.14305555598958333 0.471875 0.2833333333333333 0.47421874999999997 0.28611111067708334 0.47031249999999997 0.32083333333333336 0.47031249999999997 0.44444444401041666
0 0.939453125 0.6583333333333333 0.9382812500000001 0.6541666666666667 0.8601562500000001 0.65277777734375 0.8312499999999999 0.64027777734375 0.80859375 0.6 0.803125 0.57222222265625 0.80234375 0.5361111106770834 0.8078124999999999 0.5069444440104166 0.8156249999999999 0.4861111106770833 0.8273437499999999 0.4666666666666666 0.8429687499999999 0.45416666666666666 0.96640625 0.45555555598958336 0.96640625 0.45 0.84140625 0.44861111067708337 0.8273437499999999 0.45972222265625 0.8140625 0.4791666666666667 0.803125 0.5083333333333333 0.79921875 0.5333333333333333 0.79921875 0.57222222265625 0.803125 0.59722222265625 0.81640625 0.6291666666666667 0.83359375 0.6486111106770833 0.8578125 0.6583333333333333 0.939453125 0.6583333333333333