1 0.4890625 0.32777777734374997 0.4890625 0.32083333333333336 0.4875 0.31944444401041666 0.48515625 0.32083333333333336 0.484375 0.32222222265625 0.484375 0.32638888932291665 0.48671875000000003 0.32916666666666666 0.4890625 0.32777777734374997
0 0 0.4296875 0.08463541666666667 0.4322916666666667 0.09895833333333333 0.4375 0.11588541666666667 0.4557291666666667 0.12630208333333334 0.4752604166666667 0.13411458333333334 0.4986979166666667 0.13802083333333334 0.5364583333333334 0.13671875 0.5638020833333334 0.13020833333333334 0.5950520833333334 0.11458333333333333 0.6263020833333334 0.10286458333333333 0.6380208333333334 0.09375 0.6432291666666666 0.0859375 0.64453125 0.08463541666666667 0.6471354166666666 0.0546875 0.6471354166666666 0.053385416666666664 0.64453125 0.01953125 0.6432291666666666 0 0.64453125 0 0.6380208333333334 0.08463541666666667 0.640625 0.09505208333333333 0.63671875 0.11197916666666667 0.6197916666666666 0.12369791666666667 0.6002604166666666 0.13151041666666666 0.57421875 0.13411458333333334 0.5572916666666666 0.13411458333333334 0.5208333333333334 0.12760416666666666 0.4895833333333333 0.11979166666666667 0.4713541666666667 0.10286458333333333 0.4479166666666667 0.08854166666666667 0.4401041666666667 0.08072916666666667 0.4388020833333333 0 0.4348958333333333 0 0.4309895833333333
0 0.90625 0.4622395833333333 0.9661458333333334 0.46484375 0.9674479166666666 0.46875 0.9401041666666666 0.4700520833333333 0.9153645833333334 0.4674479166666667 0.8528645833333334 0.4661458333333333 0.8359375 0.4739583333333333 0.8229166666666666 0.48828125 0.8111979166666666 0.5104166666666666 0.8059895833333334 0.5338541666666666 0.8033854166666666 0.5377604166666666 0.8020833333333334 0.5768229166666666 0.8072916666666666 0.6106770833333334 0.8138020833333334 0.62890625 0.82421875 0.6471354166666666 0.84375 0.6640625 0.8567708333333334 0.6666666666666666 0.8580729166666666 0.6692708333333334 0.953125 0.671875 0.9635416666666666 0.6731770833333334 0.9635416666666666 0.6770833333333334 0.86328125 0.6744791666666666 0.8463541666666666 0.671875 0.8307291666666666 0.6614583333333334 0.8203125 0.6497395833333334 0.8111979166666666 0.6328125 0.8046875 0.6145833333333334 0.80078125 0.5963541666666666 0.7994791666666666 0.5755208333333334 0.80078125 0.5390625 0.80859375 0.5078125 0.8203125 0.484375 0.828125 0.4739583333333333 0.84375 0.4635416666666667 0.8580729166666666 0.4609375 0.9049479166666666 0.4622395833333333
2 0.4739583333333333 0.13802083333333334 0.4713541666666667 0.6484375 0.4661458333333333 0.9661458333333334 0.4635416666666667 0.96484375 0.4635416666666667 0.8854166666666666 0.46484375 0.7604166666666666 0.4674479166666667 0.7161458333333334 0.46875 0.3802083333333333 0.4713541666666667 0.3372395833333333 0.47265625 0.13932291666666666
3 0.654296875 0.419921875 0.013020833333333334 0.029296875
3 0.6731770833333334 0.5716145833333334 0.6783854166666666 0.5768229166666666 0.6783854166666666 0.5846354166666666 0.6731770833333334 0.58984375 0.66796875 0.5872395833333334 0.6653645833333334 0.5755208333333334 0.66796875 0.5716145833333334 0.671875 0.5716145833333334
3 0.57421875 0.44140625 0.5794270833333334 0.4427083333333333 0.5807291666666666 0.44921875 0.5794270833333334 0.4609375 0.5768229166666666 0.46484375 0.5729166666666666 0.46484375 0.5690104166666666 0.4609375 0.5690104166666666 0.4557291666666667 0.57421875 0.4427083333333333
3 0.8359375 0.51953125 0.8502604166666666 0.51953125 0.8528645833333334 0.5208333333333334 0.8541666666666666 0.5260416666666666 0.8528645833333334 0.53125 0.8463541666666666 0.5377604166666666 0.8424479166666666 0.5377604166666666 0.8385416666666666 0.5338541666666666 0.8359375 0.5208333333333334
3 0.2799479166666667 0.4114583333333333 0.2786458333333333 0.4388020833333333 0.2760416666666667 0.4388020833333333 0.2669270833333333 0.4231770833333333 0.2682291666666667 0.4153645833333333 0.2760416666666667 0.4166666666666667 0.2786458333333333 0.4127604166666667
3 0.6666666666666666 0.7291666666666666 0.011067708333333334 0.022135416666666668
3 0.4427083333333333 0.24088541666666666 0.4466145833333333 0.24348958333333334 0.4466145833333333 0.2630208333333333 0.4440104166666667 0.2630208333333333 0.44140625 0.2578125 0.44140625 0.2421875
3 0.7252604166666666 0.6354166666666666 0.734375 0.6354166666666666 0.7369791666666666 0.6393229166666666 0.7356770833333334 0.6510416666666666 0.73046875 0.6549479166666666 0.7265625 0.65234375 0.7252604166666666 0.6484375 0.7252604166666666 0.63671875
3 0.5364583333333334 0.3307291666666667 0.012369791666666666 0.024739583333333332
3 0.6640625 0.3365885416666667 0.014322916666666666 0.0234375
3 0.7630208333333334 0.3541666666666667 0.7669270833333334 0.3541666666666667 0.7760416666666666 0.3450520833333333 0.7799479166666666 0.3489583333333333 0.7799479166666666 0.3567708333333333 0.7721354166666666 0.3671875 0.76171875 0.359375 0.7630208333333334 0.35546875
3 0.6124999999999999 0.875 0.61484375 0.8972222226562501 0.61875 0.9055555559895834 0.62265625 0.8833333333333333 0.6124999999999999 0.875