1 0.5359375000000001 0.7138888893229166 0.5328125 0.7138888893229166 0.53359375 0.7208333333333333 0.5359375000000001 0.7138888893229166
0 0.9075520833333334 0.4166666666666667 0.9986979166666666 0.4140625 0.9986979166666666 0.4205729166666667 0.9075520833333334 0.4231770833333333 0.8919270833333334 0.4296875 0.8828125 0.4375 0.8697916666666666 0.4557291666666667 0.8697916666666666 0.4596354166666667 0.8619791666666666 0.4739583333333333 0.85546875 0.50390625 0.85546875 0.5455729166666666 0.859375 0.56640625 0.8619791666666666 0.5690104166666666 0.8671875 0.5885416666666666 0.8776041666666666 0.60546875 0.8893229166666666 0.6171875 0.90234375 0.6236979166666666 0.9986979166666666 0.62109375 0.9986979166666666 0.62890625 0.9765625 0.6302083333333334 0.9010416666666666 0.6302083333333334 0.8919270833333334 0.6263020833333334 0.87890625 0.6145833333333334 0.8723958333333334 0.6067708333333334 0.8606770833333334 0.5846354166666666 0.859375 0.57421875 0.85546875 0.5651041666666666 0.85546875 0.5559895833333334 0.8528645833333334 0.5520833333333334 0.8515625 0.5338541666666666 0.8528645833333334 0.4973958333333333 0.85546875 0.4934895833333333 0.8567708333333334 0.4791666666666667 0.8645833333333334 0.4557291666666667 0.87890625 0.43359375 0.8919270833333334 0.4231770833333333 0.9075520833333334 0.41796875
0 0.14453125 0.44921875 0.15885416666666666 0.4583333333333333 0.171875 0.4739583333333333 0.18229166666666666 0.4973958333333333 0.1875 0.5182291666666666 0.1875 0.52734375 0.19010416666666666 0.5338541666666666 0.19010416666666666 0.5768229166666666 0.1875 0.58203125 0.1875 0.5911458333333334 0.18359375 0.6067708333333334 0.17578125 0.6263020833333334 0.15885416666666666 0.6497395833333334 0.14192708333333334 0.6588541666666666 0.04296875 0.6640625 0.024739583333333332 0.6627604166666666 0.024739583333333332 0.66015625 0.03125 0.6588541666666666 0.13541666666666666 0.6549479166666666 0.14713541666666666 0.6510416666666666 0.15885416666666666 0.6419270833333334 0.16927083333333334 0.62890625 0.1796875 0.6080729166666666 0.18098958333333334 0.59765625 0.18359375 0.5950520833333334 0.1875 0.5716145833333334 0.1875 0.5338541666666666 0.1796875 0.5 0.16796875 0.4765625 0.15755208333333334 0.46484375 0.14322916666666666 0.4544270833333333 0.10677083333333333 0.453125 0.0234375 0.4557291666666667 0.020833333333333332 0.453125 0.024739583333333332 0.4505208333333333 0.0625 0.4505208333333333 0.09375 0.4479166666666667 0.14322916666666666 0.44921875
2 0.5182291666666666 0.12239583333333333 0.5234375 0.5729166666666666 0.5221354166666666 0.6276041666666666 0.5234375 0.7018229166666666 0.5260416666666666 0.7161458333333334 0.5260416666666666 0.9518229166666666 0.5234375 0.9401041666666666 0.51953125 0.5091145833333334 0.5169270833333334 0.4557291666666667 0.5169270833333334 0.12369791666666667
3 0.60546875 0.20572916666666666 0.60546875 0.21614583333333334 0.6002604166666666 0.22526041666666666 0.5950520833333334 0.22265625 0.5950520833333334 0.2109375 0.59765625 0.20572916666666666 0.6041666666666666 0.20572916666666666
3 0.53125 0.24348958333333334 0.53515625 0.24479166666666666 0.53515625 0.265625 0.53125 0.26953125 0.52734375 0.265625 0.53125 0.24479166666666666
3 0.5989583333333334 0.5182291666666666 0.6041666666666666 0.5260416666666666 0.6041666666666666 0.5390625 0.6015625 0.5442708333333334 0.59765625 0.5455729166666666 0.5950520833333334 0.5442708333333334 0.5911458333333334 0.5325520833333334 0.59375 0.5208333333333334 0.59765625 0.5182291666666666
3 0.4375 0.6614583333333334 0.4453125 0.6614583333333334 0.4466145833333333 0.6640625 0.44140625 0.6822916666666666 0.4348958333333333 0.6744791666666666 0.4348958333333333 0.6666666666666666 0.4375 0.6627604166666666
3 0.5716145833333334 0.40234375 0.5729166666666666 0.41796875 0.5690104166666666 0.421875 0.56640625 0.421875 0.5651041666666666 0.4192708333333333 0.5651041666666666 0.4075520833333333 0.5703125 0.40234375
3 0.625 0.625 0.62890625 0.6341145833333334 0.6276041666666666 0.6419270833333334 0.6184895833333334 0.6419270833333334 0.62109375 0.6302083333333334 0.625 0.6263020833333334
3 0.53515625 0.71484375 0.54296875 0.7213541666666666 0.5390625 0.7421875 0.53515625 0.7473958333333334 0.5338541666666666 0.7252604166666666 0.53125 0.7213541666666666 0.53125 0.71484375 0.5338541666666666 0.71484375
3 0.6432291666666666 0.5208333333333334 0.6484375 0.5325520833333334 0.6471354166666666 0.5403645833333334 0.6419270833333334 0.54296875 0.640625 0.5247395833333334 0.6432291666666666 0.5221354166666666
3 0.7708333333333334 0.6966145833333334 0.7747395833333334 0.703125 0.7721354166666666 0.7122395833333334 0.7682291666666666 0.70703125 0.765625 0.70703125 0.76171875 0.7122395833333334 0.7591145833333334 0.7096354166666666 0.7604166666666666 0.69921875 0.7630208333333334 0.6966145833333334 0.76953125 0.6966145833333334
3 0.4479166666666667 0.4192708333333333 0.4479166666666667 0.4401041666666667 0.4440104166666667 0.4401041666666667 0.44140625 0.4361979166666667 0.44140625 0.4231770833333333 0.4466145833333333 0.4192708333333333
3 0.77734375 0.5052083333333334 0.7799479166666666 0.5078125 0.7799479166666666 0.51171875 0.7747395833333334 0.515625 0.7682291666666666 0.515625 0.7669270833333334 0.5130208333333334 0.7669270833333334 0.4986979166666667 0.76953125 0.4973958333333333 0.7760416666666666 0.5052083333333334
3 0.59346640625 0.84624722265625 0.59736875 0.85851527734375 0.6000703125 0.8569152773437501 0.601871875 0.8390472226562501 0.5957179687499999 0.82864722265625 0.5931664062500001 0.83584722265625 0.59346640625 0.84624722265625