0 0 0.42578125 0.020833333333333332 0.4244791666666667 0.09765625 0.4270833333333333 0.11458333333333333 0.4322916666666667 0.13411458333333334 0.453125 0.14322916666666666 0.4713541666666667 0.15104166666666666 0.4986979166666667 0.15364583333333334 0.5247395833333334 0.15104166666666666 0.56640625 0.14583333333333334 0.5872395833333334 0.13411458333333334 0.6119791666666666 0.11848958333333333 0.6302083333333334 0.10416666666666667 0.63671875 0 0.6341145833333334 0 0.62890625 0.06901041666666667 0.6315104166666666 0.10286458333333333 0.6315104166666666 0.11067708333333333 0.62890625 0.12760416666666666 0.6119791666666666 0.13932291666666666 0.5911458333333334 0.14713541666666666 0.5677083333333334 0.14973958333333334 0.5481770833333334 0.1484375 0.5052083333333334 0.13932291666666666 0.4713541666666667 0.13151041666666666 0.45703125 0.11067708333333333 0.4361979166666667 0.09635416666666667 0.4322916666666667 0.061197916666666664 0.4309895833333333 0.01171875 0.4296875 0.00390625 0.4322916666666667 0 0.4296875 0 0.4270833333333333
0 0.9635416666666666 0.4557291666666667 0.9739583333333334 0.45703125 0.9739583333333334 0.4622395833333333 0.8619791666666666 0.4596354166666667 0.8450520833333334 0.4661458333333333 0.8346354166666666 0.4752604166666667 0.8216145833333334 0.49609375 0.8216145833333334 0.5013020833333334 0.8151041666666666 0.5130208333333334 0.8111979166666666 0.5299479166666666 0.80859375 0.55859375 0.8111979166666666 0.58984375 0.8151041666666666 0.60546875 0.8268229166666666 0.6315104166666666 0.83984375 0.6484375 0.859375 0.6588541666666666 0.9583333333333334 0.6627604166666666 0.9713541666666666 0.6640625 0.9674479166666666 0.6692708333333334 0.9361979166666666 0.66796875 0.9348958333333334 0.6653645833333334 0.875 0.6653645833333334 0.859375 0.6640625 0.84765625 0.66015625 0.83984375 0.6549479166666666 0.82421875 0.63671875 0.8125 0.609375 0.8072916666666666 0.5859375 0.8072916666666666 0.5364583333333334 0.8125 0.5104166666666666 0.81640625 0.5026041666666666 0.81640625 0.4973958333333333 0.8268229166666666 0.4778645833333333 0.83984375 0.4635416666666667 0.8515625 0.4557291666666667 0.8619791666666666 0.453125 0.9622395833333334 0.4557291666666667
1 0.46796875 0.5194444440104167 0.46875 0.5208333333333334 0.47031249999999997 0.5208333333333334 0.47109375000000003 0.5194444440104167 0.47109375000000003 0.51527777734375 0.47031249999999997 0.5138888893229167 0.46875 0.5138888893229167 0.46796875 0.51527777734375 0.46796875 0.5194444440104167
2 0.48046875 0.4778645833333333 0.4817708333333333 0.6393229166666666 0.4791666666666667 0.6666666666666666 0.4778645833333333 0.94140625 0.4765625 0.953125 0.4739583333333333 0.953125 0.47265625 0.9322916666666666 0.4752604166666667 0.9010416666666666 0.4739583333333333 0.87109375 0.4765625 0.7734375 0.4765625 0.6158854166666666 0.4791666666666667 0.5533854166666666 0.4778645833333333 0.5169270833333334 0.48046875 0.4791666666666667
3 0.6640625 0.5677083333333334 0.6666666666666666 0.5794270833333334 0.6640625 0.5989583333333334 0.6588541666666666 0.5989583333333334 0.6575520833333334 0.5911458333333334 0.6588541666666666 0.578125 0.6627604166666666 0.5729166666666666 0.6627604166666666 0.5690104166666666
3 0.51171875 0.7135416666666666 0.5143229166666666 0.71484375 0.5169270833333334 0.7239583333333334 0.515625 0.73046875 0.5130208333333334 0.7330729166666666 0.5091145833333334 0.7317708333333334 0.5091145833333334 0.7200520833333334 0.51171875 0.71484375
3 0.5384114583333334 0.2766927083333333 0.010416666666666666 0.024739583333333332
3 0.56640625 0.5572916666666666 0.56640625 0.5729166666666666 0.5625 0.5729166666666666 0.5598958333333334 0.56640625 0.5611979166666666 0.5572916666666666 0.5651041666666666 0.5572916666666666
3 0.421875 0.5859375 0.42578125 0.5872395833333334 0.4283854166666667 0.5989583333333334 0.4270833333333333 0.6015625 0.421875 0.6002604166666666 0.421875 0.5872395833333334
3 0.4401041666666667 0.4147135416666667 0.010416666666666666 0.014973958333333334
3 0.3697916666666667 0.3268229166666667 0.3723958333333333 0.328125 0.3736979166666667 0.3372395833333333 0.3736979166666667 0.3424479166666667 0.3697916666666667 0.3463541666666667 0.36328125 0.3372395833333333 0.36328125 0.3307291666666667 0.3684895833333333 0.3268229166666667
3 0.4075520833333333 0.7708333333333334 0.4114583333333333 0.7760416666666666 0.4114583333333333 0.78125 0.4075520833333333 0.7890625 0.4010416666666667 0.7825520833333334 0.4010416666666667 0.7734375 0.4036458333333333 0.76953125 0.40625 0.7708333333333334
3 0.4622395833333333 0.23958333333333334 0.46484375 0.2578125 0.4596354166666667 0.2643229166666667 0.453125 0.24348958333333334 0.4609375 0.23958333333333334
3 0.5221354166666666 0.46484375 0.5260416666666666 0.46484375 0.52734375 0.46875 0.5260416666666666 0.4830729166666667 0.5234375 0.4830729166666667 0.5221354166666666 0.4661458333333333
3 0.5052083333333334 0.62109375 0.5052083333333334 0.6393229166666666 0.5026041666666666 0.6393229166666666 0.5 0.6341145833333334 0.5 0.6236979166666666 0.50390625 0.62109375
3 0.48671875000000003 0.4611111106770833 0.4875 0.44861111067708337 0.48359375 0.44166666666666665 0.47890625000000003 0.44027777734375 0.47421874999999997 0.44722222265624995 0.47500000000000003 0.45972222265625 0.4796875 0.46388888932291666 0.48671875000000003 0.4611111106770833