1 0.484375 0.5680555559895833 0.4875 0.5694444440104166 0.48593749999999997 0.5625 0.484375 0.5680555559895833
0 0 0.4283854166666667 0.09895833333333333 0.4309895833333333 0.11197916666666667 0.4361979166666667 0.13020833333333334 0.4557291666666667 0.13802083333333334 0.4713541666666667 0.14583333333333334 0.4947916666666667 0.14973958333333334 0.5182291666666666 0.14973958333333334 0.5546875 0.14192708333333334 0.5924479166666666 0.13671875 0.60546875 0.11848958333333333 0.6315104166666666 0.11067708333333333 0.63671875 0.09895833333333333 0.640625 0 0.6380208333333334 0 0.6328125 0.09895833333333333 0.6354166666666666 0.11067708333333333 0.6302083333333334 0.11588541666666667 0.6263020833333334 0.13151041666666666 0.60546875 0.13932291666666666 0.5872395833333334 0.14713541666666666 0.5494791666666666 0.14713541666666666 0.5247395833333334 0.13932291666666666 0.484375 0.13151041666666666 0.4674479166666667 0.11848958333333333 0.44921875 0.11197916666666667 0.4440104166666667 0.09765625 0.4388020833333333 0.09635416666666667 0.4361979166666667 0.018229166666666668 0.43359375 0.010416666666666666 0.4348958333333333 0 0.43359375 0 0.4296875
0 0.93359375 0.4557291666666667 0.9700520833333334 0.45703125 0.9700520833333334 0.4635416666666667 0.8580729166666666 0.4609375 0.84375 0.4661458333333333 0.8294270833333334 0.4791666666666667 0.8177083333333334 0.4986979166666667 0.8072916666666666 0.5338541666666666 0.8072916666666666 0.5872395833333334 0.8151041666666666 0.6145833333333334 0.8229166666666666 0.6315104166666666 0.8346354166666666 0.6471354166666666 0.84765625 0.6575520833333334 0.8776041666666666 0.6614583333333334 0.9674479166666666 0.6640625 0.9674479166666666 0.6692708333333334 0.9010416666666666 0.66796875 0.8997395833333334 0.6653645833333334 0.859375 0.6653645833333334 0.84765625 0.6627604166666666 0.83203125 0.65234375 0.8203125 0.63671875 0.80859375 0.6080729166666666 0.8046875 0.5885416666666666 0.8033854166666666 0.546875 0.8072916666666666 0.5182291666666666 0.81640625 0.4921875 0.828125 0.47265625 0.8463541666666666 0.4583333333333333 0.859375 0.4544270833333333 0.9322916666666666 0.4557291666666667
2 0.4778645833333333 0.4791666666666667 0.4791666666666667 0.5572916666666666 0.4739583333333333 0.9010416666666666 0.4752604166666667 0.94140625 0.4739583333333333 0.9557291666666666 0.4713541666666667 0.9544270833333334 0.4752604166666667 0.4908854166666667 0.4778645833333333 0.48046875
3 0.421875 0.7916666666666666 0.421875 0.8190104166666666 0.41796875 0.8203125 0.4140625 0.8151041666666666 0.4140625 0.8046875 0.421875 0.79296875
3 0.55078125 0.23697916666666666 0.5533854166666666 0.23828125 0.5546875 0.24479166666666666 0.5533854166666666 0.2604166666666667 0.5494791666666666 0.26171875 0.54296875 0.2565104166666667 0.5494791666666666 0.23828125
3 0.44140625 0.375 0.4440104166666667 0.375 0.4479166666666667 0.3841145833333333 0.4466145833333333 0.390625 0.4427083333333333 0.3919270833333333 0.4388020833333333 0.3828125 0.44140625 0.3763020833333333
3 0.5716145833333334 0.5677083333333334 0.56640625 0.5598958333333334 0.56640625 0.5546875 0.5690104166666666 0.55078125 0.5755208333333334 0.55078125 0.5755208333333334 0.5638020833333334 0.5729166666666666 0.56640625
3 0.4270833333333333 0.5833333333333334 0.4309895833333333 0.5833333333333334 0.4348958333333333 0.5885416666666666 0.4348958333333333 0.5963541666666666 0.4283854166666667 0.6015625 0.4244791666666667 0.5963541666666666 0.4244791666666667 0.5885416666666666 0.4270833333333333 0.5846354166666666
3 0.3880208333333333 0.3307291666666667 0.3880208333333333 0.34765625 0.3841145833333333 0.3463541666666667 0.3815104166666667 0.3424479166666667 0.3828125 0.3333333333333333 0.38671875 0.3307291666666667
3 0.4596354166666667 0.2421875 0.4622395833333333 0.24479166666666666 0.4635416666666667 0.2552083333333333 0.4596354166666667 0.2669270833333333 0.45703125 0.265625 0.4518229166666667 0.24609375 0.453125 0.24348958333333334 0.4583333333333333 0.24348958333333334
3 0.6979166666666666 0.5911458333333334 0.7018229166666666 0.5924479166666666 0.7044270833333334 0.6002604166666666 0.7005208333333334 0.61328125 0.6953125 0.6119791666666666 0.69140625 0.5950520833333334 0.6979166666666666 0.5924479166666666
3 0.541015625 0.455078125 0.013020833333333334 0.020833333333333332
3 0.4947916666666667 0.625 0.4986979166666667 0.625 0.4986979166666667 0.62890625 0.50390625 0.6341145833333334 0.5026041666666666 0.6432291666666666 0.4986979166666667 0.6471354166666666 0.49609375 0.6432291666666666 0.4947916666666667 0.6263020833333334
3 0.48125 0.44444444401041666 0.4765625 0.44166666666666665 0.47578125 0.4430555559895833 0.4734375 0.4430555559895833 0.471875 0.4458333333333333 0.471875 0.44722222265624995 0.47031249999999997 0.45 0.47031249999999997 0.4583333333333333 0.4734375 0.46388888932291666 0.4796875 0.46388888932291666 0.48203124999999997 0.46249999999999997 0.48359375 0.45972222265625 0.48281250000000003 0.4569444440104167 0.48281250000000003 0.45 0.48125 0.44444444401041666
3 0.51171875 0.7583333333333333 0.5148437499999999 0.74027777734375 0.50546875 0.7319444440104167 0.50625 0.7486111106770833 0.51171875 0.7583333333333333