1 0.7585937500000001 0.5055555559895833 0.7585937500000001 0.5 0.75546875 0.5 0.7546875000000001 0.5013888893229167 0.7546875000000001 0.5069444440104166 0.7578125 0.5069444440104166 0.7585937500000001 0.5055555559895833
0 0 0.4244791666666667 0.08854166666666667 0.4270833333333333 0.10546875 0.4348958333333333 0.11848958333333333 0.44921875 0.13020833333333334 0.4700520833333333 0.13802083333333334 0.4973958333333333 0.14192708333333334 0.5338541666666666 0.13932291666666666 0.5638020833333334 0.13411458333333334 0.5872395833333334 0.12239583333333333 0.61328125 0.10677083333333333 0.6315104166666666 0.09244791666666667 0.6393229166666666 0 0.6380208333333334 0 0.6328125 0.09505208333333333 0.6328125 0.1015625 0.62890625 0.11588541666666667 0.61328125 0.125 0.5989583333333334 0.13671875 0.55859375 0.13671875 0.5091145833333334 0.13411458333333334 0.4947916666666667 0.12760416666666666 0.4739583333333333 0.11979166666666667 0.4583333333333333 0.10677083333333333 0.4440104166666667 0.09765625 0.4361979166666667 0.08854166666666667 0.4322916666666667 0 0.4296875 0 0.42578125
0 0.9283854166666666 0.45703125 0.9635416666666666 0.4583333333333333 0.96484375 0.4609375 0.9700520833333334 0.4609375 0.9700520833333334 0.46484375 0.8541666666666666 0.4622395833333333 0.83984375 0.46875 0.8294270833333334 0.4791666666666667 0.8177083333333334 0.4973958333333333 0.8072916666666666 0.5299479166666666 0.8072916666666666 0.59375 0.8111979166666666 0.6106770833333334 0.8229166666666666 0.6354166666666666 0.8359375 0.65234375 0.8515625 0.6614583333333334 0.8671875 0.6640625 0.9674479166666666 0.6666666666666666 0.9674479166666666 0.6731770833333334 0.8619791666666666 0.6692708333333334 0.8450520833333334 0.6640625 0.8359375 0.6588541666666666 0.82421875 0.6471354166666666 0.8125 0.6236979166666666 0.8046875 0.5963541666666666 0.8020833333333334 0.5638020833333334 0.8046875 0.5299479166666666 0.8125 0.5 0.828125 0.47265625 0.8463541666666666 0.4583333333333333 0.8541666666666666 0.4557291666666667 0.9270833333333334 0.45703125
2 0.4765625 0.13411458333333334 0.4778645833333333 0.16796875 0.4752604166666667 0.2864583333333333 0.4739583333333333 0.65625 0.4713541666666667 0.67578125 0.4713541666666667 0.8815104166666666 0.46875 0.9609375 0.4661458333333333 0.9609375 0.4661458333333333 0.9270833333333334 0.4700520833333333 0.6640625 0.46875 0.6302083333333334 0.4713541666666667 0.6184895833333334 0.47265625 0.2760416666666667 0.4752604166666667 0.13541666666666666
3 0.7434895833333334 0.4544270833333333 0.7447916666666666 0.4713541666666667 0.7395833333333334 0.4778645833333333 0.734375 0.4778645833333333 0.7278645833333334 0.4674479166666667 0.7317708333333334 0.4557291666666667 0.7369791666666666 0.453125 0.7421875 0.4544270833333333
3 0.8424479166666666 0.5364583333333334 0.8489583333333334 0.5338541666666666 0.85546875 0.5338541666666666 0.8580729166666666 0.5364583333333334 0.8567708333333334 0.5455729166666666 0.8489583333333334 0.55078125 0.84375 0.5494791666666666 0.8424479166666666 0.5377604166666666
3 0.7721354166666666 0.6419270833333334 0.7747395833333334 0.6471354166666666 0.7838541666666666 0.6536458333333334 0.7838541666666666 0.6627604166666666 0.7799479166666666 0.6653645833333334 0.7721354166666666 0.6653645833333334 0.7721354166666666 0.6432291666666666
3 0.6438802083333334 0.76171875 0.012369791666666666 0.020833333333333332
3 0.9505208333333334 0.5494791666666666 0.9544270833333334 0.5546875 0.9544270833333334 0.5598958333333334 0.9466145833333334 0.5703125 0.94140625 0.5703125 0.9361979166666666 0.56640625 0.9309895833333334 0.55078125 0.9427083333333334 0.5533854166666666 0.94921875 0.5494791666666666
3 0.4010416666666667 0.2421875 0.4036458333333333 0.24739583333333334 0.4036458333333333 0.2630208333333333 0.4010416666666667 0.2630208333333333 0.3971354166666667 0.2565104166666667 0.3971354166666667 0.24348958333333334 0.3997395833333333 0.2421875
3 0.7005208333333334 0.5455729166666666 0.7044270833333334 0.5481770833333334 0.7057291666666666 0.5520833333333334 0.7005208333333334 0.5638020833333334 0.6927083333333334 0.55078125 0.6927083333333334 0.546875 0.69921875 0.5455729166666666
3 0.15755208333333334 0.47265625 0.16536458333333334 0.4791666666666667 0.16536458333333334 0.4921875 0.15104166666666666 0.4856770833333333 0.15104166666666666 0.4778645833333333 0.15625 0.47265625
3 0.83203125 0.7981770833333334 0.8385416666666666 0.8072916666666666 0.8463541666666666 0.8098958333333334 0.8489583333333334 0.81640625 0.8424479166666666 0.8294270833333334 0.8385416666666666 0.8294270833333334 0.83203125 0.7994791666666666
3 0.7239583333333334 0.5377604166666666 0.7291666666666666 0.5455729166666666 0.7278645833333334 0.5533854166666666 0.7239583333333334 0.5572916666666666 0.7174479166666666 0.55078125 0.71875 0.5416666666666666 0.72265625 0.5390625
3 0.7786458333333334 0.9140625 0.78125 0.9127604166666666 0.7916666666666666 0.9166666666666666 0.7916666666666666 0.9309895833333334 0.7890625 0.9348958333333334 0.78515625 0.9361979166666666 0.78125 0.9283854166666666 0.7799479166666666 0.9153645833333334
3 0.5328125 0.5180555559895833 0.5328125 0.5111111106770834 0.5320312500000001 0.5083333333333333 0.53125 0.5083333333333333 0.5296875 0.5055555559895833 0.5265624999999999 0.5055555559895833 0.52578125 0.5041666666666667 0.525 0.5083333333333333 0.52578125 0.51527777734375 0.52890625 0.5194444440104167 0.5328125 0.5180555559895833