1 0.48125 0.8430555559895834 0.484375 0.8430555559895834 0.484375 0.8347222226562501 0.48125 0.8347222226562501 0.48046875 0.8375 0.48046875 0.8416666666666667 0.48125 0.8430555559895834
0 0.9036458333333334 0.4166666666666667 0.9140625 0.4140625 0.9986979166666666 0.4114583333333333 0.9986979166666666 0.41796875 0.9947916666666666 0.4192708333333333 0.9192708333333334 0.4205729166666667 0.8997395833333334 0.42578125 0.88671875 0.4361979166666667 0.8736979166666666 0.45703125 0.86328125 0.48828125 0.8619791666666666 0.5026041666666666 0.86328125 0.5533854166666666 0.8736979166666666 0.5859375 0.8880208333333334 0.6080729166666666 0.9010416666666666 0.6184895833333334 0.9114583333333334 0.6223958333333334 0.9986979166666666 0.6197916666666666 0.9986979166666666 0.6263020833333334 0.9283854166666666 0.62890625 0.9075520833333334 0.6276041666666666 0.8919270833333334 0.6184895833333334 0.8802083333333334 0.6067708333333334 0.87890625 0.6015625 0.8684895833333334 0.5859375 0.859375 0.5481770833333334 0.8580729166666666 0.5182291666666666 0.8606770833333334 0.48828125 0.8697916666666666 0.45703125 0.8802083333333334 0.4375 0.8880208333333334 0.4283854166666667 0.9036458333333334 0.41796875
0 0.15625 0.4479166666666667 0.17057291666666666 0.4583333333333333 0.18229166666666666 0.4739583333333333 0.19010416666666666 0.4921875 0.19791666666666666 0.5260416666666666 0.19921875 0.5403645833333334 0.1953125 0.546875 0.1953125 0.52734375 0.1875 0.4947916666666667 0.17317708333333334 0.46875 0.15755208333333334 0.4544270833333333 0.14322916666666666 0.44921875 0.040364583333333336 0.453125 0.03125 0.4505208333333333 0.033854166666666664 0.4479166666666667 0.09895833333333333 0.4453125 0.14973958333333334 0.4453125 0.15494791666666666 0.4479166666666667
2 0.5247395833333334 0.4205729166666667 0.52734375 0.4244791666666667 0.5286458333333334 0.4361979166666667 0.52734375 0.5143229166666666 0.5299479166666666 0.5598958333333334 0.53125 0.8372395833333334 0.5338541666666666 0.8658854166666666 0.5338541666666666 0.9466145833333334 0.53125 0.9466145833333334 0.5286458333333334 0.8671875 0.53125 0.86328125 0.5286458333333334 0.8580729166666666 0.5247395833333334 0.421875
3 0.3828125 0.7330729166666666 0.38671875 0.73828125 0.3854166666666667 0.7513020833333334 0.3802083333333333 0.7513020833333334 0.3776041666666667 0.7447916666666666 0.37890625 0.7356770833333334 0.3815104166666667 0.734375
3 0.5377604166666666 0.4010416666666667 0.5390625 0.4049479166666667 0.53125 0.4140625 0.5299479166666666 0.4192708333333333 0.5260416666666666 0.41796875 0.5234375 0.40625 0.52734375 0.4010416666666667 0.5364583333333334 0.4010416666666667
3 0.90625 0.515625 0.921875 0.515625 0.9244791666666666 0.5208333333333334 0.921875 0.53125 0.9140625 0.5325520833333334 0.9075520833333334 0.5364583333333334 0.9036458333333334 0.5260416666666666 0.9036458333333334 0.5182291666666666 0.90625 0.5169270833333334
3 0.34765625 0.55078125 0.3541666666666667 0.5559895833333334 0.3541666666666667 0.5651041666666666 0.3515625 0.5677083333333334 0.34375 0.56640625 0.34375 0.5520833333333334 0.3463541666666667 0.55078125
3 0.5026041666666666 0.20833333333333334 0.5052083333333334 0.20833333333333334 0.5104166666666666 0.21484375 0.5104166666666666 0.22526041666666666 0.5052083333333334 0.23697916666666666 0.5013020833333334 0.23828125 0.4973958333333333 0.21744791666666666 0.5 0.2109375 0.5026041666666666 0.20963541666666666
3 0.6510416666666666 0.8411458333333334 0.65234375 0.859375 0.6458333333333334 0.8580729166666666 0.6432291666666666 0.8489583333333334 0.64453125 0.8424479166666666 0.6471354166666666 0.83984375 0.6497395833333334 0.8411458333333334
3 0.7408854166666666 0.4010416666666667 0.7447916666666666 0.4036458333333333 0.7447916666666666 0.41015625 0.7369791666666666 0.4140625 0.734375 0.41796875 0.73046875 0.41796875 0.73046875 0.41015625 0.734375 0.40234375 0.7395833333333334 0.4010416666666667
3 0.5625 0.6822916666666666 0.5611979166666666 0.671875 0.56640625 0.6640625 0.5690104166666666 0.6666666666666666 0.5703125 0.6783854166666666 0.5638020833333334 0.6822916666666666
3 0.7708333333333334 0.2109375 0.77734375 0.20182291666666666 0.78125 0.20182291666666666 0.7825520833333334 0.20442708333333334 0.7825520833333334 0.21223958333333334 0.7734375 0.2265625 0.76953125 0.2265625 0.7669270833333334 0.22395833333333334 0.7669270833333334 0.21744791666666666 0.7708333333333334 0.21223958333333334
3 0.2109375 0.5416666666666666 0.2109375 0.5572916666666666 0.20703125 0.5651041666666666 0.20052083333333334 0.56640625 0.19661458333333334 0.5598958333333334 0.19661458333333334 0.5481770833333334 0.19921875 0.5455729166666666 0.20572916666666666 0.546875 0.2109375 0.54296875
3 0.3997395833333333 0.2734375 0.4049479166666667 0.27734375 0.40234375 0.2955729166666667 0.3997395833333333 0.2981770833333333 0.3984375 0.296875 0.39453125 0.2838541666666667 0.3984375 0.2747395833333333
3 0.4734375 0.8666666666666667 0.47265625 0.8541666666666666 0.46718750000000003 0.8541666666666666 0.47031249999999997 0.8736111106770833 0.4734375 0.8666666666666667