1 0.51953125 0.33472222265625 0.5203125000000001 0.32638888932291665 0.5171875 0.32638888932291665 0.51953125 0.33472222265625
0 0 0.4296875 0.08463541666666667 0.4322916666666667 0.09895833333333333 0.4375 0.11588541666666667 0.4557291666666667 0.12630208333333334 0.4752604166666667 0.13411458333333334 0.5 0.13802083333333334 0.5390625 0.13541666666666666 0.5716145833333334 0.13020833333333334 0.59375 0.12239583333333333 0.6119791666666666 0.10677083333333333 0.6341145833333334 0.09765625 0.640625 0.0859375 0.64453125 0.08463541666666667 0.6471354166666666 0 0.6432291666666666 0 0.6380208333333334 0.08333333333333333 0.640625 0.09895833333333333 0.6341145833333334 0.11328125 0.6171875 0.12369791666666667 0.5989583333333334 0.1328125 0.56640625 0.13411458333333334 0.5455729166666666 0.1328125 0.5130208333333334 0.12760416666666666 0.4908854166666667 0.125 0.48828125 0.12369791666666667 0.4791666666666667 0.11979166666666667 0.4713541666666667 0.10286458333333333 0.4479166666666667 0.08333333333333333 0.4388020833333333 0.055989583333333336 0.4388020833333333 0.0546875 0.4361979166666667 0.01171875 0.4361979166666667 0 0.4348958333333333 0 0.4309895833333333
0 0.9661458333333334 0.46484375 0.9674479166666666 0.4674479166666667 0.9622395833333334 0.4700520833333333 0.8528645833333334 0.4661458333333333 0.83984375 0.4713541666666667 0.8229166666666666 0.48828125 0.8111979166666666 0.5104166666666666 0.8059895833333334 0.5338541666666666 0.8033854166666666 0.5377604166666666 0.8020833333333334 0.5533854166666666 0.8033854166666666 0.59375 0.8072916666666666 0.6041666666666666 0.8072916666666666 0.6106770833333334 0.8190104166666666 0.6393229166666666 0.8359375 0.6588541666666666 0.84375 0.6640625 0.8580729166666666 0.6666666666666666 0.859375 0.6692708333333334 0.9635416666666666 0.671875 0.9635416666666666 0.6770833333333334 0.8671875 0.6744791666666666 0.8528645833333334 0.6731770833333334 0.8385416666666666 0.66796875 0.8203125 0.6497395833333334 0.80859375 0.6263020833333334 0.80078125 0.59765625 0.7994791666666666 0.5559895833333334 0.8046875 0.5182291666666666 0.8125 0.4973958333333333 0.828125 0.4739583333333333 0.84375 0.4635416666666667 0.85546875 0.4609375 0.875 0.4609375 0.96484375 0.46484375
2 0.47265625 0.13802083333333334 0.4739583333333333 0.33984375 0.4713541666666667 0.3489583333333333 0.4713541666666667 0.6471354166666666 0.4700520833333333 0.7565104166666666 0.4674479166666667 0.7877604166666666 0.4674479166666667 0.9453125 0.4661458333333333 0.96484375 0.4635416666666667 0.96484375 0.47265625 0.13932291666666666
3 0.66796875 0.5729166666666666 0.6796875 0.5755208333333334 0.6822916666666666 0.578125 0.6822916666666666 0.5872395833333334 0.6770833333333334 0.59375 0.671875 0.5872395833333334 0.671875 0.58203125 0.66796875 0.57421875
3 0.54296875 0.3216145833333333 0.5455729166666666 0.3216145833333333 0.546875 0.3268229166666667 0.5455729166666666 0.3450520833333333 0.5390625 0.3450520833333333 0.53125 0.3359375 0.5325520833333334 0.3294270833333333 0.54296875 0.3229166666666667
3 0.8541666666666666 0.5247395833333334 0.8567708333333334 0.5260416666666666 0.8580729166666666 0.5364583333333334 0.8489583333333334 0.5455729166666666 0.8424479166666666 0.5377604166666666 0.8411458333333334 0.5325520833333334 0.84375 0.5260416666666666 0.8528645833333334 0.5247395833333334
3 0.2669270833333333 0.4205729166666667 0.2760416666666667 0.4283854166666667 0.2747395833333333 0.4361979166666667 0.265625 0.4361979166666667 0.26171875 0.4283854166666667 0.26171875 0.4244791666666667 0.265625 0.4205729166666667
3 0.6608072916666666 0.423828125 0.015625 0.027994791666666668
3 0.6627604166666666 0.7200520833333334 0.6666666666666666 0.7239583333333334 0.6731770833333334 0.7252604166666666 0.6731770833333334 0.7369791666666666 0.66796875 0.7408854166666666 0.6627604166666666 0.7213541666666666
3 0.6236979166666666 0.8776041666666666 0.6276041666666666 0.8815104166666666 0.62890625 0.88671875 0.6263020833333334 0.90625 0.6223958333333334 0.90234375 0.6197916666666666 0.8919270833333334 0.6197916666666666 0.87890625 0.6223958333333334 0.8776041666666666
3 0.4440104166666667 0.24088541666666666 0.4466145833333333 0.24609375 0.4466145833333333 0.26171875 0.4427083333333333 0.2604166666666667 0.4401041666666667 0.2526041666666667 0.4401041666666667 0.2421875 0.4427083333333333 0.24088541666666666
3 0.7369791666666666 0.6341145833333334 0.7434895833333334 0.6380208333333334 0.7434895833333334 0.6510416666666666 0.7408854166666666 0.6536458333333334 0.734375 0.65234375 0.7265625 0.6432291666666666 0.7278645833333334 0.6393229166666666 0.7330729166666666 0.6393229166666666 0.7369791666666666 0.6354166666666666
3 0.66796875 0.3255208333333333 0.6744791666666666 0.3268229166666667 0.6770833333333334 0.3359375 0.6744791666666666 0.34765625 0.66796875 0.3489583333333333 0.6640625 0.3424479166666667 0.66796875 0.3268229166666667
3 0.5807291666666666 0.4375 0.5846354166666666 0.4440104166666667 0.5846354166666666 0.4557291666666667 0.5807291666666666 0.4609375 0.5794270833333334 0.4596354166666667 0.5768229166666666 0.453125 0.5768229166666666 0.4440104166666667 0.5807291666666666 0.4388020833333333
3 0.76953125 0.3528645833333333 0.7747395833333334 0.3515625 0.7786458333333334 0.34765625 0.7825520833333334 0.34765625 0.78515625 0.3502604166666667 0.78515625 0.3567708333333333 0.7799479166666666 0.3684895833333333 0.7734375 0.3658854166666667 0.76953125 0.3541666666666667