1 0.6359374999999999 0.43611111067708336 0.6390625 0.43472222265625 0.6390625 0.43055555598958334 0.63828125 0.42777777734375005 0.6359374999999999 0.42777777734375005 0.63515625 0.4291666666666667 0.63515625 0.43472222265625 0.6359374999999999 0.43611111067708336
0 0 0.4283854166666667 0.08333333333333333 0.4309895833333333 0.09895833333333333 0.4361979166666667 0.11458333333333333 0.4518229166666667 0.12630208333333334 0.4713541666666667 0.13411458333333334 0.4934895833333333 0.13802083333333334 0.51953125 0.13802083333333334 0.5572916666666666 0.13411458333333334 0.5846354166666666 0.12239583333333333 0.61328125 0.11588541666666667 0.62109375 0.11458333333333333 0.6263020833333334 0.10677083333333333 0.6341145833333334 0.0859375 0.64453125 0 0.6419270833333334 0 0.63671875 0.08463541666666667 0.6393229166666666 0.09505208333333333 0.6354166666666666 0.10546875 0.6276041666666666 0.10546875 0.625 0.11197916666666667 0.6197916666666666 0.11979166666666667 0.6080729166666666 0.12760416666666666 0.5911458333333334 0.13541666666666666 0.5546875 0.13541666666666666 0.5234375 0.12890625 0.4895833333333333 0.125 0.4778645833333333 0.11197916666666667 0.4557291666666667 0.10286458333333333 0.4466145833333333 0.08854166666666667 0.4388020833333333 0.08072916666666667 0.4388020833333333 0.07942708333333333 0.4361979166666667 0.0026041666666666665 0.4348958333333333 0 0.43359375 0 0.4296875
0 0.82421875 0.4778645833333333 0.8359375 0.4674479166666667 0.8502604166666666 0.4609375 0.9036458333333334 0.4609375 0.9674479166666666 0.46484375 0.9674479166666666 0.4674479166666667 0.9635416666666666 0.46875 0.8958333333333334 0.4661458333333333 0.8450520833333334 0.4674479166666667 0.83203125 0.4765625 0.8190104166666666 0.4934895833333333 0.8111979166666666 0.5104166666666666 0.8033854166666666 0.5390625 0.8033854166666666 0.58984375 0.8072916666666666 0.6015625 0.8072916666666666 0.609375 0.8177083333333334 0.6354166666666666 0.8255208333333334 0.64453125 0.8255208333333334 0.6471354166666666 0.8359375 0.6575520833333334 0.84765625 0.6640625 0.8580729166666666 0.6666666666666666 0.93359375 0.6692708333333334 0.9635416666666666 0.671875 0.9635416666666666 0.67578125 0.8515625 0.671875 0.83203125 0.6614583333333334 0.8203125 0.6484375 0.8125 0.6341145833333334 0.8033854166666666 0.6080729166666666 0.80078125 0.59375 0.7994791666666666 0.5598958333333334 0.8046875 0.51953125 0.8125 0.4986979166666667 0.82421875 0.4791666666666667
2 0.4739583333333333 0.13671875 0.4739583333333333 0.4401041666666667 0.4713541666666667 0.4778645833333333 0.47265625 0.578125 0.4674479166666667 0.9661458333333334 0.46484375 0.9661458333333334 0.4635416666666667 0.9635416666666666 0.4635416666666667 0.92578125 0.46484375 0.8059895833333334 0.4674479166666667 0.7591145833333334 0.47265625 0.13802083333333334
3 0.7265625 0.421875 0.7291666666666666 0.42578125 0.7291666666666666 0.4401041666666667 0.7265625 0.4466145833333333 0.7213541666666666 0.44921875 0.7174479166666666 0.4466145833333333 0.7161458333333334 0.43359375 0.7252604166666666 0.421875
3 0.80859375 0.68359375 0.8111979166666666 0.6861979166666666 0.8111979166666666 0.6966145833333334 0.8072916666666666 0.7005208333333334 0.7994791666666666 0.6953125 0.7981770833333334 0.6861979166666666 0.7994791666666666 0.6822916666666666 0.8072916666666666 0.68359375
3 0.8294270833333334 0.4140625 0.8307291666666666 0.42578125 0.82421875 0.4309895833333333 0.81640625 0.42578125 0.81640625 0.421875 0.8216145833333334 0.4140625 0.828125 0.4140625
3 0.71484375 0.6119791666666666 0.7213541666666666 0.6145833333333334 0.7278645833333334 0.61328125 0.7317708333333334 0.6171875 0.7317708333333334 0.6263020833333334 0.7291666666666666 0.6315104166666666 0.7252604166666666 0.6315104166666666 0.7213541666666666 0.6276041666666666 0.71484375 0.61328125
3 0.4270833333333333 0.2506510416666667 0.011067708333333334 0.026692708333333332
3 0.6966145833333334 0.4283854166666667 0.69921875 0.4283854166666667 0.7057291666666666 0.4375 0.7057291666666666 0.4427083333333333 0.69921875 0.453125 0.6953125 0.4401041666666667 0.6966145833333334 0.4296875
3 0.8971354166666666 0.53515625 0.9010416666666666 0.5390625 0.9036458333333334 0.546875 0.9010416666666666 0.5533854166666666 0.8971354166666666 0.5559895833333334 0.88671875 0.5533854166666666 0.8815104166666666 0.5442708333333334 0.8828125 0.5390625 0.8893229166666666 0.5390625 0.8958333333333334 0.53515625
3 0.6432291666666666 0.453125 0.6575520833333334 0.4544270833333333 0.6575520833333334 0.4635416666666667 0.6510416666666666 0.4752604166666667 0.64453125 0.4635416666666667 0.6432291666666666 0.4544270833333333
3 0.19401041666666666 0.4674479166666667 0.20182291666666666 0.4713541666666667 0.20052083333333334 0.4856770833333333 0.19010416666666666 0.484375 0.19010416666666666 0.46875 0.19270833333333334 0.4674479166666667
3 0.5499999999999999 0.4069444440104167 0.5515625000000001 0.3958333333333333 0.5453125 0.39027777734375 0.5460937499999999 0.4055555559895833 0.5499999999999999 0.4069444440104167
3 0.68203125 0.7416666666666667 0.6804687500000001 0.73472222265625 0.671875 0.7291666666666666 0.6726562500000001 0.7416666666666667 0.68203125 0.7416666666666667
3 0.696875 0.9138888893229167 0.7015625 0.8944444440104166 0.69296875 0.8888888893229167 0.6921875000000001 0.9041666666666667 0.696875 0.9138888893229167