1 0.5078125 0.45972222265625 0.5085937500000001 0.4583333333333333 0.5085937500000001 0.45277777734375 0.5078125 0.4513888893229167 0.50546875 0.4513888893229167 0.5046875000000001 0.45277777734375 0.5046875000000001 0.4583333333333333 0.50546875 0.45972222265625 0.5078125 0.45972222265625
0 0 0.4140625 0.08854166666666667 0.4166666666666667 0.08984375 0.4192708333333333 0.09765625 0.4192708333333333 0.10677083333333333 0.4231770833333333 0.12239583333333333 0.4361979166666667 0.12369791666666667 0.44140625 0.13541666666666666 0.4583333333333333 0.14192708333333334 0.4778645833333333 0.14713541666666666 0.5091145833333334 0.14583333333333334 0.5533854166666666 0.14322916666666666 0.5572916666666666 0.14322916666666666 0.56640625 0.13932291666666666 0.5755208333333334 0.13802083333333334 0.5859375 0.12760416666666666 0.60546875 0.11197916666666667 0.6223958333333334 0.09895833333333333 0.6302083333333334 0.09114583333333333 0.6315104166666666 0 0.6276041666666666 0 0.6223958333333334 0.09635416666666667 0.6236979166666666 0.10677083333333333 0.6197916666666666 0.11588541666666667 0.6119791666666666 0.12890625 0.59375 0.13671875 0.5755208333333334 0.13671875 0.5690104166666666 0.13932291666666666 0.56640625 0.140625 0.5533854166666666 0.14322916666666666 0.5481770833333334 0.14322916666666666 0.5 0.140625 0.4947916666666667 0.140625 0.4869791666666667 0.13151041666666666 0.4609375 0.11458333333333333 0.4348958333333333 0.09114583333333333 0.4231770833333333 0.010416666666666666 0.421875 0 0.4205729166666667 0 0.4153645833333333
0 0.9348958333333334 0.44921875 0.96875 0.4505208333333333 0.9778645833333334 0.453125 0.9752604166666666 0.4557291666666667 0.859375 0.453125 0.8424479166666666 0.4635416666666667 0.8307291666666666 0.4765625 0.8229166666666666 0.4908854166666667 0.8151041666666666 0.5130208333333334 0.8111979166666666 0.5338541666666666 0.8111979166666666 0.5729166666666666 0.8190104166666666 0.6080729166666666 0.8294270833333334 0.62890625 0.8450520833333334 0.64453125 0.8463541666666666 0.6484375 0.8580729166666666 0.6536458333333334 0.8671875 0.6549479166666666 0.9674479166666666 0.6588541666666666 0.9739583333333334 0.66015625 0.9739583333333334 0.6627604166666666 0.9674479166666666 0.6640625 0.8776041666666666 0.6614583333333334 0.8567708333333334 0.6588541666666666 0.84765625 0.6549479166666666 0.8372395833333334 0.6471354166666666 0.82421875 0.62890625 0.8151041666666666 0.6067708333333334 0.80859375 0.5768229166666666 0.8072916666666666 0.5481770833333334 0.8125 0.51171875 0.8203125 0.4869791666666667 0.8268229166666666 0.4739583333333333 0.83984375 0.4583333333333333 0.8515625 0.4505208333333333 0.8606770833333334 0.4479166666666667 0.93359375 0.44921875
2 0.48046875 0.4505208333333333 0.4817708333333333 0.4674479166666667 0.4791666666666667 0.4986979166666667 0.4752604166666667 0.9466145833333334 0.47265625 0.9518229166666666 0.4713541666666667 0.9283854166666666 0.4765625 0.6276041666666666 0.4752604166666667 0.4557291666666667 0.48046875 0.4518229166666667
3 0.3893229166666667 0.5729166666666666 0.3932291666666667 0.5729166666666666 0.3919270833333333 0.5950520833333334 0.38671875 0.59375 0.3854166666666667 0.5911458333333334 0.3854166666666667 0.5807291666666666 0.3893229166666667 0.57421875
3 0.5143229166666666 0.2630208333333333 0.008463541666666666 0.0234375
3 0.2708333333333333 0.71875 0.2786458333333333 0.7213541666666666 0.2760416666666667 0.7330729166666666 0.2708333333333333 0.7356770833333334 0.2643229166666667 0.7330729166666666 0.2643229166666667 0.7200520833333334 0.26953125 0.71875
3 0.4557291666666667 0.7578125 0.4583333333333333 0.7591145833333334 0.4596354166666667 0.7643229166666666 0.4596354166666667 0.7799479166666666 0.45703125 0.7799479166666666 0.4518229166666667 0.7721354166666666 0.4518229166666667 0.7630208333333334 0.4544270833333333 0.7591145833333334
3 0.20442708333333334 0.5559895833333334 0.20572916666666666 0.5677083333333334 0.20052083333333334 0.5729166666666666 0.19270833333333334 0.56640625 0.19270833333333334 0.5572916666666666 0.203125 0.5559895833333334
3 0.4361979166666667 0.6145833333333334 0.4361979166666667 0.6302083333333334 0.43359375 0.6328125 0.4283854166666667 0.6302083333333334 0.4244791666666667 0.6197916666666666 0.42578125 0.6171875 0.4348958333333333 0.6145833333333334
3 0.3736979166666667 0.2526041666666667 0.3736979166666667 0.2669270833333333 0.3658854166666667 0.2604166666666667 0.3658854166666667 0.25390625 0.3723958333333333 0.2526041666666667
3 0.5807291666666666 0.4375 0.5833333333333334 0.44140625 0.5833333333333334 0.4557291666666667 0.5807291666666666 0.4609375 0.5755208333333334 0.4596354166666667 0.5729166666666666 0.4518229166666667 0.57421875 0.4427083333333333 0.5807291666666666 0.4388020833333333
3 0.44921875 0.5299479166666666 0.4583333333333333 0.5299479166666666 0.4622395833333333 0.5416666666666666 0.4596354166666667 0.5533854166666666 0.453125 0.5546875 0.44921875 0.5494791666666666 0.44921875 0.53125
3 0.5572916666666666 0.6536458333333334 0.5638020833333334 0.6627604166666666 0.5638020833333334 0.6796875 0.5611979166666666 0.6809895833333334 0.55859375 0.6783854166666666 0.5559895833333334 0.6549479166666666
3 0.46875 0.421875 0.4778645833333333 0.421875 0.4817708333333333 0.42578125 0.4778645833333333 0.4361979166666667 0.4778645833333333 0.4440104166666667 0.4739583333333333 0.4479166666666667 0.4713541666666667 0.4427083333333333 0.46484375 0.4401041666666667 0.46875 0.4231770833333333
3 0.4401041666666667 0.8515625 0.4427083333333333 0.8515625 0.4440104166666667 0.8567708333333334 0.4440104166666667 0.8684895833333334 0.4427083333333333 0.87109375 0.4388020833333333 0.8697916666666666 0.4361979166666667 0.8645833333333334 0.4401041666666667 0.8528645833333334