1 0.45937500000000003 0.5611111106770833 0.46015625 0.5625 0.46328125000000003 0.5625 0.46328125000000003 0.5569444440104167 0.46249999999999997 0.5555555559895834 0.46015625 0.5555555559895834 0.45937500000000003 0.5569444440104167 0.45937500000000003 0.5611111106770833
0 0.9986979166666666 0.4140625 0.9986979166666666 0.4205729166666667 0.9908854166666666 0.421875 0.9075520833333334 0.4231770833333333 0.8997395833333334 0.42578125 0.8828125 0.4361979166666667 0.8828125 0.4388020833333333 0.87109375 0.453125 0.86328125 0.4700520833333333 0.85546875 0.5026041666666666 0.85546875 0.5481770833333334 0.8671875 0.5885416666666666 0.8776041666666666 0.60546875 0.890625 0.6184895833333334 0.91015625 0.625 0.9986979166666666 0.6223958333333334 0.9986979166666666 0.62890625 0.9192708333333334 0.6315104166666666 0.9075520833333334 0.6315104166666666 0.8919270833333334 0.6263020833333334 0.87109375 0.60546875 0.8606770833333334 0.5846354166666666 0.859375 0.57421875 0.85546875 0.5651041666666666 0.85546875 0.5559895833333334 0.8528645833333334 0.5533854166666666 0.8515625 0.5364583333333334 0.8528645833333334 0.49609375 0.85546875 0.4921875 0.8606770833333334 0.4661458333333333 0.8645833333333334 0.4557291666666667 0.87890625 0.43359375 0.89453125 0.421875 0.9088541666666666 0.4192708333333333 0.91015625 0.4166666666666667 0.9973958333333334 0.4140625
0 0.13802083333333334 0.4479166666666667 0.15364583333333334 0.4544270833333333 0.17057291666666666 0.4713541666666667 0.18619791666666666 0.5091145833333334 0.1875 0.5247395833333334 0.19010416666666666 0.53125 0.19140625 0.5638020833333334 0.19010416666666666 0.5794270833333334 0.18229166666666666 0.61328125 0.16666666666666666 0.640625 0.15885416666666666 0.6497395833333334 0.1484375 0.65625 0.13541666666666666 0.66015625 0.037760416666666664 0.6640625 0.024739583333333332 0.6627604166666666 0.024739583333333332 0.66015625 0.032552083333333336 0.6588541666666666 0.13411458333333334 0.6549479166666666 0.14453125 0.65234375 0.15234375 0.6484375 0.16796875 0.6315104166666666 0.1796875 0.609375 0.1875 0.5768229166666666 0.1875 0.5325520833333334 0.18489583333333334 0.5260416666666666 0.18489583333333334 0.5169270833333334 0.1796875 0.50390625 0.1796875 0.4986979166666667 0.16927083333333334 0.4778645833333333 0.15494791666666666 0.4622395833333333 0.13932291666666666 0.453125 0.07682291666666667 0.4557291666666667 0.022135416666666668 0.4544270833333333 0.0234375 0.4518229166666667 0.03125 0.4505208333333333 0.13671875 0.4479166666666667
2 0.5221354166666666 0.8307291666666666 0.5234375 0.8151041666666666 0.51953125 0.6315104166666666 0.51953125 0.5 0.5169270833333334 0.4674479166666667 0.5182291666666666 0.4049479166666667 0.515625 0.23828125 0.515625 0.125 0.5182291666666666 0.12369791666666667 0.5234375 0.71484375 0.52734375 0.9205729166666666 0.5260416666666666 0.9505208333333334 0.5247395833333334 0.9518229166666666 0.5234375 0.9427083333333334 0.5234375 0.83203125
3 0.6067708333333334 0.5716145833333334 0.6145833333333334 0.5690104166666666 0.6171875 0.5729166666666666 0.6171875 0.5807291666666666 0.6119791666666666 0.5885416666666666 0.6067708333333334 0.5859375 0.6067708333333334 0.5729166666666666
3 0.7903645833333334 0.5481770833333334 0.7955729166666666 0.5572916666666666 0.79296875 0.5638020833333334 0.7890625 0.5651041666666666 0.78515625 0.5703125 0.7825520833333334 0.5885416666666666 0.7799479166666666 0.5872395833333334 0.7786458333333334 0.5807291666666666 0.78125 0.5533854166666666 0.78515625 0.5481770833333334 0.7890625 0.5481770833333334
3 0.4934895833333333 0.25390625 0.49609375 0.25390625 0.4986979166666667 0.2578125 0.4986979166666667 0.2630208333333333 0.5026041666666666 0.2682291666666667 0.5 0.2760416666666667 0.49609375 0.2799479166666667 0.4921875 0.2786458333333333 0.4934895833333333 0.2552083333333333
3 0.5416666666666666 0.44140625 0.54296875 0.4557291666666667 0.5390625 0.4609375 0.53515625 0.45703125 0.53515625 0.4427083333333333 0.5403645833333334 0.44140625
3 0.73046875 0.7200520833333334 0.7356770833333334 0.7252604166666666 0.7408854166666666 0.7239583333333334 0.7447916666666666 0.7317708333333334 0.7447916666666666 0.7369791666666666 0.7369791666666666 0.7408854166666666 0.7317708333333334 0.7395833333333334 0.7291666666666666 0.7200520833333334
3 0.54296875 0.7473958333333334 0.5520833333333334 0.7591145833333334 0.5494791666666666 0.7734375 0.5442708333333334 0.7734375 0.54296875 0.7486979166666666
3 0.5794270833333334 0.625 0.58203125 0.63671875 0.5768229166666666 0.64453125 0.5729166666666666 0.640625 0.5729166666666666 0.6328125 0.57421875 0.625 0.578125 0.625
3 0.62890625 0.24479166666666666 0.6276041666666666 0.2591145833333333 0.6223958333333334 0.2669270833333333 0.6184895833333334 0.2669270833333333 0.6171875 0.2604166666666667 0.6184895833333334 0.24609375 0.6276041666666666 0.24479166666666666
3 0.4322916666666667 0.4466145833333333 0.4348958333333333 0.4518229166666667 0.4322916666666667 0.4674479166666667 0.4270833333333333 0.46484375 0.4270833333333333 0.44921875 0.4309895833333333 0.4466145833333333
3 0.4348958333333333 0.6458333333333334 0.4375 0.6458333333333334 0.4388020833333333 0.6497395833333334 0.4440104166666667 0.65234375 0.4440104166666667 0.65625 0.4388020833333333 0.6640625 0.43359375 0.6653645833333334 0.4309895833333333 0.65234375 0.4348958333333333 0.6471354166666666
3 0.5677083333333334 0.8359375 0.5703125 0.8359375 0.5703125 0.859375 0.5625 0.86328125 0.5625 0.8450520833333334 0.5677083333333334 0.8372395833333334
3 0.55703125 0.5291666666666667 0.5546875 0.5291666666666667 0.553125 0.5305555559895833 0.55078125 0.53472222265625 0.5499999999999999 0.5375 0.5499999999999999 0.5458333333333333 0.55234375 0.5513888893229166 0.5539062499999999 0.55277777734375 0.5578124999999999 0.55277777734375 0.5617187499999999 0.5486111106770833 0.5625 0.5458333333333333 0.5625 0.5361111106770834 0.5617187499999999 0.5319444440104167 0.56015625 0.5291666666666667 0.5578124999999999 0.52777777734375 0.55703125 0.5291666666666667