1 0.620703125 0.17823611067708334 0.623078125 0.18190138932291666 0.625953125 0.18134583333333332 0.626328125 0.17586111067708332 0.623390625 0.17101944401041666 0.620953125 0.17268472265625 0.620703125 0.17823611067708334
0 0.9661458333333334 0.4166666666666667 0.9986979166666666 0.4166666666666667 0.9986979166666666 0.4231770833333333 0.91015625 0.42578125 0.8984375 0.4296875 0.88671875 0.4375 0.88671875 0.4401041666666667 0.8736979166666666 0.4557291666666667 0.8671875 0.4700520833333333 0.859375 0.49609375 0.8580729166666666 0.5338541666666666 0.85546875 0.5338541666666666 0.8541666666666666 0.53125 0.85546875 0.50390625 0.8606770833333334 0.4778645833333333 0.8684895833333334 0.4557291666666667 0.87109375 0.4544270833333333 0.8802083333333334 0.4375 0.8919270833333334 0.4270833333333333 0.90234375 0.421875 0.9661458333333334 0.41796875
0 0.13151041666666666 0.4518229166666667 0.14713541666666666 0.4557291666666667 0.1640625 0.4713541666666667 0.17838541666666666 0.49609375 0.18229166666666666 0.5091145833333334 0.1875 0.5364583333333334 0.18880208333333334 0.5651041666666666 0.18619791666666666 0.59375 0.17578125 0.6276041666666666 0.1640625 0.6471354166666666 0.15104166666666666 0.6588541666666666 0.13932291666666666 0.6640625 0.037760416666666664 0.6705729166666666 0.024739583333333332 0.6705729166666666 0.020833333333333332 0.66796875 0.022135416666666668 0.6640625 0.125 0.6614583333333334 0.14322916666666666 0.6575520833333334 0.15104166666666666 0.65234375 0.1640625 0.6380208333333334 0.17578125 0.6171875 0.18489583333333334 0.5807291666666666 0.18489583333333334 0.5364583333333334 0.17578125 0.5 0.1640625 0.4791666666666667 0.15494791666666666 0.46875 0.14322916666666666 0.4609375 0.13671875 0.4596354166666667 0.13541666666666666 0.45703125 0.08333333333333333 0.4609375 0.018229166666666668 0.4609375 0.020833333333333332 0.4557291666666667 0.032552083333333336 0.4544270833333333 0.13020833333333334 0.4518229166666667
2 0.5208333333333334 0.51171875 0.5247395833333334 0.8151041666666666 0.52734375 0.87890625 0.5260416666666666 0.9596354166666666 0.5234375 0.9518229166666666 0.5221354166666666 0.87890625 0.5234375 0.8098958333333334 0.5208333333333334 0.7747395833333334 0.5182291666666666 0.53515625 0.5208333333333334 0.5130208333333334
3 0.6015625 0.53515625 0.6041666666666666 0.53515625 0.6067708333333334 0.5390625 0.60546875 0.5481770833333334 0.5989583333333334 0.5520833333333334 0.59765625 0.546875 0.5989583333333334 0.5390625 0.6015625 0.5364583333333334
3 0.474609375 0.20182291666666666 0.008463541666666666 0.026692708333333332
3 0.7395833333333334 0.703125 0.7486979166666666 0.7135416666666666 0.7486979166666666 0.71875 0.7447916666666666 0.7239583333333334 0.7408854166666666 0.7265625 0.7356770833333334 0.7239583333333334 0.7356770833333334 0.71484375 0.7395833333333334 0.7044270833333334
3 0.51171875 0.7408854166666666 0.5143229166666666 0.74609375 0.5143229166666666 0.7578125 0.5104166666666666 0.76171875 0.5078125 0.7604166666666666 0.5078125 0.7473958333333334 0.5104166666666666 0.7421875
3 0.5625 0.3919270833333333 0.56640625 0.3919270833333333 0.5690104166666666 0.3958333333333333 0.5690104166666666 0.4036458333333333 0.5625 0.4075520833333333 0.5625 0.3932291666666667
3 0.6263020833333334 0.14583333333333334 0.62890625 0.14583333333333334 0.6315104166666666 0.15104166666666666 0.6276041666666666 0.17708333333333334 0.625 0.18229166666666666 0.62109375 0.18229166666666666 0.6184895833333334 0.1796875 0.6223958333333334 0.1640625 0.6223958333333334 0.15494791666666666 0.6263020833333334 0.14713541666666666
3 0.5768229166666666 0.59765625 0.5807291666666666 0.5989583333333334 0.5807291666666666 0.6119791666666666 0.5755208333333334 0.6145833333333334 0.5716145833333334 0.6106770833333334 0.5755208333333334 0.5989583333333334
3 0.3997395833333333 0.3567708333333333 0.4049479166666667 0.3697916666666667 0.4010416666666667 0.37890625 0.3971354166666667 0.3763020833333333 0.3958333333333333 0.3684895833333333 0.3958333333333333 0.3580729166666667 0.3984375 0.3567708333333333
3 0.5201822916666666 0.4869791666666667 0.013020833333333334 0.026692708333333332
3 0.4069010416666667 0.6861979166666666 0.010416666666666666 0.022135416666666668
3 0.57421875 0.73828125 0.5807291666666666 0.7447916666666666 0.5807291666666666 0.7565104166666666 0.57421875 0.7734375 0.5716145833333334 0.7734375 0.5703125 0.7682291666666666 0.5703125 0.7486979166666666 0.5729166666666666 0.7395833333333334
3 0.8602015625 0.54382222265625 0.8711195312500001 0.54536527734375 0.87468671875 0.5365986106770834 0.867521875 0.5235430559895834 0.86045 0.53235972265625 0.8602015625 0.54382222265625