1 0.4734375 0.53472222265625 0.47734375 0.5333333333333333 0.47812499999999997 0.5305555559895833 0.47812499999999997 0.5291666666666667 0.4765625 0.5263888893229166 0.4734375 0.52777777734375 0.47265625 0.5291666666666667 0.471875 0.5319444440104167 0.4734375 0.53472222265625
0 0 0.4127604166666667 0.08463541666666667 0.4140625 0.09635416666666667 0.4166666666666667 0.09765625 0.4192708333333333 0.10286458333333333 0.4205729166666667 0.11979166666666667 0.4348958333333333 0.12760416666666666 0.4505208333333333 0.13020833333333334 0.4518229166666667 0.13932291666666666 0.4791666666666667 0.14322916666666666 0.5078125 0.14322916666666666 0.5390625 0.13802083333333334 0.5716145833333334 0.13020833333333334 0.5924479166666666 0.12369791666666667 0.6002604166666666 0.12239583333333333 0.60546875 0.109375 0.6184895833333334 0.09505208333333333 0.6276041666666666 0 0.6263020833333334 0 0.6197916666666666 0.08854166666666667 0.6223958333333334 0.10286458333333333 0.6171875 0.11588541666666667 0.60546875 0.12890625 0.5846354166666666 0.1328125 0.5690104166666666 0.13541666666666666 0.56640625 0.140625 0.5364583333333334 0.13932291666666666 0.4921875 0.13671875 0.48828125 0.13541666666666666 0.4765625 0.12760416666666666 0.4557291666666667 0.11067708333333333 0.4322916666666667 0.09244791666666667 0.421875 0 0.4192708333333333 0 0.4140625
0 0.9192708333333334 0.4440104166666667 0.9635416666666666 0.4453125 0.9700520833333334 0.4466145833333333 0.9700520833333334 0.4505208333333333 0.8541666666666666 0.4479166666666667 0.83984375 0.4544270833333333 0.8255208333333334 0.4700520833333333 0.8138020833333334 0.4921875 0.80859375 0.5169270833333334 0.80859375 0.52734375 0.8059895833333334 0.5325520833333334 0.8059895833333334 0.5690104166666666 0.8098958333333334 0.5911458333333334 0.8151041666666666 0.6028645833333334 0.8151041666666666 0.6080729166666666 0.8177083333333334 0.609375 0.8255208333333334 0.6263020833333334 0.8411458333333334 0.6419270833333334 0.8528645833333334 0.6458333333333334 0.8541666666666666 0.6484375 0.9583333333333334 0.65234375 0.9674479166666666 0.6536458333333334 0.9674479166666666 0.6575520833333334 0.8619791666666666 0.6549479166666666 0.8463541666666666 0.6510416666666666 0.8385416666666666 0.6471354166666666 0.82421875 0.6328125 0.81640625 0.6197916666666666 0.8072916666666666 0.59375 0.8033854166666666 0.5729166666666666 0.8046875 0.5130208333333334 0.81640625 0.4765625 0.828125 0.4583333333333333 0.84375 0.4466145833333333 0.85546875 0.4427083333333333 0.91796875 0.4440104166666667
2 0.4739583333333333 0.5390625 0.4765625 0.5403645833333334 0.4713541666666667 0.8111979166666666 0.4713541666666667 0.9440104166666666 0.46875 0.9466145833333334 0.4674479166666667 0.9427083333333334 0.4700520833333333 0.7877604166666666 0.46875 0.7552083333333334 0.4713541666666667 0.7096354166666666 0.4700520833333333 0.6276041666666666 0.4739583333333333 0.5403645833333334
3 0.6796875 0.5546875 0.6822916666666666 0.5546875 0.6848958333333334 0.5598958333333334 0.6848958333333334 0.5755208333333334 0.6822916666666666 0.5755208333333334 0.6770833333333334 0.5703125 0.6770833333333334 0.5611979166666666 0.6796875 0.5559895833333334
3 0.4772135416666667 0.521484375 0.009114583333333334 0.029296875
3 0.5924479166666666 0.8567708333333334 0.59765625 0.8684895833333334 0.59765625 0.8802083333333334 0.5924479166666666 0.8828125 0.58984375 0.8736979166666666 0.5911458333333334 0.8580729166666666
3 0.6223958333333334 0.16145833333333334 0.6263020833333334 0.16666666666666666 0.6263020833333334 0.17317708333333334 0.62109375 0.18489583333333334 0.6184895833333334 0.18489583333333334 0.6158854166666666 0.18098958333333334 0.6158854166666666 0.16666666666666666 0.62109375 0.16145833333333334
3 0.4427083333333333 0.6393229166666666 0.4427083333333333 0.6575520833333334 0.4375 0.6510416666666666 0.4375 0.640625 0.44140625 0.6393229166666666
3 0.38671875 0.8658854166666666 0.3971354166666667 0.8619791666666666 0.3971354166666667 0.8736979166666666 0.3932291666666667 0.8828125 0.390625 0.8828125 0.3854166666666667 0.8763020833333334 0.38671875 0.8671875
3 0.2721354166666667 0.24739583333333334 0.2747395833333333 0.25 0.2734375 0.2682291666666667 0.2682291666666667 0.2630208333333333 0.265625 0.2630208333333333 0.2630208333333333 0.2552083333333333 0.2643229166666667 0.24739583333333334 0.2708333333333333 0.24739583333333334
3 0.19921875 0.13802083333333334 0.20442708333333334 0.13932291666666666 0.20963541666666666 0.15104166666666666 0.20963541666666666 0.15885416666666666 0.20442708333333334 0.15364583333333334 0.19921875 0.15234375 0.19921875 0.13932291666666666
3 0.4895833333333333 0.14322916666666666 0.4934895833333333 0.15494791666666666 0.4908854166666667 0.16276041666666666 0.4908854166666667 0.17317708333333334 0.48828125 0.17447916666666666 0.484375 0.17447916666666666 0.4791666666666667 0.16796875 0.48046875 0.14453125 0.48828125 0.14322916666666666
3 0.703125 0.7083333333333334 0.7161458333333334 0.7109375 0.7174479166666666 0.7135416666666666 0.7161458333333334 0.7265625 0.7122395833333334 0.7317708333333334 0.7096354166666666 0.73046875 0.7018229166666666 0.7135416666666666 0.703125 0.7096354166666666
3 0.09895833333333333 0.4739583333333333 0.10677083333333333 0.4791666666666667 0.10807291666666667 0.48828125 0.10026041666666667 0.48828125 0.09635416666666667 0.4908854166666667 0.09244791666666667 0.4895833333333333 0.08984375 0.4778645833333333 0.09375 0.4739583333333333 0.09765625 0.4739583333333333
3 0.8203125 0.515625 0.8229166666666666 0.515625 0.8294270833333334 0.5078125 0.8346354166666666 0.5182291666666666 0.8333333333333334 0.5299479166666666 0.8307291666666666 0.5325520833333334 0.8268229166666666 0.5325520833333334 0.82421875 0.5299479166666666 0.8190104166666666 0.53125 0.8203125 0.5169270833333334