1 0.52890625 0.5194444440104167 0.5296875 0.5208333333333334 0.53125 0.5208333333333334 0.5320312500000001 0.5194444440104167 0.5320312500000001 0.51527777734375 0.53125 0.5138888893229167 0.5296875 0.5138888893229167 0.52890625 0.51527777734375 0.52890625 0.5194444440104167
0 0.9986979166666666 0.4244791666666667 0.9986979166666666 0.4309895833333333 0.9947916666666666 0.4322916666666667 0.9427083333333334 0.4309895833333333 0.9036458333333334 0.4322916666666667 0.8919270833333334 0.4348958333333333 0.875 0.4479166666666667 0.859375 0.4713541666666667 0.8502604166666666 0.50390625 0.8489583333333334 0.5494791666666666 0.8567708333333334 0.5859375 0.87109375 0.6119791666666666 0.8880208333333334 0.62890625 0.89453125 0.6315104166666666 0.9986979166666666 0.62890625 0.9986979166666666 0.6341145833333334 0.9856770833333334 0.6354166666666666 0.8997395833333334 0.6380208333333334 0.88671875 0.6341145833333334 0.8763020833333334 0.6276041666666666 0.8763020833333334 0.625 0.8723958333333334 0.6223958333333334 0.8606770833333334 0.60546875 0.8489583333333334 0.57421875 0.8450520833333334 0.546875 0.8450520833333334 0.5208333333333334 0.8489583333333334 0.4921875 0.85546875 0.4713541666666667 0.8645833333333334 0.453125 0.8776041666666666 0.4375 0.8932291666666666 0.4283854166666667 0.9973958333333334 0.4244791666666667
0 0.024739583333333332 0.45703125 0.12239583333333333 0.453125 0.13671875 0.453125 0.14713541666666666 0.4557291666666667 0.16796875 0.47265625 0.17838541666666666 0.4895833333333333 0.18619791666666666 0.51171875 0.19140625 0.5364583333333334 0.19140625 0.58203125 0.18619791666666666 0.609375 0.18359375 0.6119791666666666 0.17838541666666666 0.62890625 0.17057291666666666 0.6419270833333334 0.15885416666666666 0.6549479166666666 0.1484375 0.6614583333333334 0.13932291666666666 0.6640625 0.06380208333333333 0.6653645833333334 0.0625 0.66796875 0.040364583333333336 0.6692708333333334 0.02734375 0.66796875 0.02734375 0.6640625 0.036458333333333336 0.6627604166666666 0.13932291666666666 0.6588541666666666 0.15885416666666666 0.6484375 0.171875 0.6315104166666666 0.18359375 0.6028645833333334 0.18880208333333334 0.578125 0.18880208333333334 0.5390625 0.18489583333333334 0.5260416666666666 0.18489583333333334 0.5182291666666666 0.17708333333333334 0.5013020833333334 0.17578125 0.4934895833333333 0.16666666666666666 0.4791666666666667 0.1484375 0.4635416666666667 0.13541666666666666 0.4596354166666667 0.024739583333333332 0.4622395833333333 0.024739583333333332 0.4583333333333333
2 0.5182291666666666 0.4674479166666667 0.5208333333333334 0.515625 0.51953125 0.55859375 0.5221354166666666 0.6236979166666666 0.5221354166666666 0.78515625 0.5247395833333334 0.8723958333333334 0.5247395833333334 0.953125 0.5221354166666666 0.953125 0.5208333333333334 0.94140625 0.51953125 0.6809895833333334 0.5169270833333334 0.640625 0.5182291666666666 0.46875
3 0.484375 0.7135416666666666 0.4869791666666667 0.7135416666666666 0.48828125 0.7174479166666666 0.48828125 0.7317708333333334 0.4856770833333333 0.7330729166666666 0.4817708333333333 0.7278645833333334 0.484375 0.71484375
3 0.4583333333333333 0.2864583333333333 0.4557291666666667 0.26953125 0.4609375 0.2643229166666667 0.46484375 0.2669270833333333 0.46484375 0.27734375 0.4622395833333333 0.2877604166666667 0.4596354166666667 0.2864583333333333
3 0.4973958333333333 0.6223958333333334 0.4986979166666667 0.6341145833333334 0.49609375 0.6380208333333334 0.4921875 0.6380208333333334 0.4908854166666667 0.6341145833333334 0.4921875 0.6223958333333334 0.49609375 0.6223958333333334
3 0.4309895833333333 0.5716145833333334 0.4309895833333333 0.55859375 0.43359375 0.5559895833333334 0.4375 0.55859375 0.4375 0.5690104166666666 0.4348958333333333 0.5729166666666666 0.4322916666666667 0.5716145833333334
3 0.5716145833333334 0.6028645833333334 0.5703125 0.59765625 0.5729166666666666 0.5872395833333334 0.578125 0.5885416666666666 0.5768229166666666 0.6015625 0.5729166666666666 0.6028645833333334
3 0.5611979166666666 0.4075520833333333 0.5625 0.4140625 0.55859375 0.421875 0.5559895833333334 0.421875 0.5546875 0.4192708333333333 0.5546875 0.4088541666666667 0.5598958333333334 0.4075520833333333
3 0.6315104166666666 0.3255208333333333 0.6354166666666666 0.3294270833333333 0.6354166666666666 0.3372395833333333 0.62890625 0.3463541666666667 0.625 0.3411458333333333 0.625 0.3307291666666667 0.6302083333333334 0.3255208333333333
3 0.5911458333333334 0.7708333333333334 0.5950520833333334 0.76953125 0.59765625 0.7734375 0.59765625 0.7825520833333334 0.5911458333333334 0.7890625 0.5872395833333334 0.78125 0.5872395833333334 0.7760416666666666 0.5911458333333334 0.7721354166666666
3 0.3346354166666667 0.5729166666666666 0.33984375 0.578125 0.33984375 0.5989583333333334 0.3385416666666667 0.6015625 0.3359375 0.6015625 0.3333333333333333 0.5989583333333334 0.33203125 0.5911458333333334 0.33203125 0.5807291666666666 0.3346354166666667 0.57421875
3 0.5390625 0.23958333333333334 0.5455729166666666 0.24348958333333334 0.5390625 0.2643229166666667 0.5338541666666666 0.2565104166666667 0.53515625 0.24088541666666666 0.5377604166666666 0.23958333333333334
3 0.47265625 0.46484375 0.4765625 0.46484375 0.4765625 0.4765625 0.4752604166666667 0.4817708333333333 0.47265625 0.4830729166666667 0.47265625 0.4661458333333333
3 0.5203125000000001 0.46388888932291666 0.5265624999999999 0.4569444440104167 0.5234375 0.44166666666666665 0.5140625 0.4458333333333333 0.5140625 0.4611111106770833 0.5203125000000001 0.46388888932291666