1 0.43515624999999997 0.8694444440104167 0.43593750000000003 0.8708333333333332 0.4375 0.8708333333333332 0.43828125 0.8694444440104167 0.43828125 0.86527777734375 0.4375 0.8638888893229167 0.43593750000000003 0.8638888893229167 0.43515624999999997 0.86527777734375 0.43515624999999997 0.8694444440104167
0 0.90234375 0.4166666666666667 0.91015625 0.4140625 0.9986979166666666 0.4114583333333333 0.9986979166666666 0.41796875 0.91015625 0.4205729166666667 0.9010416666666666 0.4244791666666667 0.8854166666666666 0.4375 0.8854166666666666 0.4401041666666667 0.875 0.453125 0.8658854166666666 0.4778645833333333 0.8619791666666666 0.4973958333333333 0.8619791666666666 0.5455729166666666 0.8658854166666666 0.5638020833333334 0.875 0.5885416666666666 0.88671875 0.60546875 0.8958333333333334 0.6145833333333334 0.91015625 0.62109375 0.9986979166666666 0.6197916666666666 0.9986979166666666 0.6263020833333334 0.91015625 0.6276041666666666 0.8958333333333334 0.62109375 0.8880208333333334 0.6145833333333334 0.8684895833333334 0.5859375 0.859375 0.5494791666666666 0.8580729166666666 0.51171875 0.8606770833333334 0.4869791666666667 0.8684895833333334 0.45703125 0.8802083333333334 0.4375 0.8919270833333334 0.4244791666666667 0.90234375 0.41796875
0 0.14453125 0.4440104166666667 0.15494791666666666 0.4466145833333333 0.17057291666666666 0.45703125 0.17057291666666666 0.4596354166666667 0.17838541666666666 0.4674479166666667 0.18359375 0.4765625 0.18359375 0.48046875 0.19140625 0.49609375 0.19791666666666666 0.5247395833333334 0.19791666666666666 0.5572916666666666 0.1953125 0.55078125 0.1953125 0.5247395833333334 0.1875 0.4947916666666667 0.17578125 0.4713541666666667 0.15885416666666666 0.4544270833333333 0.14583333333333334 0.44921875 0.07421875 0.4518229166666667 0.03125 0.4505208333333333 0.03125 0.4479166666666667 0.03515625 0.4466145833333333 0.14322916666666666 0.4440104166666667
2 0.5234375 0.12239583333333333 0.5260416666666666 0.13802083333333334 0.5260416666666666 0.4192708333333333 0.5286458333333334 0.4283854166666667 0.5260416666666666 0.4348958333333333 0.5260416666666666 0.4466145833333333 0.5286458333333334 0.4505208333333333 0.52734375 0.5078125 0.53125 0.6796875 0.53125 0.84375 0.5338541666666666 0.8645833333333334 0.5338541666666666 0.9466145833333334 0.53125 0.9466145833333334 0.5286458333333334 0.8515625 0.5286458333333334 0.7213541666666666 0.5234375 0.4544270833333333 0.5234375 0.12369791666666667
3 0.3645833333333333 0.7565104166666666 0.3684895833333333 0.7565104166666666 0.37109375 0.76171875 0.3697916666666667 0.7734375 0.3645833333333333 0.7786458333333334 0.3619791666666667 0.7747395833333334 0.3619791666666667 0.7643229166666666 0.3645833333333333 0.7578125
3 0.43359375 0.8658854166666666 0.4361979166666667 0.8658854166666666 0.4375 0.8684895833333334 0.4322916666666667 0.8997395833333334 0.4348958333333333 0.9114583333333334 0.4309895833333333 0.91015625 0.4270833333333333 0.9049479166666666 0.42578125 0.8971354166666666 0.4270833333333333 0.875 0.43359375 0.8697916666666666 0.43359375 0.8671875
3 0.51953125 0.4166666666666667 0.5247395833333334 0.4166666666666667 0.5221354166666666 0.4283854166666667 0.5221354166666666 0.4466145833333333 0.5182291666666666 0.4505208333333333 0.5182291666666666 0.4557291666666667 0.515625 0.4557291666666667 0.5130208333333334 0.4479166666666667 0.5169270833333334 0.4205729166666667 0.51953125 0.41796875
3 0.3346354166666667 0.5598958333333334 0.33984375 0.5625 0.3424479166666667 0.5677083333333334 0.3385416666666667 0.57421875 0.3385416666666667 0.5807291666666666 0.3333333333333333 0.5963541666666666 0.3294270833333333 0.58984375 0.3294270833333333 0.5625 0.3333333333333333 0.5598958333333334
3 0.5 0.18489583333333334 0.5065104166666666 0.18489583333333334 0.5091145833333334 0.19270833333333334 0.5065104166666666 0.2109375 0.50390625 0.21484375 0.4986979166666667 0.21354166666666666 0.49609375 0.19921875 0.4973958333333333 0.1875 0.5 0.18619791666666666
3 0.5494791666666666 0.6770833333333334 0.5533854166666666 0.6783854166666666 0.5546875 0.6822916666666666 0.5533854166666666 0.6927083333333334 0.5494791666666666 0.6979166666666666 0.546875 0.71484375 0.54296875 0.71484375 0.54296875 0.6979166666666666 0.5442708333333334 0.6848958333333334 0.5481770833333334 0.6783854166666666
3 0.6223958333333334 0.83984375 0.62890625 0.84375 0.6302083333333334 0.8502604166666666 0.6302083333333334 0.859375 0.625 0.8645833333333334 0.6223958333333334 0.8763020833333334 0.6184895833333334 0.8776041666666666 0.62109375 0.8671875 0.62109375 0.8411458333333334
3 0.7415364583333334 0.3763020833333333 0.013020833333333334 0.01953125
3 0.78515625 0.18489583333333334 0.7877604166666666 0.19270833333333334 0.7825520833333334 0.20963541666666666 0.77734375 0.21744791666666666 0.7734375 0.21614583333333334 0.7734375 0.20703125 0.77734375 0.19921875 0.7786458333333334 0.19010416666666666 0.7838541666666666 0.18489583333333334
3 0.9205729166666666 0.4947916666666667 0.9231770833333334 0.5 0.9205729166666666 0.5104166666666666 0.91015625 0.5078125 0.9088541666666666 0.50390625 0.9088541666666666 0.4986979166666667 0.9127604166666666 0.4947916666666667 0.9192708333333334 0.4947916666666667
3 0.18489583333333334 0.5559895833333334 0.18880208333333334 0.5559895833333334 0.19270833333333334 0.5598958333333334 0.20182291666666666 0.5572916666666666 0.19791666666666666 0.5690104166666666 0.19010416666666666 0.5768229166666666 0.18489583333333334 0.5768229166666666 0.18098958333333334 0.5716145833333334 0.18098958333333334 0.5625 0.18489583333333334 0.5572916666666666
3 0.3938802083333333 0.2532552083333333 0.011067708333333334 0.026692708333333332