1 0.3796875 0.1805555559895833 0.37656249999999997 0.1805555559895833 0.37578125 0.18472222265625002 0.37656249999999997 0.1875 0.3796875 0.1875 0.3796875 0.1805555559895833
0 0 0.4205729166666667 0.09244791666666667 0.4244791666666667 0.11067708333333333 0.4322916666666667 0.12369791666666667 0.4479166666666667 0.13411458333333334 0.4674479166666667 0.14192708333333334 0.4921875 0.14583333333333334 0.5247395833333334 0.14453125 0.53515625 0.140625 0.5299479166666666 0.140625 0.5026041666666666 0.13151041666666666 0.4713541666666667 0.12369791666666667 0.4557291666666667 0.10416666666666667 0.4348958333333333 0.08854166666666667 0.4296875 0.0078125 0.4270833333333333 0 0.42578125 0 0.421875
0 0.9114583333333334 0.45703125 0.9505208333333334 0.4583333333333333 0.9518229166666666 0.4609375 0.9778645833333334 0.4609375 0.98046875 0.46484375 0.9453125 0.4661458333333333 0.8619791666666666 0.4635416666666667 0.84375 0.4739583333333333 0.8268229166666666 0.4973958333333333 0.8151041666666666 0.5377604166666666 0.8138020833333334 0.5807291666666666 0.8190104166666666 0.609375 0.8307291666666666 0.63671875 0.8424479166666666 0.65234375 0.85546875 0.6614583333333334 0.8736979166666666 0.6653645833333334 0.9466145833333334 0.6666666666666666 0.9479166666666666 0.6692708333333334 0.9778645833333334 0.671875 0.9778645833333334 0.67578125 0.8932291666666666 0.6731770833333334 0.8580729166666666 0.6692708333333334 0.84375 0.66015625 0.8346354166666666 0.6510416666666666 0.82421875 0.6341145833333334 0.8151041666666666 0.609375 0.8111979166666666 0.5807291666666666 0.8111979166666666 0.546875 0.81640625 0.5143229166666666 0.828125 0.4869791666666667 0.8346354166666666 0.4765625 0.85546875 0.4583333333333333 0.91015625 0.45703125
2 0.4765625 0.5052083333333334 0.4791666666666667 0.5182291666666666 0.4778645833333333 0.5221354166666666 0.4817708333333333 0.5325520833333334 0.4791666666666667 0.5885416666666666 0.4752604166666667 0.9609375 0.47265625 0.9635416666666666 0.4713541666666667 0.9348958333333334 0.4778645833333333 0.5572916666666666 0.4765625 0.5065104166666666
3 0.3984375 0.5390625 0.4010416666666667 0.546875 0.3997395833333333 0.5559895833333334 0.3971354166666667 0.5559895833333334 0.3932291666666667 0.55078125 0.3932291666666667 0.5442708333333334 0.3971354166666667 0.5390625
3 0.5234375 0.19401041666666666 0.5260416666666666 0.19401041666666666 0.5299479166666666 0.203125 0.5286458333333334 0.21484375 0.5234375 0.21744791666666666 0.5234375 0.1953125
3 0.4244791666666667 0.6015625 0.4270833333333333 0.6080729166666666 0.4270833333333333 0.6158854166666666 0.4244791666666667 0.6184895833333334 0.4192708333333333 0.6184895833333334 0.41796875 0.6158854166666666 0.4192708333333333 0.6041666666666666 0.4231770833333333 0.6015625
3 0.2578125 0.70703125 0.2604166666666667 0.70703125 0.2604166666666667 0.71484375 0.2643229166666667 0.72265625 0.26171875 0.7278645833333334 0.2552083333333333 0.7278645833333334 0.2513020833333333 0.7239583333333334 0.2526041666666667 0.71484375 0.2565104166666667 0.7122395833333334 0.2578125 0.7083333333333334
3 0.48828125 0.7434895833333334 0.4908854166666667 0.7473958333333334 0.4908854166666667 0.765625 0.48828125 0.7669270833333334 0.484375 0.7630208333333334 0.484375 0.7526041666666666 0.4869791666666667 0.7447916666666666
3 0.4348958333333333 0.39453125 0.4375 0.4010416666666667 0.4361979166666667 0.4088541666666667 0.4296875 0.4049479166666667 0.4296875 0.3984375 0.43359375 0.39453125
3 0.4791666666666667 0.4765625 0.484375 0.4791666666666667 0.4869791666666667 0.4869791666666667 0.4856770833333333 0.5026041666666666 0.48046875 0.50390625 0.4765625 0.5013020833333334 0.4765625 0.4830729166666667 0.4791666666666667 0.4778645833333333
3 0.36328125 0.14322916666666666 0.3671875 0.14192708333333334 0.3723958333333333 0.15234375 0.3723958333333333 0.16145833333333334 0.3697916666666667 0.1640625 0.3671875 0.16276041666666666 0.3619791666666667 0.15104166666666666 0.36328125 0.14453125
3 0.59765625 0.3606770833333333 0.6028645833333334 0.3619791666666667 0.6015625 0.3815104166666667 0.5963541666666666 0.3815104166666667 0.5950520833333334 0.37890625 0.59765625 0.3619791666666667
3 0.5911458333333334 0.6796875 0.5950520833333334 0.6796875 0.5989583333333334 0.6848958333333334 0.5989583333333334 0.6940104166666666 0.5963541666666666 0.69921875 0.5924479166666666 0.7005208333333334 0.5885416666666666 0.69140625 0.5911458333333334 0.6809895833333334
3 0.4244791666666667 0.7408854166666666 0.4283854166666667 0.7421875 0.4270833333333333 0.7591145833333334 0.4244791666666667 0.7630208333333334 0.41796875 0.7604166666666666 0.41796875 0.75 0.4244791666666667 0.7421875
3 0.14308046875 0.5480777773437501 0.14375000000000002 0.5333333333333333 0.1265625 0.5333333333333333 0.1265625 0.5430555559895833 0.13828125 0.5499999999999999 0.14049296875 0.5491 0.14308046875 0.5480777773437501