1 0.5046875000000001 0.70277777734375 0.50625 0.7013888893229167 0.5070312499999999 0.6986111106770833 0.50546875 0.6944444440104167 0.50390625 0.6944444440104167 0.5031249999999999 0.6958333333333333 0.5031249999999999 0.7000000000000001 0.5046875000000001 0.70277777734375
0 0 0.4140625 0.09375 0.4166666666666667 0.09505208333333333 0.4192708333333333 0.09895833333333333 0.4192708333333333 0.11458333333333333 0.4283854166666667 0.13411458333333334 0.45703125 0.14322916666666666 0.48828125 0.14713541666666666 0.5260416666666666 0.14192708333333334 0.5677083333333334 0.13411458333333334 0.5911458333333334 0.12239583333333333 0.6106770833333334 0.10416666666666667 0.6263020833333334 0.09635416666666667 0.6302083333333334 0.04296875 0.6302083333333334 0 0.6276041666666666 0 0.62109375 0.09375 0.6236979166666666 0.10416666666666667 0.6197916666666666 0.11979166666666667 0.60546875 0.13151041666666666 0.5859375 0.13932291666666666 0.5611979166666666 0.140625 0.5442708333333334 0.14322916666666666 0.5377604166666666 0.14322916666666666 0.5078125 0.140625 0.5026041666666666 0.140625 0.4908854166666667 0.13671875 0.4817708333333333 0.13671875 0.4752604166666667 0.12369791666666667 0.4479166666666667 0.11067708333333333 0.4322916666666667 0.09244791666666667 0.4231770833333333 0 0.4205729166666667 0 0.4153645833333333
0 0.8802083333333334 0.4466145833333333 0.9739583333333334 0.4505208333333333 0.9752604166666666 0.4544270833333333 0.9453125 0.4557291666666667 0.8658854166666666 0.4518229166666667 0.8541666666666666 0.4544270833333333 0.83984375 0.46484375 0.8333333333333334 0.4713541666666667 0.8255208333333334 0.4869791666666667 0.8229166666666666 0.48828125 0.8138020833333334 0.5143229166666666 0.8111979166666666 0.5286458333333334 0.8098958333333334 0.56640625 0.8190104166666666 0.609375 0.8307291666666666 0.6315104166666666 0.8385416666666666 0.640625 0.84765625 0.6484375 0.8580729166666666 0.6536458333333334 0.9622395833333334 0.6575520833333334 0.9739583333333334 0.66015625 0.9700520833333334 0.6627604166666666 0.8580729166666666 0.6588541666666666 0.84765625 0.6549479166666666 0.8372395833333334 0.6471354166666666 0.82421875 0.6302083333333334 0.8229166666666666 0.6236979166666666 0.81640625 0.61328125 0.8072916666666666 0.5729166666666666 0.8072916666666666 0.5364583333333334 0.81640625 0.4947916666666667 0.82421875 0.4765625 0.83984375 0.45703125 0.8567708333333334 0.4479166666666667 0.87890625 0.4466145833333333
2 0.4778645833333333 0.2890625 0.48046875 0.2903645833333333 0.4817708333333333 0.2981770833333333 0.4791666666666667 0.4127604166666667 0.48046875 0.4622395833333333 0.4778645833333333 0.6861979166666666 0.4765625 0.7200520833333334 0.4739583333333333 0.71875 0.47265625 0.7135416666666666 0.4752604166666667 0.6536458333333334 0.4739583333333333 0.6184895833333334 0.4765625 0.546875 0.4752604166666667 0.5052083333333334 0.4778645833333333 0.2903645833333333
3 0.5651041666666666 0.6822916666666666 0.55859375 0.6692708333333334 0.5611979166666666 0.6640625 0.5690104166666666 0.6653645833333334 0.5703125 0.6783854166666666 0.5690104166666666 0.6822916666666666 0.56640625 0.6822916666666666
3 0.4739583333333333 0.24348958333333334 0.4778645833333333 0.24609375 0.4791666666666667 0.2526041666666667 0.4791666666666667 0.2890625 0.4765625 0.2903645833333333 0.4739583333333333 0.2799479166666667 0.4739583333333333 0.265625 0.4713541666666667 0.2604166666666667 0.47265625 0.24479166666666666
3 0.40625 0.83203125 0.4114583333333333 0.83203125 0.4127604166666667 0.8359375 0.4114583333333333 0.8463541666666666 0.4075520833333333 0.8502604166666666 0.4049479166666667 0.8463541666666666 0.40625 0.8333333333333334
3 0.38671875 0.20833333333333334 0.3893229166666667 0.20833333333333334 0.3958333333333333 0.21875 0.3958333333333333 0.23307291666666666 0.390625 0.23697916666666666 0.3893229166666667 0.22395833333333334 0.38671875 0.22135416666666666 0.38671875 0.20963541666666666
3 0.40625 0.5481770833333334 0.4036458333333333 0.53125 0.4075520833333333 0.5234375 0.4114583333333333 0.5234375 0.4153645833333333 0.5299479166666666 0.4153645833333333 0.5442708333333334 0.41015625 0.5494791666666666 0.4075520833333333 0.5481770833333334
3 0.5481770833333334 0.4283854166666667 0.5520833333333334 0.4361979166666667 0.5520833333333334 0.4713541666666667 0.5481770833333334 0.4700520833333333 0.5416666666666666 0.4427083333333333 0.54296875 0.4296875 0.546875 0.4283854166666667
3 0.38671875 0.6341145833333334 0.3932291666666667 0.640625 0.3893229166666667 0.6510416666666666 0.38671875 0.65234375 0.3828125 0.65234375 0.3802083333333333 0.64453125 0.3802083333333333 0.63671875 0.3828125 0.6328125 0.3854166666666667 0.6341145833333334
3 0.3606770833333333 0.5475260416666666 0.013020833333333334 0.01953125
3 0.23697916666666666 0.7044270833333334 0.24088541666666666 0.7083333333333334 0.24088541666666666 0.71875 0.22916666666666666 0.71875 0.23046875 0.70703125 0.23567708333333334 0.7057291666666666
3 0.4375 0.4557291666666667 0.43359375 0.4466145833333333 0.4322916666666667 0.4296875 0.4296875 0.42578125 0.4309895833333333 0.4127604166666667 0.4361979166666667 0.4140625 0.4401041666666667 0.42578125 0.44140625 0.4544270833333333 0.4388020833333333 0.4557291666666667
3 0.46875 0.7277777773437499 0.46875 0.7125 0.46249999999999997 0.7152777773437501 0.46171875 0.7263888893229167 0.46875 0.7277777773437499
3 0.22734374999999998 0.525 0.22734374999999998 0.5180555559895833 0.2171875 0.5208333333333334 0.21640625 0.5291666666666667 0.22734374999999998 0.525