1 0.5382812499999999 0.33749999999999997 0.5390625 0.33888888932291666 0.5398437500000001 0.33749999999999997 0.540625 0.33472222265625 0.5390625 0.32916666666666666 0.5382812499999999 0.33055555598958336 0.5359375000000001 0.33055555598958336 0.5359375000000001 0.33749999999999997 0.5382812499999999 0.33749999999999997
3 0.6803385416666666 0.5859375 0.014973958333333334 0.016927083333333332
3 0.7864583333333334 0.3528645833333333 0.7890625 0.3567708333333333 0.7890625 0.36328125 0.7864583333333334 0.3697916666666667 0.7838541666666666 0.37109375 0.7799479166666666 0.37109375 0.77734375 0.3684895833333333 0.7760416666666666 0.3606770833333333 0.7799479166666666 0.3541666666666667 0.78515625 0.3528645833333333
3 0.859375 0.5286458333333334 0.8619791666666666 0.5403645833333334 0.8606770833333334 0.5455729166666666 0.85546875 0.5494791666666666 0.8489583333333334 0.5481770833333334 0.83984375 0.5338541666666666 0.8489583333333334 0.5325520833333334 0.8515625 0.5286458333333334 0.85546875 0.52734375 0.8580729166666666 0.5286458333333334
3 0.2604166666666667 0.421875 0.2682291666666667 0.4309895833333333 0.2669270833333333 0.44140625 0.2604166666666667 0.4401041666666667 0.2578125 0.4361979166666667 0.2565104166666667 0.4231770833333333 0.2591145833333333 0.421875
3 0.6705729166666666 0.4114583333333333 0.6744791666666666 0.4192708333333333 0.6744791666666666 0.4283854166666667 0.6705729166666666 0.4388020833333333 0.6666666666666666 0.4388020833333333 0.6588541666666666 0.4283854166666667 0.6588541666666666 0.42578125 0.6640625 0.421875 0.6666666666666666 0.4127604166666667 0.6692708333333334 0.4114583333333333
3 0.66796875 0.7239583333333334 0.6744791666666666 0.7291666666666666 0.67578125 0.734375 0.6731770833333334 0.7434895833333334 0.66796875 0.7434895833333334 0.66796875 0.7252604166666666
3 0.6315104166666666 0.8815104166666666 0.6341145833333334 0.8828125 0.6354166666666666 0.8880208333333334 0.6341145833333334 0.9049479166666666 0.6302083333333334 0.9088541666666666 0.6276041666666666 0.89453125 0.62109375 0.8854166666666666 0.62109375 0.8828125 0.6236979166666666 0.8815104166666666 0.6302083333333334 0.8815104166666666
3 0.4427083333333333 0.2630208333333333 0.4401041666666667 0.2552083333333333 0.44140625 0.23958333333333334 0.4440104166666667 0.24088541666666666 0.4466145833333333 0.2526041666666667 0.4466145833333333 0.2630208333333333 0.4440104166666667 0.2630208333333333
3 0.5859375 0.4361979166666667 0.5885416666666666 0.44140625 0.5885416666666666 0.4518229166666667 0.5859375 0.4596354166666667 0.58203125 0.4596354166666667 0.5768229166666666 0.44921875 0.5846354166666666 0.4375
3 0.7369791666666666 0.6380208333333334 0.75 0.640625 0.7486979166666666 0.6536458333333334 0.7434895833333334 0.65625 0.7395833333333334 0.6510416666666666 0.7369791666666666 0.6393229166666666
3 0.6783854166666666 0.33203125 0.6809895833333334 0.3359375 0.6809895833333334 0.34375 0.6770833333333334 0.3502604166666667 0.671875 0.3502604166666667 0.6705729166666666 0.34765625 0.6705729166666666 0.3411458333333333 0.6770833333333334 0.33203125
3 0.5499999999999999 0.32083333333333336 0.546875 0.32222222265625 0.54453125 0.33749999999999997 0.55078125 0.33888888932291666 0.5539062499999999 0.32916666666666666 0.5499999999999999 0.32083333333333336