1 0.471875 0.32916666666666666 0.4734375 0.32777777734374997 0.4734375 0.32638888932291665 0.471875 0.32083333333333336 0.47031249999999997 0.31944444401041666 0.46953125 0.32083333333333336 0.46953125 0.32638888932291665 0.47031249999999997 0.32916666666666666 0.471875 0.32916666666666666
0 0 0.4166666666666667 0.013020833333333334 0.4166666666666667 0.014322916666666666 0.4192708333333333 0.08072916666666667 0.4205729166666667 0.09375 0.421875 0.10677083333333333 0.4270833333333333 0.11848958333333333 0.4375 0.13411458333333334 0.46484375 0.14192708333333334 0.4908854166666667 0.14322916666666666 0.515625 0.14583333333333334 0.5260416666666666 0.14192708333333334 0.5677083333333334 0.13411458333333334 0.59375 0.12239583333333333 0.61328125 0.109375 0.6276041666666666 0.09244791666666667 0.6354166666666666 0 0.6328125 0 0.6276041666666666 0.06640625 0.6302083333333334 0.09244791666666667 0.6302083333333334 0.09895833333333333 0.6276041666666666 0.11588541666666667 0.61328125 0.13151041666666666 0.5885416666666666 0.1328125 0.5794270833333334 0.13932291666666666 0.5638020833333334 0.14192708333333334 0.5299479166666666 0.140625 0.50390625 0.13541666666666666 0.4791666666666667 0.12369791666666667 0.453125 0.10677083333333333 0.43359375 0.09114583333333333 0.4270833333333333 0.005208333333333333 0.4231770833333333 0 0.4244791666666667 0 0.41796875
0 0.9088541666666666 0.4518229166666667 0.9752604166666666 0.4544270833333333 0.9791666666666666 0.4557291666666667 0.9791666666666666 0.4596354166666667 0.9427083333333334 0.4609375 0.8971354166666666 0.4596354166666667 0.8958333333333334 0.45703125 0.8606770833333334 0.45703125 0.859375 0.4596354166666667 0.84375 0.4674479166666667 0.8333333333333334 0.4791666666666667 0.8229166666666666 0.4973958333333333 0.8229166666666666 0.5026041666666666 0.8190104166666666 0.5091145833333334 0.8151041666666666 0.5247395833333334 0.8125 0.5703125 0.8190104166666666 0.6067708333333334 0.8333333333333334 0.63671875 0.84765625 0.65234375 0.8541666666666666 0.65625 0.8697916666666666 0.66015625 0.9765625 0.6640625 0.9752604166666666 0.6692708333333334 0.9296875 0.66796875 0.9283854166666666 0.6653645833333334 0.8736979166666666 0.6653645833333334 0.8541666666666666 0.6614583333333334 0.8424479166666666 0.6549479166666666 0.8346354166666666 0.6471354166666666 0.82421875 0.6302083333333334 0.81640625 0.6119791666666666 0.8111979166666666 0.5872395833333334 0.8098958333333334 0.5416666666666666 0.8151041666666666 0.5104166666666666 0.82421875 0.4856770833333333 0.8268229166666666 0.484375 0.8346354166666666 0.4700520833333333 0.84765625 0.45703125 0.85546875 0.453125 0.9075520833333334 0.4518229166666667
2 0.48046875 0.125 0.4830729166666667 0.12760416666666666 0.48046875 0.36328125 0.4817708333333333 0.3984375 0.4791666666666667 0.4010416666666667 0.4791666666666667 0.4140625 0.4817708333333333 0.4192708333333333 0.4817708333333333 0.4427083333333333 0.4791666666666667 0.4856770833333333 0.4791666666666667 0.54296875 0.4778645833333333 0.5455729166666666 0.4765625 0.5442708333333334 0.4765625 0.39453125 0.4791666666666667 0.3372395833333333 0.4765625 0.3229166666666667 0.4791666666666667 0.3072916666666667 0.48046875 0.12630208333333334
3 0.4635416666666667 0.5286458333333334 0.4700520833333333 0.5286458333333334 0.4739583333333333 0.53515625 0.4739583333333333 0.546875 0.4713541666666667 0.5520833333333334 0.4674479166666667 0.5520833333333334 0.4635416666666667 0.5481770833333334 0.4609375 0.5377604166666666 0.4635416666666667 0.5299479166666666
3 0.5247395833333334 0.19270833333333334 0.5286458333333334 0.19791666666666666 0.5286458333333334 0.20963541666666666 0.5247395833333334 0.21614583333333334 0.5221354166666666 0.21484375 0.5208333333333334 0.20442708333333334 0.5208333333333334 0.19401041666666666 0.5234375 0.19270833333333334
3 0.4388020833333333 0.6067708333333334 0.4401041666666667 0.6276041666666666 0.4361979166666667 0.6263020833333334 0.4322916666666667 0.6171875 0.4322916666666667 0.6119791666666666 0.4375 0.6067708333333334
3 0.4869791666666667 0.390625 0.4895833333333333 0.3932291666666667 0.4895833333333333 0.4088541666666667 0.4856770833333333 0.4088541666666667 0.4830729166666667 0.4036458333333333 0.4830729166666667 0.3919270833333333 0.4856770833333333 0.390625
3 0.2799479166666667 0.7239583333333334 0.2825520833333333 0.7239583333333334 0.2825520833333333 0.7473958333333334 0.2799479166666667 0.7526041666666666 0.2799479166666667 0.75 0.2708333333333333 0.7421875 0.2799479166666667 0.7252604166666666
3 0.3958333333333333 0.53515625 0.3997395833333333 0.5416666666666666 0.3984375 0.5494791666666666 0.39453125 0.5494791666666666 0.390625 0.5442708333333334 0.390625 0.5377604166666666 0.39453125 0.53515625
3 0.6106770833333334 0.7044270833333334 0.6145833333333334 0.7109375 0.61328125 0.7213541666666666 0.6080729166666666 0.7213541666666666 0.6002604166666666 0.7135416666666666 0.6002604166666666 0.7083333333333334 0.60546875 0.7044270833333334 0.609375 0.7044270833333334
3 0.57421875 0.425 0.5671875000000001 0.42777777734375005 0.5640625 0.43472222265625 0.56796875 0.4430555559895833 0.57578125 0.4375 0.57421875 0.425
3 0.35859375 0.25833333333333336 0.3515625 0.26527777734374997 0.3515625 0.27222222265625 0.36015625 0.28750000000000003 0.3625 0.2791666666666667 0.35859375 0.25833333333333336
3 0.44609375 0.7986111106770833 0.44921875 0.8125 0.45468749999999997 0.80972222265625 0.44921875 0.7847222226562499 0.44609375 0.7986111106770833
3 0.4965265625 0.75136527734375 0.49548359375 0.7731430559895833 0.50878515625 0.76850972265625 0.504090625 0.7495111106770834 0.4965265625 0.75136527734375
3 0.16945546874999998 0.555825 0.1569484375 0.54786527734375 0.15004140625 0.5621875 0.154521875 0.5720763893229167 0.16926875 0.5710819440104167 0.1690828125 0.56875972265625 0.16945546874999998 0.555825