1 0.50390625 0.8375 0.5046875000000001 0.8361111106770833 0.5046875000000001 0.8305555559895833 0.50390625 0.8291666666666666 0.5015625 0.8291666666666666 0.5 0.8319444440104166 0.5 0.8347222226562501 0.5015625 0.8375 0.50390625 0.8375
0 0 0.4114583333333333 0.08854166666666667 0.4153645833333333 0.10546875 0.4244791666666667 0.11848958333333333 0.4375 0.11979166666666667 0.4427083333333333 0.13020833333333334 0.4583333333333333 0.13802083333333334 0.48828125 0.140625 0.515625 0.13932291666666666 0.55078125 0.13020833333333334 0.5859375 0.12369791666666667 0.5950520833333334 0.11979166666666667 0.60546875 0.10546875 0.6197916666666666 0.08854166666666667 0.62890625 0 0.6263020833333334 0 0.6197916666666666 0.08854166666666667 0.6223958333333334 0.09895833333333333 0.6184895833333334 0.11197916666666667 0.6067708333333334 0.12369791666666667 0.5885416666666666 0.1328125 0.5651041666666666 0.13671875 0.546875 0.13541666666666666 0.4895833333333333 0.125 0.45703125 0.11067708333333333 0.4348958333333333 0.10026041666666667 0.4270833333333333 0.08854166666666667 0.421875 0 0.4192708333333333 0 0.4127604166666667
0 0.8893229166666666 0.4453125 0.9635416666666666 0.4479166666666667 0.9661458333333334 0.44921875 0.9661458333333334 0.453125 0.8515625 0.4505208333333333 0.84375 0.453125 0.828125 0.4661458333333333 0.8138020833333334 0.4895833333333333 0.8046875 0.5247395833333334 0.8033854166666666 0.5690104166666666 0.8059895833333334 0.57421875 0.8059895833333334 0.5859375 0.8111979166666666 0.60546875 0.8255208333333334 0.6315104166666666 0.8450520833333334 0.6484375 0.8658854166666666 0.65234375 0.9557291666666666 0.6549479166666666 0.9635416666666666 0.65625 0.9635416666666666 0.66015625 0.8619791666666666 0.6575520833333334 0.84765625 0.6549479166666666 0.8346354166666666 0.6484375 0.8346354166666666 0.6458333333333334 0.8203125 0.6328125 0.80859375 0.609375 0.8033854166666666 0.5911458333333334 0.8033854166666666 0.58203125 0.80078125 0.578125 0.8020833333333334 0.5442708333333334 0.7994791666666666 0.5364583333333334 0.8033854166666666 0.5234375 0.8046875 0.5065104166666666 0.8151041666666666 0.4778645833333333 0.828125 0.4583333333333333 0.8463541666666666 0.4466145833333333 0.8880208333333334 0.4453125
2 0.4739583333333333 0.12239583333333333 0.4765625 0.12369791666666667 0.4739583333333333 0.3111979166666667 0.4739583333333333 0.5638020833333334 0.4713541666666667 0.6223958333333334 0.4700520833333333 0.8723958333333334 0.4674479166666667 0.9479166666666666 0.46484375 0.9466145833333334 0.46484375 0.8932291666666666 0.4674479166666667 0.8567708333333334 0.46875 0.5703125 0.4713541666666667 0.5338541666666666 0.4700520833333333 0.4036458333333333 0.4739583333333333 0.12369791666666667
3 0.5950520833333334 0.2877604166666667 0.5989583333333334 0.2994791666666667 0.5963541666666666 0.3020833333333333 0.5950520833333334 0.3098958333333333 0.5924479166666666 0.3111979166666667 0.58984375 0.3098958333333333 0.5885416666666666 0.2942708333333333 0.58984375 0.2890625 0.59375 0.2877604166666667
3 0.5924479166666666 0.7174479166666666 0.6002604166666666 0.7161458333333334 0.6041666666666666 0.7213541666666666 0.6028645833333334 0.7356770833333334 0.59765625 0.7356770833333334 0.5924479166666666 0.71875
3 0.6471354166666666 0.55078125 0.6497395833333334 0.5533854166666666 0.6497395833333334 0.5651041666666666 0.6471354166666666 0.5690104166666666 0.640625 0.5651041666666666 0.6380208333333334 0.5546875 0.6393229166666666 0.5520833333333334 0.6458333333333334 0.55078125
3 0.421875 0.65625 0.4296875 0.66015625 0.4322916666666667 0.6640625 0.4322916666666667 0.6731770833333334 0.42578125 0.67578125 0.4205729166666667 0.6705729166666666 0.421875 0.6575520833333334
3 0.265625 0.4114583333333333 0.2708333333333333 0.42578125 0.2708333333333333 0.4296875 0.265625 0.4322916666666667 0.265625 0.4296875 0.2565104166666667 0.421875 0.2578125 0.4127604166666667 0.26171875 0.41015625 0.2643229166666667 0.4114583333333333
3 0.5104166666666666 0.8580729166666666 0.011067708333333334 0.027994791666666668
3 0.48828125 0.22005208333333334 0.4947916666666667 0.21875 0.4973958333333333 0.22135416666666666 0.4986979166666667 0.22916666666666666 0.4973958333333333 0.24088541666666666 0.4947916666666667 0.24739583333333334 0.4908854166666667 0.24869791666666666 0.4908854166666667 0.2421875 0.4869791666666667 0.23697916666666666 0.48828125 0.22135416666666666
3 0.2265625 0.20572916666666666 0.23177083333333334 0.21354166666666666 0.23307291666666666 0.22005208333333334 0.22916666666666666 0.22526041666666666 0.22265625 0.22005208333333334 0.22005208333333334 0.21354166666666666 0.22135416666666666 0.20572916666666666 0.22526041666666666 0.20572916666666666
3 0.07421875 0.5208333333333334 0.08854166666666667 0.53515625 0.08723958333333333 0.5403645833333334 0.08203125 0.5364583333333334 0.07291666666666667 0.5390625 0.06901041666666667 0.5299479166666666 0.0703125 0.5247395833333334 0.07421875 0.5221354166666666
3 0.79296875 0.5364583333333334 0.7981770833333334 0.5416666666666666 0.7994791666666666 0.546875 0.7942708333333334 0.5559895833333334 0.7903645833333334 0.55859375 0.7838541666666666 0.5572916666666666 0.7799479166666666 0.55078125 0.7799479166666666 0.5455729166666666 0.7916666666666666 0.5364583333333334
3 0.4361979166666667 0.3958333333333333 0.4375 0.3984375 0.4466145833333333 0.4010416666666667 0.4479166666666667 0.4036458333333333 0.4427083333333333 0.4140625 0.4361979166666667 0.4140625 0.4322916666666667 0.4049479166666667 0.4322916666666667 0.3997395833333333 0.4361979166666667 0.3971354166666667
3 0.33515625 0.8527777773437499 0.33749999999999997 0.8541666666666666 0.34218750000000003 0.8527777773437499 0.34296875 0.85 0.34296875 0.8430555559895834 0.34375 0.8416666666666667 0.34140624999999997 0.8375 0.33749999999999997 0.8375 0.33515625 0.8416666666666667 0.33515625 0.8458333333333333 0.33437500000000003 0.8472222226562499 0.33437500000000003 0.8513888893229167 0.33515625 0.8527777773437499