1 0.696875 0.4680555559895833 0.696875 0.46249999999999997 0.6960937500000001 0.4611111106770833 0.69375 0.46249999999999997 0.69296875 0.46388888932291666 0.69296875 0.4694444440104167 0.6960937500000001 0.4694444440104167 0.696875 0.4680555559895833
3 0.7057291666666666 0.4140625 0.7044270833333334 0.4401041666666667 0.7005208333333334 0.4440104166666667 0.6940104166666666 0.4401041666666667 0.6940104166666666 0.4348958333333333 0.7044270833333334 0.4153645833333333
3 0.3307291666666667 0.7799479166666666 0.3372395833333333 0.7825520833333334 0.3359375 0.7942708333333334 0.3333333333333333 0.7981770833333334 0.3268229166666667 0.7942708333333334 0.3268229166666667 0.78125 0.3294270833333333 0.7799479166666666
3 0.5690104166666666 0.2981770833333333 0.014322916666666666 0.029296875
3 0.6536458333333334 0.67578125 0.6549479166666666 0.68359375 0.6510416666666666 0.69140625 0.63671875 0.6901041666666666 0.63671875 0.6822916666666666 0.6471354166666666 0.6731770833333334 0.6510416666666666 0.6731770833333334 0.65234375 0.67578125
3 0.5026041666666666 0.51171875 0.5052083333333334 0.5143229166666666 0.5052083333333334 0.53125 0.5013020833333334 0.53125 0.4986979166666667 0.5260416666666666 0.4986979166666667 0.5130208333333334 0.5013020833333334 0.51171875
3 0.58203125 0.7473958333333334 0.59375 0.7565104166666666 0.5924479166666666 0.7721354166666666 0.5885416666666666 0.7747395833333334 0.5859375 0.7734375 0.5846354166666666 0.7669270833333334 0.5794270833333334 0.76171875 0.5807291666666666 0.7486979166666666
3 0.5455729166666666 0.7044270833333334 0.5494791666666666 0.7109375 0.5481770833333334 0.7252604166666666 0.54296875 0.7252604166666666 0.5416666666666666 0.72265625 0.5416666666666666 0.7057291666666666 0.5442708333333334 0.7044270833333334
3 0.45703125 0.4700520833333333 0.4557291666666667 0.4557291666666667 0.4583333333333333 0.4466145833333333 0.4622395833333333 0.4466145833333333 0.4674479166666667 0.4557291666666667 0.4661458333333333 0.46875 0.4609375 0.47265625 0.4583333333333333 0.4700520833333333
3 0.4544270833333333 0.81640625 0.4557291666666667 0.82421875 0.453125 0.8385416666666666 0.4479166666666667 0.8346354166666666 0.4453125 0.828125 0.4466145833333333 0.8190104166666666 0.453125 0.81640625
3 0.2903645833333333 0.2643229166666667 0.2942708333333333 0.2682291666666667 0.29296875 0.2838541666666667 0.2877604166666667 0.2838541666666667 0.28125 0.2734375 0.28125 0.2604166666666667 0.28515625 0.2578125 0.2890625 0.2643229166666667
0 0.8406250000000001 0.6541666666666667 0.859375 0.6611111106770834 0.96875 0.6611111106770834 0.84765625 0.65277777734375 0.83046875 0.6388888893229167 0.8140625 0.6111111106770833 0.80703125 0.5819444440104167 0.8039062499999999 0.5499999999999999 0.803125 0.5736111106770834 0.81015625 0.6083333333333333 0.82421875 0.6375000000000001 0.8406250000000001 0.6541666666666667
3 0.85546875 0.5455729166666666 0.8580729166666666 0.5494791666666666 0.8580729166666666 0.5546875 0.8502604166666666 0.56640625 0.83984375 0.5638020833333334 0.83984375 0.5559895833333334 0.8489583333333334 0.5442708333333334 0.8541666666666666 0.5455729166666666
0 0 0.6263888893229167 0.09218749999999999 0.6291666666666667 0.11171874999999999 0.6194444440104167 0.12578124999999998 0.60277777734375 0.13984375000000002 0.5708333333333333 0.14609375 0.5291666666666667 0.14375000000000002 0.50972222265625 0.13671875 0.56527777734375 0.12890625 0.5875 0.11328125 0.6111111106770833 0.09140625000000001 0.6236111106770833 0 0.6208333333333333 0 0.6263888893229167
3 0.12109375 0.4674479166666667 0.12760416666666666 0.4661458333333333 0.13411458333333334 0.4700520833333333 0.1328125 0.48046875 0.13020833333333334 0.4830729166666667 0.12369791666666667 0.4830729166666667 0.12109375 0.4817708333333333 0.12109375 0.46875
0 0 0.41944444401041664 0.09296875 0.42222222265625 0.11562499999999999 0.43611111067708336 0.12968749999999998 0.4583333333333333 0.13203125000000002 0.4569444440104167 0.11328125 0.42777777734375005 0.09609374999999999 0.4180555559895833 0.0328125 0.4138888893229167 0 0.4138888893229167 0 0.41944444401041664
0 0.84140625 0.45555555598958336 0.82421875 0.47361111067708334 0.8234374999999999 0.47777777734375 0.8429687499999999 0.4569444440104167 0.8546874999999999 0.45277777734375 0.84140625 0.45555555598958336
2 0.48046875 0.12760416666666666 0.4817708333333333 0.15104166666666666 0.4791666666666667 0.19661458333333334 0.4778645833333333 0.4622395833333333 0.4752604166666667 0.4791666666666667 0.4778645833333333 0.49609375 0.4752604166666667 0.5598958333333334 0.4739583333333333 0.8294270833333334 0.4713541666666667 0.8502604166666666 0.47265625 0.92578125 0.4700520833333333 0.9505208333333334 0.4674479166666667 0.9231770833333334 0.4700520833333333 0.8671875 0.46875 0.8190104166666666 0.4713541666666667 0.7903645833333334 0.4713541666666667 0.6171875 0.4739583333333333 0.5559895833333334 0.47265625 0.4635416666666667 0.4752604166666667 0.4596354166666667 0.4739583333333333 0.4309895833333333 0.4765625 0.14973958333333334 0.4791666666666667 0.12890625
0 0.85703125 0.4513888893229167 0.9625 0.45555555598958336 0.859375 0.45 0.85703125 0.4513888893229167