1 0.521875 0.6486111106770833 0.5242187500000001 0.6486111106770833 0.525 0.64722222265625 0.525 0.6416666666666667 0.521875 0.64027777734375 0.52109375 0.6416666666666667 0.52109375 0.64722222265625 0.521875 0.6486111106770833
0 0 0.4283854166666667 0.09635416666666667 0.4309895833333333 0.11067708333333333 0.4361979166666667 0.12630208333333334 0.4518229166666667 0.13802083333333334 0.47265625 0.14583333333333334 0.4973958333333333 0.14973958333333334 0.5247395833333334 0.14713541666666666 0.5729166666666666 0.14322916666666666 0.5807291666666666 0.14192708333333334 0.5924479166666666 0.13411458333333334 0.6106770833333334 0.11848958333333333 0.6315104166666666 0.10286458333333333 0.640625 0.09635416666666667 0.6419270833333334 0 0.6393229166666666 0 0.6341145833333334 0.09635416666666667 0.63671875 0.11197916666666667 0.6302083333333334 0.12760416666666666 0.6119791666666666 0.13932291666666666 0.5872395833333334 0.14453125 0.56640625 0.14583333333333334 0.55078125 0.14583333333333334 0.5208333333333334 0.14322916666666666 0.5 0.13671875 0.484375 0.13541666666666666 0.4752604166666667 0.1328125 0.4739583333333333 0.12369791666666667 0.4557291666666667 0.11458333333333333 0.4466145833333333 0.10286458333333333 0.4401041666666667 0.09375 0.4388020833333333 0.09244791666666667 0.4361979166666667 0.005208333333333333 0.4348958333333333 0 0.43359375 0 0.4296875
0 0.93359375 0.4557291666666667 0.9739583333333334 0.4583333333333333 0.9739583333333334 0.4635416666666667 0.859375 0.4609375 0.8450520833333334 0.4674479166666667 0.8333333333333334 0.4778645833333333 0.8216145833333334 0.4973958333333333 0.8111979166666666 0.5286458333333334 0.80859375 0.5520833333333334 0.8098958333333334 0.5872395833333334 0.8138020833333334 0.59765625 0.8151041666666666 0.609375 0.8229166666666666 0.6276041666666666 0.8359375 0.6471354166666666 0.8463541666666666 0.65625 0.859375 0.6614583333333334 0.96484375 0.6640625 0.9713541666666666 0.6653645833333334 0.9713541666666666 0.6705729166666666 0.9674479166666666 0.671875 0.87109375 0.66796875 0.8697916666666666 0.6653645833333334 0.85546875 0.6653645833333334 0.84765625 0.6627604166666666 0.8359375 0.6549479166666666 0.82421875 0.6393229166666666 0.8125 0.61328125 0.8072916666666666 0.58984375 0.8059895833333334 0.5546875 0.80859375 0.52734375 0.81640625 0.4986979166666667 0.828125 0.4765625 0.83984375 0.46484375 0.8541666666666666 0.4557291666666667 0.9322916666666666 0.4557291666666667
2 0.4765625 0.4700520833333333 0.4791666666666667 0.4765625 0.4791666666666667 0.6432291666666666 0.4752604166666667 0.8411458333333334 0.4765625 0.8802083333333334 0.4752604166666667 0.9557291666666666 0.4739583333333333 0.9596354166666666 0.47265625 0.95703125 0.4713541666666667 0.9401041666666666 0.4765625 0.4713541666666667
3 0.4596354166666667 0.24348958333333334 0.4661458333333333 0.24479166666666666 0.46484375 0.2643229166666667 0.4596354166666667 0.2630208333333333 0.4557291666666667 0.2565104166666667 0.45703125 0.24739583333333334 0.4596354166666667 0.24479166666666666
3 0.5924479166666666 0.24739583333333334 0.5950520833333334 0.2526041666666667 0.5950520833333334 0.2643229166666667 0.5924479166666666 0.2721354166666667 0.5885416666666666 0.2734375 0.5846354166666666 0.265625 0.5911458333333334 0.24869791666666666
3 0.44140625 0.8059895833333334 0.4466145833333333 0.8111979166666666 0.4466145833333333 0.8229166666666666 0.4440104166666667 0.8255208333333334 0.4401041666666667 0.8255208333333334 0.4375 0.8216145833333334 0.4361979166666667 0.8059895833333334 0.4401041666666667 0.8059895833333334
3 0.51171875 0.7083333333333334 0.5143229166666666 0.7083333333333334 0.515625 0.7278645833333334 0.51171875 0.7317708333333334 0.5065104166666666 0.7213541666666666 0.5065104166666666 0.7174479166666666 0.51171875 0.7122395833333334 0.51171875 0.7096354166666666
3 0.60546875 0.51953125 0.6080729166666666 0.51953125 0.6119791666666666 0.5260416666666666 0.6119791666666666 0.5325520833333334 0.609375 0.5377604166666666 0.60546875 0.5390625 0.6002604166666666 0.5286458333333334 0.6002604166666666 0.5260416666666666 0.60546875 0.5208333333333334
3 0.4518229166666667 0.5768229166666666 0.4557291666666667 0.5768229166666666 0.4583333333333333 0.5807291666666666 0.4583333333333333 0.5885416666666666 0.4557291666666667 0.59375 0.453125 0.59375 0.44921875 0.58984375 0.44921875 0.5807291666666666 0.4518229166666667 0.578125
3 0.45703125 0.359375 0.45703125 0.3424479166666667 0.4622395833333333 0.3489583333333333 0.4622395833333333 0.3567708333333333 0.4583333333333333 0.359375
3 0.3997395833333333 0.3385416666666667 0.40234375 0.3463541666666667 0.4010416666666667 0.3645833333333333 0.3971354166666667 0.3645833333333333 0.3932291666666667 0.3567708333333333 0.3932291666666667 0.33984375 0.3984375 0.3385416666666667
3 0.5325520833333334 0.6549479166666666 0.53515625 0.66015625 0.5338541666666666 0.67578125 0.5299479166666666 0.6744791666666666 0.5234375 0.6627604166666666 0.5234375 0.6588541666666666 0.53125 0.6549479166666666
3 0.73046875 0.5859375 0.7356770833333334 0.5911458333333334 0.7356770833333334 0.6015625 0.7317708333333334 0.60546875 0.7278645833333334 0.60546875 0.7252604166666666 0.6015625 0.7252604166666666 0.58984375 0.7291666666666666 0.5859375
3 0.5299479166666666 0.4427083333333333 0.5338541666666666 0.4453125 0.53515625 0.44921875 0.5338541666666666 0.4622395833333333 0.5299479166666666 0.4661458333333333 0.5247395833333334 0.4557291666666667 0.5286458333333334 0.4440104166666667
3 0.48359375 0.42777777734375005 0.48046875 0.4236111106770833 0.4734375 0.42777777734375005 0.47421874999999997 0.44722222265624995 0.48203124999999997 0.44861111067708337 0.48515625 0.4375 0.48359375 0.42777777734375005