1 0.71640625 0.46249999999999997 0.7179687499999999 0.4513888893229167 0.71328125 0.45 0.71328125 0.46388888932291666 0.71640625 0.46249999999999997
2 0.47734375 0.5 0.47421874999999997 0.5041666666666667 0.4734375 0.5319444440104167 0.47421874999999997 0.62222222265625 0.47734375 0.5
2 0.4765625 0.5986111106770834 0.4765625 0.5208333333333334 0.47421874999999997 0.5291666666666667 0.4734375 0.61527777734375 0.4765625 0.5986111106770834
2 0.4734375 0.8833333333333333 0.47031249999999997 0.8736111106770833 0.46953125 0.87777777734375 0.47031249999999997 0.9444444440104167 0.4734375 0.8833333333333333
2 0.47812499999999997 0.12638888932291667 0.47734375 0.14166666666666666 0.4765625 0.20972222265624998 0.47421874999999997 0.4375 0.47734375 0.44722222265624995 0.48046875 0.125 0.47812499999999997 0.12638888932291667
2 0.4765625 0.6319444440104166 0.4734375 0.6291666666666667 0.471875 0.6388888893229167 0.46640624999999997 0.8305555559895833 0.46875 0.8611111106770833 0.47421874999999997 0.8666666666666667 0.4765625 0.6319444440104166
0 0 0.4180555559895833 0.09531250000000001 0.42222222265625 0.11640625 0.43611111067708336 0.12968749999999998 0.4583333333333333 0.13593750000000002 0.45972222265625 0.11562499999999999 0.42777777734375005 0.09999999999999999 0.4180555559895833 0.028906249999999998 0.41250000000000003 0 0.41250000000000003 0 0.4180555559895833
0 0 0.6236111106770833 0.09218749999999999 0.62777777734375 0.11093750000000001 0.6194444440104167 0.1265625 0.6013888893229167 0.13984375000000002 0.5708333333333333 0.14453125 0.54722222265625 0.1421875 0.5416666666666666 0.146875 0.52777777734375 0.14375000000000002 0.5194444440104167 0.140625 0.5499999999999999 0.13359374999999998 0.57777777734375 0.12421875 0.59722222265625 0.10859375 0.61527777734375 0.09609374999999999 0.62222222265625 0 0.6194444440104167 0 0.6236111106770833
0 0.8125 0.6 0.8078124999999999 0.5791666666666667 0.80703125 0.5361111106770834 0.8117187499999999 0.5069444440104166 0.821875 0.48333333333333334 0.8328125000000001 0.4666666666666666 0.853125 0.45277777734375 0.9390625 0.4569444440104167 0.9703125 0.45277777734375 0.84609375 0.4513888893229167 0.8312499999999999 0.46249999999999997 0.8171875000000001 0.48333333333333334 0.8046875 0.52777777734375 0.803125 0.5694444440104166 0.80703125 0.5944444440104167 0.81640625 0.62222222265625 0.83359375 0.64722222265625 0.8578125 0.65972222265625 0.96875 0.6611111106770834 0.853125 0.65277777734375 0.8359375 0.6416666666666667 0.8265625 0.6305555559895833 0.8125 0.6
3 0.6744791666666666 0.66015625 0.6783854166666666 0.6614583333333334 0.6822916666666666 0.6692708333333334 0.6822916666666666 0.6770833333333334 0.6783854166666666 0.6809895833333334 0.6705729166666666 0.6809895833333334 0.66796875 0.6783854166666666 0.66796875 0.6744791666666666 0.6744791666666666 0.6614583333333334
3 0.5859375 0.296875 0.5950520833333334 0.2890625 0.5989583333333334 0.2942708333333333 0.5989583333333334 0.3111979166666667 0.5963541666666666 0.3111979166666667 0.5950520833333334 0.3138020833333333 0.5924479166666666 0.3138020833333333 0.5859375 0.3059895833333333 0.5859375 0.2981770833333333
3 0.6002604166666666 0.7447916666666666 0.6028645833333334 0.765625 0.5989583333333334 0.76953125 0.59375 0.765625 0.58984375 0.7552083333333334 0.59375 0.74609375 0.5989583333333334 0.7447916666666666
3 0.8567708333333334 0.51953125 0.859375 0.5234375 0.8645833333333334 0.5234375 0.8658854166666666 0.5260416666666666 0.8658854166666666 0.5325520833333334 0.859375 0.5403645833333334 0.85546875 0.5403645833333334 0.8515625 0.53515625 0.8502604166666666 0.5143229166666666 0.8528645833333334 0.5130208333333334 0.85546875 0.51953125
3 0.29296875 0.2578125 0.2994791666666667 0.2786458333333333 0.3020833333333333 0.28125 0.2994791666666667 0.2838541666666667 0.2955729166666667 0.2838541666666667 0.2877604166666667 0.2721354166666667 0.2864583333333333 0.2604166666666667 0.2890625 0.2565104166666667 0.2916666666666667 0.2578125
3 0.3346354166666667 0.7669270833333334 0.3385416666666667 0.7669270833333334 0.3385416666666667 0.7721354166666666 0.3411458333333333 0.7760416666666666 0.3385416666666667 0.7864583333333334 0.3346354166666667 0.7864583333333334 0.33203125 0.7838541666666666 0.3307291666666667 0.7747395833333334 0.3346354166666667 0.7682291666666666
3 0.4700520833333333 0.4440104166666667 0.4739583333333333 0.4466145833333333 0.4752604166666667 0.4518229166666667 0.4739583333333333 0.4661458333333333 0.4700520833333333 0.46875 0.4635416666666667 0.4661458333333333 0.4622395833333333 0.4557291666666667 0.46875 0.4453125
3 0.5130208333333334 0.521484375 0.014322916666666666 0.020833333333333332
3 0.12630208333333334 0.46484375 0.13411458333333334 0.4700520833333333 0.13411458333333334 0.4830729166666667 0.12239583333333333 0.48046875 0.12109375 0.46875 0.125 0.4661458333333333
3 0.7218749999999999 0.4166666666666667 0.7179687499999999 0.42222222265625 0.7156250000000001 0.4236111106770833 0.71484375 0.425 0.71484375 0.42777777734375005 0.7203125 0.43888888932291664 0.7234375000000001 0.43611111067708336 0.7234375000000001 0.43472222265625 0.7273437500000001 0.42777777734375005 0.72890625 0.42222222265625 0.72890625 0.4180555559895833 0.728125 0.4166666666666667 0.7218749999999999 0.4166666666666667
3 0.4640625 0.8180555559895833 0.46171875 0.81527777734375 0.45859374999999997 0.81527777734375 0.4578125 0.8138888893229167 0.45468749999999997 0.81527777734375 0.453125 0.8180555559895833 0.453125 0.8194444440104167 0.45546875000000003 0.8291666666666666 0.45859374999999997 0.8347222226562501 0.4609375 0.8444444440104166 0.46171875 0.8444444440104166 0.46328125000000003 0.8472222226562499 0.46328125000000003 0.8250000000000001 0.4640625 0.8236111106770833 0.4640625 0.8180555559895833
3 0.55859375 0.6888888893229167 0.55703125 0.6986111106770833 0.56015625 0.7097222226562501 0.5671875000000001 0.7166666666666667 0.56484375 0.6861111106770833 0.55859375 0.6888888893229167