1 0.5539062499999999 0.6986111106770833 0.5554687500000001 0.69722222265625 0.55625 0.6958333333333333 0.55625 0.6930555559895833 0.5554687500000001 0.6916666666666668 0.55234375 0.6916666666666668 0.5515625000000001 0.6958333333333333 0.5539062499999999 0.6986111106770833
0 0.9049479166666666 0.4166666666666667 0.9986979166666666 0.4140625 0.9986979166666666 0.4205729166666667 0.90625 0.4231770833333333 0.8958333333333334 0.4270833333333333 0.8828125 0.4375 0.87109375 0.4544270833333333 0.86328125 0.4713541666666667 0.8619791666666666 0.48046875 0.859375 0.4830729166666667 0.8580729166666666 0.4986979166666667 0.85546875 0.5052083333333334 0.85546875 0.5390625 0.859375 0.5638020833333334 0.8671875 0.5872395833333334 0.8776041666666666 0.6015625 0.87890625 0.6067708333333334 0.8880208333333334 0.6158854166666666 0.9036458333333334 0.6236979166666666 0.9986979166666666 0.62109375 0.9986979166666666 0.6276041666666666 0.9895833333333334 0.62890625 0.90234375 0.6302083333333334 0.8932291666666666 0.6263020833333334 0.8802083333333334 0.6158854166666666 0.8684895833333334 0.5989583333333334 0.8671875 0.59375 0.8645833333333334 0.5924479166666666 0.85546875 0.5638020833333334 0.85546875 0.5533854166666666 0.8528645833333334 0.5494791666666666 0.8515625 0.5169270833333334 0.85546875 0.4869791666666667 0.8645833333333334 0.45703125 0.87890625 0.43359375 0.8919270833333334 0.4231770833333333 0.9049479166666666 0.41796875
0 0.13541666666666666 0.4466145833333333 0.15104166666666666 0.4518229166666667 0.16666666666666666 0.4661458333333333 0.17447916666666666 0.4778645833333333 0.17447916666666666 0.4817708333333333 0.18229166666666666 0.49609375 0.18359375 0.5065104166666666 0.18619791666666666 0.5091145833333334 0.1875 0.5260416666666666 0.19010416666666666 0.5325520833333334 0.19140625 0.5598958333333334 0.19010416666666666 0.578125 0.18229166666666666 0.6119791666666666 0.16666666666666666 0.640625 0.16015625 0.6458333333333334 0.16015625 0.6484375 0.14453125 0.6575520833333334 0.10807291666666667 0.6614583333333334 0.057291666666666664 0.6627604166666666 0.026041666666666668 0.6627604166666666 0.024739583333333332 0.66015625 0.02734375 0.6588541666666666 0.140625 0.6536458333333334 0.15104166666666666 0.6484375 0.16536458333333334 0.6341145833333334 0.1796875 0.6080729166666666 0.1875 0.57421875 0.1875 0.5325520833333334 0.18489583333333334 0.5260416666666666 0.18489583333333334 0.5169270833333334 0.18098958333333334 0.5091145833333334 0.1796875 0.4986979166666667 0.16927083333333334 0.4778645833333333 0.15885416666666666 0.46484375 0.14453125 0.4544270833333333 0.12369791666666667 0.4518229166666667 0.02734375 0.4557291666666667 0.020833333333333332 0.453125 0.0234375 0.4505208333333333 0.045572916666666664 0.44921875 0.049479166666666664 0.4505208333333333 0.13411458333333334 0.4466145833333333
2 0.5247395833333334 0.9518229166666666 0.5234375 0.78515625 0.51953125 0.6393229166666666 0.51953125 0.4739583333333333 0.5169270833333334 0.4557291666666667 0.5169270833333334 0.12239583333333333 0.51953125 0.15104166666666666 0.5182291666666666 0.19010416666666666 0.5221354166666666 0.390625 0.5234375 0.7005208333333334 0.5260416666666666 0.74609375 0.5260416666666666 0.9518229166666666
3 0.6119791666666666 0.5143229166666666 0.6158854166666666 0.52734375 0.6119791666666666 0.5377604166666666 0.609375 0.5390625 0.6028645833333334 0.53125 0.6028645833333334 0.51953125 0.6080729166666666 0.5130208333333334 0.6106770833333334 0.5143229166666666
3 0.6380208333333334 0.6106770833333334 0.640625 0.6106770833333334 0.6432291666666666 0.62109375 0.6432291666666666 0.6302083333333334 0.6354166666666666 0.6302083333333334 0.6328125 0.6276041666666666 0.6341145833333334 0.6184895833333334 0.6380208333333334 0.6119791666666666
3 0.5403645833333334 0.24088541666666666 0.5442708333333334 0.24088541666666666 0.5494791666666666 0.24739583333333334 0.5494791666666666 0.2604166666666667 0.5455729166666666 0.265625 0.54296875 0.265625 0.5403645833333334 0.2630208333333333 0.5403645833333334 0.2421875
3 0.6497395833333334 0.5130208333333334 0.6536458333333334 0.51171875 0.6575520833333334 0.51953125 0.65625 0.52734375 0.6497395833333334 0.5325520833333334 0.6471354166666666 0.53125 0.6458333333333334 0.51953125 0.6497395833333334 0.5143229166666666
3 0.7747395833333334 0.685546875 0.014973958333333334 0.014973958333333334
3 0.4401041666666667 0.4192708333333333 0.44140625 0.4270833333333333 0.4348958333333333 0.4361979166666667 0.4309895833333333 0.4322916666666667 0.4309895833333333 0.4192708333333333 0.4348958333333333 0.4127604166666667 0.4388020833333333 0.4192708333333333
3 0.4479166666666667 0.6458333333333334 0.4505208333333333 0.6458333333333334 0.453125 0.6536458333333334 0.4518229166666667 0.6614583333333334 0.4453125 0.6653645833333334 0.4427083333333333 0.65625 0.4479166666666667 0.6471354166666666
3 0.7721354166666666 0.4869791666666667 0.7734375 0.4947916666666667 0.7682291666666666 0.5052083333333334 0.765625 0.5065104166666666 0.7591145833333334 0.5052083333333334 0.7591145833333334 0.4934895833333333 0.7630208333333334 0.4856770833333333 0.7708333333333334 0.4869791666666667
3 0.58046875 0.40138888932291666 0.578125 0.39027777734375 0.571875 0.39722222265625 0.571875 0.41111111067708334 0.58046875 0.40138888932291666
3 0.5375 0.7541666666666668 0.546875 0.7513888893229167 0.5499999999999999 0.7305555559895834 0.54453125 0.7236111106770834 0.540625 0.725 0.5375 0.7541666666666668
3 0.6101562500000001 0.85 0.6109375 0.8375 0.603125 0.8375 0.603125 0.8569444440104167 0.6101562500000001 0.85
3 0.603125 0.2125 0.60703125 0.19861111067708334 0.6 0.19861111067708334 0.59921875 0.20972222265624998 0.603125 0.2125