1 0.47031249999999997 0.5208333333333334 0.47109375000000003 0.5194444440104167 0.47109375000000003 0.51527777734375 0.47031249999999997 0.5125000000000001 0.46718750000000003 0.5138888893229167 0.46640624999999997 0.51527777734375 0.46640624999999997 0.5180555559895833 0.46796875 0.5208333333333334 0.47031249999999997 0.5208333333333334
0 0 0.4244791666666667 0.10286458333333333 0.4270833333333333 0.11848958333333333 0.4348958333333333 0.13411458333333334 0.453125 0.14583333333333334 0.4791666666666667 0.15104166666666666 0.5 0.15364583333333334 0.5325520833333334 0.15104166666666666 0.5651041666666666 0.14192708333333334 0.5963541666666666 0.13020833333333334 0.6158854166666666 0.11458333333333333 0.6315104166666666 0.10286458333333333 0.63671875 0 0.6341145833333334 0 0.62890625 0.09505208333333333 0.6315104166666666 0.11067708333333333 0.6276041666666666 0.12890625 0.609375 0.140625 0.5872395833333334 0.14713541666666666 0.56640625 0.14973958333333334 0.546875 0.1484375 0.5065104166666666 0.13932291666666666 0.47265625 0.125 0.44921875 0.11067708333333333 0.4361979166666667 0.10026041666666667 0.4322916666666667 0.032552083333333336 0.4296875 0 0.4309895833333333 0 0.42578125
0 0.9322916666666666 0.4544270833333333 0.9713541666666666 0.4557291666666667 0.9739583333333334 0.45703125 0.97265625 0.4622395833333333 0.859375 0.4596354166666667 0.84375 0.4661458333333333 0.8307291666666666 0.4791666666666667 0.8190104166666666 0.5 0.8190104166666666 0.5052083333333334 0.8151041666666666 0.51171875 0.8111979166666666 0.52734375 0.80859375 0.5559895833333334 0.8111979166666666 0.58984375 0.8151041666666666 0.60546875 0.8268229166666666 0.6315104166666666 0.84375 0.6510416666666666 0.85546875 0.6575520833333334 0.8841145833333334 0.66015625 0.9596354166666666 0.6614583333333334 0.9700520833333334 0.6627604166666666 0.9700520833333334 0.66796875 0.94921875 0.66796875 0.9479166666666666 0.6653645833333334 0.8619791666666666 0.6640625 0.8515625 0.6614583333333334 0.83984375 0.6549479166666666 0.828125 0.6419270833333334 0.81640625 0.6197916666666666 0.8125 0.609375 0.8111979166666666 0.59765625 0.80859375 0.5950520833333334 0.80859375 0.5260416666666666 0.81640625 0.49609375 0.83203125 0.4700520833333333 0.8450520833333334 0.4583333333333333 0.8580729166666666 0.453125 0.9309895833333334 0.4544270833333333
2 0.48046875 0.4830729166666667 0.4817708333333333 0.63671875 0.4791666666666667 0.65234375 0.4778645833333333 0.9283854166666666 0.4752604166666667 0.9518229166666666 0.47265625 0.9231770833333334 0.4765625 0.7317708333333334 0.4765625 0.5807291666666666 0.4791666666666667 0.5377604166666666 0.4765625 0.5169270833333334 0.4791666666666667 0.484375
3 0.51171875 0.7135416666666666 0.5169270833333334 0.7200520833333334 0.5169270833333334 0.7317708333333334 0.51171875 0.7356770833333334 0.5091145833333334 0.7265625 0.51171875 0.71484375
3 0.5651041666666666 0.5559895833333334 0.5677083333333334 0.5598958333333334 0.5677083333333334 0.5677083333333334 0.5651041666666666 0.5716145833333334 0.5625 0.5716145833333334 0.5598958333333334 0.5651041666666666 0.5611979166666666 0.5572916666666666 0.5638020833333334 0.5559895833333334
3 0.53515625 0.28515625 0.53515625 0.2643229166666667 0.5390625 0.2643229166666667 0.5416666666666666 0.2669270833333333 0.5416666666666666 0.2799479166666667 0.5403645833333334 0.2838541666666667 0.5364583333333334 0.28515625
3 0.5052083333333334 0.6197916666666666 0.5065104166666666 0.63671875 0.5026041666666666 0.6393229166666666 0.4986979166666667 0.6302083333333334 0.5 0.6223958333333334 0.50390625 0.62109375
3 0.421875 0.5833333333333334 0.4270833333333333 0.58984375 0.4270833333333333 0.6002604166666666 0.421875 0.6015625 0.4192708333333333 0.59375 0.4192708333333333 0.5885416666666666 0.421875 0.5846354166666666
3 0.36328125 0.3255208333333333 0.3697916666666667 0.32421875 0.3723958333333333 0.3268229166666667 0.3723958333333333 0.3385416666666667 0.3697916666666667 0.3411458333333333 0.36328125 0.3359375 0.36328125 0.3268229166666667
3 0.4010416666666667 0.76953125 0.4075520833333333 0.76953125 0.41015625 0.7760416666666666 0.4088541666666667 0.7838541666666666 0.4049479166666667 0.7877604166666666 0.3997395833333333 0.7799479166666666 0.4010416666666667 0.7708333333333334
3 0.4609375 0.23828125 0.46484375 0.2526041666666667 0.4635416666666667 0.2578125 0.4596354166666667 0.26171875 0.453125 0.24739583333333334 0.453125 0.24088541666666666 0.4596354166666667 0.23958333333333334
3 0.5221354166666666 0.4635416666666667 0.5260416666666666 0.46484375 0.5260416666666666 0.4817708333333333 0.5221354166666666 0.4817708333333333 0.5221354166666666 0.46484375
3 0.6640625 0.5694444440104166 0.6578125 0.57777777734375 0.6578125 0.5930555559895833 0.6609375000000001 0.6 0.66640625 0.5805555559895833 0.6640625 0.5694444440104166
3 0.48281250000000003 0.44027777734375 0.4734375 0.4430555559895833 0.4734375 0.4583333333333333 0.48046875 0.46388888932291666 0.48593749999999997 0.45972222265625 0.48281250000000003 0.44027777734375
3 0.43906249999999997 0.4055555559895833 0.43593750000000003 0.41250000000000003 0.4421875 0.4236111106770833 0.44375000000000003 0.40972222265625 0.43906249999999997 0.4055555559895833