1 0.571875 0.44722222265624995 0.57421875 0.44444444401041666 0.57421875 0.44027777734375 0.5734374999999999 0.43888888932291664 0.5710937500000001 0.4375 0.5695312499999999 0.43888888932291664 0.56875 0.44027777734375 0.56875 0.44444444401041666 0.5703125 0.44722222265624995 0.571875 0.44722222265624995
0 0 0.4166666666666667 0.018229166666666668 0.4166666666666667 0.01953125 0.4192708333333333 0.08854166666666667 0.4205729166666667 0.10026041666666667 0.4231770833333333 0.11328125 0.4309895833333333 0.13020833333333334 0.453125 0.13802083333333334 0.4713541666666667 0.14322916666666666 0.4908854166666667 0.14322916666666666 0.5026041666666666 0.14583333333333334 0.5065104166666666 0.14713541666666666 0.5286458333333334 0.14583333333333334 0.55078125 0.13802083333333334 0.5859375 0.12760416666666666 0.6067708333333334 0.109375 0.6276041666666666 0.09505208333333333 0.6341145833333334 0 0.6315104166666666 0 0.625 0.01953125 0.625 0.020833333333333332 0.6276041666666666 0.09765625 0.6276041666666666 0.09895833333333333 0.625 0.10807291666666667 0.62109375 0.11979166666666667 0.609375 0.13151041666666666 0.58984375 0.13932291666666666 0.56640625 0.14322916666666666 0.54296875 0.14322916666666666 0.5091145833333334 0.140625 0.50390625 0.140625 0.4947916666666667 0.13671875 0.4791666666666667 0.12369791666666667 0.4505208333333333 0.10677083333333333 0.4322916666666667 0.08854166666666667 0.42578125 0.03515625 0.42578125 0 0.4231770833333333 0 0.41796875
0 0.8997395833333334 0.4505208333333333 0.9752604166666666 0.453125 0.9791666666666666 0.4557291666666667 0.9778645833333334 0.4596354166666667 0.8619791666666666 0.4557291666666667 0.84375 0.4661458333333333 0.8268229166666666 0.48828125 0.8151041666666666 0.51953125 0.8111979166666666 0.5651041666666666 0.8151041666666666 0.5950520833333334 0.8190104166666666 0.6080729166666666 0.8268229166666666 0.6263020833333334 0.8346354166666666 0.6380208333333334 0.8411458333333334 0.6432291666666666 0.84375 0.6484375 0.8567708333333334 0.65625 0.87109375 0.6588541666666666 0.9635416666666666 0.6614583333333334 0.9752604166666666 0.6640625 0.9700520833333334 0.6653645833333334 0.96875 0.66796875 0.9609375 0.66796875 0.9596354166666666 0.6653645833333334 0.8723958333333334 0.6640625 0.85546875 0.6614583333333334 0.8359375 0.6484375 0.82421875 0.6302083333333334 0.8151041666666666 0.6080729166666666 0.80859375 0.5690104166666666 0.80859375 0.5455729166666666 0.8125 0.515625 0.8203125 0.4921875 0.828125 0.4765625 0.84375 0.4583333333333333 0.85546875 0.4518229166666667 0.8984375 0.4505208333333333
2 0.48046875 0.125 0.4830729166666667 0.12760416666666666 0.48046875 0.4296875 0.4817708333333333 0.4596354166666667 0.4791666666666667 0.51171875 0.4817708333333333 0.5690104166666666 0.4791666666666667 0.5755208333333334 0.4778645833333333 0.6484375 0.4752604166666667 0.9479166666666666 0.4739583333333333 0.9544270833333334 0.47265625 0.953125 0.4713541666666667 0.9361979166666666 0.4765625 0.6302083333333334 0.4752604166666667 0.6080729166666666 0.4765625 0.5677083333333334 0.4791666666666667 0.5651041666666666 0.4791666666666667 0.5494791666666666 0.4765625 0.546875 0.4752604166666667 0.5338541666666666 0.4778645833333333 0.4427083333333333 0.4765625 0.4075520833333333 0.4791666666666667 0.3697916666666667 0.48046875 0.12630208333333334
3 0.39453125 0.5455729166666666 0.3997395833333333 0.5481770833333334 0.40234375 0.5546875 0.4010416666666667 0.5638020833333334 0.3997395833333333 0.5611979166666666 0.3971354166666667 0.5611979166666666 0.3932291666666667 0.5533854166666666 0.39453125 0.546875
3 0.4635416666666667 0.5247395833333334 0.4700520833333333 0.5260416666666666 0.4713541666666667 0.5299479166666666 0.4713541666666667 0.546875 0.46875 0.5494791666666666 0.46484375 0.5494791666666666 0.4609375 0.54296875 0.4609375 0.5299479166666666 0.4635416666666667 0.5260416666666666
3 0.5260416666666666 0.23177083333333334 0.5234375 0.22265625 0.5234375 0.20833333333333334 0.5286458333333334 0.20703125 0.53125 0.21354166666666666 0.5299479166666666 0.22786458333333334 0.5260416666666666 0.23307291666666666
3 0.5013020833333334 0.4010416666666667 0.5052083333333334 0.4049479166666667 0.5052083333333334 0.4153645833333333 0.5026041666666666 0.421875 0.4973958333333333 0.4231770833333333 0.4947916666666667 0.41796875 0.4947916666666667 0.4075520833333333 0.5 0.40234375
3 0.2799479166666667 0.7317708333333334 0.2825520833333333 0.7317708333333334 0.2890625 0.7434895833333334 0.2864583333333333 0.7526041666666666 0.2825520833333333 0.7552083333333334 0.28125 0.75390625 0.2799479166666667 0.7486979166666666 0.2734375 0.7447916666666666 0.2734375 0.7408854166666666 0.2799479166666667 0.7330729166666666
3 0.4934895833333333 0.7473958333333334 0.4947916666666667 0.7434895833333334 0.5013020833333334 0.7395833333333334 0.5026041666666666 0.7565104166666666 0.4986979166666667 0.7578125 0.4947916666666667 0.75390625 0.4947916666666667 0.7486979166666666
3 0.3639322916666667 0.2604166666666667 0.012369791666666666 0.0234375
3 0.4283854166666667 0.5833333333333334 0.4309895833333333 0.5833333333333334 0.4322916666666667 0.5924479166666666 0.4322916666666667 0.6067708333333334 0.42578125 0.6067708333333334 0.42578125 0.5885416666666666 0.4283854166666667 0.5846354166666666
3 0.5989583333333334 0.7005208333333334 0.6015625 0.7044270833333334 0.6002604166666666 0.7200520833333334 0.5963541666666666 0.7213541666666666 0.58984375 0.7096354166666666 0.58984375 0.7044270833333334 0.59765625 0.7018229166666666
3 0.17447916666666666 0.55859375 0.18489583333333334 0.5703125 0.18229166666666666 0.57421875 0.17838541666666666 0.5755208333333334 0.16666666666666666 0.57421875 0.16536458333333334 0.5716145833333334 0.16666666666666666 0.5611979166666666 0.16927083333333334 0.55859375 0.17317708333333334 0.55859375
3 0.4557291666666667 0.8125 0.4583333333333333 0.8229166666666666 0.45703125 0.8346354166666666 0.453125 0.8372395833333334 0.4479166666666667 0.828125 0.44921875 0.8216145833333334 0.4557291666666667 0.8138020833333334
3 0.584375 0.4611111106770833 0.5867187500000001 0.45277777734375 0.5867187500000001 0.44166666666666665 0.5851562499999999 0.43888888932291664 0.58359375 0.43888888932291664 0.5828125000000001 0.44027777734375 0.5765625 0.44027777734375 0.57578125 0.4430555559895833 0.58046875 0.45972222265625 0.5812499999999999 0.4611111106770833 0.584375 0.4611111106770833