1 0.6828124999999999 0.43611111067708336 0.6796875 0.43611111067708336 0.6789062499999999 0.4430555559895833 0.6828124999999999 0.4430555559895833 0.6828124999999999 0.43611111067708336
0 0.9622395833333334 0.4166666666666667 0.9986979166666666 0.4166666666666667 0.9986979166666666 0.421875 0.90234375 0.42578125 0.8841145833333334 0.4348958333333333 0.87109375 0.4505208333333333 0.86328125 0.46484375 0.8541666666666666 0.4986979166666667 0.8541666666666666 0.5533854166666666 0.86328125 0.5859375 0.87109375 0.6002604166666666 0.87890625 0.6106770833333334 0.8919270833333334 0.62109375 0.9036458333333334 0.625 0.9986979166666666 0.6223958333333334 0.9986979166666666 0.62890625 0.9010416666666666 0.6315104166666666 0.8880208333333334 0.6263020833333334 0.87109375 0.609375 0.8606770833333334 0.58984375 0.8528645833333334 0.5651041666666666 0.8489583333333334 0.5325520833333334 0.8515625 0.4934895833333333 0.85546875 0.4830729166666667 0.85546875 0.4765625 0.86328125 0.4557291666666667 0.875 0.4375 0.8841145833333334 0.4283854166666667 0.8958333333333334 0.421875 0.9153645833333334 0.4192708333333333 0.9622395833333334 0.41796875
0 0.1484375 0.4505208333333333 0.15625 0.4544270833333333 0.17578125 0.4765625 0.19010416666666666 0.5169270833333334 0.19270833333333334 0.5390625 0.19140625 0.5859375 0.18619791666666666 0.6080729166666666 0.17838541666666666 0.6223958333333334 0.17838541666666666 0.6263020833333334 0.15885416666666666 0.6510416666666666 0.14453125 0.6575520833333334 0.12760416666666666 0.66015625 0.045572916666666664 0.6627604166666666 0.029947916666666668 0.6627604166666666 0.028645833333333332 0.6588541666666666 0.036458333333333336 0.6575520833333334 0.12890625 0.6549479166666666 0.140625 0.6536458333333334 0.15104166666666666 0.6497395833333334 0.16796875 0.6341145833333334 0.18098958333333334 0.6106770833333334 0.1875 0.58984375 0.19140625 0.5494791666666666 0.1875 0.5182291666666666 0.1796875 0.4934895833333333 0.16536458333333334 0.4700520833333333 0.14973958333333334 0.45703125 0.140625 0.453125 0.03125 0.45703125 0.024739583333333332 0.4557291666666667 0.024739583333333332 0.4518229166666667 0.10677083333333333 0.4479166666666667 0.13932291666666666 0.4479166666666667 0.14713541666666666 0.4505208333333333
2 0.5208333333333334 0.2890625 0.5234375 0.5533854166666666 0.5221354166666666 0.62890625 0.5247395833333334 0.63671875 0.5234375 0.6848958333333334 0.52734375 0.8567708333333334 0.52734375 0.9466145833333334 0.5247395833333334 0.94921875 0.5234375 0.9309895833333334 0.5234375 0.7942708333333334 0.51953125 0.6315104166666666 0.51953125 0.42578125 0.5169270833333334 0.3020833333333333 0.5208333333333334 0.2903645833333333
3 0.4830729166666667 0.4752604166666667 0.4869791666666667 0.4778645833333333 0.4856770833333333 0.4921875 0.4830729166666667 0.4947916666666667 0.48046875 0.4934895833333333 0.4791666666666667 0.4817708333333333 0.4817708333333333 0.4765625
3 0.5104166666666666 0.2916666666666667 0.5078125 0.2890625 0.5091145833333334 0.2760416666666667 0.5143229166666666 0.2747395833333333 0.5143229166666666 0.2877604166666667 0.51171875 0.2903645833333333
3 0.5390625 0.6145833333333334 0.5455729166666666 0.6145833333333334 0.5455729166666666 0.6302083333333334 0.54296875 0.6315104166666666 0.5390625 0.6315104166666666 0.5364583333333334 0.62890625 0.5364583333333334 0.62109375 0.5390625 0.6158854166666666
3 0.55078125 0.4908854166666667 0.5494791666666666 0.4739583333333333 0.55078125 0.4700520833333333 0.5546875 0.4674479166666667 0.55859375 0.4674479166666667 0.5611979166666666 0.4700520833333333 0.5611979166666666 0.4856770833333333 0.5559895833333334 0.4908854166666667 0.5520833333333334 0.4908854166666667
3 0.6959635416666666 0.6184895833333334 0.013020833333333334 0.018229166666666668
3 0.6223958333333334 0.7213541666666666 0.625 0.7213541666666666 0.6302083333333334 0.7291666666666666 0.6276041666666666 0.7447916666666666 0.6223958333333334 0.74609375 0.6184895833333334 0.7395833333333334 0.6184895833333334 0.7317708333333334 0.6223958333333334 0.72265625
3 0.6015625 0.4322916666666667 0.60546875 0.4322916666666667 0.60546875 0.4440104166666667 0.6015625 0.4505208333333333 0.59765625 0.4466145833333333 0.5989583333333334 0.4348958333333333 0.6015625 0.43359375
3 0.6953125 0.328125 0.7005208333333334 0.328125 0.703125 0.3307291666666667 0.7018229166666666 0.3411458333333333 0.6966145833333334 0.3424479166666667 0.6927083333333334 0.33984375 0.6953125 0.3294270833333333
3 0.5494791666666666 0.22135416666666666 0.5494791666666666 0.2421875 0.5455729166666666 0.2421875 0.54296875 0.23697916666666666 0.54296875 0.22916666666666666 0.5481770833333334 0.22265625
3 0.6184895833333334 0.55078125 0.62109375 0.55859375 0.6158854166666666 0.5703125 0.6119791666666666 0.5690104166666666 0.6106770833333334 0.5546875 0.6171875 0.5520833333333334
3 0.3971354166666667 0.5338541666666666 0.3984375 0.5481770833333334 0.39453125 0.5533854166666666 0.390625 0.5520833333333334 0.3893229166666667 0.5390625 0.3919270833333333 0.5338541666666666 0.3958333333333333 0.5338541666666666
3 0.55536015625 0.73952222265625 0.55078125 0.7083333333333334 0.546875 0.7152777773437501 0.5476562500000001 0.7305555559895834 0.55536015625 0.73952222265625