1 0.5304687499999999 0.60277777734375 0.5320312500000001 0.60277777734375 0.5328125 0.6013888893229167 0.5328125 0.5986111106770834 0.5320312500000001 0.59722222265625 0.5296875 0.59722222265625 0.5296875 0.6013888893229167 0.5304687499999999 0.60277777734375
3 0.62890625 0.24739583333333334 0.6328125 0.24739583333333334 0.63671875 0.2552083333333333 0.6315104166666666 0.26953125 0.6236979166666666 0.26953125 0.62890625 0.24869791666666666
3 0.6419270833333334 0.5299479166666666 0.6432291666666666 0.5403645833333334 0.6419270833333334 0.546875 0.6393229166666666 0.5481770833333334 0.6341145833333334 0.5455729166666666 0.6328125 0.5377604166666666 0.6354166666666666 0.53125 0.640625 0.5299479166666666
3 0.4453125 0.24088541666666666 0.44921875 0.23958333333333334 0.4518229166666667 0.24479166666666666 0.4518229166666667 0.2591145833333333 0.44921875 0.26171875 0.4440104166666667 0.2526041666666667 0.4453125 0.2421875
3 0.484375 0.3841145833333333 0.4895833333333333 0.390625 0.4895833333333333 0.4075520833333333 0.4856770833333333 0.4088541666666667 0.4791666666666667 0.4049479166666667 0.4765625 0.3984375 0.4791666666666667 0.38671875 0.4830729166666667 0.3841145833333333
3 0.57421875 0.6223958333333334 0.5768229166666666 0.6276041666666666 0.5755208333333334 0.64453125 0.5716145833333334 0.6419270833333334 0.56640625 0.6302083333333334 0.5690104166666666 0.625 0.5729166666666666 0.6236979166666666
3 0.4596354166666667 0.4466145833333333 0.4622395833333333 0.4518229166666667 0.4622395833333333 0.46484375 0.45703125 0.46484375 0.453125 0.4609375 0.453125 0.4518229166666667 0.4583333333333333 0.4479166666666667
3 0.42578125 0.5325520833333334 0.4322916666666667 0.5286458333333334 0.4361979166666667 0.5364583333333334 0.4361979166666667 0.546875 0.4322916666666667 0.5494791666666666 0.4283854166666667 0.5455729166666666 0.42578125 0.5338541666666666
3 0.3997395833333333 0.3411458333333333 0.4010416666666667 0.37109375 0.39453125 0.36328125 0.390625 0.3502604166666667 0.390625 0.33984375 0.3958333333333333 0.3385416666666667 0.3984375 0.3411458333333333
3 0.4908854166666667 0.3046875 0.4934895833333333 0.3046875 0.4986979166666667 0.3111979166666667 0.5 0.3177083333333333 0.4947916666666667 0.328125 0.4921875 0.3255208333333333 0.4895833333333333 0.3111979166666667 0.4908854166666667 0.3059895833333333
3 0.3997395833333333 0.3411458333333333 0.4010416666666667 0.3515625 0.3997395833333333 0.3567708333333333 0.3971354166666667 0.3580729166666667 0.3932291666666667 0.3567708333333333 0.390625 0.3502604166666667 0.390625 0.33984375 0.3958333333333333 0.3385416666666667 0.3984375 0.3411458333333333
3 0.7526041666666666 0.5390625 0.7578125 0.5403645833333334 0.76171875 0.5481770833333334 0.76171875 0.5559895833333334 0.7591145833333334 0.55859375 0.7486979166666666 0.55859375 0.7526041666666666 0.5403645833333334
3 0.5240885416666666 0.7018229166666666 0.011067708333333334 0.020833333333333332
2 0.4765625 0.4140625 0.4778645833333333 0.640625 0.4752604166666667 0.6484375 0.4752604166666667 0.859375 0.4739583333333333 0.8736979166666666 0.4713541666666667 0.8723958333333334 0.4752604166666667 0.46484375 0.4739583333333333 0.4270833333333333 0.4765625 0.4153645833333333
0 0 0.6430555559895833 0.0984375 0.6444444440104167 0.12343749999999999 0.625 0.13749999999999998 0.6 0.14765625000000002 0.5541666666666667 0.14609375 0.51527777734375 0.140625 0.4875 0.11953124999999999 0.44861111067708337 0.09999999999999999 0.43472222265625 0.00390625 0.43055555598958334 0 0.4319444440104167 0 0.4375 0.09999999999999999 0.44027777734375 0.11328125 0.45 0.12812500000000002 0.4694444440104167 0.1390625 0.49722222265625 0.14296875 0.5180555559895833 0.14296875 0.5458333333333333 0.14140624999999998 0.5694444440104166 0.13125 0.60277777734375 0.11875000000000001 0.62222222265625 0.10312500000000001 0.6361111106770834 0 0.6361111106770834 0 0.6430555559895833
0 0.80703125 0.5805555559895833 0.80703125 0.5499999999999999 0.8117187499999999 0.52222222265625 0.82265625 0.4944444440104167 0.8468749999999999 0.4680555559895833 0.96328125 0.4680555559895833 0.9718749999999999 0.4666666666666666 0.9718749999999999 0.46249999999999997 0.85 0.4611111106770833 0.82421875 0.48333333333333334 0.8132812500000001 0.5041666666666667 0.80625 0.5291666666666667 0.803125 0.5736111106770834 0.80703125 0.6041666666666666 0.81640625 0.6333333333333333 0.834375 0.6583333333333333 0.85546875 0.6708333333333334 0.96328125 0.6736111106770833 0.84609375 0.6611111106770834 0.83046875 0.64722222265625 0.81484375 0.6194444440104167 0.80703125 0.5805555559895833