1 0.5499999999999999 0.7888888893229167 0.5499999999999999 0.7833333333333333 0.5460937499999999 0.7833333333333333 0.5460937499999999 0.7875 0.546875 0.7888888893229167 0.5499999999999999 0.7888888893229167
0 0 0.4127604166666667 0.0859375 0.4153645833333333 0.09375 0.4166666666666667 0.09505208333333333 0.4192708333333333 0.11067708333333333 0.4270833333333333 0.11848958333333333 0.4348958333333333 0.11979166666666667 0.4401041666666667 0.13020833333333334 0.4544270833333333 0.14192708333333334 0.4934895833333333 0.14322916666666666 0.5130208333333334 0.14192708333333334 0.5494791666666666 0.13411458333333334 0.58203125 0.12239583333333333 0.60546875 0.10677083333333333 0.62109375 0.09114583333333333 0.62890625 0 0.6263020833333334 0 0.6197916666666666 0.09114583333333333 0.6223958333333334 0.10677083333333333 0.6145833333333334 0.11588541666666667 0.60546875 0.12890625 0.5846354166666666 0.13541666666666666 0.5638020833333334 0.140625 0.5299479166666666 0.13932291666666666 0.4973958333333333 0.13541666666666666 0.4895833333333333 0.13541666666666666 0.4778645833333333 0.12890625 0.4674479166666667 0.12760416666666666 0.4583333333333333 0.12369791666666667 0.4518229166666667 0.10677083333333333 0.4309895833333333 0.08854166666666667 0.421875 0.078125 0.4231770833333333 0 0.4192708333333333 0 0.4140625
0 0.8932291666666666 0.44921875 0.9674479166666666 0.453125 0.9674479166666666 0.4596354166666667 0.953125 0.4596354166666667 0.9518229166666666 0.45703125 0.8515625 0.4544270833333333 0.8346354166666666 0.46484375 0.8229166666666666 0.4778645833333333 0.8125 0.4986979166666667 0.8072916666666666 0.515625 0.8059895833333334 0.53125 0.8033854166666666 0.5364583333333334 0.8033854166666666 0.5703125 0.8059895833333334 0.5768229166666666 0.8072916666666666 0.5989583333333334 0.8033854166666666 0.5911458333333334 0.80078125 0.5703125 0.80078125 0.5377604166666666 0.8072916666666666 0.50390625 0.8203125 0.4739583333333333 0.8372395833333334 0.4557291666666667 0.84375 0.4518229166666667 0.8515625 0.44921875 0.8919270833333334 0.44921875
2 0.4739583333333333 0.2734375 0.4765625 0.2734375 0.4778645833333333 0.2760416666666667 0.4752604166666667 0.3268229166666667 0.4739583333333333 0.5364583333333334 0.4739583333333333 0.5247395833333334 0.4700520833333333 0.515625 0.47265625 0.49609375 0.4713541666666667 0.4739583333333333 0.47265625 0.32421875 0.4752604166666667 0.2942708333333333 0.4739583333333333 0.2747395833333333
3 0.32421875 0.8033854166666666 0.3216145833333333 0.8111979166666666 0.3216145833333333 0.8216145833333334 0.3151041666666667 0.82421875 0.3111979166666667 0.8229166666666666 0.3098958333333333 0.8190104166666666 0.3111979166666667 0.8072916666666666 0.3177083333333333 0.8072916666666666 0.3229166666666667 0.8033854166666666
3 0.5364583333333334 0.7669270833333334 0.5377604166666666 0.7747395833333334 0.5494791666666666 0.7838541666666666 0.5494791666666666 0.7890625 0.5455729166666666 0.7916666666666666 0.5442708333333334 0.796875 0.5338541666666666 0.796875 0.53515625 0.7682291666666666
3 0.4700520833333333 0.5546875 0.4609375 0.5338541666666666 0.4635416666666667 0.51953125 0.46875 0.5169270833333334 0.4739583333333333 0.5234375 0.4739583333333333 0.5286458333333334 0.4713541666666667 0.5325520833333334 0.4713541666666667 0.5533854166666666
3 0.4322916666666667 0.44140625 0.4348958333333333 0.44140625 0.4401041666666667 0.44921875 0.4401041666666667 0.4622395833333333 0.4361979166666667 0.4674479166666667 0.4322916666666667 0.4674479166666667 0.4283854166666667 0.4635416666666667 0.4283854166666667 0.44921875 0.4322916666666667 0.4427083333333333
3 0.48046875 0.2799479166666667 0.4765625 0.26953125 0.4765625 0.2630208333333333 0.4830729166666667 0.25390625 0.4869791666666667 0.2578125 0.48828125 0.2799479166666667 0.4856770833333333 0.2825520833333333 0.4817708333333333 0.2799479166666667
3 0.2682291666666667 0.2552083333333333 0.2760416666666667 0.2669270833333333 0.2760416666666667 0.2760416666666667 0.26953125 0.2786458333333333 0.265625 0.2734375 0.2643229166666667 0.2578125 0.2669270833333333 0.2565104166666667
3 0.80859375 0.6015625 0.8098958333333334 0.5924479166666666 0.81640625 0.5885416666666666 0.8216145833333334 0.58984375 0.82421875 0.5950520833333334 0.82421875 0.6028645833333334 0.8229166666666666 0.60546875 0.8177083333333334 0.6067708333333334 0.8098958333333334 0.6015625
3 0.125 0.4661458333333333 0.13020833333333334 0.46875 0.13151041666666666 0.47265625 0.13020833333333334 0.484375 0.11979166666666667 0.4817708333333333 0.1171875 0.4778645833333333 0.1171875 0.4674479166666667 0.12369791666666667 0.4661458333333333
3 0.5885416666666666 0.43359375 0.5911458333333334 0.44140625 0.5885416666666666 0.453125 0.58203125 0.44921875 0.58203125 0.4427083333333333 0.5846354166666666 0.4348958333333333 0.5872395833333334 0.43359375
3 0.54921875 0.67222222265625 0.5382812499999999 0.6736111106770833 0.5382812499999999 0.6819444440104167 0.5453125 0.69027777734375 0.5499999999999999 0.68472222265625 0.54921875 0.67222222265625
3 0.42109375 0.82222222265625 0.41953124999999997 0.8347222226562501 0.425 0.8416666666666667 0.4265625 0.82777777734375 0.42109375 0.82222222265625
3 0.47421874999999997 0.7263888893229167 0.47109375000000003 0.7305555559895834 0.47109375000000003 0.74027777734375 0.48046875 0.74722222265625 0.47890625000000003 0.7291666666666666 0.47421874999999997 0.7263888893229167