1 0.5609375 0.6444444440104167 0.5625 0.64027777734375 0.5617187499999999 0.6375000000000001 0.5593750000000001 0.6375000000000001 0.5578124999999999 0.6388888893229167 0.55703125 0.64027777734375 0.55703125 0.6444444440104167 0.5609375 0.6444444440104167
0 0 0.4309895833333333 0.08984375 0.4322916666666667 0.10807291666666667 0.4375 0.12630208333333334 0.4557291666666667 0.13802083333333334 0.4778645833333333 0.14322916666666666 0.49609375 0.14322916666666666 0.50390625 0.14583333333333334 0.5065104166666666 0.1484375 0.5364583333333334 0.14583333333333334 0.57421875 0.14322916666666666 0.5768229166666666 0.13802083333333334 0.6002604166666666 0.12369791666666667 0.6263020833333334 0.11458333333333333 0.6354166666666666 0.09895833333333333 0.6432291666666666 0.08072916666666667 0.64453125 0 0.6419270833333334 0 0.63671875 0.08984375 0.6393229166666666 0.09895833333333333 0.6380208333333334 0.11067708333333333 0.6315104166666666 0.12369791666666667 0.6171875 0.13932291666666666 0.5846354166666666 0.14322916666666666 0.56640625 0.14453125 0.5403645833333334 0.14322916666666666 0.51171875 0.13541666666666666 0.4830729166666667 0.12109375 0.45703125 0.109375 0.4466145833333333 0.09505208333333333 0.4401041666666667 0.037760416666666664 0.4388020833333333 0.036458333333333336 0.4361979166666667 0 0.4361979166666667 0 0.4322916666666667
0 0.85546875 0.4583333333333333 0.9075520833333334 0.4583333333333333 0.9088541666666666 0.4609375 0.9544270833333334 0.4609375 0.97265625 0.4635416666666667 0.9713541666666666 0.4661458333333333 0.9557291666666666 0.4674479166666667 0.85546875 0.46484375 0.84765625 0.4674479166666667 0.8333333333333334 0.4791666666666667 0.8229166666666666 0.4947916666666667 0.8138020833333334 0.5143229166666666 0.8072916666666666 0.546875 0.8072916666666666 0.5846354166666666 0.8111979166666666 0.60546875 0.8190104166666666 0.6276041666666666 0.8268229166666666 0.640625 0.8411458333333334 0.65625 0.8580729166666666 0.6640625 0.9192708333333334 0.6653645833333334 0.9440104166666666 0.6666666666666666 0.9453125 0.6692708333333334 0.9700520833333334 0.6692708333333334 0.9700520833333334 0.6731770833333334 0.9674479166666666 0.6744791666666666 0.8984375 0.6731770833333334 0.859375 0.6705729166666666 0.8502604166666666 0.66796875 0.8489583333333334 0.6653645833333334 0.8359375 0.6588541666666666 0.828125 0.6510416666666666 0.81640625 0.6315104166666666 0.80859375 0.6080729166666666 0.8046875 0.58203125 0.8046875 0.5481770833333334 0.80859375 0.5208333333333334 0.81640625 0.4973958333333333 0.828125 0.4778645833333333 0.8424479166666666 0.46484375 0.85546875 0.4596354166666667
2 0.4765625 0.4700520833333333 0.4791666666666667 0.48828125 0.4765625 0.5924479166666666 0.4778645833333333 0.6419270833333334 0.4752604166666667 0.67578125 0.4752604166666667 0.8828125 0.4739583333333333 0.9609375 0.4700520833333333 0.9609375 0.47265625 0.8776041666666666 0.47265625 0.62890625 0.4752604166666667 0.5559895833333334 0.4739583333333333 0.4765625 0.4765625 0.4713541666666667
3 0.6276041666666666 0.25390625 0.6302083333333334 0.2565104166666667 0.6315104166666666 0.2643229166666667 0.6276041666666666 0.2760416666666667 0.6236979166666666 0.2799479166666667 0.6223958333333334 0.265625 0.6236979166666666 0.2552083333333333 0.6263020833333334 0.25390625
3 0.63671875 0.5260416666666666 0.6419270833333334 0.5260416666666666 0.6419270833333334 0.5377604166666666 0.6393229166666666 0.5442708333333334 0.6341145833333334 0.5442708333333334 0.62890625 0.5338541666666666 0.63671875 0.52734375
3 0.4895833333333333 0.3111979166666667 0.4934895833333333 0.3177083333333333 0.4934895833333333 0.3229166666666667 0.48828125 0.3346354166666667 0.4856770833333333 0.3229166666666667 0.4856770833333333 0.3125 0.48828125 0.3111979166666667
3 0.4765625 0.4114583333333333 0.4739583333333333 0.3997395833333333 0.4752604166666667 0.3932291666666667 0.4791666666666667 0.3880208333333333 0.4830729166666667 0.3880208333333333 0.4856770833333333 0.390625 0.4856770833333333 0.4075520833333333 0.4778645833333333 0.4114583333333333
3 0.56640625 0.625 0.5716145833333334 0.625 0.5755208333333334 0.63671875 0.5729166666666666 0.6419270833333334 0.5638020833333334 0.6419270833333334 0.5611979166666666 0.64453125 0.5572916666666666 0.64453125 0.5572916666666666 0.640625 0.5651041666666666 0.6328125 0.56640625 0.6263020833333334
3 0.3984375 0.3684895833333333 0.390625 0.35546875 0.390625 0.3424479166666667 0.3932291666666667 0.33984375 0.3971354166666667 0.33984375 0.3997395833333333 0.3424479166666667 0.3997395833333333 0.3671875
3 0.4361979166666667 0.5364583333333334 0.4388020833333333 0.5364583333333334 0.4440104166666667 0.5416666666666666 0.4440104166666667 0.5533854166666666 0.4388020833333333 0.5546875 0.4361979166666667 0.5494791666666666 0.4361979166666667 0.5377604166666666
3 0.4544270833333333 0.2421875 0.4544270833333333 0.26171875 0.4518229166666667 0.26171875 0.4479166666666667 0.2552083333333333 0.4479166666666667 0.24348958333333334 0.453125 0.2421875
3 0.7591145833333334 0.5520833333333334 0.7630208333333334 0.5598958333333334 0.7578125 0.5716145833333334 0.7526041666666666 0.5716145833333334 0.75 0.5677083333333334 0.75 0.5546875 0.7526041666666666 0.55078125 0.7578125 0.5520833333333334
3 0.4778645833333333 0.4466145833333333 0.4817708333333333 0.4505208333333333 0.4817708333333333 0.46484375 0.4778645833333333 0.4661458333333333 0.4752604166666667 0.4609375 0.4765625 0.4479166666666667
3 0.51953125 0.6953125 0.5221354166666666 0.6966145833333334 0.5247395833333334 0.7044270833333334 0.5234375 0.7174479166666666 0.5182291666666666 0.7174479166666666 0.515625 0.7044270833333334 0.5182291666666666 0.6966145833333334
3 0.46171875 0.8361111106770833 0.46015625 0.8430555559895834 0.46718750000000003 0.8527777773437499 0.46953125 0.8444444440104166 0.46796875 0.82777777734375 0.46171875 0.8361111106770833