1 0.18125 0.6916666666666668 0.18281250000000002 0.6916666666666668 0.18359375 0.6875 0.18203125 0.68472222265625 0.18125 0.68472222265625 0.1796875 0.6875 0.1796875 0.6888888893229167 0.18125 0.6916666666666668
0 0 0.41015625 0.07942708333333333 0.4127604166666667 0.09505208333333333 0.4166666666666667 0.11458333333333333 0.4348958333333333 0.11588541666666667 0.4401041666666667 0.12630208333333334 0.4557291666666667 0.13411458333333334 0.4817708333333333 0.13802083333333334 0.5169270833333334 0.13671875 0.54296875 0.13020833333333334 0.5755208333333334 0.11458333333333333 0.6067708333333334 0.10286458333333333 0.6184895833333334 0.0859375 0.6276041666666666 0 0.6263020833333334 0 0.6197916666666666 0.08333333333333333 0.6223958333333334 0.09895833333333333 0.6158854166666666 0.11588541666666667 0.5950520833333334 0.12760416666666666 0.5716145833333334 0.13411458333333334 0.5377604166666666 0.13411458333333334 0.50390625 0.12890625 0.4752604166666667 0.11979166666666667 0.4518229166666667 0.11067708333333333 0.4375 0.1015625 0.4283854166666667 0.09114583333333333 0.421875 0.08072916666666667 0.4192708333333333 0.014322916666666666 0.41796875 0.013020833333333334 0.4153645833333333 0 0.4153645833333333 0 0.4114583333333333
0 0.96875 0.44921875 0.9674479166666666 0.453125 0.859375 0.44921875 0.84375 0.453125 0.8268229166666666 0.4674479166666667 0.8190104166666666 0.4791666666666667 0.8111979166666666 0.4973958333333333 0.8059895833333334 0.5247395833333334 0.8033854166666666 0.52734375 0.8046875 0.5078125 0.81640625 0.4752604166666667 0.828125 0.4583333333333333 0.8424479166666666 0.4479166666666667 0.8502604166666666 0.4453125 0.8932291666666666 0.4453125 0.9674479166666666 0.44921875
2 0.4739583333333333 0.11979166666666667 0.4739583333333333 0.3268229166666667 0.4713541666666667 0.3294270833333333 0.4713541666666667 0.3359375 0.4739583333333333 0.3385416666666667 0.4739583333333333 0.4153645833333333 0.4713541666666667 0.44921875 0.4739583333333333 0.4518229166666667 0.4739583333333333 0.45703125 0.4713541666666667 0.46484375 0.4700520833333333 0.6809895833333334 0.4661458333333333 0.6731770833333334 0.4700520833333333 0.4752604166666667 0.46875 0.4453125 0.4713541666666667 0.3802083333333333 0.46875 0.328125 0.4713541666666667 0.3229166666666667 0.47265625 0.12109375
3 0.4765625 0.3203125 0.4817708333333333 0.3216145833333333 0.484375 0.3307291666666667 0.4830729166666667 0.3385416666666667 0.4765625 0.3359375 0.4765625 0.3216145833333333
3 0.4309895833333333 0.3033854166666667 0.4322916666666667 0.3190104166666667 0.4283854166666667 0.3255208333333333 0.421875 0.3229166666666667 0.41796875 0.3177083333333333 0.41796875 0.3059895833333333 0.421875 0.30078125 0.4283854166666667 0.30078125 0.4296875 0.3033854166666667
3 0.4635416666666667 0.6770833333333334 0.4674479166666667 0.6770833333333334 0.46875 0.6809895833333334 0.4674479166666667 0.6979166666666666 0.4635416666666667 0.6979166666666666 0.4609375 0.69140625 0.4609375 0.6822916666666666 0.4635416666666667 0.6783854166666666
3 0.421875 0.8658854166666666 0.4231770833333333 0.8502604166666666 0.4270833333333333 0.8502604166666666 0.4296875 0.8541666666666666 0.4283854166666667 0.8671875 0.42578125 0.8684895833333334 0.4231770833333333 0.8658854166666666
3 0.4661458333333333 0.67578125 0.46875 0.6796875 0.4700520833333333 0.7122395833333334 0.4674479166666667 0.7135416666666666 0.46484375 0.7096354166666666 0.4635416666666667 0.6953125 0.4609375 0.69140625 0.4609375 0.68359375 0.46484375 0.6770833333333334
3 0.51171875 0.4895833333333333 0.51953125 0.484375 0.5221354166666666 0.4947916666666667 0.5221354166666666 0.51953125 0.51953125 0.5221354166666666 0.515625 0.515625 0.515625 0.5052083333333334 0.5104166666666666 0.49609375 0.51171875 0.4908854166666667
3 0.16796875 0.5546875 0.17838541666666666 0.55859375 0.17838541666666666 0.5729166666666666 0.17447916666666666 0.5755208333333334 0.16796875 0.5755208333333334 0.16015625 0.5716145833333334 0.16015625 0.5611979166666666 0.16666666666666666 0.5546875
3 0.19010416666666666 0.80859375 0.19010416666666666 0.7981770833333334 0.1953125 0.7955729166666666 0.20052083333333334 0.7890625 0.20442708333333334 0.7916666666666666 0.20572916666666666 0.796875 0.20442708333333334 0.8059895833333334 0.19140625 0.80859375
3 0.2109375 0.42578125 0.21744791666666666 0.4244791666666667 0.22526041666666666 0.4322916666666667 0.22526041666666666 0.4440104166666667 0.22265625 0.4466145833333333 0.21875 0.4375 0.2109375 0.4322916666666667 0.2109375 0.4270833333333333
3 0.2265625 0.20703125 0.23697916666666666 0.21614583333333334 0.23828125 0.22526041666666666 0.234375 0.2265625 0.22265625 0.21744791666666666 0.22526041666666666 0.20833333333333334
3 0.0625 0.5481770833333334 0.07291666666666667 0.55078125 0.07291666666666667 0.5651041666666666 0.06770833333333333 0.5651041666666666 0.057291666666666664 0.55859375 0.057291666666666664 0.5494791666666666 0.061197916666666664 0.5481770833333334
3 0.38671875 0.69140625 0.3893229166666667 0.703125 0.3893229166666667 0.7109375 0.38671875 0.7135416666666666 0.3815104166666667 0.7122395833333334 0.3802083333333333 0.70703125 0.3815104166666667 0.6966145833333334 0.3854166666666667 0.69140625
3 0.8059895833333334 0.5286458333333334 0.8098958333333334 0.5338541666666666 0.8098958333333334 0.54296875 0.8033854166666666 0.5494791666666666 0.796875 0.5455729166666666 0.7916666666666666 0.5325520833333334 0.8046875 0.5286458333333334