1 0.6154140625 0.72625972265625 0.61653125 0.73072777734375 0.61913984375 0.73072777734375 0.62076953125 0.7263916666666667 0.61979140625 0.72245277734375 0.6173695312499999 0.7227847226562499 0.6154140625 0.72625972265625
0 0.9830729166666666 0.4166666666666667 0.9986979166666666 0.4166666666666667 0.9986979166666666 0.4231770833333333 0.8984375 0.4270833333333333 0.8854166666666666 0.43359375 0.875 0.4440104166666667 0.859375 0.4713541666666667 0.8580729166666666 0.4817708333333333 0.8541666666666666 0.4908854166666667 0.8502604166666666 0.5286458333333334 0.8515625 0.55078125 0.8541666666666666 0.5546875 0.85546875 0.5690104166666666 0.8671875 0.5963541666666666 0.875 0.6080729166666666 0.8880208333333334 0.6197916666666666 0.8997395833333334 0.625 0.9986979166666666 0.6223958333333334 0.9986979166666666 0.62890625 0.8984375 0.6315104166666666 0.8880208333333334 0.6276041666666666 0.8671875 0.6067708333333334 0.8567708333333334 0.5859375 0.8489583333333334 0.5546875 0.84765625 0.53515625 0.8489583333333334 0.5 0.8567708333333334 0.4674479166666667 0.8645833333333334 0.4505208333333333 0.8828125 0.4283854166666667 0.8958333333333334 0.421875 0.9036458333333334 0.4205729166666667 0.9830729166666666 0.41796875
0 0.13802083333333334 0.4479166666666667 0.15625 0.4544270833333333 0.171875 0.4713541666666667 0.18229166666666666 0.4908854166666667 0.19010416666666666 0.5182291666666666 0.19270833333333334 0.5416666666666666 0.19010416666666666 0.5911458333333334 0.18229166666666666 0.6171875 0.171875 0.6354166666666666 0.15755208333333334 0.6510416666666666 0.13932291666666666 0.6588541666666666 0.11067708333333333 0.6588541666666666 0.08984375 0.6614583333333334 0.02734375 0.66015625 0.029947916666666668 0.6575520833333334 0.13932291666666666 0.6536458333333334 0.15234375 0.6484375 0.171875 0.6276041666666666 0.1796875 0.61328125 0.1875 0.5872395833333334 0.19010416666666666 0.56640625 0.19010416666666666 0.5390625 0.18489583333333334 0.5091145833333334 0.16927083333333334 0.4752604166666667 0.16276041666666666 0.4674479166666667 0.14453125 0.4544270833333333 0.11067708333333333 0.453125 0.078125 0.4557291666666667 0.024739583333333332 0.4557291666666667 0.024739583333333332 0.4518229166666667 0.13671875 0.4479166666666667
2 0.51953125 0.4609375 0.5208333333333334 0.453125 0.5182291666666666 0.4479166666666667 0.5169270833333334 0.4114583333333333 0.515625 0.22135416666666666 0.515625 0.13020833333333334 0.5182291666666666 0.12890625 0.5208333333333334 0.3606770833333333 0.51953125 0.390625 0.5221354166666666 0.44140625 0.5221354166666666 0.4739583333333333 0.51953125 0.4778645833333333 0.51953125 0.48828125 0.5221354166666666 0.4908854166666667 0.5221354166666666 0.61328125 0.5247395833333334 0.6197916666666666 0.5221354166666666 0.6223958333333334 0.51953125 0.6197916666666666 0.5169270833333334 0.4921875 0.5208333333333334 0.4622395833333333
3 0.6184895833333334 0.7239583333333334 0.62109375 0.7408854166666666 0.6276041666666666 0.75 0.6276041666666666 0.7552083333333334 0.62109375 0.7591145833333334 0.6184895833333334 0.7591145833333334 0.6158854166666666 0.7552083333333334 0.6145833333333334 0.7252604166666666 0.6171875 0.7239583333333334
3 0.4557291666666667 0.5208333333333334 0.4518229166666667 0.5442708333333334 0.4479166666666667 0.5442708333333334 0.4453125 0.5390625 0.4466145833333333 0.5286458333333334 0.4557291666666667 0.5221354166666666
3 0.4934895833333333 0.2565104166666667 0.49609375 0.2630208333333333 0.4947916666666667 0.2786458333333333 0.4895833333333333 0.2786458333333333 0.4869791666666667 0.2734375 0.4869791666666667 0.265625 0.4921875 0.2578125
3 0.5143229166666666 0.6171875 0.5169270833333334 0.6223958333333334 0.5143229166666666 0.6302083333333334 0.5104166666666666 0.6341145833333334 0.5078125 0.6328125 0.5065104166666666 0.6223958333333334 0.5104166666666666 0.6158854166666666 0.5130208333333334 0.6171875
3 0.5729166666666666 0.4375 0.5755208333333334 0.4375 0.5768229166666666 0.4401041666666667 0.5768229166666666 0.4505208333333333 0.5729166666666666 0.4544270833333333 0.5690104166666666 0.4505208333333333 0.5690104166666666 0.4440104166666667 0.5729166666666666 0.4388020833333333
3 0.3671875 0.4921875 0.3697916666666667 0.4947916666666667 0.37109375 0.5078125 0.3658854166666667 0.5130208333333334 0.3606770833333333 0.5091145833333334 0.3606770833333333 0.4973958333333333 0.3658854166666667 0.4921875
3 0.625 0.5859375 0.6276041666666666 0.5963541666666666 0.6197916666666666 0.60546875 0.6145833333333334 0.5989583333333334 0.6119791666666666 0.58984375 0.6171875 0.5859375 0.6236979166666666 0.5859375
3 0.66796875 0.3658854166666667 0.67578125 0.3658854166666667 0.6731770833333334 0.3763020833333333 0.6666666666666666 0.3828125 0.66015625 0.3802083333333333 0.66015625 0.375 0.66796875 0.3671875
3 0.5390625 0.22786458333333334 0.5455729166666666 0.234375 0.5416666666666666 0.2526041666666667 0.5364583333333334 0.2526041666666667 0.53515625 0.24739583333333334 0.5390625 0.22916666666666666
3 0.6041666666666666 0.5520833333333334 0.60546875 0.5638020833333334 0.6015625 0.5703125 0.5963541666666666 0.5651041666666666 0.5950520833333334 0.55078125 0.59765625 0.5494791666666666 0.6028645833333334 0.5520833333333334
3 0.53359375 0.4430555559895833 0.53359375 0.44166666666666665 0.52734375 0.44166666666666665 0.52578125 0.44444444401041666 0.525 0.44444444401041666 0.5242187500000001 0.44722222265624995 0.5242187500000001 0.4513888893229167 0.5234375 0.45277777734375 0.5242187500000001 0.45416666666666666 0.5234375 0.45972222265625 0.5242187500000001 0.46249999999999997 0.52734375 0.46527777734375 0.53125 0.46527777734375 0.53359375 0.46388888932291666 0.53671875 0.4569444440104167 0.5375 0.45277777734375 0.53671875 0.44861111067708337 0.5359375000000001 0.4458333333333333 0.53515625 0.4458333333333333 0.53359375 0.4430555559895833
3 0.5320312500000001 0.6819444440104167 0.5320312500000001 0.6875 0.5328125 0.6888888893229167 0.5328125 0.69722222265625 0.5320312500000001 0.6986111106770833 0.5320312500000001 0.7041666666666666 0.5328125 0.7069444440104166 0.53359375 0.7069444440104166 0.53359375 0.7041666666666666 0.5382812499999999 0.6958333333333333 0.5390625 0.6930555559895833 0.5390625 0.6875 0.5375 0.6819444440104167 0.53671875 0.6805555559895833 0.53359375 0.6791666666666667 0.5320312500000001 0.6819444440104167