1 0.38359375 0.20138888932291665 0.38515625000000003 0.19861111067708334 0.38515625000000003 0.19583333333333333 0.38359375 0.19305555598958335 0.38125000000000003 0.1944444440104167 0.38046874999999997 0.19583333333333333 0.38046874999999997 0.19999999999999998 0.38359375 0.20138888932291665
0 0 0.4153645833333333 0.08463541666666667 0.4192708333333333 0.09895833333333333 0.421875 0.11067708333333333 0.4283854166666667 0.11979166666666667 0.4375 0.13411458333333334 0.4635416666666667 0.14192708333333334 0.48828125 0.14322916666666666 0.51171875 0.14583333333333334 0.5208333333333334 0.14583333333333334 0.53125 0.14322916666666666 0.5403645833333334 0.14192708333333334 0.5390625 0.140625 0.5026041666666666 0.13541666666666666 0.4778645833333333 0.12369791666666667 0.4518229166666667 0.10677083333333333 0.4322916666666667 0.09244791666666667 0.42578125 0.006510416666666667 0.4231770833333333 0 0.421875 0 0.4166666666666667
0 0.90234375 0.4505208333333333 0.9765625 0.453125 0.9817708333333334 0.4557291666666667 0.9817708333333334 0.4596354166666667 0.93359375 0.4596354166666667 0.9322916666666666 0.45703125 0.86328125 0.4557291666666667 0.84765625 0.46484375 0.8372395833333334 0.4752604166666667 0.8255208333333334 0.4947916666666667 0.8216145833333334 0.5104166666666666 0.8190104166666666 0.5130208333333334 0.8151041666666666 0.5325520833333334 0.8151041666666666 0.58203125 0.8229166666666666 0.6119791666666666 0.8307291666666666 0.6302083333333334 0.8385416666666666 0.640625 0.8489583333333334 0.6510416666666666 0.8580729166666666 0.65625 0.8815104166666666 0.66015625 0.9661458333333334 0.6627604166666666 0.9778645833333334 0.6640625 0.9765625 0.6692708333333334 0.9388020833333334 0.66796875 0.9375 0.6653645833333334 0.8658854166666666 0.6640625 0.8567708333333334 0.6614583333333334 0.8450520833333334 0.6549479166666666 0.8372395833333334 0.6471354166666666 0.82421875 0.6276041666666666 0.8229166666666666 0.6197916666666666 0.81640625 0.6067708333333334 0.8111979166666666 0.5729166666666666 0.8111979166666666 0.5442708333333334 0.8151041666666666 0.515625 0.82421875 0.48828125 0.8385416666666666 0.4661458333333333 0.84765625 0.45703125 0.8580729166666666 0.4518229166666667 0.9010416666666666 0.4505208333333333
2 0.47265625 0.95703125 0.4778645833333333 0.5455729166666666 0.4817708333333333 0.5481770833333334 0.4817708333333333 0.5546875 0.4791666666666667 0.5989583333333334 0.48046875 0.6380208333333334 0.4778645833333333 0.7018229166666666 0.4778645833333333 0.81640625 0.4752604166666667 0.8828125 0.4765625 0.90625 0.4739583333333333 0.95703125
3 0.5234375 0.21223958333333334 0.5221354166666666 0.19661458333333334 0.5247395833333334 0.18619791666666666 0.5299479166666666 0.19661458333333334 0.5286458333333334 0.2109375 0.5260416666666666 0.21354166666666666 0.5247395833333334 0.21223958333333334
3 0.4388020833333333 0.75390625 0.4427083333333333 0.7591145833333334 0.4453125 0.7734375 0.4388020833333333 0.7747395833333334 0.4361979166666667 0.7721354166666666 0.4375 0.7552083333333334
3 0.14322916666666666 0.5442708333333334 0.15885416666666666 0.5572916666666666 0.15494791666666666 0.56640625 0.15494791666666666 0.58203125 0.15104166666666666 0.57421875 0.1484375 0.55859375 0.14713541666666666 0.5572916666666666 0.140625 0.5598958333333334 0.13932291666666666 0.5455729166666666 0.14192708333333334 0.5442708333333334
3 0.3971354166666667 0.53515625 0.4010416666666667 0.5403645833333334 0.3997395833333333 0.55078125 0.3971354166666667 0.55078125 0.3932291666666667 0.5455729166666666 0.3932291666666667 0.5364583333333334 0.3958333333333333 0.53515625
3 0.4700520833333333 0.3997395833333333 0.0078125 0.022135416666666668
3 0.265625 0.69921875 0.2682291666666667 0.7005208333333334 0.2682291666666667 0.7096354166666666 0.2734375 0.7213541666666666 0.26953125 0.7330729166666666 0.2669270833333333 0.7278645833333334 0.2604166666666667 0.72265625 0.2604166666666667 0.71484375 0.265625 0.7109375 0.265625 0.7005208333333334
3 0.4986979166666667 0.7591145833333334 0.5013020833333334 0.7591145833333334 0.5013020833333334 0.7630208333333334 0.5065104166666666 0.7682291666666666 0.5065104166666666 0.7786458333333334 0.5013020833333334 0.78125 0.4986979166666667 0.7786458333333334 0.4986979166666667 0.7604166666666666
3 0.4322916666666667 0.609375 0.4348958333333333 0.6106770833333334 0.4375 0.6184895833333334 0.4361979166666667 0.6302083333333334 0.4283854166666667 0.6276041666666666 0.4270833333333333 0.62109375 0.4322916666666667 0.6106770833333334
3 0.3658854166666667 0.20703125 0.359375 0.1953125 0.3619791666666667 0.1875 0.3645833333333333 0.18619791666666666 0.37109375 0.19270833333333334 0.3697916666666667 0.203125 0.3671875 0.20572916666666666
3 0.59375 0.4140625 0.5989583333333334 0.4140625 0.6002604166666666 0.4166666666666667 0.5963541666666666 0.4296875 0.5911458333333334 0.4322916666666667 0.5872395833333334 0.4283854166666667 0.5872395833333334 0.4244791666666667 0.59375 0.4153645833333333
3 0.5989583333333334 0.6875 0.609375 0.6875 0.6106770833333334 0.6901041666666666 0.6106770833333334 0.7005208333333334 0.60546875 0.7044270833333334 0.6015625 0.7005208333333334 0.5989583333333334 0.6888020833333334
3 0.47500000000000003 0.5083333333333333 0.47421874999999997 0.5180555559895833 0.48359375 0.5263888893229166 0.48671875000000003 0.5111111106770834 0.48125 0.5041666666666667 0.47500000000000003 0.5083333333333333