1 0.5656249999999999 0.6666666666666666 0.5656249999999999 0.6611111106770834 0.56484375 0.65972222265625 0.5625 0.65972222265625 0.5617187499999999 0.6611111106770834 0.5617187499999999 0.6666666666666666 0.56484375 0.6680555559895834 0.5656249999999999 0.6666666666666666
0 0 0.4140625 0.09244791666666667 0.4166666666666667 0.09375 0.4192708333333333 0.09895833333333333 0.4192708333333333 0.10677083333333333 0.4231770833333333 0.11979166666666667 0.4348958333333333 0.13411458333333334 0.4583333333333333 0.14322916666666666 0.4895833333333333 0.14322916666666666 0.5026041666666666 0.14583333333333334 0.5078125 0.14583333333333334 0.5390625 0.14192708333333334 0.5677083333333334 0.13411458333333334 0.5911458333333334 0.12630208333333334 0.60546875 0.11328125 0.6197916666666666 0.09635416666666667 0.6302083333333334 0.0390625 0.6302083333333334 0 0.6276041666666666 0 0.62109375 0.061197916666666664 0.6236979166666666 0.09505208333333333 0.6236979166666666 0.10286458333333333 0.62109375 0.11979166666666667 0.60546875 0.13151041666666666 0.5859375 0.13932291666666666 0.5598958333333334 0.140625 0.5416666666666666 0.14322916666666666 0.53515625 0.14322916666666666 0.5130208333333334 0.13671875 0.4765625 0.12760416666666666 0.4544270833333333 0.11067708333333333 0.4322916666666667 0.09114583333333333 0.4231770833333333 0 0.4205729166666667 0 0.4153645833333333
0 0.9049479166666666 0.4479166666666667 0.9700520833333334 0.4505208333333333 0.9752604166666666 0.4518229166666667 0.9752604166666666 0.4557291666666667 0.8580729166666666 0.453125 0.83984375 0.46484375 0.828125 0.4791666666666667 0.8190104166666666 0.4973958333333333 0.8111979166666666 0.5260416666666666 0.8098958333333334 0.5716145833333334 0.8177083333333334 0.6067708333333334 0.8268229166666666 0.6263020833333334 0.8346354166666666 0.63671875 0.8463541666666666 0.6484375 0.8541666666666666 0.65234375 0.8658854166666666 0.6549479166666666 0.9700520833333334 0.6588541666666666 0.9739583333333334 0.6614583333333334 0.9674479166666666 0.6640625 0.9296875 0.6614583333333334 0.8815104166666666 0.6614583333333334 0.8528645833333334 0.6575520833333334 0.8411458333333334 0.6510416666666666 0.828125 0.63671875 0.8151041666666666 0.6106770833333334 0.8072916666666666 0.5755208333333334 0.8072916666666666 0.53515625 0.8151041666666666 0.4973958333333333 0.82421875 0.48046875 0.82421875 0.4765625 0.8385416666666666 0.4583333333333333 0.8502604166666666 0.4505208333333333 0.8580729166666666 0.4479166666666667 0.9036458333333334 0.4479166666666667
2 0.4778645833333333 0.2877604166666667 0.4817708333333333 0.2877604166666667 0.4791666666666667 0.3893229166666667 0.48046875 0.45703125 0.4752604166666667 0.7395833333333334 0.4739583333333333 0.9518229166666666 0.4713541666666667 0.9518229166666666 0.4700520833333333 0.94921875 0.47265625 0.8658854166666666 0.4713541666666667 0.7552083333333334 0.4739583333333333 0.7044270833333334 0.4778645833333333 0.2890625
3 0.22786458333333334 0.53125 0.23177083333333334 0.5416666666666666 0.234375 0.5598958333333334 0.23307291666666666 0.5729166666666666 0.23046875 0.5729166666666666 0.22916666666666666 0.5690104166666666 0.22526041666666666 0.546875 0.21744791666666666 0.5442708333333334 0.21744791666666666 0.5338541666666666 0.2265625 0.53125
3 0.4192708333333333 0.8294270833333334 0.4192708333333333 0.8463541666666666 0.4153645833333333 0.8489583333333334 0.41015625 0.8385416666666666 0.41015625 0.8333333333333334 0.4140625 0.8294270833333334 0.41796875 0.8294270833333334
3 0.48046875 0.24869791666666666 0.484375 0.25 0.4869791666666667 0.2591145833333333 0.4908854166666667 0.26171875 0.4869791666666667 0.2682291666666667 0.4856770833333333 0.2760416666666667 0.48046875 0.2734375 0.48046875 0.25
3 0.3958333333333333 0.63671875 0.4010416666666667 0.6432291666666666 0.4010416666666667 0.6484375 0.3971354166666667 0.6549479166666666 0.390625 0.6471354166666666 0.390625 0.6393229166666666 0.39453125 0.63671875
3 0.4401041666666667 0.4244791666666667 0.4427083333333333 0.4270833333333333 0.44140625 0.4401041666666667 0.4361979166666667 0.4388020833333333 0.4361979166666667 0.42578125 0.4388020833333333 0.4244791666666667
3 0.3658854166666667 0.5481770833333334 0.3697916666666667 0.5494791666666666 0.3723958333333333 0.5572916666666666 0.3723958333333333 0.5638020833333334 0.3684895833333333 0.56640625 0.3645833333333333 0.5651041666666666 0.36328125 0.5598958333333334 0.3658854166666667 0.5494791666666666
3 0.23697916666666666 0.71875 0.24739583333333334 0.71875 0.24739583333333334 0.7330729166666666 0.24479166666666666 0.734375 0.23828125 0.734375 0.234375 0.7317708333333334 0.234375 0.72265625 0.23697916666666666 0.7200520833333334
3 0.4635416666666667 0.71875 0.4661458333333333 0.7252604166666666 0.4661458333333333 0.7421875 0.4609375 0.7408854166666666 0.4583333333333333 0.7317708333333334 0.4583333333333333 0.7239583333333334 0.4622395833333333 0.71875
3 0.3828125 0.22135416666666666 0.3919270833333333 0.2265625 0.390625 0.23958333333333334 0.38671875 0.24348958333333334 0.3802083333333333 0.24479166666666666 0.3815104166666667 0.22265625
3 0.5559895833333334 0.44140625 0.5559895833333334 0.44921875 0.55078125 0.4596354166666667 0.5455729166666666 0.4544270833333333 0.5455729166666666 0.4466145833333333 0.55078125 0.44140625 0.5546875 0.44140625
3 0.5703125 0.6583333333333333 0.56875 0.6749999999999999 0.5734374999999999 0.6833333333333332 0.57578125 0.6680555559895834 0.5703125 0.6583333333333333
3 0.42578125 0.5388888893229167 0.42578125 0.5291666666666667 0.421875 0.5236111106770833 0.41484375 0.5333333333333333 0.4140625 0.54027777734375 0.41796875 0.54722222265625 0.42343749999999997 0.5458333333333333 0.42578125 0.5388888893229167