1 0.5015625 0.4166666666666667 0.5015625 0.41111111067708334 0.5007812500000001 0.40972222265625 0.49765624999999997 0.40972222265625 0.49765624999999997 0.4180555559895833 0.5007812500000001 0.4180555559895833 0.5015625 0.4166666666666667
0 0 0.4140625 0.08854166666666667 0.4166666666666667 0.08984375 0.4192708333333333 0.09635416666666667 0.4192708333333333 0.11067708333333333 0.42578125 0.11979166666666667 0.4348958333333333 0.13411458333333334 0.45703125 0.14322916666666666 0.48828125 0.14713541666666666 0.5234375 0.14583333333333334 0.5455729166666666 0.13671875 0.5859375 0.12630208333333334 0.60546875 0.11458333333333333 0.6197916666666666 0.10026041666666667 0.62890625 0.08463541666666667 0.6315104166666666 0 0.62890625 0 0.6223958333333334 0.09635416666666667 0.6236979166666666 0.10286458333333333 0.62109375 0.1171875 0.609375 0.13151041666666666 0.5872395833333334 0.140625 0.5572916666666666 0.14322916666666666 0.5364583333333334 0.14322916666666666 0.5078125 0.140625 0.5013020833333334 0.13932291666666666 0.484375 0.13671875 0.4817708333333333 0.13671875 0.4765625 0.12760416666666666 0.4544270833333333 0.11067708333333333 0.4322916666666667 0.09114583333333333 0.4231770833333333 0.01953125 0.4205729166666667 0.01171875 0.421875 0 0.4205729166666667 0 0.4153645833333333
0 0.8684895833333334 0.4466145833333333 0.953125 0.44921875 0.9739583333333334 0.4505208333333333 0.9765625 0.453125 0.9739583333333334 0.4557291666666667 0.8580729166666666 0.453125 0.8515625 0.4557291666666667 0.8346354166666666 0.4700520833333333 0.8190104166666666 0.4986979166666667 0.8177083333333334 0.5078125 0.8138020833333334 0.515625 0.8098958333333334 0.5403645833333334 0.8098958333333334 0.5651041666666666 0.8138020833333334 0.5924479166666666 0.8268229166666666 0.6263020833333334 0.8463541666666666 0.6484375 0.8580729166666666 0.6536458333333334 0.9700520833333334 0.6588541666666666 0.9739583333333334 0.66015625 0.9713541666666666 0.6627604166666666 0.86328125 0.66015625 0.8502604166666666 0.65625 0.83984375 0.6497395833333334 0.8229166666666666 0.6276041666666666 0.8229166666666666 0.6236979166666666 0.81640625 0.61328125 0.8151041666666666 0.6041666666666666 0.8125 0.6015625 0.8111979166666666 0.5872395833333334 0.80859375 0.58203125 0.8072916666666666 0.5377604166666666 0.8111979166666666 0.5221354166666666 0.8111979166666666 0.5130208333333334 0.81640625 0.4947916666666667 0.82421875 0.48046875 0.82421875 0.4765625 0.8307291666666666 0.4674479166666667 0.83984375 0.45703125 0.84765625 0.4518229166666667 0.8671875 0.4466145833333333
2 0.48046875 0.12239583333333333 0.4830729166666667 0.1484375 0.48046875 0.3020833333333333 0.4817708333333333 0.39453125 0.4778645833333333 0.40625 0.4817708333333333 0.421875 0.4791666666666667 0.4453125 0.4791666666666667 0.6302083333333334 0.4752604166666667 0.7486979166666666 0.4752604166666667 0.9309895833333334 0.47265625 0.953125 0.4700520833333333 0.92578125 0.4739583333333333 0.7799479166666666 0.47265625 0.7395833333333334 0.4752604166666667 0.6640625 0.4739583333333333 0.6171875 0.48046875 0.12369791666666667
3 0.5611979166666666 0.6731770833333334 0.5677083333333334 0.6744791666666666 0.5716145833333334 0.6783854166666666 0.5716145833333334 0.6888020833333334 0.5651041666666666 0.6927083333333334 0.5598958333333334 0.6744791666666666
3 0.4635416666666667 0.5260416666666666 0.4674479166666667 0.5286458333333334 0.4700520833333333 0.5364583333333334 0.4674479166666667 0.55078125 0.4635416666666667 0.55078125 0.45703125 0.5442708333333334 0.4557291666666667 0.5338541666666666 0.45703125 0.5299479166666666 0.4622395833333333 0.5260416666666666
3 0.4322916666666667 0.62109375 0.4270833333333333 0.6106770833333334 0.4283854166666667 0.6028645833333334 0.4309895833333333 0.6002604166666666 0.4348958333333333 0.6028645833333334 0.4361979166666667 0.609375 0.4361979166666667 0.6197916666666666 0.43359375 0.62109375
3 0.19921875 0.5677083333333334 0.20182291666666666 0.5755208333333334 0.203125 0.6028645833333334 0.19791666666666666 0.6015625 0.1953125 0.5872395833333334 0.18489583333333334 0.578125 0.18619791666666666 0.5716145833333334 0.19010416666666666 0.5677083333333334 0.19791666666666666 0.5677083333333334
3 0.515625 0.24348958333333334 0.5221354166666666 0.2421875 0.5247395833333334 0.24479166666666666 0.5221354166666666 0.2630208333333333 0.51953125 0.2630208333333333 0.515625 0.2565104166666667 0.515625 0.24479166666666666
3 0.4895833333333333 0.3932291666666667 0.4934895833333333 0.4088541666666667 0.4934895833333333 0.4127604166666667 0.4908854166666667 0.4153645833333333 0.484375 0.4075520833333333 0.484375 0.39453125 0.48828125 0.3932291666666667
3 0.26953125 0.7252604166666666 0.2682291666666667 0.71484375 0.2747395833333333 0.7122395833333334 0.2786458333333333 0.7057291666666666 0.2799479166666667 0.7265625 0.2734375 0.7278645833333334 0.2708333333333333 0.7252604166666666
3 0.4739583333333333 0.75390625 0.4752604166666667 0.7877604166666666 0.47265625 0.7877604166666666 0.46875 0.76953125 0.4635416666666667 0.7643229166666666 0.4635416666666667 0.7565104166666666 0.47265625 0.7552083333333334
3 0.3684895833333333 0.25390625 0.3723958333333333 0.26171875 0.3723958333333333 0.2747395833333333 0.3658854166666667 0.2747395833333333 0.3658854166666667 0.2708333333333333 0.3606770833333333 0.2630208333333333 0.36328125 0.2565104166666667 0.3671875 0.25390625
3 0.3932291666666667 0.5716145833333334 0.3958333333333333 0.57421875 0.3958333333333333 0.5885416666666666 0.3932291666666667 0.5911458333333334 0.3893229166666667 0.5885416666666666 0.38671875 0.58203125 0.38671875 0.5768229166666666 0.3919270833333333 0.5716145833333334
3 0.5846354166666666 0.4309895833333333 0.5885416666666666 0.4322916666666667 0.58984375 0.4375 0.5885416666666666 0.453125 0.5833333333333334 0.453125 0.5807291666666666 0.4479166666666667 0.58203125 0.4361979166666667 0.5846354166666666 0.4322916666666667
3 0.4440104166666667 0.8515625 0.4466145833333333 0.8515625 0.44921875 0.8697916666666666 0.44921875 0.8776041666666666 0.4466145833333333 0.8815104166666666 0.44140625 0.8736979166666666 0.4401041666666667 0.86328125 0.4440104166666667 0.8528645833333334