1 0.38046874999999997 0.18611111067708333 0.38046874999999997 0.18194444401041665 0.3796875 0.17916666666666667 0.37734375000000003 0.17916666666666667 0.37656249999999997 0.1805555559895833 0.37656249999999997 0.1875 0.3796875 0.1875 0.38046874999999997 0.18611111067708333
0 0 0.4205729166666667 0.09244791666666667 0.4244791666666667 0.11067708333333333 0.4322916666666667 0.13020833333333334 0.45703125 0.13020833333333334 0.4609375 0.13411458333333334 0.4661458333333333 0.14192708333333334 0.4908854166666667 0.14322916666666666 0.51171875 0.14583333333333334 0.5182291666666666 0.14583333333333334 0.53515625 0.14322916666666666 0.5364583333333334 0.140625 0.5 0.13151041666666666 0.4700520833333333 0.125 0.45703125 0.10677083333333333 0.4361979166666667 0.08854166666666667 0.4296875 0.009114583333333334 0.4270833333333333 0 0.42578125 0 0.421875
0 0.8567708333333334 0.4583333333333333 0.94921875 0.4583333333333333 0.9505208333333334 0.4609375 0.9778645833333334 0.4609375 0.9817708333333334 0.4635416666666667 0.98046875 0.4661458333333333 0.9010416666666666 0.4635416666666667 0.8619791666666666 0.4635416666666667 0.85546875 0.4661458333333333 0.8385416666666666 0.4791666666666667 0.8268229166666666 0.4973958333333333 0.8190104166666666 0.51953125 0.8138020833333334 0.55078125 0.8138020833333334 0.5768229166666666 0.8190104166666666 0.6080729166666666 0.8307291666666666 0.63671875 0.84375 0.6536458333333334 0.86328125 0.6640625 0.9466145833333334 0.6666666666666666 0.9479166666666666 0.6692708333333334 0.9778645833333334 0.671875 0.9778645833333334 0.67578125 0.9674479166666666 0.67578125 0.87109375 0.671875 0.8580729166666666 0.6692708333333334 0.84375 0.66015625 0.828125 0.640625 0.81640625 0.61328125 0.8151041666666666 0.5989583333333334 0.8125 0.5950520833333334 0.8125 0.5364583333333334 0.81640625 0.515625 0.828125 0.4869791666666667 0.8346354166666666 0.4765625 0.84375 0.4674479166666667 0.8567708333333334 0.4596354166666667
2 0.4765625 0.5052083333333334 0.4791666666666667 0.51171875 0.4791666666666667 0.52734375 0.4817708333333333 0.5325520833333334 0.4765625 0.8177083333333334 0.4778645833333333 0.8802083333333334 0.4752604166666667 0.8854166666666666 0.4752604166666667 0.9609375 0.4739583333333333 0.9635416666666666 0.47265625 0.9622395833333334 0.4713541666666667 0.9348958333333334 0.4752604166666667 0.80078125 0.4739583333333333 0.7591145833333334 0.4778645833333333 0.578125 0.4765625 0.5065104166666666
3 0.39453125 0.5403645833333334 0.3984375 0.5390625 0.4010416666666667 0.5455729166666666 0.4010416666666667 0.5559895833333334 0.3984375 0.5559895833333334 0.3932291666666667 0.55078125 0.39453125 0.5416666666666666
3 0.5234375 0.19401041666666666 0.5260416666666666 0.19401041666666666 0.5299479166666666 0.203125 0.5286458333333334 0.21484375 0.5260416666666666 0.21875 0.5234375 0.21744791666666666 0.5234375 0.1953125
3 0.13671875 0.5325520833333334 0.14192708333333334 0.5364583333333334 0.14322916666666666 0.5403645833333334 0.14322916666666666 0.5572916666666666 0.14583333333333334 0.5651041666666666 0.14453125 0.5703125 0.140625 0.5690104166666666 0.13932291666666666 0.55078125 0.13411458333333334 0.546875 0.12890625 0.546875 0.12760416666666666 0.5442708333333334 0.12760416666666666 0.5338541666666666 0.13020833333333334 0.53125 0.13541666666666666 0.5325520833333334
3 0.4244791666666667 0.6015625 0.4270833333333333 0.6067708333333334 0.4270833333333333 0.6171875 0.4244791666666667 0.6184895833333334 0.4192708333333333 0.6171875 0.4205729166666667 0.6028645833333334 0.4231770833333333 0.6015625
3 0.2578125 0.7180989583333334 0.014322916666666666 0.022135416666666668
3 0.48828125 0.7434895833333334 0.4908854166666667 0.7486979166666666 0.4895833333333333 0.765625 0.484375 0.7630208333333334 0.4869791666666667 0.7447916666666666
3 0.4322916666666667 0.4088541666666667 0.4296875 0.40234375 0.4322916666666667 0.39453125 0.4361979166666667 0.39453125 0.4375 0.3984375 0.4375 0.4075520833333333 0.4361979166666667 0.41015625 0.43359375 0.4088541666666667
3 0.6015625 0.3606770833333333 0.6041666666666666 0.3723958333333333 0.6028645833333334 0.3802083333333333 0.5989583333333334 0.3828125 0.5963541666666666 0.3815104166666667 0.5950520833333334 0.375 0.59765625 0.3619791666666667 0.6002604166666666 0.3606770833333333
3 0.4765625 0.5013020833333334 0.4765625 0.484375 0.48046875 0.4752604166666667 0.4856770833333333 0.4817708333333333 0.4869791666666667 0.4973958333333333 0.484375 0.50390625 0.48046875 0.50390625 0.4778645833333333 0.5013020833333334
3 0.5950520833333334 0.6796875 0.5989583333333334 0.68359375 0.5989583333333334 0.6953125 0.5950520833333334 0.7005208333333334 0.5924479166666666 0.7005208333333334 0.5885416666666666 0.6901041666666666 0.58984375 0.68359375 0.59375 0.6796875
3 0.4244791666666667 0.7408854166666666 0.4270833333333333 0.7408854166666666 0.4283854166666667 0.7434895833333334 0.4270833333333333 0.7591145833333334 0.4244791666666667 0.7630208333333334 0.41796875 0.7604166666666666 0.41796875 0.7526041666666666 0.4244791666666667 0.7421875
3 0.371875 0.16388888932291668 0.37265624999999997 0.1625 0.37265624999999997 0.15694444401041666 0.371875 0.15555555598958334 0.371875 0.15138888932291666 0.3703125 0.14444444401041667 0.3671875 0.14166666666666666 0.3640625 0.14305555598958333 0.3625 0.14583333333333334 0.3625 0.15138888932291666 0.36953125000000003 0.16527777734375002 0.371875 0.16388888932291668