1 0.6984374999999999 0.28472222265624997 0.6984374999999999 0.2791666666666667 0.6945312499999999 0.27777777734375003 0.69375 0.2833333333333333 0.6984374999999999 0.28472222265624997
0 0.9986979166666666 0.4322916666666667 0.9986979166666666 0.4388020833333333 0.9166666666666666 0.44140625 0.90234375 0.4466145833333333 0.8893229166666666 0.4583333333333333 0.8893229166666666 0.4609375 0.87890625 0.4739583333333333 0.8671875 0.5104166666666666 0.8671875 0.5716145833333334 0.8736979166666666 0.5963541666666666 0.890625 0.6263020833333334 0.8997395833333334 0.6354166666666666 0.9192708333333334 0.6419270833333334 0.9986979166666666 0.6393229166666666 0.9986979166666666 0.6471354166666666 0.9622395833333334 0.6484375 0.9114583333333334 0.6484375 0.9075520833333334 0.64453125 0.8997395833333334 0.6419270833333334 0.8841145833333334 0.6263020833333334 0.8763020833333334 0.61328125 0.8645833333333334 0.5794270833333334 0.8619791666666666 0.5559895833333334 0.8645833333333334 0.5052083333333334 0.8723958333333334 0.4791666666666667 0.8841145833333334 0.45703125 0.8919270833333334 0.4479166666666667 0.90625 0.4375 0.9231770833333334 0.43359375 0.9973958333333334 0.4322916666666667
0 0.03515625 0.4661458333333333 0.15234375 0.4635416666666667 0.1640625 0.46875 0.17578125 0.4791666666666667 0.19010416666666666 0.5026041666666666 0.19791666666666666 0.52734375 0.19921875 0.5455729166666666 0.20182291666666666 0.55078125 0.20182291666666666 0.5872395833333334 0.19921875 0.59375 0.19791666666666666 0.6119791666666666 0.18229166666666666 0.6497395833333334 0.16276041666666666 0.6692708333333334 0.15494791666666666 0.6731770833333334 0.13671875 0.67578125 0.0390625 0.6783854166666666 0.036458333333333336 0.6770833333333334 0.037760416666666664 0.6731770833333334 0.1484375 0.6692708333333334 0.14973958333333334 0.6666666666666666 0.15364583333333334 0.6666666666666666 0.16666666666666666 0.6588541666666666 0.17578125 0.6497395833333334 0.1875 0.6302083333333334 0.1953125 0.6080729166666666 0.19921875 0.5807291666666666 0.19921875 0.55078125 0.19270833333333334 0.5208333333333334 0.18359375 0.4986979166666667 0.16927083333333334 0.4791666666666667 0.15885416666666666 0.4713541666666667 0.1484375 0.4674479166666667 0.11848958333333333 0.4700520833333333 0.10416666666666667 0.46875 0.03515625 0.4713541666666667 0.03515625 0.4674479166666667
2 0.52734375 0.140625 0.5299479166666666 0.15625 0.5286458333333334 0.20963541666666666 0.53125 0.3528645833333333 0.53125 0.5729166666666666 0.5338541666666666 0.6015625 0.5364583333333334 0.8736979166666666 0.53515625 0.91796875 0.5377604166666666 0.9401041666666666 0.5364583333333334 0.9674479166666666 0.5338541666666666 0.9661458333333334 0.5325520833333334 0.9479166666666666 0.53125 0.6614583333333334 0.5286458333333334 0.62109375 0.52734375 0.4713541666666667 0.52734375 0.17838541666666666 0.5247395833333334 0.17317708333333334 0.52734375 0.14192708333333334
3 0.3489583333333333 0.5677083333333334 0.3515625 0.5768229166666666 0.3450520833333333 0.5846354166666666 0.33984375 0.5794270833333334 0.33984375 0.5729166666666666 0.34375 0.5677083333333334 0.34765625 0.5677083333333334
3 0.4036458333333333 0.3098958333333333 0.4088541666666667 0.3111979166666667 0.4075520833333333 0.328125 0.4036458333333333 0.3255208333333333 0.40234375 0.3216145833333333 0.4036458333333333 0.3111979166666667
3 0.5625 0.22265625 0.5677083333333334 0.22395833333333334 0.56640625 0.23697916666666666 0.5625 0.2421875 0.5598958333333334 0.24088541666666666 0.5598958333333334 0.22786458333333334 0.5625 0.22395833333333334
3 0.5104166666666666 0.2786458333333333 0.51171875 0.3020833333333333 0.5078125 0.3046875 0.5052083333333334 0.3020833333333333 0.50390625 0.28515625 0.5052083333333334 0.28125 0.5091145833333334 0.2786458333333333
3 0.6705729166666666 0.23177083333333334 0.6796875 0.23697916666666666 0.6783854166666666 0.25390625 0.6744791666666666 0.2578125 0.6692708333333334 0.2552083333333333 0.66796875 0.24739583333333334 0.671875 0.23828125 0.6692708333333334 0.23307291666666666
3 0.3971354166666667 0.703125 0.3984375 0.70703125 0.39453125 0.71484375 0.39453125 0.73046875 0.390625 0.7369791666666666 0.3880208333333333 0.7356770833333334 0.3880208333333333 0.7044270833333334 0.3958333333333333 0.703125
3 0.44921875 0.8697916666666666 0.4518229166666667 0.87109375 0.453125 0.8776041666666666 0.4596354166666667 0.8854166666666666 0.4557291666666667 0.8997395833333334 0.44921875 0.8984375 0.4466145833333333 0.89453125 0.4479166666666667 0.87109375
3 0.43359375 0.4010416666666667 0.4375 0.41015625 0.4361979166666667 0.4205729166666667 0.43359375 0.4244791666666667 0.4270833333333333 0.4231770833333333 0.4244791666666667 0.41796875 0.4244791666666667 0.4049479166666667 0.4270833333333333 0.4010416666666667 0.4322916666666667 0.4010416666666667
3 0.4869791666666667 0.4713541666666667 0.4895833333333333 0.4752604166666667 0.48828125 0.48828125 0.484375 0.48828125 0.48046875 0.4817708333333333 0.4817708333333333 0.4765625 0.4856770833333333 0.47265625
3 0.20963541666666666 0.45703125 0.20963541666666666 0.4609375 0.203125 0.4700520833333333 0.19661458333333334 0.46875 0.19140625 0.4622395833333333 0.19140625 0.4544270833333333 0.1953125 0.44921875 0.19921875 0.44921875 0.20442708333333334 0.4557291666666667 0.20833333333333334 0.45703125
3 0.28125 0.3046875 0.29296875 0.3059895833333333 0.2916666666666667 0.3177083333333333 0.2864583333333333 0.32421875 0.28125 0.3138020833333333 0.28125 0.3059895833333333
3 0.3502604166666667 0.6393229166666666 0.3541666666666667 0.6432291666666666 0.359375 0.64453125 0.3606770833333333 0.6484375 0.3515625 0.6588541666666666 0.34765625 0.6588541666666666 0.3450520833333333 0.6536458333333334 0.3450520833333333 0.640625 0.3489583333333333 0.6393229166666666