1 0.56875 0.69027777734375 0.56875 0.6861111106770833 0.5671875000000001 0.6833333333333332 0.5656249999999999 0.68472222265625 0.56484375 0.6875 0.5656249999999999 0.6916666666666668 0.56796875 0.6916666666666668 0.56875 0.69027777734375
0 0 0.4114583333333333 0.036458333333333336 0.4140625 0.08463541666666667 0.4140625 0.09505208333333333 0.4166666666666667 0.09635416666666667 0.4192708333333333 0.10546875 0.4231770833333333 0.11588541666666667 0.4322916666666667 0.13020833333333334 0.4557291666666667 0.13802083333333334 0.4817708333333333 0.14192708333333334 0.5130208333333334 0.14192708333333334 0.5364583333333334 0.13411458333333334 0.5768229166666666 0.13020833333333334 0.5885416666666666 0.11848958333333333 0.6080729166666666 0.10677083333333333 0.6197916666666666 0.09635416666666667 0.6236979166666666 0.09244791666666667 0.6276041666666666 0 0.6263020833333334 0 0.6197916666666666 0.08723958333333333 0.6223958333333334 0.09895833333333333 0.6184895833333334 0.11328125 0.60546875 0.125 0.5885416666666666 0.13541666666666666 0.55859375 0.13671875 0.5416666666666666 0.13932291666666666 0.5364583333333334 0.13932291666666666 0.5091145833333334 0.13671875 0.50390625 0.13541666666666666 0.4830729166666667 0.12630208333333334 0.45703125 0.11067708333333333 0.43359375 0.10026041666666667 0.42578125 0.0859375 0.4205729166666667 0 0.4192708333333333 0 0.4127604166666667
0 0.9361979166666666 0.4453125 0.9661458333333334 0.4466145833333333 0.9674479166666666 0.4518229166666667 0.8515625 0.44921875 0.8359375 0.45703125 0.8229166666666666 0.47265625 0.8098958333333334 0.5 0.8059895833333334 0.5260416666666666 0.8033854166666666 0.53125 0.8033854166666666 0.5638020833333334 0.8072916666666666 0.5885416666666666 0.8138020833333334 0.6080729166666666 0.8255208333333334 0.62890625 0.8385416666666666 0.6419270833333334 0.8541666666666666 0.6497395833333334 0.96484375 0.6536458333333334 0.96484375 0.6588541666666666 0.87109375 0.65625 0.8463541666666666 0.65234375 0.8359375 0.6471354166666666 0.8203125 0.62890625 0.80859375 0.60546875 0.8033854166666666 0.5846354166666666 0.80078125 0.5611979166666666 0.80078125 0.5325520833333334 0.8046875 0.5078125 0.8151041666666666 0.4778645833333333 0.828125 0.4583333333333333 0.8411458333333334 0.4479166666666667 0.8515625 0.4440104166666667 0.9348958333333334 0.4453125
2 0.4700520833333333 0.4895833333333333 0.4752604166666667 0.4908854166666667 0.4739583333333333 0.6328125 0.4713541666666667 0.6666666666666666 0.47265625 0.7044270833333334 0.4700520833333333 0.9401041666666666 0.4674479166666667 0.9466145833333334 0.4661458333333333 0.9140625 0.4700520833333333 0.6575520833333334 0.46875 0.6158854166666666 0.4713541666666667 0.5989583333333334 0.4700520833333333 0.4908854166666667
3 0.6171875 0.16536458333333334 0.6236979166666666 0.16536458333333334 0.6263020833333334 0.171875 0.6197916666666666 0.19140625 0.6158854166666666 0.19010416666666666 0.61328125 0.18619791666666666 0.61328125 0.18098958333333334 0.6171875 0.16666666666666666
3 0.6028645833333334 0.8815104166666666 0.60546875 0.8828125 0.6106770833333334 0.8932291666666666 0.609375 0.9114583333333334 0.6015625 0.9114583333333334 0.5989583333333334 0.8919270833333334 0.5989583333333334 0.8854166666666666 0.6015625 0.8828125
3 0.8424479166666666 0.5260416666666666 0.8502604166666666 0.5338541666666666 0.8502604166666666 0.5390625 0.8450520833333334 0.5442708333333334 0.8385416666666666 0.5442708333333334 0.8307291666666666 0.5364583333333334 0.83203125 0.5325520833333334 0.8411458333333334 0.5260416666666666
3 0.4466145833333333 0.6419270833333334 0.4505208333333333 0.6458333333333334 0.4518229166666667 0.6510416666666666 0.4505208333333333 0.66015625 0.4453125 0.66015625 0.4440104166666667 0.6575520833333334 0.4453125 0.6432291666666666
3 0.26171875 0.3177083333333333 0.2630208333333333 0.3385416666666667 0.2526041666666667 0.328125 0.25390625 0.3190104166666667 0.2578125 0.31640625 0.2604166666666667 0.3177083333333333
3 0.4869791666666667 0.14453125 0.4934895833333333 0.15104166666666666 0.4934895833333333 0.16796875 0.4908854166666667 0.18098958333333334 0.4869791666666667 0.18229166666666666 0.484375 0.17057291666666666 0.48046875 0.16796875 0.48046875 0.15234375 0.4830729166666667 0.14973958333333334 0.4830729166666667 0.14583333333333334 0.4856770833333333 0.14583333333333334
3 0.20052083333333334 0.15494791666666666 0.20442708333333334 0.15364583333333334 0.2109375 0.15625 0.21354166666666666 0.16276041666666666 0.21354166666666666 0.171875 0.20963541666666666 0.17447916666666666 0.20572916666666666 0.17317708333333334 0.203125 0.171875 0.19921875 0.16276041666666666 0.20052083333333334 0.15625
3 0.08203125 0.4791666666666667 0.09244791666666667 0.4817708333333333 0.09505208333333333 0.4778645833333333 0.09895833333333333 0.4778645833333333 0.09765625 0.4895833333333333 0.08463541666666667 0.49609375 0.08072916666666667 0.4934895833333333 0.07942708333333333 0.48828125 0.08203125 0.48046875
3 0.6789062499999999 0.5569444440104167 0.67421875 0.5569444440104167 0.6734375 0.57222222265625 0.678125 0.5791666666666667 0.68203125 0.5638888893229167 0.6789062499999999 0.5569444440104167
3 0.47500000000000003 0.47361111067708334 0.47578125 0.4805555559895833 0.48046875 0.4791666666666667 0.48046875 0.47222222265625 0.47500000000000003 0.47361111067708334
3 0.69296875 0.7263888893229167 0.6875 0.7291666666666666 0.6867187499999999 0.7416666666666667 0.6921875000000001 0.75277777734375 0.6953125 0.7319444440104167 0.69296875 0.7263888893229167
3 0.39375 0.85972222265625 0.3828125 0.86527777734375 0.38203125 0.8736111106770833 0.38671875 0.8819444440104167 0.39218749999999997 0.875 0.39375 0.85972222265625