0 0 0.41527777734375 0.08046874999999999 0.4180555559895833 0.10546875 0.4319444440104167 0.1203125 0.45416666666666666 0.12890625 0.4763888893229167 0.13515625 0.5104166666666666 0.13203125000000002 0.5513888893229166 0.12890625 0.5583333333333333 0.13359374999999998 0.5555555559895834 0.13671875 0.5305555559895833 0.13359374999999998 0.48333333333333334 0.1265625 0.4583333333333333 0.1140625 0.43472222265625 0.08984375 0.4138888893229167 0.03671875 0.40972222265625 0 0.40972222265625 0 0.41527777734375
3 0.0609375 0.5583333333333333 0.055468750000000004 0.5416666666666666 0.04296875 0.5416666666666666 0.043750000000000004 0.5541666666666667 0.053906249999999996 0.5541666666666667 0.05703125 0.5611111106770833 0.0609375 0.5583333333333333
3 0.134375 0.5819444440104167 0.140625 0.5875 0.14765625000000002 0.5791666666666667 0.1484375 0.57222222265625 0.13984375000000002 0.5750000000000001 0.1328125 0.5666666666666667 0.1265625 0.5791666666666667 0.1265625 0.5888888893229166 0.134375 0.5819444440104167
3 0.20078125 0.42222222265625 0.20078125 0.4291666666666667 0.209375 0.43611111067708336 0.21796875000000002 0.4291666666666667 0.2046875 0.41944444401041664 0.20078125 0.42222222265625
3 0.16484374999999998 0.80277777734375 0.16328125000000002 0.8069444440104167 0.16796875 0.8166666666666668 0.178125 0.8194444440104167 0.18203125 0.7986111106770833 0.16484374999999998 0.80277777734375
3 0.2265625 0.20972222265624998 0.22734374999999998 0.22083333333333333 0.23359375000000002 0.22916666666666666 0.23828125 0.22777777734375002 0.23750000000000002 0.21944444401041666 0.2265625 0.20972222265624998
3 0.41796875 0.30972222265625 0.41328125 0.30416666666666664 0.40546875 0.30972222265625 0.40781249999999997 0.32916666666666666 0.4140625 0.3361111106770833 0.41796875 0.3319444440104167 0.41796875 0.30972222265625
3 0.46171875 0.30694444401041665 0.45859374999999997 0.31944444401041666 0.46640624999999997 0.33055555598958336 0.47031249999999997 0.31805555598958335 0.46640624999999997 0.30833333333333335 0.46171875 0.30694444401041665
2 0.4734375 0.35277777734375 0.47031249999999997 0.3333333333333333 0.46875 0.35000000000000003 0.46640624999999997 0.6138888893229166 0.46953125 0.625 0.4734375 0.40972222265625 0.4734375 0.35277777734375
2 0.46796875 0.44861111067708337 0.46718750000000003 0.60972222265625 0.47031249999999997 0.6055555559895833 0.471875 0.4611111106770833 0.47031249999999997 0.44444444401041666 0.46796875 0.44861111067708337
3 0.5031249999999999 0.5041666666666667 0.50546875 0.4916666666666667 0.5007812500000001 0.4916666666666667 0.5 0.5 0.5031249999999999 0.5041666666666667
3 0.45390625 0.6875 0.45625 0.67222222265625 0.45 0.6694444440104167 0.4453125 0.67222222265625 0.45390625 0.6875
3 0.38125000000000003 0.6888888893229167 0.378125 0.67777777734375 0.37109375 0.6861111106770833 0.37265624999999997 0.6958333333333333 0.38125000000000003 0.6888888893229167
3 0.41328125 0.8541666666666666 0.41250000000000003 0.8347222226562501 0.40703125 0.8347222226562501 0.40625 0.8472222226562499 0.41328125 0.8541666666666666
0 0 0.6236111106770833 0.0859375 0.625 0.109375 0.60972222265625 0.1203125 0.5930555559895833 0.12343749999999999 0.5861111106770833 0.121875 0.5819444440104167 0.1046875 0.6083333333333333 0.08671875 0.6208333333333333 0 0.6180555559895834 0 0.6236111106770833
1 0.12968749999999998 0.5819444440104167 0.1265625 0.5819444440104167 0.12578124999999998 0.5833333333333334 0.125 0.5875 0.1265625 0.59027777734375 0.12968749999999998 0.59027777734375 0.12968749999999998 0.5819444440104167
0 0.80703125 0.4944444440104167 0.8015625000000001 0.5166666666666667 0.803125 0.5361111106770834 0.80859375 0.5013888893229167 0.8156249999999999 0.48472222265625 0.82447890625 0.47037083333333335 0.8453125 0.4513888893229167 0.9671875 0.45277777734375 0.9679687499999999 0.44861111067708337 0.8445312500000001 0.4458333333333333 0.81796875 0.4708333333333334 0.80703125 0.4944444440104167
2 0.4640625 0.7513888893229167 0.46249999999999997 0.8638888893229167 0.46328125000000003 0.8708333333333332 0.46640624999999997 0.8708333333333332 0.46718750000000003 0.6916666666666668 0.4640625 0.7513888893229167
2 0.46640624999999997 0.85972222265625 0.46640624999999997 0.75972222265625 0.465625 0.7638888893229167 0.4640625 0.8486111106770834 0.46640624999999997 0.85972222265625
0 0.82578125 0.6319444440104166 0.8117187499999999 0.6069444440104167 0.8046875 0.5791666666666667 0.80234375 0.5388888893229167 0.7999999999999999 0.5375 0.7999999999999999 0.5736111106770834 0.80625 0.6041666666666666 0.81640625 0.62777777734375 0.8328125000000001 0.64722222265625 0.85546875 0.6569444440104167 0.96484375 0.6583333333333333 0.9640624999999999 0.6541666666666667 0.859375 0.6513888893229166 0.83828125 0.6444444440104167 0.82578125 0.6319444440104166
2 0.46718750000000003 0.6805555559895833 0.47031249999999997 0.62777777734375 0.46640624999999997 0.6263888893229167 0.46718750000000003 0.6805555559895833
2 0.4734375 0.30416666666666664 0.4734375 0.12222222265625 0.47031249999999997 0.14027777734375 0.46953125 0.29583333333333334 0.4734375 0.30416666666666664
2 0.46640624999999997 0.6291666666666667 0.46328125000000003 0.6819444440104167 0.46640624999999997 0.6944444440104167 0.47031249999999997 0.67777777734375 0.47031249999999997 0.6305555559895833 0.46640624999999997 0.6291666666666667
2 0.46484375 0.9444444440104167 0.46640624999999997 0.8736111106770833 0.46328125000000003 0.875 0.46249999999999997 0.9430555559895833 0.46484375 0.9444444440104167
3 0.79296875 0.5361111106770834 0.7875 0.5236111106770833 0.775 0.5263888893229166 0.7734375 0.5291666666666667 0.7820312500000001 0.5444444440104167 0.7859375000000001 0.5458333333333333 0.79296875 0.5361111106770834