1 0.6453125000000001 0.59027777734375 0.646875 0.5930555559895833 0.6476562499999999 0.5930555559895833 0.6492187500000001 0.59027777734375 0.6492187500000001 0.58472222265625 0.6476562499999999 0.5819444440104167 0.646875 0.5819444440104167 0.6453125000000001 0.58472222265625 0.6453125000000001 0.59027777734375
0 0.14322916666666666 0.4973958333333333 0.14583333333333334 0.5260416666666666 0.14322916666666666 0.53515625 0.14192708333333334 0.5611979166666666 0.13411458333333334 0.5872395833333334 0.11458333333333333 0.6171875 0.1015625 0.6263020833333334 0.08854166666666667 0.6302083333333334 0 0.6263020833333334 0 0.6197916666666666 0.09505208333333333 0.6223958333333334 0.10677083333333333 0.6158854166666666 0.12369791666666667 0.5963541666666666 0.13541666666666666 0.5703125 0.13671875 0.55859375 0.13932291666666666 0.5559895833333334 0.140625 0.5481770833333334 0.14322916666666666 0.4986979166666667
0 0.8815104166666666 0.44921875 0.9544270833333334 0.4518229166666667 0.9674479166666666 0.453125 0.9700520833333334 0.4544270833333333 0.9700520833333334 0.45703125 0.96875 0.4596354166666667 0.94140625 0.4596354166666667 0.9401041666666666 0.45703125 0.8541666666666666 0.4544270833333333 0.8372395833333334 0.46484375 0.8268229166666666 0.4752604166666667 0.8138020833333334 0.4986979166666667 0.8059895833333334 0.53515625 0.8059895833333334 0.5768229166666666 0.8151041666666666 0.61328125 0.8268229166666666 0.6341145833333334 0.83984375 0.6484375 0.8502604166666666 0.6536458333333334 0.86328125 0.65625 0.9661458333333334 0.66015625 0.9661458333333334 0.6640625 0.8671875 0.6614583333333334 0.8489583333333334 0.6588541666666666 0.8307291666666666 0.6471354166666666 0.8307291666666666 0.64453125 0.81640625 0.6263020833333334 0.81640625 0.6223958333333334 0.80859375 0.6067708333333334 0.8033854166666666 0.58203125 0.8020833333333334 0.5442708333333334 0.8072916666666666 0.5091145833333334 0.81640625 0.484375 0.828125 0.4661458333333333 0.84375 0.453125 0.85546875 0.44921875 0.8802083333333334 0.44921875
2 0.4739583333333333 0.5234375 0.4778645833333333 0.5286458333333334 0.4778645833333333 0.546875 0.4752604166666667 0.55078125 0.4739583333333333 0.7630208333333334 0.4713541666666667 0.7916666666666666 0.4713541666666667 0.9348958333333334 0.4700520833333333 0.94921875 0.4674479166666667 0.9479166666666666 0.4674479166666667 0.8919270833333334 0.4700520833333333 0.86328125 0.46875 0.765625 0.4739583333333333 0.5247395833333334
3 0.6028645833333334 0.6796875 0.6106770833333334 0.6848958333333334 0.609375 0.6979166666666666 0.6041666666666666 0.7005208333333334 0.59765625 0.6927083333333334 0.59765625 0.6861979166666666 0.6015625 0.6809895833333334
3 0.533203125 0.2858072916666667 0.018229166666666668 0.027994791666666668
3 0.5768229166666666 0.7591145833333334 0.578125 0.7747395833333334 0.57421875 0.78125 0.5703125 0.77734375 0.5677083333333334 0.7682291666666666 0.5755208333333334 0.7591145833333334
3 0.64453125 0.4322916666666667 0.6575520833333334 0.4270833333333333 0.6614583333333334 0.4348958333333333 0.6588541666666666 0.4427083333333333 0.6588541666666666 0.46875 0.65625 0.4700520833333333 0.6510416666666666 0.4635416666666667 0.65234375 0.4453125 0.64453125 0.4401041666666667 0.64453125 0.43359375
3 0.44921875 0.4713541666666667 0.4440104166666667 0.4661458333333333 0.4453125 0.4505208333333333 0.4505208333333333 0.4466145833333333 0.4557291666666667 0.453125 0.4557291666666667 0.4661458333333333 0.4505208333333333 0.4700520833333333
3 0.2799479166666667 0.2591145833333333 0.2864583333333333 0.2747395833333333 0.2864583333333333 0.2799479166666667 0.2838541666666667 0.28125 0.2760416666666667 0.2747395833333333 0.2734375 0.2682291666666667 0.2734375 0.2630208333333333 0.2786458333333333 0.2591145833333333
3 0.8450520833333334 0.5755208333333334 0.8463541666666666 0.5885416666666666 0.8450520833333334 0.5924479166666666 0.8372395833333334 0.5989583333333334 0.8307291666666666 0.5989583333333334 0.828125 0.5950520833333334 0.8346354166666666 0.5872395833333334 0.8385416666666666 0.5768229166666666 0.84375 0.5755208333333334
3 0.48593749999999997 0.5291666666666667 0.4875 0.5166666666666667 0.48359375 0.5111111106770834 0.47734375 0.52222222265625 0.48593749999999997 0.5291666666666667
3 0.4421875 0.8402777773437501 0.44609375 0.8236111106770833 0.43515624999999997 0.82222222265625 0.43515624999999997 0.8319444440104166 0.4421875 0.8402777773437501
3 0.32890625 0.8041666666666667 0.32890625 0.7888888893229167 0.32109375 0.7958333333333334 0.32109375 0.8069444440104167 0.32890625 0.8041666666666667
3 0.12343749999999999 0.48194444401041664 0.12812500000000002 0.4666666666666666 0.11953124999999999 0.4666666666666666 0.11875000000000001 0.4763888893229167 0.12343749999999999 0.48194444401041664
3 0.515625 0.7194444440104166 0.51171875 0.7291666666666666 0.5187499999999999 0.7361111106770833 0.521875 0.7333333333333334 0.5226562499999999 0.7263888893229167 0.515625 0.7194444440104166