1 0.53753125 0.6479111106770833 0.53915625 0.6510194440104167 0.54053125 0.6519083333333333 0.5422812499999999 0.64990972265625 0.542578125 0.6454444440104167 0.54053125 0.64280277734375 0.53821875 0.6443569440104167 0.53753125 0.6479111106770833
0 0.9010416666666666 0.4166666666666667 0.91015625 0.4140625 0.9986979166666666 0.4114583333333333 0.9986979166666666 0.4192708333333333 0.91015625 0.4205729166666667 0.8932291666666666 0.4283854166666667 0.8828125 0.4375 0.87109375 0.45703125 0.86328125 0.4778645833333333 0.8619791666666666 0.4921875 0.859375 0.4973958333333333 0.859375 0.54296875 0.8619791666666666 0.546875 0.86328125 0.5611979166666666 0.87109375 0.5846354166666666 0.8854166666666666 0.6041666666666666 0.8854166666666666 0.6067708333333334 0.8919270833333334 0.61328125 0.9075520833333334 0.62109375 0.9986979166666666 0.6184895833333334 0.9986979166666666 0.6263020833333334 0.9075520833333334 0.6276041666666666 0.8919270833333334 0.6197916666666666 0.8841145833333334 0.61328125 0.8671875 0.5872395833333334 0.8567708333333334 0.5481770833333334 0.8567708333333334 0.4947916666666667 0.8684895833333334 0.453125 0.8802083333333334 0.43359375 0.8880208333333334 0.42578125 0.9010416666666666 0.41796875
0 0.15364583333333334 0.4453125 0.17057291666666666 0.45703125 0.17057291666666666 0.4596354166666667 0.17838541666666666 0.46875 0.18880208333333334 0.4908854166666667 0.19401041666666666 0.5091145833333334 0.19791666666666666 0.5377604166666666 0.19791666666666666 0.5546875 0.19401041666666666 0.5885416666666666 0.18619791666666666 0.6119791666666666 0.17447916666666666 0.6328125 0.15885416666666666 0.6484375 0.15234375 0.6510416666666666 0.12369791666666667 0.6549479166666666 0.08072916666666667 0.6549479166666666 0.059895833333333336 0.6575520833333334 0.033854166666666664 0.6575520833333334 0.032552083333333336 0.6536458333333334 0.03515625 0.65234375 0.14453125 0.6484375 0.14583333333333334 0.6458333333333334 0.15234375 0.64453125 0.16276041666666666 0.6380208333333334 0.17317708333333334 0.6276041666666666 0.18098958333333334 0.6145833333333334 0.19140625 0.5859375 0.1953125 0.5377604166666666 0.19270833333333334 0.53125 0.19140625 0.51171875 0.18489583333333334 0.4895833333333333 0.17317708333333334 0.46875 0.15625 0.4518229166666667 0.13932291666666666 0.4466145833333333 0.06640625 0.4505208333333333 0.028645833333333332 0.44921875 0.033854166666666664 0.4453125 0.1015625 0.4427083333333333 0.14713541666666666 0.4427083333333333 0.15234375 0.4453125
2 0.5234375 0.5325520833333334 0.5286458333333334 0.5325520833333334 0.5260416666666666 0.5403645833333334 0.53125 0.83984375 0.53125 0.9453125 0.5286458333333334 0.9453125 0.52734375 0.92578125 0.52734375 0.7265625 0.5247395833333334 0.6822916666666666 0.5234375 0.5338541666666666
3 0.37890625 0.16145833333333334 0.3815104166666667 0.1640625 0.3854166666666667 0.18359375 0.3828125 0.18619791666666666 0.37890625 0.18619791666666666 0.3723958333333333 0.17447916666666666 0.3723958333333333 0.16666666666666666 0.375 0.16276041666666666 0.3776041666666667 0.16276041666666666
3 0.796875 0.14583333333333334 0.80078125 0.14583333333333334 0.8033854166666666 0.15494791666666666 0.7955729166666666 0.16276041666666666 0.7916666666666666 0.17057291666666666 0.7890625 0.171875 0.7864583333333334 0.16796875 0.7864583333333334 0.15625 0.7916666666666666 0.15364583333333334 0.796875 0.14713541666666666
3 0.5598958333333334 0.6354166666666666 0.5611979166666666 0.6510416666666666 0.5546875 0.6549479166666666 0.5520833333333334 0.6549479166666666 0.546875 0.6432291666666666 0.55859375 0.6354166666666666
3 0.7330729166666666 0.2916666666666667 0.7408854166666666 0.2981770833333333 0.7408854166666666 0.3046875 0.7291666666666666 0.31640625 0.7278645833333334 0.3125 0.73046875 0.3072916666666667 0.73046875 0.2955729166666667 0.7330729166666666 0.29296875
3 0.6028645833333334 0.8606770833333334 0.6119791666666666 0.8619791666666666 0.6158854166666666 0.8684895833333334 0.6158854166666666 0.8763020833333334 0.6119791666666666 0.8828125 0.609375 0.8828125 0.60546875 0.87890625 0.6028645833333334 0.8619791666666666
3 0.5091145833333334 0.14322916666666666 0.5169270833333334 0.14322916666666666 0.51953125 0.14583333333333334 0.51953125 0.16536458333333334 0.515625 0.17317708333333334 0.51171875 0.17578125 0.5078125 0.17317708333333334 0.5065104166666666 0.15364583333333334 0.5091145833333334 0.14453125
3 0.2903645833333333 0.7083333333333334 0.29296875 0.7083333333333334 0.29296875 0.7135416666666666 0.2955729166666667 0.7174479166666666 0.2916666666666667 0.73046875 0.2864583333333333 0.7330729166666666 0.2838541666666667 0.7213541666666666 0.28515625 0.71484375 0.2903645833333333 0.7096354166666666
3 0.9140625 0.4778645833333333 0.91796875 0.484375 0.9166666666666666 0.4921875 0.9140625 0.4947916666666667 0.8997395833333334 0.4908854166666667 0.8984375 0.4817708333333333 0.8997395833333334 0.4765625 0.9127604166666666 0.4778645833333333
3 0.3203125 0.5520833333333334 0.32421875 0.5572916666666666 0.3229166666666667 0.5703125 0.3203125 0.5729166666666666 0.31640625 0.5690104166666666 0.31640625 0.5572916666666666 0.3190104166666667 0.5533854166666666
3 0.16015625 0.51171875 0.17057291666666666 0.5208333333333334 0.17447916666666666 0.5299479166666666 0.16015625 0.5364583333333334 0.15625 0.5299479166666666 0.15625 0.51953125 0.15885416666666666 0.5130208333333334
3 0.5185421875 0.5207236106770833 0.5198507812500001 0.5284138893229167 0.5228703124999999 0.5293083333333334 0.5247828125 0.5309180559895833 0.5254875 0.5268041666666666 0.52256875 0.5243013893229167 0.5220648437500001 0.5187569440104166 0.52458203125 0.5151805559895833 0.5247578125 0.5055833333333334 0.521159375 0.5051652773437499 0.518340625 0.511425 0.5185421875 0.5207236106770833
3 0.397471875 0.87851527734375 0.3958671875 0.8864333333333333 0.39087578125000005 0.8896000000000001 0.39034140624999997 0.89498472265625 0.40264140624999994 0.9041694440104168 0.40085859375 0.8943513893229166 0.40415625 0.8814902773437501 0.4038890625 0.8813666666666666 0.4001453125 0.88485 0.397471875 0.87851527734375