1 0.51796875 0.55277777734375 0.51953125 0.5555555559895834 0.52109375 0.55277777734375 0.52109375 0.5486111106770833 0.5203125000000001 0.54722222265625 0.5187499999999999 0.54722222265625 0.51796875 0.5486111106770833 0.51796875 0.55277777734375
0 0.9986979166666666 0.4270833333333333 0.9986979166666666 0.4322916666666667 0.9921875 0.43359375 0.9401041666666666 0.43359375 0.8997395833333334 0.4361979166666667 0.8984375 0.4388020833333333 0.88671875 0.4427083333333333 0.87109375 0.4583333333333333 0.8619791666666666 0.4765625 0.8580729166666666 0.4934895833333333 0.85546875 0.49609375 0.8515625 0.5234375 0.8515625 0.5494791666666666 0.859375 0.5872395833333334 0.87109375 0.6106770833333334 0.8880208333333334 0.62890625 0.8997395833333334 0.6341145833333334 0.9986979166666666 0.6328125 0.9986979166666666 0.6380208333333334 0.9505208333333334 0.6393229166666666 0.8984375 0.6393229166666666 0.8802083333333334 0.6302083333333334 0.8684895833333334 0.6158854166666666 0.85546875 0.5872395833333334 0.8489583333333334 0.5546875 0.8489583333333334 0.5182291666666666 0.8515625 0.5104166666666666 0.8528645833333334 0.4921875 0.8684895833333334 0.4544270833333333 0.8854166666666666 0.4361979166666667 0.8958333333333334 0.4309895833333333 0.921875 0.4283854166666667 0.9973958333333334 0.4270833333333333
0 0.14453125 0.4544270833333333 0.15494791666666666 0.4583333333333333 0.17057291666666666 0.4713541666666667 0.18619791666666666 0.4986979166666667 0.18619791666666666 0.50390625 0.19140625 0.515625 0.19140625 0.5247395833333334 0.1953125 0.5403645833333334 0.1953125 0.578125 0.19010416666666666 0.6080729166666666 0.18359375 0.6263020833333334 0.17057291666666666 0.6471354166666666 0.16276041666666666 0.6549479166666666 0.1484375 0.6627604166666666 0.12630208333333334 0.6653645833333334 0.0703125 0.6653645833333334 0.06901041666666667 0.66796875 0.06640625 0.6653645833333334 0.0625 0.6653645833333334 0.061197916666666664 0.66796875 0.04296875 0.6692708333333334 0.032552083333333336 0.6692708333333334 0.03125 0.6627604166666666 0.13020833333333334 0.66015625 0.1484375 0.6575520833333334 0.1640625 0.6471354166666666 0.1640625 0.64453125 0.17317708333333334 0.6354166666666666 0.18098958333333334 0.62109375 0.19140625 0.5872395833333334 0.19140625 0.53125 0.18098958333333334 0.4973958333333333 0.16927083333333334 0.4778645833333333 0.15625 0.4661458333333333 0.14453125 0.4609375 0.032552083333333336 0.4635416666666667 0.02734375 0.4609375 0.028645833333333332 0.45703125 0.0390625 0.4557291666666667 0.049479166666666664 0.45703125 0.14322916666666666 0.4544270833333333
2 0.5208333333333334 0.4700520833333333 0.5234375 0.4700520833333333 0.5221354166666666 0.4817708333333333 0.5247395833333334 0.5481770833333334 0.5234375 0.59765625 0.5260416666666666 0.6302083333333334 0.5247395833333334 0.7317708333333334 0.52734375 0.8619791666666666 0.52734375 0.953125 0.5247395833333334 0.9544270833333334 0.5234375 0.8854166666666666 0.5234375 0.7578125 0.51953125 0.5455729166666666 0.5208333333333334 0.4713541666666667
3 0.4869791666666667 0.7356770833333334 0.4895833333333333 0.7421875 0.4895833333333333 0.7526041666666666 0.4869791666666667 0.7578125 0.4817708333333333 0.7565104166666666 0.4817708333333333 0.7447916666666666 0.4856770833333333 0.7369791666666666
3 0.5026041666666666 0.62109375 0.5065104166666666 0.6315104166666666 0.5026041666666666 0.640625 0.4973958333333333 0.6380208333333334 0.4973958333333333 0.6276041666666666 0.4986979166666667 0.6223958333333334 0.5013020833333334 0.62109375
3 0.5390625 0.2421875 0.5455729166666666 0.2421875 0.5481770833333334 0.24479166666666666 0.54296875 0.2630208333333333 0.5403645833333334 0.2630208333333333 0.5364583333333334 0.2565104166666667 0.5390625 0.24348958333333334
3 0.5559895833333334 0.3828125 0.5611979166666666 0.3841145833333333 0.5611979166666666 0.3932291666666667 0.55859375 0.3984375 0.5546875 0.3984375 0.5559895833333334 0.3841145833333333
3 0.4309895833333333 0.5533854166666666 0.43359375 0.5572916666666666 0.4322916666666667 0.5755208333333334 0.4296875 0.5755208333333334 0.4270833333333333 0.5703125 0.4270833333333333 0.55859375 0.4296875 0.5546875
3 0.5768229166666666 0.5872395833333334 0.578125 0.59765625 0.57421875 0.6028645833333334 0.5716145833333334 0.6015625 0.5716145833333334 0.58984375 0.5755208333333334 0.5872395833333334
3 0.4596354166666667 0.24479166666666666 0.4622395833333333 0.2526041666666667 0.4557291666666667 0.2604166666666667 0.453125 0.2604166666666667 0.453125 0.23958333333333334 0.4557291666666667 0.23828125 0.4583333333333333 0.24479166666666666
3 0.5807291666666666 0.8046875 0.5924479166666666 0.8098958333333334 0.5924479166666666 0.8216145833333334 0.5872395833333334 0.8268229166666666 0.5833333333333334 0.82421875 0.58203125 0.8111979166666666 0.5794270833333334 0.8072916666666666 0.5807291666666666 0.8059895833333334
3 0.6197916666666666 0.3229166666666667 0.62109375 0.3385416666666667 0.6184895833333334 0.3424479166666667 0.6145833333333334 0.3424479166666667 0.6145833333333334 0.328125 0.6184895833333334 0.3229166666666667
3 0.3059895833333333 0.58984375 0.3151041666666667 0.6015625 0.3125 0.6067708333333334 0.3072916666666667 0.6119791666666666 0.3020833333333333 0.6080729166666666 0.3020833333333333 0.5950520833333334 0.3046875 0.5911458333333334
3 0.4641927083333333 0.45703125 0.0078125 0.022135416666666668
3 0.51796875 0.4458333333333333 0.5164062500000001 0.4513888893229167 0.5164062500000001 0.45972222265625 0.51796875 0.46249999999999997 0.5203125000000001 0.46249999999999997 0.52109375 0.46388888932291666 0.52578125 0.46388888932291666 0.52890625 0.4583333333333333 0.5296875 0.45555555598958336 0.5296875 0.45 0.5281250000000001 0.44444444401041666 0.5234375 0.44027777734375 0.5203125000000001 0.44166666666666665 0.51796875 0.4458333333333333