1 0.19375 0.7263888893229167 0.19453125000000002 0.7277777773437499 0.19765625 0.7277777773437499 0.19843750000000002 0.7263888893229167 0.19843750000000002 0.7208333333333333 0.19765625 0.7194444440104166 0.19453125000000002 0.7194444440104166 0.19375 0.7208333333333333 0.19375 0.7263888893229167
0 0 0.41015625 0.07942708333333333 0.4127604166666667 0.09505208333333333 0.4166666666666667 0.11458333333333333 0.4348958333333333 0.11588541666666667 0.4401041666666667 0.12630208333333334 0.4557291666666667 0.13411458333333334 0.4817708333333333 0.13802083333333334 0.5169270833333334 0.13671875 0.5442708333333334 0.13020833333333334 0.5755208333333334 0.11458333333333333 0.6067708333333334 0.10286458333333333 0.6184895833333334 0.0859375 0.6276041666666666 0.01953125 0.6263020833333334 0.018229166666666668 0.6236979166666666 0.015625 0.6236979166666666 0.014322916666666666 0.6263020833333334 0 0.6263020833333334 0 0.6197916666666666 0.08333333333333333 0.6223958333333334 0.09895833333333333 0.6158854166666666 0.10807291666666667 0.6067708333333334 0.10807291666666667 0.6041666666666666 0.11979166666666667 0.58984375 0.12760416666666666 0.5716145833333334 0.13411458333333334 0.5377604166666666 0.13411458333333334 0.50390625 0.13020833333333334 0.4791666666666667 0.11979166666666667 0.4518229166666667 0.11067708333333333 0.4375 0.10026041666666667 0.4270833333333333 0.08203125 0.4192708333333333 0.015625 0.41796875 0.014322916666666666 0.4153645833333333 0 0.4153645833333333 0 0.4114583333333333
0 0.9010416666666666 0.4453125 0.9661458333333334 0.4479166666666667 0.9674479166666666 0.453125 0.8684895833333334 0.44921875 0.8541666666666666 0.44921875 0.8463541666666666 0.4518229166666667 0.83203125 0.4622395833333333 0.8190104166666666 0.4791666666666667 0.8111979166666666 0.49609375 0.8033854166666666 0.53125 0.8033854166666666 0.5143229166666666 0.80859375 0.4934895833333333 0.81640625 0.4752604166666667 0.8307291666666666 0.4557291666666667 0.8489583333333334 0.4453125 0.8997395833333334 0.4453125
2 0.4739583333333333 0.11979166666666667 0.4739583333333333 0.4544270833333333 0.4713541666666667 0.4622395833333333 0.4700520833333333 0.6770833333333334 0.4674479166666667 0.6770833333333334 0.4661458333333333 0.6731770833333334 0.46875 0.59765625 0.46875 0.4453125 0.4713541666666667 0.390625 0.4713541666666667 0.3580729166666667 0.46875 0.3333333333333333 0.4713541666666667 0.3203125 0.47265625 0.12109375
3 0.51953125 0.484375 0.5234375 0.4908854166666667 0.5221354166666666 0.5026041666666666 0.51953125 0.50390625 0.515625 0.4973958333333333 0.515625 0.4895833333333333 0.5182291666666666 0.4856770833333333
3 0.48046875 0.34375 0.4752604166666667 0.3307291666666667 0.4765625 0.3255208333333333 0.48046875 0.3216145833333333 0.484375 0.3216145833333333 0.4895833333333333 0.3372395833333333 0.484375 0.3450520833333333 0.4817708333333333 0.34375
3 0.4739583333333333 0.6783854166666666 0.4739583333333333 0.68359375 0.4713541666666667 0.6861979166666666 0.46875 0.6966145833333334 0.46484375 0.6940104166666666 0.4622395833333333 0.6848958333333334 0.46875 0.67578125 0.47265625 0.6783854166666666
3 0.06575520833333333 0.5540364583333334 0.018229166666666668 0.016927083333333332
3 0.1640625 0.5703125 0.16276041666666666 0.5611979166666666 0.16796875 0.5559895833333334 0.17838541666666666 0.5572916666666666 0.1796875 0.5638020833333334 0.17708333333333334 0.5716145833333334 0.16536458333333334 0.5703125
3 0.38671875 0.69140625 0.3893229166666667 0.71484375 0.3854166666666667 0.7174479166666666 0.3815104166666667 0.7161458333333334 0.3815104166666667 0.70703125 0.3854166666666667 0.6927083333333334
3 0.21354166666666666 0.42578125 0.21744791666666666 0.4244791666666667 0.22395833333333334 0.4283854166666667 0.2265625 0.4401041666666667 0.22526041666666666 0.4466145833333333 0.22135416666666666 0.4466145833333333 0.22005208333333334 0.4375 0.21354166666666666 0.4322916666666667 0.21354166666666666 0.4270833333333333
3 0.20442708333333334 0.7903645833333334 0.20572916666666666 0.7955729166666666 0.21354166666666666 0.7994791666666666 0.21354166666666666 0.8033854166666666 0.20442708333333334 0.8098958333333334 0.1953125 0.8072916666666666 0.1953125 0.7994791666666666 0.203125 0.7903645833333334
3 0.4283854166666667 0.2981770833333333 0.4348958333333333 0.3059895833333333 0.4348958333333333 0.3190104166666667 0.4309895833333333 0.3229166666666667 0.42578125 0.3229166666666667 0.4205729166666667 0.3177083333333333 0.4205729166666667 0.3046875 0.4270833333333333 0.2981770833333333
3 0.79296875 0.5325520833333334 0.8033854166666666 0.5325520833333334 0.80859375 0.5299479166666666 0.8138020833333334 0.5364583333333334 0.8125 0.546875 0.80859375 0.55078125 0.8046875 0.55078125 0.80078125 0.5481770833333334 0.79296875 0.5338541666666666
3 0.22786458333333334 0.20703125 0.23046875 0.2109375 0.23697916666666666 0.21354166666666666 0.23697916666666666 0.22395833333333334 0.234375 0.22526041666666666 0.2265625 0.22135416666666666 0.22265625 0.21614583333333334 0.22395833333333334 0.20833333333333334 0.2265625 0.20703125
3 0.4283854166666667 0.8502604166666666 0.4348958333333333 0.8645833333333334 0.4348958333333333 0.8815104166666666 0.4322916666666667 0.8841145833333334 0.42578125 0.8723958333333334 0.4244791666666667 0.86328125 0.4270833333333333 0.8515625