1 0.39140625 0.7236111106770834 0.39140625 0.7194444440104166 0.390625 0.7180555559895834 0.38828124999999997 0.7180555559895834 0.38671875 0.7208333333333333 0.38671875 0.7236111106770834 0.38984375 0.7263888893229167 0.39140625 0.7236111106770834
0 0 0.421875 0.014322916666666666 0.4205729166666667 0.09244791666666667 0.4231770833333333 0.10286458333333333 0.4244791666666667 0.11458333333333333 0.4296875 0.12369791666666667 0.4375 0.13671875 0.45703125 0.14713541666666666 0.4856770833333333 0.15104166666666666 0.5065104166666666 0.15104166666666666 0.5533854166666666 0.14713541666666666 0.57421875 0.13411458333333334 0.6067708333333334 0.11588541666666667 0.6276041666666666 0.10286458333333333 0.6341145833333334 0 0.6315104166666666 0 0.6236979166666666 0.03125 0.625 0.032552083333333336 0.6276041666666666 0.03515625 0.625 0.078125 0.62890625 0.10416666666666667 0.6276041666666666 0.11848958333333333 0.6171875 0.12890625 0.60546875 0.1328125 0.5950520833333334 0.13932291666666666 0.5859375 0.1484375 0.5481770833333334 0.14713541666666666 0.5026041666666666 0.13932291666666666 0.47265625 0.12760416666666666 0.4505208333333333 0.11197916666666667 0.4348958333333333 0.09765625 0.4296875 0.06510416666666667 0.4296875 0.01171875 0.42578125 0 0.4270833333333333 0 0.4231770833333333
0 0.9192708333333334 0.4596354166666667 0.91796875 0.45703125 0.859375 0.4557291666666667 0.84375 0.4635416666666667 0.8346354166666666 0.4713541666666667 0.8216145833333334 0.4947916666666667 0.8190104166666666 0.49609375 0.8177083333333334 0.5052083333333334 0.8111979166666666 0.5208333333333334 0.80859375 0.546875 0.8111979166666666 0.58984375 0.8177083333333334 0.6119791666666666 0.8268229166666666 0.6302083333333334 0.8450520833333334 0.6497395833333334 0.8515625 0.6536458333333334 0.859375 0.65625 0.8776041666666666 0.6575520833333334 0.96875 0.66015625 0.9700520833333334 0.6640625 0.8828125 0.6627604166666666 0.859375 0.6614583333333334 0.84765625 0.6575520833333334 0.8346354166666666 0.6484375 0.8346354166666666 0.6458333333333334 0.828125 0.640625 0.8203125 0.6276041666666666 0.8203125 0.6236979166666666 0.81640625 0.6197916666666666 0.80859375 0.59375 0.8059895833333334 0.5677083333333334 0.80859375 0.5208333333333334 0.81640625 0.4934895833333333 0.8307291666666666 0.46875 0.8424479166666666 0.45703125 0.859375 0.4505208333333333 0.9674479166666666 0.453125 0.9739583333333334 0.4544270833333333 0.9739583333333334 0.4596354166666667 0.9674479166666666 0.4609375 0.9205729166666666 0.4596354166666667
2 0.4778645833333333 0.4752604166666667 0.4778645833333333 0.4817708333333333 0.4817708333333333 0.4895833333333333 0.4817708333333333 0.4986979166666667 0.4791666666666667 0.6002604166666666 0.48046875 0.6380208333333334 0.4778645833333333 0.671875 0.4778645833333333 0.8697916666666666 0.4752604166666667 0.94921875 0.47265625 0.9505208333333334 0.47265625 0.8580729166666666 0.4765625 0.6848958333333334 0.4765625 0.4765625
3 0.55859375 0.5481770833333334 0.5651041666666666 0.5520833333333334 0.56640625 0.55859375 0.5651041666666666 0.5716145833333334 0.5611979166666666 0.5703125 0.55859375 0.5494791666666666
3 0.5299479166666666 0.2552083333333333 0.5325520833333334 0.2565104166666667 0.5338541666666666 0.26171875 0.5325520833333334 0.2799479166666667 0.5260416666666666 0.27734375 0.5286458333333334 0.2682291666666667 0.5286458333333334 0.2565104166666667
3 0.4791666666666667 0.6692708333333334 0.4830729166666667 0.6692708333333334 0.4856770833333333 0.6744791666666666 0.484375 0.6822916666666666 0.48046875 0.6888020833333334 0.4765625 0.6809895833333334 0.4765625 0.6731770833333334 0.4791666666666667 0.6705729166666666
3 0.5013020833333334 0.6028645833333334 0.5065104166666666 0.609375 0.5052083333333334 0.62109375 0.5 0.6197916666666666 0.49609375 0.6106770833333334 0.4973958333333333 0.6041666666666666 0.5 0.6041666666666666
3 0.4622395833333333 0.23697916666666666 0.46484375 0.2526041666666667 0.4609375 0.2578125 0.45703125 0.2552083333333333 0.453125 0.24348958333333334 0.453125 0.23828125 0.4609375 0.23697916666666666
3 0.41796875 0.53515625 0.4283854166666667 0.5364583333333334 0.4309895833333333 0.5390625 0.4283854166666667 0.5481770833333334 0.4244791666666667 0.55078125 0.41796875 0.5455729166666666 0.41796875 0.5364583333333334
3 0.640625 0.4817708333333333 0.6497395833333334 0.484375 0.6497395833333334 0.49609375 0.6471354166666666 0.5026041666666666 0.64453125 0.5026041666666666 0.6393229166666666 0.49609375 0.640625 0.4830729166666667
3 0.4505208333333333 0.4401041666666667 0.4518229166666667 0.4518229166666667 0.4466145833333333 0.4596354166666667 0.44140625 0.4505208333333333 0.44140625 0.44140625 0.44921875 0.4401041666666667
3 0.34375 0.3736979166666667 0.35546875 0.38671875 0.35546875 0.3919270833333333 0.3528645833333333 0.3971354166666667 0.3502604166666667 0.3971354166666667 0.3424479166666667 0.3828125 0.34375 0.375
3 0.38671875 0.7486979166666666 0.390625 0.75 0.39453125 0.7591145833333334 0.39453125 0.765625 0.3919270833333333 0.7682291666666666 0.38671875 0.765625 0.38671875 0.75
3 0.4388020833333333 0.578125 0.43359375 0.5690104166666666 0.43359375 0.5611979166666666 0.4427083333333333 0.5546875 0.4466145833333333 0.5546875 0.4466145833333333 0.5611979166666666 0.4401041666666667 0.5768229166666666
3 0.48515625 0.4430555559895833 0.48046875 0.43611111067708336 0.4734375 0.43888888932291664 0.47265625 0.45277777734375 0.47890625000000003 0.45972222265625 0.484375 0.4583333333333333 0.48515625 0.4430555559895833