1 0.70546875 0.4805555559895833 0.70546875 0.48333333333333334 0.70703125 0.4861111106770833 0.7078125000000001 0.48472222265625 0.7101562499999999 0.48472222265625 0.7109375 0.48333333333333334 0.7101562499999999 0.4805555559895833 0.709375 0.4791666666666667 0.7062499999999999 0.4791666666666667 0.70546875 0.4805555559895833
3 0.71484375 0.4609375 0.71875 0.4609375 0.72265625 0.4713541666666667 0.71484375 0.4739583333333333 0.7109375 0.4778645833333333 0.7096354166666666 0.4856770833333333 0.7044270833333334 0.4856770833333333 0.703125 0.4817708333333333 0.7044270833333334 0.4752604166666667 0.71484375 0.4622395833333333
3 0.7356770833333334 0.66796875 0.7330729166666666 0.65625 0.7421875 0.65234375 0.7486979166666666 0.65234375 0.7486979166666666 0.6653645833333334 0.7447916666666666 0.6692708333333334 0.7369791666666666 0.66796875
3 0.6236979166666666 0.27734375 0.014322916666666666 0.029296875
3 0.7317708333333334 0.8580729166666666 0.7291666666666666 0.84375 0.7330729166666666 0.8385416666666666 0.7369791666666666 0.8385416666666666 0.7395833333333334 0.8450520833333334 0.7395833333333334 0.85546875 0.7369791666666666 0.859375 0.7330729166666666 0.8580729166666666
3 0.7591145833333334 0.21744791666666666 0.7643229166666666 0.21223958333333334 0.7682291666666666 0.21223958333333334 0.76953125 0.21744791666666666 0.7604166666666666 0.23567708333333334 0.7565104166666666 0.234375 0.7565104166666666 0.22526041666666666 0.7591145833333334 0.21875
3 0.6705729166666666 0.546875 0.6731770833333334 0.5546875 0.66796875 0.5611979166666666 0.6614583333333334 0.5598958333333334 0.6614583333333334 0.5494791666666666 0.6640625 0.5455729166666666 0.6692708333333334 0.546875
3 0.6640625 0.6067708333333334 0.6627604166666666 0.5950520833333334 0.6692708333333334 0.5911458333333334 0.67578125 0.5911458333333334 0.6770833333333334 0.59765625 0.6692708333333334 0.6067708333333334 0.6653645833333334 0.6067708333333334
3 0.24609375 0.5065104166666666 0.25 0.51171875 0.25390625 0.5104166666666666 0.2552083333333333 0.5130208333333334 0.25 0.5234375 0.24348958333333334 0.5286458333333334 0.23958333333333334 0.5260416666666666 0.23828125 0.5143229166666666 0.23958333333333334 0.5104166666666666 0.24479166666666666 0.5065104166666666
3 0.90625 0.4544270833333333 0.91015625 0.4622395833333333 0.9075520833333334 0.4700520833333333 0.90234375 0.4739583333333333 0.8932291666666666 0.4739583333333333 0.890625 0.4713541666666667 0.890625 0.4622395833333333 0.9010416666666666 0.4609375 0.9049479166666666 0.4557291666666667
3 0.6101562500000001 0.52222222265625 0.6171875 0.5180555559895833 0.615625 0.5125000000000001 0.61328125 0.5083333333333333 0.6101562500000001 0.5111111106770834 0.6101562500000001 0.52222222265625
3 0.640625 0.8166666666666668 0.65078125 0.8111111106770833 0.65078125 0.8055555559895833 0.64453125 0.79722222265625 0.63828125 0.80277777734375 0.640625 0.8166666666666668
3 0.6164062499999999 0.39027777734375 0.62265625 0.3944444440104167 0.62734375 0.39027777734375 0.6281249999999999 0.37638888932291664 0.625 0.37222222265625 0.6179687500000001 0.375 0.6164062499999999 0.39027777734375
2 0.5247395833333334 0.12109375 0.5286458333333334 0.4036458333333333 0.52734375 0.42578125 0.5299479166666666 0.453125 0.5286458333333334 0.4856770833333333 0.53125 0.6028645833333334 0.53125 0.7591145833333334 0.5338541666666666 0.7825520833333334 0.53515625 0.9479166666666666 0.5325520833333334 0.9479166666666666 0.53125 0.9309895833333334 0.53125 0.8385416666666666 0.5286458333333334 0.7786458333333334 0.52734375 0.5143229166666666 0.5247395833333334 0.46484375 0.5234375 0.12239583333333333
0 0.15625 0.44861111067708337 0.034374999999999996 0.4513888893229167 0.038281249999999996 0.45555555598958336 0.1546875 0.45277777734375 0.17265624999999998 0.4666666666666666 0.1859375 0.48888888932291663 0.19843750000000002 0.5416666666666666 0.19843750000000002 0.5638888893229167 0.1890625 0.6069444440104167 0.17578125 0.6319444440104166 0.16015625 0.64722222265625 0.11953124999999999 0.6541666666666667 0.03515625 0.6569444440104167 0.038281249999999996 0.6611111106770834 0.12343749999999999 0.65972222265625 0.14453125 0.6583333333333333 0.16718750000000002 0.6486111106770833 0.18281250000000002 0.6305555559895833 0.196875 0.59722222265625 0.20078125 0.5694444440104166 0.19999999999999998 0.5291666666666667 0.196875 0.50972222265625 0.18281250000000002 0.47361111067708334 0.15625 0.44861111067708337
0 1 0.40972222265625 0.978125 0.40972222265625 0.9109375000000001 0.4138888893229167 0.89296875 0.425 0.8734375 0.45416666666666666 0.86328125 0.4875 0.86171875 0.5361111106770834 0.8664062499999999 0.5666666666666667 0.8820312499999999 0.6013888893229167 0.8984375 0.6194444440104167 0.91171875 0.6263888893229167 0.9343750000000001 0.6263888893229167 0.9426562500000001 0.6208333333333333 0.943359375 0.625 1 0.6236111106770833 1 0.6194444440104167 0.98671875 0.6180555559895834 0.91015625 0.6208333333333333 0.9015624999999999 0.6166666666666667 0.8859374999999999 0.6 0.8742187499999999 0.57777777734375 0.8640625000000001 0.5333333333333333 0.86484375 0.5 0.8718750000000001 0.4680555559895833 0.8828125 0.44444444401041666 0.8976562499999999 0.42638888932291663 0.9148437500000001 0.4180555559895833 1 0.41527777734375 1 0.40972222265625