0 0 0.4296875 0.07161458333333333 0.4309895833333333 0.08463541666666667 0.4322916666666667 0.09895833333333333 0.4375 0.11588541666666667 0.4557291666666667 0.12630208333333334 0.4752604166666667 0.13411458333333334 0.4986979166666667 0.13802083333333334 0.53515625 0.13541666666666666 0.5716145833333334 0.13020833333333334 0.59375 0.11848958333333333 0.6184895833333334 0.10677083333333333 0.6341145833333334 0.09895833333333333 0.640625 0.0859375 0.64453125 0.08463541666666667 0.6471354166666666 0.06380208333333333 0.6471354166666666 0.0625 0.64453125 0 0.6432291666666666 0 0.6380208333333334 0.08333333333333333 0.640625 0.09895833333333333 0.6341145833333334 0.11328125 0.6171875 0.12369791666666667 0.5989583333333334 0.12890625 0.5846354166666666 0.13411458333333334 0.5559895833333334 0.13411458333333334 0.5234375 0.12760416666666666 0.4895833333333333 0.11197916666666667 0.45703125 0.10286458333333333 0.4479166666666667 0.09244791666666667 0.44140625 0.078125 0.4388020833333333 0.07682291666666667 0.4361979166666667 0.07421875 0.4361979166666667 0.07291666666666667 0.4388020833333333 0.06380208333333333 0.4388020833333333 0.0625 0.4361979166666667 0 0.4348958333333333 0 0.4309895833333333
0 0.8802083333333334 0.4609375 0.9635416666666666 0.4635416666666667 0.9674479166666666 0.4661458333333333 0.9674479166666666 0.46875 0.9596354166666666 0.4700520833333333 0.8515625 0.4661458333333333 0.84375 0.46875 0.8307291666666666 0.4778645833333333 0.8111979166666666 0.5104166666666666 0.8033854166666666 0.5390625 0.8033854166666666 0.59375 0.8111979166666666 0.6223958333333334 0.8255208333333334 0.6484375 0.84375 0.6640625 0.8580729166666666 0.6666666666666666 0.859375 0.6692708333333334 0.9635416666666666 0.671875 0.9635416666666666 0.6770833333333334 0.8658854166666666 0.6744791666666666 0.84765625 0.671875 0.8385416666666666 0.66796875 0.82421875 0.6549479166666666 0.80859375 0.6263020833333334 0.80078125 0.5963541666666666 0.7994791666666666 0.5755208333333334 0.80078125 0.5390625 0.80859375 0.5078125 0.82421875 0.4778645833333333 0.8346354166666666 0.46875 0.84375 0.4635416666666667 0.8541666666666666 0.4609375 0.87890625 0.4609375
1 0.5007812500000001 0.33055555598958336 0.5015625 0.33055555598958336 0.5031249999999999 0.32916666666666666 0.5031249999999999 0.3236111106770833 0.5007812500000001 0.32222222265625 0.49921875 0.325 0.49921875 0.32777777734374997 0.5007812500000001 0.33055555598958336
2 0.47265625 0.13802083333333334 0.4739583333333333 0.3424479166666667 0.4713541666666667 0.4153645833333333 0.4713541666666667 0.6471354166666666 0.4700520833333333 0.7578125 0.4674479166666667 0.7890625 0.4674479166666667 0.9479166666666666 0.4661458333333333 0.9661458333333334 0.4635416666666667 0.96484375 0.47265625 0.13932291666666666
3 0.66796875 0.5716145833333334 0.671875 0.57421875 0.6783854166666666 0.57421875 0.6809895833333334 0.5768229166666666 0.6796875 0.5885416666666666 0.6770833333333334 0.5911458333333334 0.671875 0.5911458333333334 0.6705729166666666 0.5833333333333334 0.6653645833333334 0.5755208333333334 0.6666666666666666 0.5729166666666666
3 0.5390625 0.34375 0.5325520833333334 0.3307291666666667 0.5390625 0.3203125 0.5416666666666666 0.3216145833333333 0.5455729166666666 0.3333333333333333 0.5442708333333334 0.34375 0.5403645833333334 0.34375
3 0.8372395833333334 0.51953125 0.8424479166666666 0.5208333333333334 0.84375 0.5234375 0.8541666666666666 0.5234375 0.8567708333333334 0.5286458333333334 0.8567708333333334 0.5325520833333334 0.8528645833333334 0.5377604166666666 0.8463541666666666 0.5403645833333334 0.8385416666666666 0.5325520833333334 0.8372395833333334 0.5208333333333334
3 0.2682291666666667 0.4166666666666667 0.2760416666666667 0.4231770833333333 0.27734375 0.4270833333333333 0.2760416666666667 0.43359375 0.26953125 0.43359375 0.265625 0.4309895833333333 0.2643229166666667 0.421875 0.2682291666666667 0.41796875
3 0.6575520833333334 0.4361979166666667 0.6484375 0.42578125 0.6484375 0.421875 0.65234375 0.41796875 0.6549479166666666 0.41015625 0.6575520833333334 0.4075520833333333 0.6614583333333334 0.4075520833333333 0.6640625 0.4153645833333333 0.6614583333333334 0.43359375 0.6588541666666666 0.4348958333333333
3 0.6627604166666666 0.7200520833333334 0.6705729166666666 0.7213541666666666 0.671875 0.7239583333333334 0.6705729166666666 0.7369791666666666 0.6692708333333334 0.7395833333333334 0.6640625 0.7395833333333334 0.6627604166666666 0.7213541666666666
3 0.61328125 0.8736979166666666 0.6184895833333334 0.87890625 0.6236979166666666 0.8802083333333334 0.625 0.8841145833333334 0.6236979166666666 0.9088541666666666 0.62109375 0.91015625 0.6171875 0.9036458333333334 0.6184895833333334 0.8958333333333334 0.6158854166666666 0.8841145833333334 0.61328125 0.8815104166666666 0.61328125 0.875
3 0.578125 0.4375 0.5807291666666666 0.4401041666666667 0.5807291666666666 0.45703125 0.5794270833333334 0.4609375 0.5768229166666666 0.4609375 0.57421875 0.45703125 0.57421875 0.4479166666666667 0.578125 0.4388020833333333
3 0.44140625 0.24088541666666666 0.4440104166666667 0.24088541666666666 0.4466145833333333 0.24479166666666666 0.4453125 0.2630208333333333 0.4427083333333333 0.26171875 0.4401041666666667 0.2526041666666667 0.44140625 0.2421875
3 0.7395833333333334 0.63671875 0.7408854166666666 0.6432291666666666 0.7395833333333334 0.6510416666666666 0.7369791666666666 0.6536458333333334 0.73046875 0.6497395833333334 0.7265625 0.6393229166666666 0.734375 0.6341145833333334 0.73828125 0.63671875
3 0.6686197916666666 0.3365885416666667 0.011067708333333334 0.020833333333333332
3 0.7825520833333334 0.34765625 0.7825520833333334 0.3580729166666667 0.7760416666666666 0.3671875 0.7721354166666666 0.3658854166666667 0.76953125 0.3619791666666667 0.76953125 0.3515625 0.7760416666666666 0.3463541666666667 0.78125 0.34765625