1 0.5281250000000001 0.5194444440104167 0.5296875 0.52222222265625 0.5320312500000001 0.5208333333333334 0.5328125 0.5180555559895833 0.5320312500000001 0.51527777734375 0.5296875 0.5138888893229167 0.5281250000000001 0.5166666666666667 0.5281250000000001 0.5194444440104167
0 0.98828125 0.4244791666666667 0.9986979166666666 0.42578125 0.9986979166666666 0.4309895833333333 0.9947916666666666 0.4322916666666667 0.953125 0.4309895833333333 0.9075520833333334 0.4322916666666667 0.8919270833333334 0.4348958333333333 0.8697916666666666 0.4544270833333333 0.859375 0.47265625 0.8502604166666666 0.50390625 0.8489583333333334 0.5494791666666666 0.8515625 0.5690104166666666 0.8580729166666666 0.58984375 0.8697916666666666 0.6106770833333334 0.8880208333333334 0.62890625 0.89453125 0.6315104166666666 0.98828125 0.62890625 0.9986979166666666 0.6302083333333334 0.9986979166666666 0.6341145833333334 0.8997395833333334 0.6380208333333334 0.8919270833333334 0.63671875 0.875 0.6263020833333334 0.875 0.6236979166666666 0.8606770833333334 0.6067708333333334 0.8489583333333334 0.57421875 0.8450520833333334 0.5455729166666666 0.8450520833333334 0.5208333333333334 0.8489583333333334 0.4921875 0.85546875 0.4713541666666667 0.8684895833333334 0.4479166666666667 0.8802083333333334 0.4348958333333333 0.88671875 0.4309895833333333 0.90625 0.4270833333333333 0.9869791666666666 0.4244791666666667
0 0.14192708333333334 0.4544270833333333 0.15104166666666666 0.4583333333333333 0.16666666666666666 0.4713541666666667 0.17838541666666666 0.4895833333333333 0.18359375 0.5078125 0.18619791666666666 0.5104166666666666 0.19140625 0.5364583333333334 0.19140625 0.5846354166666666 0.18619791666666666 0.609375 0.18359375 0.6119791666666666 0.1796875 0.6263020833333334 0.16666666666666666 0.6471354166666666 0.15885416666666666 0.6549479166666666 0.14453125 0.6627604166666666 0.12109375 0.6653645833333334 0.0859375 0.6653645833333334 0.08463541666666667 0.66796875 0.07942708333333333 0.66796875 0.078125 0.6653645833333334 0.06901041666666667 0.6653645833333334 0.06770833333333333 0.66796875 0.045572916666666664 0.6692708333333334 0.028645833333333332 0.6692708333333334 0.02734375 0.6640625 0.13020833333333334 0.66015625 0.14453125 0.6575520833333334 0.15885416666666666 0.6484375 0.171875 0.6315104166666666 0.18359375 0.60546875 0.18880208333333334 0.578125 0.18880208333333334 0.5403645833333334 0.18359375 0.5130208333333334 0.17708333333333334 0.5013020833333334 0.17708333333333334 0.4973958333333333 0.16666666666666666 0.4791666666666667 0.15104166666666666 0.46484375 0.1328125 0.4596354166666667 0.03515625 0.4635416666666667 0.024739583333333332 0.4622395833333333 0.024739583333333332 0.45703125 0.140625 0.4544270833333333
2 0.5182291666666666 0.4817708333333333 0.5208333333333334 0.484375 0.51953125 0.5559895833333334 0.5221354166666666 0.6236979166666666 0.5221354166666666 0.80078125 0.5247395833333334 0.8736979166666666 0.5247395833333334 0.953125 0.5208333333333334 0.953125 0.51953125 0.69140625 0.5169270833333334 0.6419270833333334 0.5182291666666666 0.4830729166666667
3 0.33984375 0.5690104166666666 0.3411458333333333 0.5924479166666666 0.3372395833333333 0.59375 0.3333333333333333 0.5859375 0.3333333333333333 0.5755208333333334 0.33984375 0.5703125
3 0.55859375 0.4075520833333333 0.5625 0.4114583333333333 0.5598958333333334 0.421875 0.5559895833333334 0.4231770833333333 0.5533854166666666 0.4192708333333333 0.5546875 0.4088541666666667 0.5572916666666666 0.4088541666666667
3 0.4869791666666667 0.7109375 0.4908854166666667 0.7161458333333334 0.4908854166666667 0.7278645833333334 0.4895833333333333 0.73046875 0.4856770833333333 0.73046875 0.4830729166666667 0.72265625 0.4869791666666667 0.7122395833333334
3 0.4583333333333333 0.265625 0.4635416666666667 0.265625 0.46484375 0.2682291666666667 0.46484375 0.2786458333333333 0.4609375 0.2877604166666667 0.4583333333333333 0.2864583333333333 0.4557291666666667 0.27734375 0.4557291666666667 0.2708333333333333 0.4583333333333333 0.2669270833333333
3 0.435546875 0.564453125 0.008463541666666666 0.018229166666666668
3 0.5768229166666666 0.58203125 0.5794270833333334 0.5859375 0.5794270833333334 0.5911458333333334 0.57421875 0.59765625 0.5716145833333334 0.5963541666666666 0.5716145833333334 0.5859375 0.5755208333333334 0.58203125
3 0.59375 0.76953125 0.5963541666666666 0.7734375 0.5963541666666666 0.7825520833333334 0.59375 0.7864583333333334 0.58984375 0.7877604166666666 0.5872395833333334 0.78515625 0.5872395833333334 0.7760416666666666 0.5924479166666666 0.7708333333333334
3 0.4954427083333333 0.630859375 0.010416666666666666 0.01953125
3 0.62890625 0.3294270833333333 0.6341145833333334 0.3385416666666667 0.62890625 0.3489583333333333 0.625 0.34375 0.625 0.3359375 0.6276041666666666 0.3307291666666667
3 0.53515625 0.24088541666666666 0.5416666666666666 0.24088541666666666 0.5442708333333334 0.24348958333333334 0.5377604166666666 0.2630208333333333 0.5338541666666666 0.2565104166666667 0.53515625 0.2421875
3 0.4765625 0.46484375 0.4778645833333333 0.4752604166666667 0.4752604166666667 0.4830729166666667 0.47265625 0.4830729166666667 0.47265625 0.4661458333333333 0.4752604166666667 0.46484375
3 0.5125000000000001 0.4611111106770833 0.521875 0.46249999999999997 0.525 0.4569444440104167 0.5242187500000001 0.4458333333333333 0.5203125000000001 0.44027777734375 0.5140625 0.44444444401041666 0.5125000000000001 0.4611111106770833