1 0.47578125 0.5333333333333333 0.47734375 0.5305555559895833 0.47734375 0.5291666666666667 0.4765625 0.5263888893229166 0.4734375 0.525 0.471875 0.52777777734375 0.471875 0.5319444440104167 0.4734375 0.5333333333333333 0.47578125 0.5333333333333333
0 0 0.4114583333333333 0.09114583333333333 0.4140625 0.10677083333333333 0.421875 0.11979166666666667 0.4348958333333333 0.13151041666666666 0.4557291666666667 0.13802083333333334 0.4752604166666667 0.14322916666666666 0.5143229166666666 0.14192708333333334 0.5481770833333334 0.13802083333333334 0.5677083333333334 0.13020833333333334 0.58984375 0.11979166666666667 0.6067708333333334 0.109375 0.6171875 0.08984375 0.6276041666666666 0.0234375 0.6263020833333334 0.022135416666666668 0.6236979166666666 0 0.6236979166666666 0 0.6184895833333334 0.061197916666666664 0.62109375 0.09114583333333333 0.62109375 0.09895833333333333 0.6184895833333334 0.11458333333333333 0.60546875 0.1171875 0.5989583333333334 0.12760416666666666 0.5859375 0.1328125 0.56640625 0.13541666666666666 0.5638020833333334 0.140625 0.53125 0.13932291666666666 0.4973958333333333 0.13671875 0.4921875 0.13541666666666666 0.4778645833333333 0.12760416666666666 0.4557291666666667 0.11588541666666667 0.4375 0.10677083333333333 0.4283854166666667 0.09244791666666667 0.4205729166666667 0 0.41796875 0 0.4127604166666667
0 0.828125 0.45703125 0.84375 0.4453125 0.8580729166666666 0.44140625 0.9700520833333334 0.4453125 0.9700520833333334 0.4505208333333333 0.8736979166666666 0.4466145833333333 0.85546875 0.4466145833333333 0.84765625 0.44921875 0.8346354166666666 0.4583333333333333 0.8190104166666666 0.4791666666666667 0.8190104166666666 0.4830729166666667 0.8138020833333334 0.4908854166666667 0.8046875 0.5390625 0.8072916666666666 0.578125 0.8151041666666666 0.6067708333333334 0.8268229166666666 0.6276041666666666 0.8424479166666666 0.6419270833333334 0.85546875 0.6458333333333334 0.8567708333333334 0.6484375 0.9518229166666666 0.6510416666666666 0.9674479166666666 0.65234375 0.9661458333333334 0.65625 0.8828125 0.6549479166666666 0.8528645833333334 0.65234375 0.83984375 0.6471354166666666 0.82421875 0.6315104166666666 0.8151041666666666 0.6158854166666666 0.8072916666666666 0.59375 0.8033854166666666 0.5729166666666666 0.8020833333333334 0.5377604166666666 0.80859375 0.49609375 0.8190104166666666 0.4713541666666667 0.828125 0.4583333333333333
2 0.4739583333333333 0.53125 0.4765625 0.5403645833333334 0.4739583333333333 0.5559895833333334 0.4752604166666667 0.6158854166666666 0.4739583333333333 0.7317708333333334 0.4713541666666667 0.7591145833333334 0.47265625 0.7955729166666666 0.4700520833333333 0.9453125 0.4674479166666667 0.9440104166666666 0.4674479166666667 0.8841145833333334 0.47265625 0.5325520833333334
3 0.6204427083333334 0.173828125 0.013020833333333334 0.027994791666666668
3 0.6809895833333334 0.55078125 0.68359375 0.55859375 0.6822916666666666 0.5703125 0.67578125 0.5690104166666666 0.6744791666666666 0.5651041666666666 0.67578125 0.5559895833333334 0.6796875 0.5520833333333334
3 0.4772135416666667 0.5201822916666666 0.009114583333333334 0.029296875
3 0.4407552083333333 0.6471354166666666 0.008463541666666666 0.01953125
3 0.3958333333333333 0.8606770833333334 0.3919270833333333 0.8815104166666666 0.38671875 0.8815104166666666 0.3828125 0.8736979166666666 0.3828125 0.8658854166666666 0.38671875 0.8606770833333334 0.39453125 0.8606770833333334
3 0.26171875 0.2825520833333333 0.2591145833333333 0.2708333333333333 0.2643229166666667 0.265625 0.2682291666666667 0.2682291666666667 0.26953125 0.28515625 0.2630208333333333 0.2825520833333333
3 0.5950520833333334 0.8684895833333334 0.6028645833333334 0.875 0.6028645833333334 0.88671875 0.5989583333333334 0.890625 0.5963541666666666 0.8893229166666666 0.5924479166666666 0.8776041666666666 0.59375 0.8697916666666666
3 0.19921875 0.14583333333333334 0.20442708333333334 0.14583333333333334 0.21223958333333334 0.16015625 0.21223958333333334 0.17317708333333334 0.20963541666666666 0.17447916666666666 0.20572916666666666 0.1640625 0.19791666666666666 0.15494791666666666 0.19921875 0.14713541666666666
3 0.48046875 0.14322916666666666 0.4895833333333333 0.14322916666666666 0.4934895833333333 0.15364583333333334 0.4908854166666667 0.16145833333333334 0.4908854166666667 0.171875 0.484375 0.17447916666666666 0.4791666666666667 0.1640625 0.48046875 0.14453125
3 0.0859375 0.47265625 0.08984375 0.4713541666666667 0.10026041666666667 0.4765625 0.09895833333333333 0.48828125 0.08854166666666667 0.4895833333333333 0.08463541666666667 0.484375 0.0859375 0.4739583333333333
3 0.8190104166666666 0.515625 0.8229166666666666 0.5143229166666666 0.8294270833333334 0.5065104166666666 0.8346354166666666 0.5143229166666666 0.8333333333333334 0.5299479166666666 0.8177083333333334 0.5299479166666666 0.8203125 0.5169270833333334
3 0.70703125 0.7083333333333334 0.7161458333333334 0.7174479166666666 0.7135416666666666 0.7317708333333334 0.7096354166666666 0.734375 0.7044270833333334 0.72265625 0.70703125 0.7096354166666666