1 0.47578125 0.53472222265625 0.47734375 0.5319444440104167 0.47734375 0.52777777734375 0.4765625 0.525 0.4734375 0.5263888893229166 0.47265625 0.52777777734375 0.47265625 0.5333333333333333 0.4734375 0.53472222265625 0.47578125 0.53472222265625
0 0 0.4114583333333333 0.09114583333333333 0.4140625 0.10677083333333333 0.421875 0.11979166666666667 0.4348958333333333 0.13151041666666666 0.4544270833333333 0.14192708333333334 0.4908854166666667 0.14322916666666666 0.5091145833333334 0.14192708333333334 0.5520833333333334 0.13802083333333334 0.5690104166666666 0.12630208333333334 0.59765625 0.11458333333333333 0.61328125 0.10677083333333333 0.6197916666666666 0.08854166666666667 0.6276041666666666 0.033854166666666664 0.6263020833333334 0.032552083333333336 0.6236979166666666 0.02734375 0.6236979166666666 0.026041666666666668 0.6263020833333334 0 0.6263020833333334 0 0.6184895833333334 0.06901041666666667 0.62109375 0.09114583333333333 0.62109375 0.09895833333333333 0.6184895833333334 0.11458333333333333 0.60546875 0.12760416666666666 0.5859375 0.1328125 0.5677083333333334 0.13541666666666666 0.5651041666666666 0.140625 0.5338541666666666 0.140625 0.5091145833333334 0.13541666666666666 0.4765625 0.12760416666666666 0.4557291666666667 0.11588541666666667 0.4375 0.10677083333333333 0.4283854166666667 0.09114583333333333 0.4205729166666667 0.05078125 0.4205729166666667 0.018229166666666668 0.41796875 0.0078125 0.4192708333333333 0 0.41796875 0 0.4127604166666667
0 0.8645833333333334 0.44140625 0.9700520833333334 0.4453125 0.9700520833333334 0.44921875 0.8984375 0.44921875 0.85546875 0.4466145833333333 0.8346354166666666 0.4583333333333333 0.8268229166666666 0.4674479166666667 0.8151041666666666 0.48828125 0.8072916666666666 0.5234375 0.8059895833333334 0.5677083333333334 0.8151041666666666 0.6067708333333334 0.8268229166666666 0.6276041666666666 0.8411458333333334 0.640625 0.8541666666666666 0.6458333333333334 0.85546875 0.6484375 0.9518229166666666 0.6510416666666666 0.9661458333333334 0.65234375 0.9674479166666666 0.65625 0.9635416666666666 0.6575520833333334 0.9283854166666666 0.6549479166666666 0.8697916666666666 0.6549479166666666 0.8515625 0.65234375 0.83984375 0.6471354166666666 0.82421875 0.6315104166666666 0.8151041666666666 0.6158854166666666 0.8046875 0.58203125 0.8020833333333334 0.55078125 0.8033854166666666 0.5234375 0.80859375 0.4973958333333333 0.8151041666666666 0.4791666666666667 0.828125 0.4583333333333333 0.84765625 0.4440104166666667 0.86328125 0.44140625
2 0.47265625 0.53515625 0.4778645833333333 0.5377604166666666 0.4752604166666667 0.5455729166666666 0.4739583333333333 0.5716145833333334 0.4752604166666667 0.6184895833333334 0.4713541666666667 0.8177083333333334 0.4713541666666667 0.9440104166666666 0.46875 0.9453125 0.46875 0.7630208333333334 0.4713541666666667 0.7161458333333334 0.47265625 0.5364583333333334
3 0.6223958333333334 0.16145833333333334 0.6263020833333334 0.1640625 0.6263020833333334 0.17317708333333334 0.62109375 0.18489583333333334 0.6171875 0.18489583333333334 0.6145833333333334 0.17708333333333334 0.6158854166666666 0.16536458333333334 0.62109375 0.16145833333333334
3 0.6803385416666666 0.5651041666666666 0.011067708333333334 0.022135416666666668
3 0.4427083333333333 0.6380208333333334 0.4453125 0.6510416666666666 0.4440104166666667 0.65625 0.4375 0.65234375 0.4375 0.640625 0.44140625 0.6380208333333334
3 0.19921875 0.14192708333333334 0.20442708333333334 0.14192708333333334 0.20963541666666666 0.14973958333333334 0.21354166666666666 0.15755208333333334 0.21614583333333334 0.17317708333333334 0.21614583333333334 0.18229166666666666 0.21354166666666666 0.18619791666666666 0.2109375 0.18229166666666666 0.20703125 0.16015625 0.19791666666666666 0.1484375 0.19921875 0.14322916666666666
3 0.3971354166666667 0.8606770833333334 0.3958333333333333 0.8763020833333334 0.390625 0.8841145833333334 0.3854166666666667 0.8763020833333334 0.3841145833333333 0.8671875 0.38671875 0.86328125 0.3958333333333333 0.8606770833333334
3 0.2708333333333333 0.2526041666666667 0.2747395833333333 0.265625 0.2747395833333333 0.2760416666666667 0.2721354166666667 0.2799479166666667 0.265625 0.2734375 0.2643229166666667 0.265625 0.26171875 0.2630208333333333 0.26171875 0.2552083333333333 0.26953125 0.2526041666666667
3 0.48828125 0.14322916666666666 0.4908854166666667 0.14453125 0.4921875 0.15755208333333334 0.4908854166666667 0.171875 0.4869791666666667 0.17447916666666666 0.484375 0.17447916666666666 0.4791666666666667 0.1640625 0.48046875 0.14453125 0.4869791666666667 0.14322916666666666
3 0.7057291666666666 0.7083333333333334 0.7174479166666666 0.7122395833333334 0.7161458333333334 0.7278645833333334 0.7135416666666666 0.7291666666666666 0.7135416666666666 0.7317708333333334 0.7096354166666666 0.73046875 0.703125 0.7200520833333334 0.7057291666666666 0.7096354166666666
3 0.10026041666666667 0.4739583333333333 0.10677083333333333 0.4817708333333333 0.10677083333333333 0.4869791666666667 0.10286458333333333 0.4895833333333333 0.09895833333333333 0.4856770833333333 0.09114583333333333 0.4869791666666667 0.08854166666666667 0.484375 0.08854166666666667 0.47265625 0.09635416666666667 0.4713541666666667 0.09895833333333333 0.4739583333333333
3 0.8203125 0.515625 0.8294270833333334 0.5065104166666666 0.8346354166666666 0.5169270833333334 0.8333333333333334 0.5299479166666666 0.8307291666666666 0.5325520833333334 0.8190104166666666 0.5299479166666666 0.8203125 0.5169270833333334
3 0.5968749999999999 0.87222222265625 0.5906250000000001 0.8583333333333334 0.5921875 0.8972222226562501 0.5953125 0.8986111106770833 0.59765625 0.8944444440104166 0.5968749999999999 0.87222222265625
3 0.4765625 0.5180555559895833 0.48046875 0.5180555559895833 0.48046875 0.5138888893229167 0.47890625000000003 0.5069444440104166 0.47734375 0.5055555559895833 0.47500000000000003 0.5055555559895833 0.47421874999999997 0.5069444440104166 0.47421874999999997 0.5125000000000001 0.47500000000000003 0.51527777734375 0.4765625 0.5180555559895833