1 0.5539062499999999 0.65972222265625 0.5546875 0.65972222265625 0.55625 0.6583333333333333 0.55625 0.65277777734375 0.5539062499999999 0.6513888893229166 0.55234375 0.6541666666666667 0.55234375 0.6569444440104167 0.5539062499999999 0.65972222265625
0 0 0.4309895833333333 0.08854166666666667 0.4322916666666667 0.10677083333333333 0.4361979166666667 0.12630208333333334 0.4544270833333333 0.13932291666666666 0.4791666666666667 0.14713541666666666 0.5091145833333334 0.14973958333333334 0.5364583333333334 0.14713541666666666 0.5703125 0.14322916666666666 0.5807291666666666 0.14192708333333334 0.5924479166666666 0.13020833333333334 0.6184895833333334 0.12369791666666667 0.625 0.12369791666666667 0.6276041666666666 0.11197916666666667 0.6380208333333334 0.10026041666666667 0.6432291666666666 0.09114583333333333 0.64453125 0 0.6419270833333334 0 0.63671875 0.09375 0.6393229166666666 0.10546875 0.6354166666666666 0.1171875 0.6263020833333334 0.13151041666666666 0.6067708333333334 0.13671875 0.58984375 0.13932291666666666 0.5872395833333334 0.14453125 0.5651041666666666 0.14322916666666666 0.5052083333333334 0.13151041666666666 0.4713541666666667 0.12369791666666667 0.4583333333333333 0.11458333333333333 0.44921875 0.10677083333333333 0.4440104166666667 0.09505208333333333 0.4401041666666667 0.033854166666666664 0.4388020833333333 0.032552083333333336 0.4361979166666667 0.029947916666666668 0.4388020833333333 0.028645833333333332 0.4361979166666667 0 0.4361979166666667 0 0.4322916666666667
0 0.85546875 0.4583333333333333 0.9114583333333334 0.4583333333333333 0.9127604166666666 0.4609375 0.9635416666666666 0.4609375 0.9739583333333334 0.4635416666666667 0.9739583333333334 0.4661458333333333 0.85546875 0.46484375 0.83984375 0.4739583333333333 0.8216145833333334 0.4986979166666667 0.8216145833333334 0.5026041666666666 0.8151041666666666 0.5130208333333334 0.8098958333333334 0.53515625 0.8072916666666666 0.5559895833333334 0.80859375 0.5807291666666666 0.8151041666666666 0.6145833333333334 0.8229166666666666 0.6328125 0.8333333333333334 0.6471354166666666 0.84375 0.6575520833333334 0.8580729166666666 0.6640625 0.95703125 0.6666666666666666 0.9583333333333334 0.6692708333333334 0.9713541666666666 0.6705729166666666 0.9713541666666666 0.6731770833333334 0.9674479166666666 0.6744791666666666 0.8763020833333334 0.671875 0.8515625 0.66796875 0.8502604166666666 0.6653645833333334 0.8372395833333334 0.6588541666666666 0.828125 0.6497395833333334 0.8268229166666666 0.64453125 0.81640625 0.62890625 0.8072916666666666 0.5963541666666666 0.8059895833333334 0.546875 0.80859375 0.5260416666666666 0.81640625 0.5 0.83203125 0.4739583333333333 0.84765625 0.4622395833333333 0.85546875 0.4596354166666667
2 0.4765625 0.4270833333333333 0.4791666666666667 0.4453125 0.4791666666666667 0.5677083333333334 0.4739583333333333 0.9049479166666666 0.4752604166666667 0.9453125 0.4739583333333333 0.9622395833333334 0.4713541666666667 0.9596354166666666 0.4765625 0.4283854166666667
3 0.4557291666666667 0.24479166666666666 0.4583333333333333 0.24609375 0.4583333333333333 0.2630208333333333 0.4557291666666667 0.2643229166666667 0.4518229166666667 0.2552083333333333 0.4518229166666667 0.25 0.4544270833333333 0.24609375
3 0.6197916666666666 0.2604166666666667 0.6223958333333334 0.2630208333333333 0.6223958333333334 0.2799479166666667 0.6197916666666666 0.28515625 0.6158854166666666 0.2838541666666667 0.6119791666666666 0.2760416666666667 0.61328125 0.26953125 0.6184895833333334 0.26171875
3 0.6282552083333334 0.533203125 0.014973958333333334 0.01953125
3 0.48046875 0.3190104166666667 0.484375 0.328125 0.4817708333333333 0.3411458333333333 0.4778645833333333 0.3385416666666667 0.4765625 0.33203125 0.4765625 0.3216145833333333 0.4791666666666667 0.3203125
3 0.5182291666666666 0.7018229166666666 0.5221354166666666 0.7057291666666666 0.5208333333333334 0.72265625 0.5182291666666666 0.72265625 0.5143229166666666 0.7122395833333334 0.5143229166666666 0.703125 0.5169270833333334 0.7018229166666666
3 0.4830729166666667 0.3984375 0.4869791666666667 0.40625 0.4869791666666667 0.4192708333333333 0.4817708333333333 0.4244791666666667 0.4765625 0.4205729166666667 0.4752604166666667 0.4153645833333333 0.4752604166666667 0.4049479166666667 0.4817708333333333 0.3984375
3 0.5611979166666666 0.6419270833333334 0.5638020833333334 0.6419270833333334 0.5677083333333334 0.6497395833333334 0.5677083333333334 0.6627604166666666 0.5611979166666666 0.6627604166666666 0.5572916666666666 0.6588541666666666 0.5533854166666666 0.6588541666666666 0.5533854166666666 0.6536458333333334 0.55859375 0.6497395833333334 0.55859375 0.6458333333333334 0.5611979166666666 0.6432291666666666
3 0.44921875 0.5520833333333334 0.4544270833333333 0.5533854166666666 0.4557291666666667 0.5625 0.4544270833333333 0.5703125 0.4505208333333333 0.5703125 0.4466145833333333 0.56640625 0.4466145833333333 0.55859375 0.44921875 0.5533854166666666
3 0.4596354166666667 0.8255208333333334 0.46484375 0.8385416666666666 0.4635416666666667 0.8567708333333334 0.4596354166666667 0.85546875 0.453125 0.83984375 0.4583333333333333 0.8268229166666666
3 0.7486979166666666 0.5611979166666666 0.7565104166666666 0.5716145833333334 0.7552083333333334 0.58203125 0.7486979166666666 0.5872395833333334 0.73828125 0.5794270833333334 0.73828125 0.5768229166666666 0.7447916666666666 0.5716145833333334 0.7486979166666666 0.5625
3 0.4973958333333333 0.4466145833333333 0.5013020833333334 0.4479166666666667 0.5052083333333334 0.4557291666666667 0.50390625 0.4700520833333333 0.5026041666666666 0.47265625 0.5 0.47265625 0.4908854166666667 0.4622395833333333 0.4908854166666667 0.4583333333333333 0.49609375 0.453125 0.4973958333333333 0.4479166666666667
3 0.3971354166666667 0.33984375 0.4010416666666667 0.34375 0.4010416666666667 0.3580729166666667 0.3971354166666667 0.3606770833333333 0.3919270833333333 0.3567708333333333 0.390625 0.3528645833333333 0.390625 0.34375 0.3958333333333333 0.33984375