1 0.38214062499999996 0.71649027734375 0.386390625 0.7162680559895834 0.385890625 0.7073847226562501 0.38170312500000003 0.7083833333333334 0.38214062499999996 0.71649027734375
0 0 0.4166666666666667 0.08984375 0.4192708333333333 0.10286458333333333 0.421875 0.11328125 0.4270833333333333 0.12239583333333333 0.4348958333333333 0.13671875 0.4583333333333333 0.14713541666666666 0.4908854166666667 0.14973958333333334 0.5130208333333334 0.14713541666666666 0.5598958333333334 0.13932291666666666 0.5872395833333334 0.12760416666666666 0.609375 0.10807291666666667 0.6276041666666666 0.09505208333333333 0.6315104166666666 0.02734375 0.6302083333333334 0 0.6276041666666666 0 0.6223958333333334 0.08854166666666667 0.625 0.10677083333333333 0.62109375 0.11979166666666667 0.6106770833333334 0.13541666666666666 0.5859375 0.13541666666666666 0.5807291666666666 0.14322916666666666 0.5611979166666666 0.14583333333333334 0.5403645833333334 0.14583333333333334 0.5104166666666666 0.13932291666666666 0.4752604166666667 0.12760416666666666 0.4505208333333333 0.11458333333333333 0.4348958333333333 0.10677083333333333 0.4296875 0.09505208333333333 0.42578125 0.006510416666666667 0.4231770833333333 0 0.421875 0 0.41796875
0 0.9739583333333334 0.4518229166666667 0.9739583333333334 0.4544270833333333 0.9713541666666666 0.4557291666666667 0.9296875 0.4557291666666667 0.8958333333333334 0.453125 0.8515625 0.4544270833333333 0.83984375 0.4635416666666667 0.8268229166666666 0.4778645833333333 0.8151041666666666 0.50390625 0.8072916666666666 0.5416666666666666 0.8098958333333334 0.5846354166666666 0.8177083333333334 0.6106770833333334 0.8294270833333334 0.6315104166666666 0.8463541666666666 0.6484375 0.8619791666666666 0.6536458333333334 0.9674479166666666 0.6575520833333334 0.9700520833333334 0.66015625 0.9635416666666666 0.6627604166666666 0.86328125 0.6588541666666666 0.8541666666666666 0.6575520833333334 0.8372395833333334 0.6484375 0.82421875 0.6328125 0.8125 0.6080729166666666 0.8059895833333334 0.57421875 0.8059895833333334 0.53515625 0.80859375 0.5143229166666666 0.81640625 0.4895833333333333 0.8268229166666666 0.4700520833333333 0.8359375 0.4583333333333333 0.84375 0.453125 0.85546875 0.4479166666666667 0.90625 0.4479166666666667 0.97265625 0.4518229166666667
2 0.48046875 0.12760416666666666 0.4830729166666667 0.14453125 0.4791666666666667 0.4505208333333333 0.48046875 0.4947916666666667 0.4778645833333333 0.6236979166666666 0.4765625 0.6263020833333334 0.4739583333333333 0.6223958333333334 0.4765625 0.5611979166666666 0.4765625 0.38671875 0.4791666666666667 0.3190104166666667 0.4778645833333333 0.2799479166666667 0.48046875 0.12890625
3 0.5325520833333334 0.5026041666666666 0.5364583333333334 0.50390625 0.5403645833333334 0.5104166666666666 0.5403645833333334 0.52734375 0.5364583333333334 0.5299479166666666 0.5325520833333334 0.5182291666666666 0.5325520833333334 0.50390625
3 0.4908854166666667 0.2630208333333333 0.4947916666666667 0.265625 0.4973958333333333 0.2734375 0.4947916666666667 0.2942708333333333 0.4908854166666667 0.2981770833333333 0.48828125 0.29296875 0.4895833333333333 0.2643229166666667
3 0.6197916666666666 0.5091145833333334 0.6263020833333334 0.515625 0.6263020833333334 0.52734375 0.6236979166666666 0.53125 0.6197916666666666 0.53125 0.6119791666666666 0.5247395833333334 0.6197916666666666 0.5104166666666666
3 0.3463541666666667 0.5950520833333334 0.34765625 0.6028645833333334 0.3450520833333333 0.6145833333333334 0.3424479166666667 0.6171875 0.33984375 0.6171875 0.3359375 0.6119791666666666 0.3359375 0.6041666666666666 0.3450520833333333 0.5950520833333334
3 0.3828125 0.70703125 0.3854166666666667 0.71484375 0.3815104166666667 0.7200520833333334 0.3815104166666667 0.7421875 0.37890625 0.7434895833333334 0.3697916666666667 0.7356770833333334 0.3776041666666667 0.7252604166666666 0.3828125 0.7083333333333334
3 0.4127604166666667 0.43359375 0.4192708333333333 0.4479166666666667 0.4192708333333333 0.4505208333333333 0.4153645833333333 0.453125 0.4088541666666667 0.4466145833333333 0.4088541666666667 0.4348958333333333 0.4114583333333333 0.43359375
3 0.4557291666666667 0.22265625 0.4635416666666667 0.2265625 0.4622395833333333 0.2421875 0.4583333333333333 0.2421875 0.453125 0.23567708333333334 0.4544270833333333 0.22395833333333334
3 0.3828125 0.5598958333333334 0.38671875 0.5572916666666666 0.3919270833333333 0.55859375 0.390625 0.5755208333333334 0.3815104166666667 0.5716145833333334 0.3802083333333333 0.56640625 0.3828125 0.5611979166666666
3 0.45703125 0.4544270833333333 0.4635416666666667 0.453125 0.4661458333333333 0.45703125 0.4661458333333333 0.4752604166666667 0.4609375 0.48046875 0.45703125 0.48046875 0.453125 0.4674479166666667 0.45703125 0.4557291666666667
3 0.44921875 0.6953125 0.453125 0.69140625 0.4583333333333333 0.6927083333333334 0.4583333333333333 0.69921875 0.4544270833333333 0.7096354166666666 0.44921875 0.7044270833333334 0.44921875 0.6966145833333334
3 0.31328125 0.3541666666666667 0.31328125 0.3611111106770833 0.32109375 0.37222222265625 0.32421875 0.37083333333333335 0.3203125 0.35277777734375 0.31328125 0.3541666666666667
3 0.47812499999999997 0.625 0.4734375 0.62222222265625 0.46953125 0.6263888893229167 0.47734375 0.6486111106770833 0.47812499999999997 0.625