1 0.47031249999999997 0.5208333333333334 0.47109375000000003 0.5194444440104167 0.47109375000000003 0.51527777734375 0.46953125 0.5138888893229167 0.46796875 0.51527777734375 0.46796875 0.5194444440104167 0.46875 0.5208333333333334 0.47031249999999997 0.5208333333333334
0 0 0.42578125 0.01953125 0.4244791666666667 0.09635416666666667 0.4270833333333333 0.10546875 0.4283854166666667 0.11848958333333333 0.4348958333333333 0.13411458333333334 0.453125 0.14583333333333334 0.4778645833333333 0.14713541666666666 0.4895833333333333 0.15104166666666666 0.5 0.15364583333333334 0.5299479166666666 0.15104166666666666 0.56640625 0.14192708333333334 0.59765625 0.13411458333333334 0.6119791666666666 0.11848958333333333 0.6302083333333334 0.10546875 0.63671875 0 0.6341145833333334 0 0.62890625 0.06640625 0.6315104166666666 0.10286458333333333 0.6315104166666666 0.11067708333333333 0.62890625 0.12760416666666666 0.6119791666666666 0.13932291666666666 0.5911458333333334 0.14713541666666666 0.5677083333333334 0.14973958333333334 0.5481770833333334 0.14973958333333334 0.51953125 0.14713541666666666 0.4973958333333333 0.140625 0.4817708333333333 0.13932291666666666 0.47265625 0.12239583333333333 0.4466145833333333 0.10416666666666667 0.43359375 0.014322916666666666 0.4296875 0 0.4309895833333333 0 0.4270833333333333
0 0.8776041666666666 0.453125 0.9127604166666666 0.4557291666666667 0.9635416666666666 0.4557291666666667 0.9739583333333334 0.45703125 0.9739583333333334 0.4622395833333333 0.8658854166666666 0.4596354166666667 0.85546875 0.4609375 0.8359375 0.4739583333333333 0.8229166666666666 0.4934895833333333 0.8190104166666666 0.5065104166666666 0.8151041666666666 0.51171875 0.8098958333333334 0.5377604166666666 0.8098958333333334 0.5807291666666666 0.8177083333333334 0.61328125 0.8307291666666666 0.6380208333333334 0.8372395833333334 0.6432291666666666 0.83984375 0.6484375 0.8541666666666666 0.6575520833333334 0.8697916666666666 0.66015625 0.9583333333333334 0.6627604166666666 0.9700520833333334 0.6640625 0.9713541666666666 0.6653645833333334 0.96875 0.6692708333333334 0.9361979166666666 0.66796875 0.9348958333333334 0.6653645833333334 0.8763020833333334 0.6653645833333334 0.8502604166666666 0.6614583333333334 0.83203125 0.6484375 0.8151041666666666 0.6171875 0.8072916666666666 0.5859375 0.8072916666666666 0.53515625 0.81640625 0.4973958333333333 0.8307291666666666 0.47265625 0.8463541666666666 0.4583333333333333 0.8619791666666666 0.453125 0.8763020833333334 0.453125
2 0.4778645833333333 0.4791666666666667 0.4817708333333333 0.4895833333333333 0.4817708333333333 0.6393229166666666 0.4791666666666667 0.6640625 0.4778645833333333 0.9427083333333334 0.4765625 0.953125 0.4739583333333333 0.953125 0.47265625 0.9309895833333334 0.4752604166666667 0.8984375 0.4739583333333333 0.8502604166666666 0.4765625 0.7721354166666666 0.4765625 0.6119791666666666 0.4791666666666667 0.55078125 0.4791666666666667 0.4947916666666667 0.4765625 0.48828125 0.4778645833333333 0.48046875
3 0.6575520833333334 0.5690104166666666 0.6653645833333334 0.5703125 0.6666666666666666 0.57421875 0.6627604166666666 0.5872395833333334 0.65625 0.5885416666666666 0.6575520833333334 0.5703125
3 0.4427083333333333 0.4088541666666667 0.4453125 0.4140625 0.4427083333333333 0.4231770833333333 0.4375 0.4205729166666667 0.4361979166666667 0.4153645833333333 0.4361979166666667 0.41015625 0.44140625 0.4088541666666667
3 0.5078125 0.7083333333333334 0.5143229166666666 0.7200520833333334 0.5130208333333334 0.7278645833333334 0.5078125 0.7278645833333334 0.5078125 0.7096354166666666
3 0.5364583333333334 0.2643229166666667 0.5403645833333334 0.265625 0.54296875 0.2708333333333333 0.5403645833333334 0.2864583333333333 0.5377604166666666 0.2877604166666667 0.53515625 0.2838541666666667 0.53515625 0.265625
3 0.5651041666666666 0.5559895833333334 0.5677083333333334 0.55859375 0.5677083333333334 0.5716145833333334 0.5651041666666666 0.5729166666666666 0.5625 0.5729166666666666 0.5598958333333334 0.5651041666666666 0.5611979166666666 0.5572916666666666 0.5638020833333334 0.5559895833333334
3 0.421875 0.5794270833333334 0.4270833333333333 0.5833333333333334 0.4283854166666667 0.5924479166666666 0.42578125 0.5950520833333334 0.4205729166666667 0.5924479166666666 0.41796875 0.5885416666666666 0.41796875 0.5833333333333334 0.4205729166666667 0.5807291666666666
3 0.4049479166666667 0.76953125 0.4114583333333333 0.77734375 0.4114583333333333 0.78515625 0.4088541666666667 0.7877604166666666 0.4049479166666667 0.7864583333333334 0.40234375 0.78125 0.4036458333333333 0.7708333333333334
3 0.5026041666666666 0.62109375 0.5065104166666666 0.6223958333333334 0.5091145833333334 0.6302083333333334 0.5052083333333334 0.6380208333333334 0.5013020833333334 0.6354166666666666 0.5 0.625 0.5026041666666666 0.6223958333333334
3 0.3684895833333333 0.3333333333333333 0.3723958333333333 0.3333333333333333 0.3736979166666667 0.3359375 0.3736979166666667 0.34765625 0.3697916666666667 0.3489583333333333 0.3658854166666667 0.3450520833333333 0.3658854166666667 0.3385416666666667 0.3684895833333333 0.3346354166666667
3 0.4596354166666667 0.26171875 0.453125 0.24479166666666666 0.4544270833333333 0.2421875 0.4635416666666667 0.23958333333333334 0.46484375 0.2565104166666667 0.4596354166666667 0.2630208333333333
3 0.5247395833333334 0.46484375 0.5247395833333334 0.4869791666666667 0.5221354166666666 0.4869791666666667 0.51953125 0.4830729166666667 0.51953125 0.4674479166666667 0.5234375 0.46484375
3 0.47578125 0.45972222265625 0.48046875 0.46527777734375 0.48125 0.46388888932291666 0.48515625 0.46388888932291666 0.4875 0.45972222265625 0.4875 0.44861111067708337 0.48671875000000003 0.4458333333333333 0.48359375 0.44166666666666665 0.48125 0.44027777734375 0.4796875 0.44027777734375 0.4765625 0.4430555559895833 0.47421874999999997 0.4513888893229167 0.47421874999999997 0.45555555598958336 0.47578125 0.4583333333333333 0.47578125 0.45972222265625