1 0.30312500000000003 0.30555555598958334 0.30390625 0.30277777734375 0.30312500000000003 0.29861111067708335 0.30078125 0.29861111067708335 0.3 0.29722222265625003 0.29843749999999997 0.3 0.29843749999999997 0.30416666666666664 0.29921875000000003 0.30555555598958334 0.30312500000000003 0.30555555598958334
0 0 0.4309895833333333 0.08072916666666667 0.43359375 0.09635416666666667 0.4375 0.11067708333333333 0.44921875 0.12760416666666666 0.4765625 0.13151041666666666 0.4921875 0.13411458333333334 0.4947916666666667 0.13802083333333334 0.5234375 0.13802083333333334 0.5611979166666666 0.13020833333333334 0.5989583333333334 0.11588541666666667 0.6263020833333334 0.10286458333333333 0.6393229166666666 0.08984375 0.64453125 0.08854166666666667 0.6471354166666666 0.08072916666666667 0.6484375 0 0.64453125 0 0.6380208333333334 0.029947916666666668 0.640625 0.08854166666666667 0.640625 0.09895833333333333 0.6354166666666666 0.11588541666666667 0.6171875 0.125 0.6002604166666666 0.13541666666666666 0.5611979166666666 0.13541666666666666 0.5247395833333334 0.13151041666666666 0.5 0.12369791666666667 0.4778645833333333 0.11197916666666667 0.4583333333333333 0.10286458333333333 0.44921875 0.09505208333333333 0.4440104166666667 0.08072916666666667 0.4401041666666667 0 0.4388020833333333 0 0.4322916666666667
0 0.8776041666666666 0.4622395833333333 0.9635416666666666 0.46484375 0.9661458333333334 0.4661458333333333 0.9661458333333334 0.4700520833333333 0.8502604166666666 0.4674479166666667 0.8385416666666666 0.47265625 0.8307291666666666 0.4791666666666667 0.8151041666666666 0.5 0.8033854166666666 0.5364583333333334 0.8020833333333334 0.5885416666666666 0.8111979166666666 0.6263020833333334 0.8268229166666666 0.65234375 0.84765625 0.6666666666666666 0.8619791666666666 0.6666666666666666 0.86328125 0.6692708333333334 0.87890625 0.6705729166666666 0.9635416666666666 0.6731770833333334 0.9635416666666666 0.6770833333333334 0.9557291666666666 0.6783854166666666 0.84765625 0.6731770833333334 0.8385416666666666 0.6692708333333334 0.8203125 0.65234375 0.80859375 0.6302083333333334 0.8072916666666666 0.62109375 0.80078125 0.6067708333333334 0.7994791666666666 0.5950520833333334 0.7994791666666666 0.5455729166666666 0.8072916666666666 0.5091145833333334 0.81640625 0.4895833333333333 0.828125 0.4739583333333333 0.8450520833333334 0.4635416666666667 0.8763020833333334 0.4622395833333333
2 0.4739583333333333 0.3125 0.4739583333333333 0.3216145833333333 0.4713541666666667 0.32421875 0.4739583333333333 0.3268229166666667 0.4739583333333333 0.3411458333333333 0.4713541666666667 0.3528645833333333 0.4713541666666667 0.6432291666666666 0.4700520833333333 0.7356770833333334 0.4674479166666667 0.7747395833333334 0.4674479166666667 0.9427083333333334 0.4661458333333333 0.96484375 0.4635416666666667 0.9661458333333334 0.46484375 0.734375 0.4674479166666667 0.7109375 0.4661458333333333 0.6432291666666666 0.46875 0.5611979166666666 0.46875 0.3450520833333333 0.4713541666666667 0.3255208333333333 0.4700520833333333 0.3177083333333333 0.4739583333333333 0.3138020833333333
3 0.6510416666666666 0.5677083333333334 0.6575520833333334 0.5677083333333334 0.6614583333333334 0.5716145833333334 0.6614583333333334 0.578125 0.6536458333333334 0.58203125 0.6484375 0.5768229166666666 0.6510416666666666 0.5690104166666666
3 0.5651041666666666 0.3020833333333333 0.5690104166666666 0.3033854166666667 0.5677083333333334 0.3190104166666667 0.5651041666666666 0.3190104166666667 0.5625 0.3151041666666667 0.5651041666666666 0.3033854166666667
3 0.52734375 0.8684895833333334 0.5325520833333334 0.87109375 0.5325520833333334 0.890625 0.5286458333333334 0.8919270833333334 0.5260416666666666 0.88671875 0.52734375 0.8697916666666666
3 0.4388020833333333 0.22135416666666666 0.4388020833333333 0.23958333333333334 0.4348958333333333 0.23697916666666666 0.4322916666666667 0.23046875 0.43359375 0.22135416666666666 0.4375 0.22135416666666666
3 0.6197916666666666 0.6380208333333334 0.6263020833333334 0.6380208333333334 0.6276041666666666 0.640625 0.6276041666666666 0.6510416666666666 0.6236979166666666 0.65625 0.6197916666666666 0.6549479166666666 0.6184895833333334 0.6510416666666666 0.6197916666666666 0.6393229166666666
3 0.4674479166666667 0.3203125 0.46484375 0.3151041666666667 0.4661458333333333 0.296875 0.4713541666666667 0.3072916666666667 0.46875 0.3203125
3 0.5859375 0.7057291666666666 0.5950520833333334 0.70703125 0.5950520833333334 0.71875 0.5911458333333334 0.7278645833333334 0.5885416666666666 0.7278645833333334 0.5833333333333334 0.7161458333333334 0.5859375 0.70703125
3 0.5403645833333334 0.3893229166666667 0.5455729166666666 0.3958333333333333 0.5455729166666666 0.41015625 0.54296875 0.41796875 0.5390625 0.4205729166666667 0.5338541666666666 0.4088541666666667 0.53515625 0.3932291666666667 0.5390625 0.390625
3 0.4908854166666667 0.47265625 0.4947916666666667 0.4817708333333333 0.4921875 0.4934895833333333 0.48828125 0.4921875 0.4869791666666667 0.4869791666666667 0.4869791666666667 0.4739583333333333 0.4895833333333333 0.47265625
3 0.78125 0.4505208333333333 0.7877604166666666 0.44921875 0.79296875 0.45703125 0.79296875 0.4635416666666667 0.7903645833333334 0.46875 0.7864583333333334 0.4700520833333333 0.7799479166666666 0.4635416666666667 0.78125 0.4518229166666667
3 0.6809895833333334 0.2916666666666667 0.6888020833333334 0.2825520833333333 0.6927083333333334 0.2825520833333333 0.6927083333333334 0.30078125 0.6888020833333334 0.3059895833333333 0.6822916666666666 0.3033854166666667 0.6822916666666666 0.2994791666666667 0.6796875 0.296875 0.6809895833333334 0.29296875
3 0.30078125 0.27734375 0.3033854166666667 0.2994791666666667 0.3033854166666667 0.3033854166666667 0.30078125 0.3059895833333333 0.296875 0.3046875 0.2955729166666667 0.2955729166666667 0.2916666666666667 0.2877604166666667 0.2916666666666667 0.2825520833333333 0.2994791666666667 0.27734375