1 0.67421875 0.45972222265625 0.6749999999999999 0.45277777734375 0.6710937499999999 0.45277777734375 0.6703125 0.4583333333333333 0.67421875 0.45972222265625
0 0 0.4283854166666667 0.07161458333333333 0.4296875 0.08723958333333333 0.4309895833333333 0.09895833333333333 0.4348958333333333 0.11458333333333333 0.44921875 0.12369791666666667 0.4661458333333333 0.12630208333333334 0.4674479166666667 0.13671875 0.5 0.13932291666666666 0.5208333333333334 0.13802083333333334 0.5690104166666666 0.13411458333333334 0.5872395833333334 0.12239583333333333 0.6145833333333334 0.10677083333333333 0.6341145833333334 0.08854166666666667 0.6432291666666666 0 0.6419270833333334 0 0.63671875 0.08854166666666667 0.6380208333333334 0.09505208333333333 0.6354166666666666 0.10286458333333333 0.6302083333333334 0.11328125 0.6184895833333334 0.12760416666666666 0.59375 0.12890625 0.5833333333333334 0.13541666666666666 0.5651041666666666 0.13671875 0.55078125 0.13541666666666666 0.51171875 0.13151041666666666 0.4934895833333333 0.12109375 0.4674479166666667 0.10677083333333333 0.4479166666666667 0.09114583333333333 0.4388020833333333 0.0859375 0.4388020833333333 0.08463541666666667 0.4361979166666667 0.022135416666666668 0.43359375 0.01171875 0.4348958333333333 0 0.43359375 0 0.4296875
0 0.8372395833333334 0.4700520833333333 0.8177083333333334 0.4973958333333333 0.8177083333333334 0.5013020833333334 0.8098958333333334 0.5169270833333334 0.8059895833333334 0.54296875 0.8033854166666666 0.546875 0.8033854166666666 0.5768229166666666 0.8072916666666666 0.60546875 0.8151041666666666 0.62890625 0.8177083333333334 0.6302083333333334 0.8229166666666666 0.6419270833333334 0.8372395833333334 0.6575520833333334 0.8515625 0.6653645833333334 0.8932291666666666 0.6666666666666666 0.89453125 0.6692708333333334 0.9388020833333334 0.6692708333333334 0.9661458333333334 0.671875 0.9661458333333334 0.67578125 0.8541666666666666 0.671875 0.8424479166666666 0.66796875 0.8229166666666666 0.6497395833333334 0.8125 0.6315104166666666 0.8046875 0.6080729166666666 0.80078125 0.5807291666666666 0.80078125 0.5481770833333334 0.8046875 0.5234375 0.8125 0.5 0.828125 0.4739583333333333 0.83203125 0.4700520833333333 0.8359375 0.4700520833333333
2 0.4739583333333333 0.13671875 0.4739583333333333 0.578125 0.4713541666666667 0.6302083333333334 0.4739583333333333 0.6432291666666666 0.4713541666666667 0.6484375 0.4700520833333333 0.9075520833333334 0.4674479166666667 0.96484375 0.46484375 0.96484375 0.4635416666666667 0.9401041666666666 0.4674479166666667 0.8424479166666666 0.4674479166666667 0.6328125 0.4713541666666667 0.53515625 0.4700520833333333 0.4609375 0.4739583333333333 0.13802083333333334
3 0.7330729166666666 0.6197916666666666 0.7447916666666666 0.62109375 0.7486979166666666 0.625 0.7486979166666666 0.63671875 0.7434895833333334 0.6419270833333334 0.7408854166666666 0.640625 0.7330729166666666 0.62109375
3 0.71484375 0.90234375 0.7252604166666666 0.90625 0.7265625 0.9088541666666666 0.7239583333333334 0.9283854166666666 0.7200520833333334 0.9296875 0.71484375 0.9036458333333334
3 0.9010416666666666 0.5481770833333334 0.8997395833333334 0.5364583333333334 0.9088541666666666 0.5325520833333334 0.9166666666666666 0.5338541666666666 0.9192708333333334 0.5390625 0.9192708333333334 0.5481770833333334 0.9127604166666666 0.5533854166666666 0.9088541666666666 0.5533854166666666 0.90234375 0.5481770833333334
3 0.8411458333333334 0.4453125 0.8463541666666666 0.44921875 0.8463541666666666 0.4596354166666667 0.8385416666666666 0.4674479166666667 0.8346354166666666 0.4661458333333333 0.8307291666666666 0.44921875 0.83984375 0.4466145833333333
3 0.17838541666666666 0.4752604166666667 0.18619791666666666 0.4817708333333333 0.18619791666666666 0.4921875 0.17578125 0.4934895833333333 0.17447916666666666 0.4817708333333333 0.17708333333333334 0.4765625
3 0.7122395833333334 0.47265625 0.71484375 0.4765625 0.7122395833333334 0.4921875 0.7096354166666666 0.4921875 0.7044270833333334 0.484375 0.70703125 0.4739583333333333 0.7109375 0.47265625
3 0.8177083333333334 0.70703125 0.8333333333333334 0.71875 0.828125 0.73046875 0.82421875 0.73046875 0.8203125 0.7239583333333334 0.8177083333333334 0.7083333333333334
3 0.4166666666666667 0.23828125 0.4205729166666667 0.23958333333333334 0.4231770833333333 0.24869791666666666 0.4231770833333333 0.2578125 0.41796875 0.2578125 0.4153645833333333 0.24609375 0.4166666666666667 0.23958333333333334
3 0.6666666666666666 0.4752604166666667 0.6692708333333334 0.4856770833333333 0.6614583333333334 0.4921875 0.6588541666666666 0.4908854166666667 0.6588541666666666 0.4817708333333333 0.66015625 0.4778645833333333 0.6653645833333334 0.4752604166666667
3 0.54296875 0.421875 0.5481770833333334 0.4244791666666667 0.5455729166666666 0.4401041666666667 0.5416666666666666 0.4401041666666667 0.5416666666666666 0.43359375 0.5390625 0.4296875 0.5390625 0.4244791666666667 0.5416666666666666 0.4231770833333333
3 0.7265625 0.4765625 0.72265625 0.4700520833333333 0.72265625 0.4635416666666667 0.7252604166666666 0.4609375 0.7265625 0.453125 0.73046875 0.44921875 0.7356770833333334 0.4544270833333333 0.7356770833333334 0.4713541666666667 0.7317708333333334 0.4778645833333333 0.7278645833333334 0.4765625
3 0.6831742187500001 0.7494444440104168 0.68251328125 0.7365236106770833 0.67656328125 0.7300638893229167 0.67143984375 0.7368444440104166 0.6724312499999999 0.7553166666666667 0.6777203125 0.75854722265625 0.6831742187500001 0.7494444440104168