1 0.47071250000000003 0.5288430559895834 0.47138437499999997 0.53734027734375 0.47445625 0.5383625 0.47570390625 0.5289833333333334 0.4731125 0.52557222265625 0.47071250000000003 0.5288430559895834
0 0.4778645833333333 0.4479166666666667 0.4895833333333333 0.4518229166666667 0.4973958333333333 0.4583333333333333 0.5091145833333334 0.4752604166666667 0.5169270833333334 0.4947916666666667 0.5221354166666666 0.52734375 0.5208333333333334 0.5638020833333334 0.5182291666666666 0.5677083333333334 0.5130208333333334 0.5911458333333334 0.4986979166666667 0.61328125 0.4869791666666667 0.6223958333333334 0.4791666666666667 0.6236979166666666 0.4778645833333333 0.6263020833333334 0.46484375 0.6263020833333334 0.4635416666666667 0.6236979166666666 0.453125 0.6197916666666666 0.44140625 0.609375 0.4296875 0.5872395833333334 0.421875 0.5546875 0.421875 0.51953125 0.4244791666666667 0.5130208333333334 0.42578125 0.4973958333333333 0.43359375 0.4778645833333333 0.453125 0.453125 0.46484375 0.4479166666666667 0.4765625 0.4479166666666667
0 0 0.4140625 0.08984375 0.4166666666666667 0.09114583333333333 0.4192708333333333 0.09895833333333333 0.4205729166666667 0.10546875 0.4244791666666667 0.11458333333333333 0.4322916666666667 0.12630208333333334 0.44921875 0.12760416666666666 0.4544270833333333 0.13020833333333334 0.4557291666666667 0.13802083333333334 0.4817708333333333 0.14192708333333334 0.5065104166666666 0.14192708333333334 0.54296875 0.13411458333333334 0.5807291666666666 0.11979166666666667 0.6080729166666666 0.10677083333333333 0.62109375 0.09244791666666667 0.62890625 0 0.6276041666666666 0 0.62109375 0.09244791666666667 0.6223958333333334 0.09895833333333333 0.6197916666666666 0.11588541666666667 0.60546875 0.12109375 0.59375 0.12760416666666666 0.5859375 0.13541666666666666 0.5611979166666666 0.13671875 0.546875 0.13932291666666666 0.54296875 0.13932291666666666 0.5065104166666666 0.13671875 0.5013020833333334 0.13411458333333334 0.4791666666666667 0.12369791666666667 0.453125 0.11067708333333333 0.4348958333333333 0.09114583333333333 0.4231770833333333 0.0026041666666666665 0.4205729166666667 0 0.4192708333333333 0 0.4153645833333333
0 0.9596354166666666 0.4466145833333333 0.9674479166666666 0.4479166666666667 0.9674479166666666 0.4518229166666667 0.8541666666666666 0.44921875 0.8411458333333334 0.4544270833333333 0.8229166666666666 0.47265625 0.8111979166666666 0.49609375 0.8111979166666666 0.50390625 0.8033854166666666 0.5286458333333334 0.8033854166666666 0.5703125 0.8059895833333334 0.57421875 0.8098958333333334 0.5989583333333334 0.8190104166666666 0.6197916666666666 0.8255208333333334 0.6302083333333334 0.8463541666666666 0.6484375 0.85546875 0.6510416666666666 0.9518229166666666 0.6536458333333334 0.96484375 0.6549479166666666 0.96484375 0.6588541666666666 0.8763020833333334 0.6575520833333334 0.8515625 0.6549479166666666 0.8385416666666666 0.6497395833333334 0.82421875 0.63671875 0.8111979166666666 0.61328125 0.8046875 0.59375 0.80078125 0.5716145833333334 0.80078125 0.53125 0.8072916666666666 0.4973958333333333 0.81640625 0.4752604166666667 0.8307291666666666 0.4557291666666667 0.8489583333333334 0.4453125 0.9583333333333334 0.4466145833333333
2 0.4713541666666667 0.5325520833333334 0.4739583333333333 0.5325520833333334 0.4752604166666667 0.546875 0.47265625 0.6223958333333334 0.4739583333333333 0.6302083333333334 0.4713541666666667 0.6432291666666666 0.4713541666666667 0.8046875 0.46875 0.86328125 0.4700520833333333 0.9453125 0.4674479166666667 0.9479166666666666 0.4661458333333333 0.9466145833333334 0.4700520833333333 0.6484375 0.46875 0.61328125 0.4713541666666667 0.5338541666666666
3 0.6158854166666666 0.1640625 0.6197916666666666 0.16276041666666666 0.6236979166666666 0.16666666666666666 0.6236979166666666 0.17578125 0.6197916666666666 0.18489583333333334 0.6171875 0.18619791666666666 0.61328125 0.1796875 0.6158854166666666 0.16536458333333334
3 0.4778645833333333 0.51171875 0.4791666666666667 0.5299479166666666 0.4752604166666667 0.5364583333333334 0.4713541666666667 0.53515625 0.4713541666666667 0.5143229166666666 0.4739583333333333 0.5104166666666666 0.4765625 0.51171875
3 0.7083333333333334 0.7083333333333334 0.7096354166666666 0.7200520833333334 0.70703125 0.7265625 0.7018229166666666 0.7239583333333334 0.7018229166666666 0.7200520833333334 0.69921875 0.7174479166666666 0.7005208333333334 0.703125 0.703125 0.7018229166666666 0.70703125 0.7083333333333334
3 0.09830729166666667 0.4830729166666667 0.018880208333333332 0.022135416666666668
3 0.26953125 0.20442708333333334 0.2760416666666667 0.203125 0.2825520833333333 0.21223958333333334 0.2825520833333333 0.2265625 0.2760416666666667 0.23307291666666666 0.26953125 0.21223958333333334 0.26953125 0.20572916666666666
3 0.6888020833333334 0.5481770833333334 0.6927083333333334 0.5533854166666666 0.6927083333333334 0.5677083333333334 0.6888020833333334 0.5703125 0.6822916666666666 0.5651041666666666 0.6822916666666666 0.5520833333333334 0.6875 0.5481770833333334
3 0.4401041666666667 0.640625 0.4427083333333333 0.6432291666666666 0.4427083333333333 0.6575520833333334 0.4375 0.65625 0.4348958333333333 0.6484375 0.4361979166666667 0.6419270833333334 0.4388020833333333 0.640625
3 0.20572916666666666 0.14322916666666666 0.21484375 0.14583333333333334 0.21875 0.15364583333333334 0.21744791666666666 0.1640625 0.21484375 0.16536458333333334 0.20442708333333334 0.15494791666666666 0.203125 0.1484375 0.20572916666666666 0.14453125
3 0.48046875 0.14583333333333334 0.4869791666666667 0.14583333333333334 0.4908854166666667 0.15104166666666666 0.4895833333333333 0.17447916666666666 0.484375 0.17708333333333334 0.48046875 0.17317708333333334 0.4778645833333333 0.16145833333333334 0.48046875 0.14713541666666666
3 0.828125 0.5091145833333334 0.8333333333333334 0.5182291666666666 0.8333333333333334 0.5286458333333334 0.8307291666666666 0.5325520833333334 0.8177083333333334 0.5325520833333334 0.8177083333333334 0.5182291666666666 0.8268229166666666 0.5091145833333334
3 0.40859375000000003 0.85972222265625 0.40781249999999997 0.8611111106770833 0.40781249999999997 0.8708333333333332 0.4109375 0.8763888893229167 0.41250000000000003 0.87777777734375 0.41484375 0.87777777734375 0.41875 0.8583333333333334 0.41796875 0.8569444440104167 0.41640625000000003 0.8569444440104167 0.4140625 0.85972222265625 0.40859375000000003 0.85972222265625
3 0.6011664062500001 0.8278805559895833 0.6005390625 0.8468375 0.6049320312500001 0.8510194440104167 0.60822734375 0.8379166666666666 0.608384375 0.8248152773437499 0.6011664062500001 0.8128277773437499 0.60304921875 0.8228624999999999 0.6011664062500001 0.8278805559895833