1 0.7156250000000001 0.34861111067708334 0.7171875 0.3513888893229167 0.7203125 0.3513888893229167 0.7218749999999999 0.34861111067708334 0.7218749999999999 0.3430555559895833 0.72109375 0.3416666666666666 0.7171875 0.3416666666666666 0.7156250000000001 0.3444444440104167 0.7156250000000001 0.34861111067708334
0 0.9869791666666666 0.4166666666666667 0.9986979166666666 0.4166666666666667 0.9986979166666666 0.4231770833333333 0.9075520833333334 0.42578125 0.8958333333333334 0.4283854166666667 0.8841145833333334 0.4348958333333333 0.8671875 0.45703125 0.859375 0.4739583333333333 0.8580729166666666 0.484375 0.85546875 0.4869791666666667 0.8541666666666666 0.50390625 0.8515625 0.5104166666666666 0.8515625 0.5442708333333334 0.85546875 0.56640625 0.8580729166666666 0.5690104166666666 0.86328125 0.58984375 0.8736979166666666 0.6067708333333334 0.8880208333333334 0.62109375 0.8958333333333334 0.625 0.9010416666666666 0.625 0.90234375 0.6276041666666666 0.92578125 0.6276041666666666 0.9270833333333334 0.625 0.9544270833333334 0.6236979166666666 0.9986979166666666 0.6236979166666666 0.9986979166666666 0.6302083333333334 0.8997395833333334 0.6328125 0.88671875 0.6276041666666666 0.8684895833333334 0.609375 0.8671875 0.6028645833333334 0.8606770833333334 0.59375 0.8528645833333334 0.5703125 0.8489583333333334 0.5494791666666666 0.8489583333333334 0.5078125 0.8567708333333334 0.4700520833333333 0.8684895833333334 0.4466145833333333 0.8841145833333334 0.4283854166666667 0.8984375 0.421875 0.9869791666666666 0.41796875
0 0.13541666666666666 0.44921875 0.14192708333333334 0.4505208333333333 0.15625 0.4583333333333333 0.17057291666666666 0.4752604166666667 0.18229166666666666 0.5 0.19010416666666666 0.5416666666666666 0.19010416666666666 0.5703125 0.18229166666666666 0.6119791666666666 0.16796875 0.6393229166666666 0.15625 0.65234375 0.14453125 0.6588541666666666 0.13411458333333334 0.6614583333333334 0.07421875 0.6640625 0.0234375 0.6640625 0.024739583333333332 0.66015625 0.029947916666666668 0.6614583333333334 0.07552083333333333 0.6575520833333334 0.13411458333333334 0.65625 0.15104166666666666 0.6497395833333334 0.16796875 0.6315104166666666 0.1796875 0.6067708333333334 0.1875 0.5677083333333334 0.18359375 0.5169270833333334 0.17708333333333334 0.5026041666666666 0.17578125 0.4934895833333333 0.16796875 0.4791666666666667 0.15494791666666666 0.46484375 0.140625 0.4557291666666667 0.1171875 0.4544270833333333 0.07421875 0.45703125 0.022135416666666668 0.45703125 0.020833333333333332 0.453125 0.13411458333333334 0.44921875
2 0.5208333333333334 0.4153645833333333 0.5221354166666666 0.44140625 0.51953125 0.4518229166666667 0.51953125 0.5026041666666666 0.5221354166666666 0.5716145833333334 0.51953125 0.57421875 0.51953125 0.5846354166666666 0.5221354166666666 0.5885416666666666 0.51953125 0.5924479166666666 0.5221354166666666 0.5950520833333334 0.5234375 0.8294270833333334 0.5260416666666666 0.8697916666666666 0.5260416666666666 0.9505208333333334 0.5234375 0.9518229166666666 0.5234375 0.9283854166666666 0.5208333333333334 0.9244791666666666 0.5221354166666666 0.8776041666666666 0.51953125 0.6458333333333334 0.5169270833333334 0.6328125 0.5169270833333334 0.4453125 0.5208333333333334 0.4166666666666667
3 0.4283854166666667 0.5618489583333334 0.010416666666666666 0.026692708333333332
3 0.4986979166666667 0.2708333333333333 0.0078125 0.027994791666666668
3 0.5338541666666666 0.5651041666666666 0.5364583333333334 0.5755208333333334 0.53125 0.5859375 0.5260416666666666 0.5846354166666666 0.5247395833333334 0.5690104166666666 0.5325520833333334 0.5651041666666666
3 0.765625 0.6015625 0.7682291666666666 0.609375 0.7565104166666666 0.62109375 0.75390625 0.62109375 0.75 0.6028645833333334 0.7565104166666666 0.6002604166666666 0.7643229166666666 0.6015625
3 0.7291666666666666 0.328125 0.73046875 0.3385416666666667 0.7200520833333334 0.3489583333333333 0.71484375 0.3450520833333333 0.7161458333333334 0.3385416666666667 0.72265625 0.3268229166666667 0.7278645833333334 0.328125
3 0.6080729166666666 0.4036458333333333 0.6119791666666666 0.4088541666666667 0.609375 0.421875 0.6041666666666666 0.4231770833333333 0.6015625 0.4192708333333333 0.6015625 0.4127604166666667 0.6067708333333334 0.4049479166666667
3 0.625 0.55859375 0.6328125 0.5677083333333334 0.6315104166666666 0.57421875 0.62109375 0.57421875 0.6236979166666666 0.5598958333333334
3 0.6106770833333334 0.828125 0.6106770833333334 0.8177083333333334 0.6171875 0.8046875 0.6197916666666666 0.8268229166666666 0.6145833333333334 0.8294270833333334 0.6119791666666666 0.828125
3 0.5559895833333334 0.23828125 0.5546875 0.2265625 0.5598958333333334 0.21354166666666666 0.5625 0.21484375 0.5651041666666666 0.22395833333333334 0.5611979166666666 0.234375 0.5572916666666666 0.23828125
3 0.5149739583333334 0.4095052083333333 0.008463541666666666 0.022135416666666668
3 0.5656249999999999 0.7458333333333332 0.56484375 0.73472222265625 0.56015625 0.7319444440104167 0.5578124999999999 0.7458333333333332 0.5656249999999999 0.7458333333333332
3 0.56875 0.4861111106770833 0.5710937500000001 0.49305555598958334 0.5796875 0.4875 0.58046875 0.4708333333333334 0.5734374999999999 0.4666666666666666 0.5703125 0.4708333333333334 0.56875 0.4861111106770833