3 0.546875 0.765625 0.5494791666666666 0.765625 0.5533854166666666 0.7747395833333334 0.5611979166666666 0.7734375 0.5638020833333334 0.7760416666666666 0.5572916666666666 0.7864583333333334 0.5533854166666666 0.8020833333333334 0.55078125 0.8033854166666666 0.5481770833333334 0.7903645833333334 0.54296875 0.7864583333333334 0.54296875 0.7786458333333334 0.546875 0.7760416666666666 0.546875 0.7669270833333334
3 0.4713541666666667 0.515625 0.4752604166666667 0.5182291666666666 0.4765625 0.5234375 0.4778645833333333 0.55078125 0.4752604166666667 0.5533854166666666 0.47265625 0.5520833333333334 0.4713541666666667 0.5390625 0.46484375 0.5325520833333334 0.4700520833333333 0.5169270833333334
3 0.4361979166666667 0.4427083333333333 0.4427083333333333 0.4453125 0.4440104166666667 0.44921875 0.4440104166666667 0.4622395833333333 0.4427083333333333 0.4661458333333333 0.4388020833333333 0.46875 0.4322916666666667 0.4609375 0.4322916666666667 0.4518229166666667 0.4361979166666667 0.4440104166666667
3 0.4947916666666667 0.271484375 0.014322916666666666 0.026692708333333332
0 0.9703125 0.45972222265625 0.97109375 0.45555555598958336 0.9367187499999999 0.45 0.84765625 0.45 0.8289062500000001 0.46249999999999997 0.8171875000000001 0.4791666666666667 0.80703125 0.5055555559895833 0.80234375 0.5291666666666667 0.8015625000000001 0.5680555559895833 0.80703125 0.59722222265625 0.8093750000000001 0.5916666666666667 0.8039062499999999 0.5486111106770833 0.80859375 0.51527777734375 0.8156249999999999 0.49305555598958334 0.83046875 0.4694444440104167 0.8578125 0.45416666666666666 0.959375 0.45972222265625 0.9703125 0.45972222265625
3 0.8268229166666666 0.5859375 0.8307291666666666 0.5924479166666666 0.8307291666666666 0.6028645833333334 0.8294270833333334 0.6080729166666666 0.82421875 0.6106770833333334 0.8190104166666666 0.60546875 0.8125 0.5911458333333334 0.8203125 0.58984375 0.8255208333333334 0.5859375
3 0.5572916666666666 0.67578125 0.5625 0.6770833333333334 0.5690104166666666 0.68359375 0.5690104166666666 0.6901041666666666 0.5651041666666666 0.6953125 0.5651041666666666 0.7057291666666666 0.5677083333333334 0.7135416666666666 0.5638020833333334 0.7135416666666666 0.5611979166666666 0.7018229166666666 0.55078125 0.6861979166666666 0.55078125 0.6822916666666666 0.5572916666666666 0.6770833333333334
3 0.4296875 0.8391927083333334 0.012369791666666666 0.035807291666666664
3 0.60546875 0.43359375 0.609375 0.4375 0.609375 0.4466145833333333 0.5924479166666666 0.4466145833333333 0.5924479166666666 0.44140625 0.6041666666666666 0.4348958333333333
0 0 0.625 0.09296875 0.62777777734375 0.1125 0.6166666666666667 0.12968749999999998 0.5930555559895833 0.140625 0.5625 0.14453125 0.52222222265625 0.13984375000000002 0.49722222265625 0.140625 0.5319444440104167 0.13125 0.57777777734375 0.11093750000000001 0.6111111106770833 0.09296875 0.62222222265625 0 0.6194444440104167 0 0.625
3 0.12421875 0.4805555559895833 0.12734375 0.4666666666666666 0.11875000000000001 0.4666666666666666 0.11875000000000001 0.4791666666666667 0.12421875 0.4805555559895833
3 0.27578125000000003 0.2791666666666667 0.27421875 0.25833333333333336 0.26718749999999997 0.25833333333333336 0.26796875000000003 0.2694444440104167 0.27578125000000003 0.2791666666666667
3 0.32109375 0.8194444440104167 0.32421875 0.80277777734375 0.31406249999999997 0.8041666666666667 0.31406249999999997 0.8166666666666668 0.32109375 0.8194444440104167
3 0.47812499999999997 0.7291666666666666 0.47734375 0.7333333333333334 0.4921875 0.7513888893229167 0.49374999999999997 0.73472222265625 0.49062500000000003 0.7263888893229167 0.47812499999999997 0.7291666666666666
1 0.56875 0.7638888893229167 0.571875 0.7611111106770833 0.5710937500000001 0.75277777734375 0.5671875000000001 0.75277777734375 0.56875 0.7638888893229167
0 0 0.4180555559895833 0.0697546875 0.42083333333333334 0.07734375 0.4166666666666667 0.0140625 0.41250000000000003 0 0.41250000000000003 0 0.4180555559895833
0 0.13046875 0.4583333333333333 0.12734375 0.44722222265624995 0.11562499999999999 0.43055555598958334 0.0984375 0.4180555559895833 0.07734375 0.4166666666666667 0.07778984375 0.42083333333333334 0.08984375 0.42083333333333334 0.10625 0.4291666666666667 0.13046875 0.4583333333333333
0 0.83203125 0.64722222265625 0.8546874999999999 0.65972222265625 0.9625 0.6611111106770834 0.859375 0.6555555559895833 0.8273437499999999 0.6361111106770834 0.82421875 0.6361111106770834 0.8312499999999999 0.6388888893229167 0.83203125 0.64722222265625
2 0.4739583333333333 0.5338541666666666 0.4752604166666667 0.6328125 0.4739583333333333 0.7447916666666666 0.4713541666666667 0.7630208333333334 0.4700520833333333 0.9466145833333334 0.4674479166666667 0.9479166666666666 0.4661458333333333 0.9231770833333334 0.46875 0.8671875 0.46875 0.734375 0.4713541666666667 0.6783854166666666 0.4700520833333333 0.6197916666666666 0.47265625 0.53515625