1 0.5281250000000001 0.52777777734375 0.52734375 0.5319444440104167 0.5304687499999999 0.5333333333333333 0.5281250000000001 0.52777777734375
0 0.8645833333333334 0.6067708333333334 0.8567708333333334 0.5872395833333334 0.8515625 0.56640625 0.8489583333333334 0.52734375 0.8528645833333334 0.4934895833333333 0.85546875 0.4908854166666667 0.8606770833333334 0.4700520833333333 0.8684895833333334 0.4544270833333333 0.8854166666666666 0.4348958333333333 0.8997395833333334 0.4283854166666667 0.9635416666666666 0.42578125 0.9986979166666666 0.42578125 0.9986979166666666 0.4309895833333333 0.9036458333333334 0.43359375 0.89453125 0.4361979166666667 0.8932291666666666 0.4388020833333333 0.88671875 0.44140625 0.8736979166666666 0.4544270833333333 0.86328125 0.47265625 0.8541666666666666 0.5052083333333334 0.8528645833333334 0.546875 0.85546875 0.5677083333333334 0.86328125 0.5924479166666666 0.8697916666666666 0.60546875 0.8776041666666666 0.6158854166666666 0.89453125 0.6302083333333334 0.90234375 0.6328125 0.9986979166666666 0.6302083333333334 0.9986979166666666 0.6354166666666666 0.8997395833333334 0.6380208333333334 0.8802083333333334 0.6276041666666666 0.8802083333333334 0.625 0.8684895833333334 0.61328125 0.8658854166666666 0.6067708333333334
0 0.14453125 0.453125 0.15755208333333334 0.4583333333333333 0.17057291666666666 0.4700520833333333 0.18229166666666666 0.48828125 0.19010416666666666 0.5078125 0.19661458333333334 0.5481770833333334 0.19401041666666666 0.59375 0.18359375 0.6263020833333334 0.16666666666666666 0.6510416666666666 0.15104166666666666 0.6614583333333334 0.13932291666666666 0.6640625 0.109375 0.6653645833333334 0.032552083333333336 0.6653645833333334 0.032552083333333336 0.6627604166666666 0.13932291666666666 0.6588541666666666 0.15494791666666666 0.6536458333333334 0.16796875 0.6419270833333334 0.18359375 0.6158854166666666 0.19140625 0.58984375 0.19270833333333334 0.578125 0.19270833333333334 0.5390625 0.18359375 0.4986979166666667 0.16796875 0.4739583333333333 0.15885416666666666 0.4661458333333333 0.14453125 0.4596354166666667 0.029947916666666668 0.4622395833333333 0.028645833333333332 0.45703125 0.09244791666666667 0.453125 0.14322916666666666 0.453125
2 0.5208333333333334 0.4700520833333333 0.5247395833333334 0.4700520833333333 0.5247395833333334 0.6770833333333334 0.5286458333333334 0.8723958333333334 0.5286458333333334 0.953125 0.5247395833333334 0.953125 0.5208333333333334 0.4713541666666667
3 0.4361979166666667 0.55859375 0.4375 0.5690104166666666 0.4348958333333333 0.5755208333333334 0.4309895833333333 0.5755208333333334 0.4296875 0.5716145833333334 0.4296875 0.5625 0.4348958333333333 0.55859375
3 0.50390625 0.6419270833333334 0.5 0.6380208333333334 0.5 0.6236979166666666 0.50390625 0.62109375 0.5065104166666666 0.6276041666666666 0.5065104166666666 0.63671875 0.50390625 0.640625
3 0.5403645833333334 0.23958333333333334 0.5494791666666666 0.24348958333333334 0.5455729166666666 0.2578125 0.5403645833333334 0.2591145833333333 0.5377604166666666 0.2552083333333333 0.5403645833333334 0.24088541666666666
3 0.5807291666666666 0.5859375 0.58203125 0.5924479166666666 0.5807291666666666 0.6002604166666666 0.578125 0.6028645833333334 0.5755208333333334 0.6028645833333334 0.57421875 0.5950520833333334 0.5755208333333334 0.5885416666666666 0.5794270833333334 0.5859375
3 0.4622395833333333 0.24479166666666666 0.46484375 0.24609375 0.46484375 0.2682291666666667 0.4622395833333333 0.26953125 0.4583333333333333 0.26171875 0.4583333333333333 0.24869791666666666 0.4609375 0.24609375
3 0.6002604166666666 0.80078125 0.6041666666666666 0.8072916666666666 0.59765625 0.8151041666666666 0.59375 0.8138020833333334 0.59375 0.8033854166666666 0.5963541666666666 0.7994791666666666 0.5989583333333334 0.80078125
3 0.62890625 0.31640625 0.6328125 0.31640625 0.6354166666666666 0.3216145833333333 0.6354166666666666 0.3294270833333333 0.62890625 0.3346354166666667 0.62890625 0.3177083333333333
3 0.3307291666666667 0.58203125 0.3307291666666667 0.5859375 0.3346354166666667 0.5885416666666666 0.3346354166666667 0.59375 0.3307291666666667 0.6015625 0.3255208333333333 0.6015625 0.3229166666666667 0.5924479166666666 0.3255208333333333 0.58203125 0.3294270833333333 0.58203125
3 0.55859375 0.3984375 0.5625 0.3984375 0.56640625 0.4036458333333333 0.5651041666666666 0.4088541666666667 0.5598958333333334 0.4140625 0.5559895833333334 0.4075520833333333 0.5559895833333334 0.40234375 0.55859375 0.3997395833333333
3 0.4778645833333333 0.45703125 0.48046875 0.4661458333333333 0.4765625 0.4778645833333333 0.47265625 0.4778645833333333 0.4700520833333333 0.46875 0.4700520833333333 0.4635416666666667 0.4765625 0.45703125
3 0.4830729166666667 0.7239583333333334 0.4869791666666667 0.7239583333333334 0.48828125 0.7278645833333334 0.4869791666666667 0.7408854166666666 0.4830729166666667 0.7408854166666666 0.4830729166666667 0.7252604166666666
3 0.5265624999999999 0.46249999999999997 0.5304687499999999 0.45555555598958336 0.5296875 0.44444444401041666 0.51953125 0.44166666666666665 0.5171875 0.4583333333333333 0.5265624999999999 0.46249999999999997