1 0.4583333333333333 0.78515625 0.4596354166666667 0.79296875 0.45703125 0.7942708333333334 0.4557291666666667 0.7903645833333334 0.4583333333333333 0.7864583333333334
0 0.9986979166666666 0.4127604166666667 0.9986979166666666 0.4192708333333333 0.9049479166666666 0.4231770833333333 0.8919270833333334 0.4309895833333333 0.87890625 0.4453125 0.87109375 0.4583333333333333 0.87109375 0.46484375 0.8658854166666666 0.4700520833333333 0.8658854166666666 0.4739583333333333 0.86328125 0.4765625 0.86328125 0.48828125 0.859375 0.4973958333333333 0.859375 0.5442708333333334 0.8619791666666666 0.5481770833333334 0.86328125 0.5638020833333334 0.8658854166666666 0.56640625 0.87109375 0.5859375 0.8841145833333334 0.60546875 0.8958333333333334 0.6171875 0.9088541666666666 0.6223958333333334 0.9986979166666666 0.6197916666666666 0.9986979166666666 0.6263020833333334 0.93359375 0.62890625 0.9088541666666666 0.62890625 0.8997395833333334 0.6263020833333334 0.8802083333333334 0.609375 0.8684895833333334 0.5911458333333334 0.8606770833333334 0.5677083333333334 0.85546875 0.5286458333333334 0.8567708333333334 0.4947916666666667 0.8606770833333334 0.4869791666666667 0.8606770833333334 0.4778645833333333 0.8671875 0.4583333333333333 0.8802083333333334 0.4348958333333333 0.9036458333333334 0.4166666666666667 0.9270833333333334 0.4140625 0.9375 0.4153645833333333 0.9973958333333334 0.4127604166666667
0 0.14713541666666666 0.44921875 0.16015625 0.4544270833333333 0.17057291666666666 0.4635416666666667 0.17838541666666666 0.4739583333333333 0.19010416666666666 0.4986979166666667 0.19791666666666666 0.5390625 0.19791666666666666 0.5729166666666666 0.1953125 0.5807291666666666 0.1953125 0.5924479166666666 0.19140625 0.5885416666666666 0.19270833333333334 0.5755208333333334 0.1953125 0.5703125 0.1953125 0.5364583333333334 0.19270833333333334 0.53125 0.19140625 0.515625 0.18619791666666666 0.4986979166666667 0.17578125 0.4778645833333333 0.1640625 0.46484375 0.14713541666666666 0.4544270833333333 0.04296875 0.45703125 0.041666666666666664 0.4596354166666667 0.03125 0.4596354166666667 0.03125 0.453125 0.10286458333333333 0.44921875 0.14583333333333334 0.44921875
2 0.5247395833333334 0.2734375 0.52734375 0.4544270833333333 0.5260416666666666 0.4947916666666667 0.5286458333333334 0.5169270833333334 0.52734375 0.609375 0.5299479166666666 0.6184895833333334 0.5299479166666666 0.7252604166666666 0.52734375 0.7265625 0.52734375 0.6705729166666666 0.5247395833333334 0.6471354166666666 0.5234375 0.3216145833333333 0.5208333333333334 0.30078125 0.5208333333333334 0.2877604166666667 0.5234375 0.28515625 0.5247395833333334 0.2747395833333333
3 0.5247395833333334 0.25 0.52734375 0.25390625 0.53515625 0.2578125 0.53515625 0.265625 0.52734375 0.2734375 0.5247395833333334 0.2942708333333333 0.5208333333333334 0.296875 0.51953125 0.2682291666666667 0.5247395833333334 0.2513020833333333
3 0.47265625 0.7760416666666666 0.4752604166666667 0.7760416666666666 0.4752604166666667 0.79296875 0.4817708333333333 0.796875 0.48046875 0.7994791666666666 0.4661458333333333 0.8111979166666666 0.4622395833333333 0.7955729166666666 0.4583333333333333 0.7903645833333334 0.4583333333333333 0.7838541666666666 0.4635416666666667 0.7877604166666666 0.4661458333333333 0.78125 0.4713541666666667 0.7799479166666666 0.47265625 0.77734375
3 0.53515625 0.51953125 0.5390625 0.5208333333333334 0.5403645833333334 0.5260416666666666 0.5377604166666666 0.5494791666666666 0.5364583333333334 0.5533854166666666 0.5299479166666666 0.5572916666666666 0.53125 0.5325520833333334 0.53515625 0.5208333333333334
3 0.4609375 0.69921875 0.4622395833333333 0.6666666666666666 0.46484375 0.6640625 0.46875 0.6640625 0.4739583333333333 0.6731770833333334 0.46875 0.6953125 0.4622395833333333 0.703125 0.4622395833333333 0.7005208333333334
3 0.19010416666666666 0.58984375 0.1953125 0.5950520833333334 0.19661458333333334 0.6028645833333334 0.19140625 0.6119791666666666 0.1875 0.6263020833333334 0.18489583333333334 0.6263020833333334 0.18098958333333334 0.6184895833333334 0.17838541666666666 0.59765625 0.18229166666666666 0.5911458333333334 0.18880208333333334 0.58984375
3 0.87890625 0.4661458333333333 0.8815104166666666 0.4674479166666667 0.8815104166666666 0.4778645833333333 0.87890625 0.4817708333333333 0.87109375 0.4830729166666667 0.8684895833333334 0.4830729166666667 0.8671875 0.48046875 0.8671875 0.4713541666666667 0.8684895833333334 0.46875 0.8776041666666666 0.4661458333333333
3 0.4270833333333333 0.43359375 0.4296875 0.4348958333333333 0.4348958333333333 0.4453125 0.43359375 0.453125 0.4309895833333333 0.4557291666666667 0.4270833333333333 0.453125 0.4270833333333333 0.4348958333333333
3 0.5338541666666666 0.7265625 0.5416666666666666 0.7330729166666666 0.5416666666666666 0.7356770833333334 0.53125 0.7486979166666666 0.53125 0.7513020833333334 0.5286458333333334 0.7513020833333334 0.52734375 0.7486979166666666 0.5260416666666666 0.7356770833333334 0.52734375 0.7278645833333334 0.5325520833333334 0.7265625
3 0.58359375 0.8361111106770833 0.5867187500000001 0.8236111106770833 0.584375 0.8208333333333333 0.5750000000000001 0.8250000000000001 0.5750000000000001 0.8527777773437499 0.58359375 0.8361111106770833
3 0.69296875 0.8236111106770833 0.69140625 0.8111111106770833 0.68515625 0.8138888893229167 0.6867187499999999 0.8250000000000001 0.69296875 0.8236111106770833
3 0.56484375 0.4569444440104167 0.56796875 0.46249999999999997 0.5734374999999999 0.4611111106770833 0.5750000000000001 0.44722222265624995 0.57265625 0.44166666666666665 0.56640625 0.44166666666666665 0.56484375 0.4569444440104167
3 0.7312500000000001 0.27777777734375003 0.7390625000000001 0.26527777734374997 0.73828125 0.25416666666666665 0.725 0.26666666666666666 0.728125 0.27638888932291666 0.7312500000000001 0.27777777734375003