1 0.49609375 0.4166666666666667 0.49765624999999997 0.41944444401041664 0.49921875 0.41944444401041664 0.5007812500000001 0.4166666666666667 0.5007812500000001 0.41250000000000003 0.5 0.41111111067708334 0.496875 0.41111111067708334 0.49609375 0.4138888893229167 0.49609375 0.4166666666666667
0 0.91015625 0.4166666666666667 0.9986979166666666 0.4140625 0.9986979166666666 0.4205729166666667 0.9075520833333334 0.4231770833333333 0.8919270833333334 0.4296875 0.8828125 0.4375 0.8671875 0.4622395833333333 0.8619791666666666 0.4752604166666667 0.8619791666666666 0.4817708333333333 0.859375 0.484375 0.8580729166666666 0.5013020833333334 0.85546875 0.5065104166666666 0.85546875 0.5364583333333334 0.859375 0.5638020833333334 0.8697916666666666 0.5924479166666666 0.8776041666666666 0.60546875 0.8880208333333334 0.6158854166666666 0.8984375 0.6223958333333334 0.9075520833333334 0.625 0.9986979166666666 0.6223958333333334 0.9986979166666666 0.62890625 0.9166666666666666 0.6315104166666666 0.90234375 0.6302083333333334 0.8841145833333334 0.6197916666666666 0.8645833333333334 0.5924479166666666 0.8567708333333334 0.5677083333333334 0.85546875 0.55078125 0.8528645833333334 0.5455729166666666 0.8515625 0.5208333333333334 0.8567708333333334 0.4830729166666667 0.8645833333333334 0.45703125 0.875 0.4427083333333333 0.8763020833333334 0.4375 0.8880208333333334 0.42578125 0.8984375 0.4205729166666667 0.91015625 0.41796875
0 0.140625 0.4479166666666667 0.15494791666666666 0.4544270833333333 0.16796875 0.4674479166666667 0.17447916666666666 0.4765625 0.18619791666666666 0.5091145833333334 0.19140625 0.5390625 0.19140625 0.5690104166666666 0.18359375 0.609375 0.17578125 0.6236979166666666 0.17447916666666666 0.6302083333333334 0.16796875 0.6393229166666666 0.15885416666666666 0.6497395833333334 0.1484375 0.65625 0.1328125 0.66015625 0.07291666666666667 0.6627604166666666 0.026041666666666668 0.6627604166666666 0.024739583333333332 0.66015625 0.028645833333333332 0.6588541666666666 0.13541666666666666 0.6549479166666666 0.15234375 0.6484375 0.1640625 0.63671875 0.171875 0.6263020833333334 0.1796875 0.609375 0.1875 0.578125 0.18880208333333334 0.5390625 0.18489583333333334 0.515625 0.18098958333333334 0.5078125 0.1796875 0.4986979166666667 0.16796875 0.4752604166666667 0.15885416666666666 0.46484375 0.140625 0.453125 0.0546875 0.4557291666666667 0.0234375 0.4557291666666667 0.022135416666666668 0.453125 0.024739583333333332 0.4505208333333333 0.045572916666666664 0.44921875 0.13932291666666666 0.4479166666666667
2 0.5182291666666666 0.12239583333333333 0.5234375 0.5208333333333334 0.5221354166666666 0.56640625 0.5247395833333334 0.6197916666666666 0.5234375 0.6705729166666666 0.5260416666666666 0.75390625 0.5247395833333334 0.7552083333333334 0.5221354166666666 0.7526041666666666 0.5234375 0.7447916666666666 0.51953125 0.6067708333333334 0.5208333333333334 0.5442708333333334 0.5182291666666666 0.46484375 0.51953125 0.4466145833333333 0.5169270833333334 0.4140625 0.5169270833333334 0.12369791666666667
3 0.5182291666666666 0.9778645833333334 0.5221354166666666 0.9869791666666666 0.51953125 0.9986979166666666 0.5130208333333334 0.9986979166666666 0.5104166666666666 0.9908854166666666 0.5130208333333334 0.9791666666666666 0.5169270833333334 0.9778645833333334
3 0.43359375 0.67578125 0.4322916666666667 0.6940104166666666 0.4270833333333333 0.6940104166666666 0.4244791666666667 0.6901041666666666 0.4270833333333333 0.6796875 0.4322916666666667 0.67578125
3 0.5494791666666666 0.8502604166666666 0.5533854166666666 0.8528645833333334 0.5572916666666666 0.8606770833333334 0.5546875 0.8763020833333334 0.5533854166666666 0.87890625 0.5494791666666666 0.87890625 0.5494791666666666 0.8515625
3 0.5377604166666666 0.5260416666666666 0.5416666666666666 0.5364583333333334 0.5377604166666666 0.546875 0.5325520833333334 0.55078125 0.5286458333333334 0.546875 0.5286458333333334 0.53125 0.5325520833333334 0.5260416666666666 0.5364583333333334 0.5260416666666666
3 0.4791666666666667 0.251953125 0.011067708333333334 0.029296875
3 0.4140625 0.453125 0.41015625 0.4505208333333333 0.4075520833333333 0.4440104166666667 0.4075520833333333 0.4309895833333333 0.4114583333333333 0.4283854166666667 0.4140625 0.4322916666666667 0.41796875 0.4466145833333333 0.41796875 0.4518229166666667 0.4153645833333333 0.4518229166666667
3 0.5104166666666666 0.390625 0.51171875 0.40625 0.5078125 0.4127604166666667 0.50390625 0.4127604166666667 0.5013020833333334 0.3984375 0.5026041666666666 0.39453125 0.5091145833333334 0.390625
3 0.71875 0.7057291666666666 0.7265625 0.7083333333333334 0.73046875 0.7174479166666666 0.7239583333333334 0.7265625 0.71875 0.7265625 0.71875 0.70703125
3 0.5638020833333334 0.6002604166666666 0.5677083333333334 0.5989583333333334 0.5729166666666666 0.6041666666666666 0.5729166666666666 0.609375 0.56640625 0.6158854166666666 0.5625 0.6106770833333334 0.5638020833333334 0.6015625
3 0.6328125 0.2526041666666667 0.6393229166666666 0.26171875 0.6328125 0.2747395833333333 0.6263020833333334 0.2682291666666667 0.6263020833333334 0.2630208333333333 0.6315104166666666 0.25390625
3 0.6080729166666666 0.5716145833333334 0.609375 0.58203125 0.6067708333333334 0.5872395833333334 0.6015625 0.5846354166666666 0.6015625 0.5755208333333334 0.6067708333333334 0.5716145833333334
3 0.80859375 0.576171875 0.016927083333333332 0.01953125