0 0.16953125 0.46249999999999997 0.15312499999999998 0.4513888893229167 0.12109375 0.44861111067708337 0.03046875 0.45416666666666666 0.029687500000000002 0.4583333333333333 0.03515625 0.45972222265625 0.14453125 0.45416666666666666 0.1578125 0.45972222265625 0.1703125 0.4708333333333334 0.18437499999999998 0.4944444440104167 0.19218749999999998 0.5208333333333334 0.19609374999999998 0.5499999999999999 0.19453125000000002 0.5750000000000001 0.18515625 0.6138888893229166 0.16953125 0.64027777734375 0.1578125 0.65 0.12734375 0.6569444440104167 0.0375 0.6611111106770834 0.14296875 0.6611111106770834 0.165625 0.65 0.18359375 0.6263888893229167 0.19296875 0.6013888893229167 0.19765625 0.5736111106770834 0.196875 0.52777777734375 0.19140625 0.5013888893229167 0.17890625000000002 0.47500000000000003 0.16953125 0.46249999999999997
0 1 0.4138888893229167 0.9773437500000001 0.4138888893229167 0.9046875 0.4180555559895833 0.8835937500000001 0.4319444440104167 0.87265625 0.44722222265624995 0.86953125 0.4583333333333333 0.8835937500000001 0.43888888932291664 0.9015624999999999 0.4236111106770833 1 0.41944444401041664 1 0.4138888893229167
0 1 0.6208333333333333 0.9078125 0.6236111106770833 0.8875000000000001 0.6111111106770833 0.8679687500000001 0.57777777734375 0.8609375 0.5499999999999999 0.8601562500000001 0.5208333333333334 0.85703125 0.5125000000000001 0.8546874999999999 0.5263888893229166 0.8609375 0.5708333333333333 0.8703124999999999 0.5958333333333333 0.88828125 0.6194444440104167 0.9054687499999999 0.6291666666666667 1 0.6263888893229167 1 0.6208333333333333
2 0.5265624999999999 0.46249999999999997 0.5242187500000001 0.5 0.5265624999999999 0.5180555559895833 0.5265624999999999 0.46249999999999997
2 0.5203125000000001 0.19722222265625 0.5242187500000001 0.31666666666666665 0.5226562499999999 0.43333333333333335 0.5265624999999999 0.4430555559895833 0.5234375 0.13333333333333333 0.5226562499999999 0.12777777734374998 0.5203125000000001 0.13888888932291668 0.5203125000000001 0.19722222265625
2 0.5234375 0.52222222265625 0.5281250000000001 0.51527777734375 0.52734375 0.4611111106770833 0.525 0.4611111106770833 0.5234375 0.47222222265625 0.5234375 0.52222222265625
2 0.5226562499999999 0.43333333333333335 0.5265624999999999 0.4458333333333333 0.5242187500000001 0.14861111067708332 0.5226562499999999 0.12638888932291667 0.5203125000000001 0.15138888932291666 0.5226562499999999 0.43333333333333335
2 0.5304687499999999 0.9430555559895833 0.5328125 0.9430555559895833 0.53359375 0.9180555559895834 0.5328125 0.8680555559895833 0.52890625 0.8708333333333332 0.5281250000000001 0.92777777734375 0.5304687499999999 0.9430555559895833
2 0.52578125 0.6263888893229167 0.5234375 0.6333333333333333 0.5296875 0.8638888893229167 0.5320312500000001 0.8611111106770833 0.5304687499999999 0.6305555559895833 0.5265624999999999 0.525 0.5242187500000001 0.5416666666666666 0.52578125 0.6263888893229167
1 0.31796874999999997 0.5055555559895833 0.31875000000000003 0.5055555559895833 0.3203125 0.50277777734375 0.31953125 0.5 0.31796874999999997 0.5 0.3171875 0.5013888893229167 0.31796874999999997 0.5055555559895833
3 0.3125 0.4244791666666667 0.3151041666666667 0.4283854166666667 0.3151041666666667 0.44140625 0.3111979166666667 0.4466145833333333 0.3072916666666667 0.4427083333333333 0.3059895833333333 0.4270833333333333 0.3059895833333333 0.4244791666666667 0.3111979166666667 0.4244791666666667
3 0.4375 0.2825520833333333 0.4401041666666667 0.2825520833333333 0.4453125 0.2890625 0.44921875 0.2903645833333333 0.4479166666666667 0.30078125 0.4375 0.3033854166666667 0.4375 0.2838541666666667
3 0.421875 0.7526041666666666 0.4205729166666667 0.765625 0.4166666666666667 0.7760416666666666 0.4114583333333333 0.7734375 0.4088541666666667 0.7578125 0.4205729166666667 0.7526041666666666
3 0.50390625 0.5104166666666666 0.51171875 0.5182291666666666 0.51171875 0.5260416666666666 0.50390625 0.5325520833333334 0.5 0.5299479166666666 0.4973958333333333 0.5169270833333334 0.5026041666666666 0.51171875
3 0.46484375 0.72265625 0.014322916666666666 0.020833333333333332
3 0.3645833333333333 0.67578125 0.3763020833333333 0.6848958333333334 0.3763020833333333 0.6888020833333334 0.3658854166666667 0.6966145833333334 0.3606770833333333 0.6940104166666666 0.3580729166666667 0.68359375 0.3580729166666667 0.6796875 0.36328125 0.67578125
3 0.5436197916666666 0.4602864583333333 0.014322916666666666 0.026692708333333332
3 0.6744791666666666 0.78515625 0.67578125 0.796875 0.6744791666666666 0.8020833333333334 0.6705729166666666 0.8033854166666666 0.66796875 0.80078125 0.66796875 0.7864583333333334 0.6731770833333334 0.78515625
3 0.71875 0.2578125 0.7213541666666666 0.26171875 0.7213541666666666 0.2682291666666667 0.7135416666666666 0.2838541666666667 0.7096354166666666 0.2838541666666667 0.7057291666666666 0.2734375 0.70703125 0.265625 0.7135416666666666 0.2643229166666667 0.71875 0.2591145833333333
3 0.15625 0.5546875 0.16015625 0.5559895833333334 0.16015625 0.5611979166666666 0.15885416666666666 0.578125 0.15494791666666666 0.5807291666666666 0.14583333333333334 0.5690104166666666 0.14583333333333334 0.55859375 0.15234375 0.5533854166666666 0.15494791666666666 0.5546875
3 0.8776041666666666 0.4661458333333333 0.87890625 0.4817708333333333 0.87109375 0.484375 0.8671875 0.484375 0.8671875 0.4713541666666667 0.8723958333333334 0.4661458333333333 0.8763020833333334 0.4661458333333333
3 0.5494791666666666 0.8177083333333334 0.5559895833333334 0.8255208333333334 0.5559895833333334 0.8346354166666666 0.5533854166666666 0.83984375 0.5494791666666666 0.8411458333333334 0.5494791666666666 0.8190104166666666