2 0.5328125 0.6916666666666668 0.53125 0.6305555559895833 0.5296875 0.625 0.5304687499999999 0.7041666666666666 0.5328125 0.6916666666666668
2 0.53359375 0.93472222265625 0.5343749999999999 0.7763888893229166 0.53359375 0.7263888893229167 0.5304687499999999 0.7152777773437501 0.53359375 0.93472222265625
2 0.5265624999999999 0.5361111106770834 0.5296875 0.6208333333333333 0.5320312500000001 0.6138888893229166 0.53125 0.48333333333333334 0.5304687499999999 0.45277777734375 0.5281250000000001 0.4513888893229167 0.5265624999999999 0.5361111106770834
2 0.5265624999999999 0.44444444401041666 0.5296875 0.44722222265624995 0.5281250000000001 0.14305555598958333 0.525 0.12361111067708334 0.52578125 0.4166666666666667 0.5265624999999999 0.44444444401041666
0 1 0.40972222265625 0.98828125 0.40972222265625 0.9109375000000001 0.4138888893229167 0.8835937500000001 0.43611111067708336 0.8664062499999999 0.47500000000000003 0.8601562500000001 0.52222222265625 0.86328125 0.55277777734375 0.87265625 0.5861111106770833 0.8914062500000001 0.6138888893229166 0.9109375000000001 0.6263888893229167 1 0.6236111106770833 1 0.6180555559895834 0.9109375000000001 0.6208333333333333 0.90234375 0.6166666666666667 0.8875000000000001 0.6013888893229167 0.875 0.5791666666666667 0.8664062499999999 0.5486111106770833 0.8640625000000001 0.5166666666666667 0.8679687500000001 0.48194444401041664 0.8742187499999999 0.46249999999999997 0.8976562499999999 0.42638888932291663 0.9109375000000001 0.41944444401041664 1 0.4166666666666667 1 0.40972222265625
0 0.17265624999999998 0.4611111106770833 0.15625 0.44861111067708337 0.03359375 0.4513888893229167 0.03515625 0.45555555598958336 0.15625 0.45416666666666666 0.17421875 0.4694444440104167 0.18828124999999998 0.49583333333333335 0.19765625 0.5486111106770833 0.1953125 0.5819444440104167 0.1875 0.6111111106770833 0.1703125 0.6388888893229167 0.1578125 0.6486111106770833 0.03515625 0.6569444440104167 0.0375 0.6611111106770834 0.12890625 0.65972222265625 0.15078125 0.6569444440104167 0.16874999999999998 0.64722222265625 0.18671875000000002 0.6236111106770833 0.196875 0.5958333333333333 0.20078125 0.5638888893229167 0.19999999999999998 0.5305555559895833 0.19375 0.5 0.18359375 0.4763888893229167 0.17265624999999998 0.4611111106770833
1 0.7203125 0.4763888893229167 0.7195312500000001 0.4694444440104167 0.71640625 0.4708333333333334 0.7171875 0.47777777734375 0.7203125 0.4763888893229167
3 0.7408854166666666 0.8385416666666666 0.7447916666666666 0.8424479166666666 0.7447916666666666 0.8567708333333334 0.7369791666666666 0.859375 0.7330729166666666 0.8697916666666666 0.7317708333333334 0.8528645833333334 0.7278645833333334 0.8489583333333334 0.7278645833333334 0.8450520833333334 0.7395833333333334 0.8385416666666666
3 0.7265625 0.4505208333333333 0.7291666666666666 0.4505208333333333 0.73046875 0.453125 0.7317708333333334 0.4674479166666667 0.73046875 0.4700520833333333 0.7239583333333334 0.4700520833333333 0.7174479166666666 0.4778645833333333 0.71484375 0.4765625 0.7174479166666666 0.4583333333333333 0.7265625 0.4518229166666667
3 0.6106770833333334 0.5091145833333334 0.6119791666666666 0.5221354166666666 0.6080729166666666 0.52734375 0.6028645833333334 0.5247395833333334 0.6015625 0.5143229166666666 0.609375 0.5091145833333334
3 0.6705729166666666 0.59375 0.6731770833333334 0.5989583333333334 0.6666666666666666 0.6080729166666666 0.6614583333333334 0.6067708333333334 0.6614583333333334 0.5963541666666666 0.6640625 0.5924479166666666 0.6692708333333334 0.59375
3 0.7552083333333334 0.65625 0.75390625 0.64453125 0.7578125 0.63671875 0.76171875 0.640625 0.76171875 0.65625 0.7565104166666666 0.65625
3 0.619140625 0.2838541666666667 0.01171875 0.020833333333333332
3 0.6419270833333334 0.7994791666666666 0.64453125 0.80078125 0.64453125 0.8046875 0.65234375 0.81640625 0.6510416666666666 0.8216145833333334 0.6419270833333334 0.8229166666666666 0.6419270833333334 0.80078125
3 0.7578125 0.234375 0.7578125 0.22005208333333334 0.7669270833333334 0.2109375 0.76953125 0.21354166666666666 0.76953125 0.21875 0.7643229166666666 0.22786458333333334 0.7643229166666666 0.23177083333333334 0.7604166666666666 0.23567708333333334 0.7591145833333334 0.234375
3 0.6770833333333334 0.55859375 0.6783854166666666 0.5690104166666666 0.671875 0.5768229166666666 0.6666666666666666 0.5729166666666666 0.6666666666666666 0.5677083333333334 0.6692708333333334 0.5625 0.67578125 0.55859375
3 0.24348958333333334 0.5078125 0.24739583333333334 0.5065104166666666 0.2552083333333333 0.51171875 0.2526041666666667 0.5234375 0.24869791666666666 0.52734375 0.24479166666666666 0.52734375 0.24088541666666666 0.5169270833333334 0.24348958333333334 0.5091145833333334
3 0.6223958333333334 0.375 0.625 0.375 0.6315104166666666 0.3828125 0.6315104166666666 0.390625 0.6263020833333334 0.3971354166666667 0.6223958333333334 0.3997395833333333 0.6184895833333334 0.3984375 0.6158854166666666 0.3854166666666667 0.6184895833333334 0.37890625 0.6223958333333334 0.3763020833333333
3 0.9140625 0.4622395833333333 0.9153645833333334 0.4700520833333333 0.91015625 0.4765625 0.9036458333333334 0.4739583333333333 0.8984375 0.4752604166666667 0.8984375 0.4674479166666667 0.91015625 0.4609375 0.9127604166666666 0.4622395833333333