1 0.8601562500000001 0.9611111106770833 0.8601562500000001 0.9569444440104166 0.8585937499999999 0.9541666666666666 0.8578125 0.9555555559895833 0.85546875 0.9555555559895833 0.8546874999999999 0.9583333333333334 0.85546875 0.9638888893229166 0.8585937499999999 0.9638888893229166 0.8601562500000001 0.9611111106770833
0 0.9695312500000001 0.6708333333333334 0.9421875000000001 0.6680555559895834 0.9406249999999999 0.6736111106770833 0.94296875 0.6749999999999999 0.9695312500000001 0.6749999999999999 0.9695312500000001 0.6708333333333334
0 0.83359375 0.6583333333333333 0.8546874999999999 0.6708333333333334 0.9234375 0.6736111106770833 0.92578125 0.6708333333333334 0.921875 0.6680555559895834 0.8624999999999999 0.6666666666666666 0.83359375 0.6513888893229166 0.8156249999999999 0.62222222265625 0.81015625 0.5986111106770834 0.80625 0.5666666666666667 0.80859375 0.53472222265625 0.82421875 0.4916666666666667 0.8507812499999999 0.4666666666666666 0.9718749999999999 0.46527777734375 0.91015625 0.45972222265625 0.84609375 0.46249999999999997 0.8289062500000001 0.4763888893229167 0.8171875000000001 0.4944444440104167 0.80703125 0.52222222265625 0.803125 0.5486111106770833 0.803125 0.5833333333333334 0.80703125 0.6069444440104167 0.8140625 0.6291666666666667 0.83359375 0.6583333333333333
0 0 0.6375000000000001 0.09296875 0.64027777734375 0.10859375 0.6319444440104166 0.1265625 0.6111111106770833 0.13984375000000002 0.5750000000000001 0.14375000000000002 0.54722222265625 0.14375000000000002 0.51527777734375 0.13671875 0.48333333333333334 0.12734375 0.45972222265625 0.11171874999999999 0.43888888932291664 0.09453125 0.4291666666666667 0.03125 0.425 0 0.425 0 0.43055555598958334 0.08671875 0.43333333333333335 0.1015625 0.43888888932291664 0.11640625 0.45277777734375 0.1390625 0.5166666666666667 0.13828125 0.5611111106770833 0.12890625 0.5958333333333333 0.11484375000000001 0.6180555559895834 0.09921875000000001 0.6319444440104166 0 0.6319444440104166 0 0.6375000000000001
2 0.471875 0.9208333333333334 0.46953125 0.87777777734375 0.46718750000000003 0.8819444440104167 0.46796875 0.9569444440104166 0.47109375000000003 0.9541666666666666 0.471875 0.9208333333333334
2 0.47421874999999997 0.33749999999999997 0.47578125 0.41527777734375 0.4734375 0.4569444440104167 0.4765625 0.4569444440104167 0.4796875 0.18194444401041665 0.47734375 0.17569444401041667 0.47734375 0.30277777734375 0.47421874999999997 0.33749999999999997
2 0.47421874999999997 0.7736111106770833 0.47578125 0.4611111106770833 0.47265625 0.46249999999999997 0.46875 0.7944444440104167 0.46796875 0.875 0.47031249999999997 0.875 0.47265625 0.8680555559895833 0.47421874999999997 0.7736111106770833
3 0.8671875 0.7213541666666666 0.875 0.7252604166666666 0.8841145833333334 0.7265625 0.8841145833333334 0.73828125 0.87109375 0.7395833333333334 0.8671875 0.73046875 0.8671875 0.72265625
3 0.9375 0.6302083333333334 0.9427083333333334 0.6302083333333334 0.953125 0.6380208333333334 0.9518229166666666 0.6432291666666666 0.94140625 0.64453125 0.9388020833333334 0.6484375 0.9348958333333334 0.6497395833333334 0.93359375 0.640625 0.9375 0.6315104166666666
3 0.6822916666666666 0.6315104166666666 0.6901041666666666 0.6315104166666666 0.6927083333333334 0.63671875 0.6901041666666666 0.6471354166666666 0.6861979166666666 0.6497395833333334 0.6822916666666666 0.64453125 0.6822916666666666 0.6328125
3 0.14322916666666666 0.4791666666666667 0.14713541666666666 0.4791666666666667 0.15755208333333334 0.4908854166666667 0.15755208333333334 0.4947916666666667 0.15494791666666666 0.49609375 0.14192708333333334 0.4947916666666667 0.13932291666666666 0.4908854166666667 0.13932291666666666 0.4856770833333333 0.14322916666666666 0.48046875
3 0.8515625 0.9088541666666666 0.8645833333333334 0.9114583333333334 0.8671875 0.9192708333333334 0.8658854166666666 0.92578125 0.8619791666666666 0.92578125 0.8580729166666666 0.9322916666666666 0.85546875 0.9309895833333334 0.8515625 0.91015625
3 0.828125 0.40625 0.8307291666666666 0.4088541666666667 0.8307291666666666 0.4192708333333333 0.8255208333333334 0.4283854166666667 0.8203125 0.4283854166666667 0.81640625 0.4205729166666667 0.8151041666666666 0.41015625 0.8216145833333334 0.4114583333333333 0.8268229166666666 0.4075520833333333
3 0.7213541666666666 0.5520833333333334 0.7239583333333334 0.5559895833333334 0.7239583333333334 0.5651041666666666 0.71875 0.5716145833333334 0.71484375 0.5703125 0.7122395833333334 0.5598958333333334 0.7135416666666666 0.5559895833333334 0.7200520833333334 0.5520833333333334
3 0.3567708333333333 0.2578125 0.3606770833333333 0.2682291666666667 0.3606770833333333 0.27734375 0.3580729166666667 0.2786458333333333 0.3541666666666667 0.27734375 0.3515625 0.2682291666666667 0.3515625 0.26171875 0.35546875 0.2578125
3 0.5572916666666666 0.4713541666666667 0.5638020833333334 0.4700520833333333 0.5690104166666666 0.4778645833333333 0.5690104166666666 0.484375 0.5651041666666666 0.4921875 0.55859375 0.4921875 0.5533854166666666 0.48046875 0.5572916666666666 0.47265625
3 0.546875 0.8190104166666666 0.5520833333333334 0.8229166666666666 0.5546875 0.8294270833333334 0.5546875 0.8515625 0.5533854166666666 0.8528645833333334 0.5494791666666666 0.8489583333333334 0.5442708333333334 0.8216145833333334 0.5455729166666666 0.8203125
3 0.4140625 0.7166666666666667 0.41796875 0.7236111106770834 0.41796875 0.7263888893229167 0.41875 0.7263888893229167 0.421875 0.7236111106770834 0.421875 0.7138888893229166 0.42109375 0.7125 0.42109375 0.7083333333333334 0.42031250000000003 0.7055555559895833 0.4171875 0.7041666666666666 0.41640625000000003 0.7055555559895833 0.41328125 0.7055555559895833 0.41328125 0.7138888893229166 0.4140625 0.7166666666666667
3 0.6867187499999999 0.8166666666666668 0.6867187499999999 0.8208333333333333 0.6875 0.82222222265625 0.6875 0.82777777734375 0.6882812500000001 0.8305555559895833 0.6890625 0.8319444440104166 0.68984375 0.8305555559895833 0.6921875000000001 0.8305555559895833 0.6921875000000001 0.8250000000000001 0.69296875 0.8236111106770833 0.6960937500000001 0.8069444440104167 0.6960937500000001 0.80277777734375 0.6921875000000001 0.7958333333333334 0.6882812500000001 0.7930555559895834 0.6859375 0.7930555559895834 0.68515625 0.7916666666666666 0.68359375 0.7930555559895834 0.6796875 0.7930555559895834 0.678125 0.7958333333333334 0.678125 0.7999999999999999 0.68203125 0.8013888893229167 0.6867187499999999 0.8166666666666668