1 0.7000000000000001 0.28750000000000003 0.703125 0.2888888893229167 0.7046875 0.28611111067708334 0.7039062500000001 0.2805555559895833 0.7023437499999999 0.2805555559895833 0.7000000000000001 0.2833333333333333 0.7000000000000001 0.28750000000000003
0 0.9036458333333334 0.4375 0.921875 0.43359375 0.9986979166666666 0.4322916666666667 0.9986979166666666 0.4388020833333333 0.9296875 0.4401041666666667 0.9140625 0.44140625 0.9010416666666666 0.4466145833333333 0.8880208333333334 0.4583333333333333 0.875 0.4791666666666667 0.8645833333333334 0.51953125 0.8645833333333334 0.5638020833333334 0.87109375 0.5924479166666666 0.8776041666666666 0.6080729166666666 0.89453125 0.6315104166666666 0.91015625 0.640625 0.921875 0.6419270833333334 0.9986979166666666 0.6393229166666666 0.9986979166666666 0.64453125 0.9791666666666666 0.64453125 0.9778645833333334 0.6471354166666666 0.9088541666666666 0.6471354166666666 0.9075520833333334 0.64453125 0.8958333333333334 0.6393229166666666 0.8828125 0.6263020833333334 0.8684895833333334 0.59765625 0.8645833333333334 0.5846354166666666 0.8606770833333334 0.5559895833333334 0.8606770833333334 0.5299479166666666 0.8645833333333334 0.4973958333333333 0.8723958333333334 0.4752604166666667 0.8828125 0.45703125 0.8919270833333334 0.4466145833333333 0.9036458333333334 0.4388020833333333
0 0.15885416666666666 0.4661458333333333 0.17578125 0.4791666666666667 0.1875 0.4986979166666667 0.19791666666666666 0.5299479166666666 0.19921875 0.5494791666666666 0.20182291666666666 0.5572916666666666 0.19791666666666666 0.609375 0.18229166666666666 0.6484375 0.16276041666666666 0.66796875 0.14713541666666666 0.6744791666666666 0.05078125 0.6783854166666666 0.036458333333333336 0.6783854166666666 0.036458333333333336 0.6731770833333334 0.14583333333333334 0.6692708333333334 0.14713541666666666 0.6666666666666666 0.15234375 0.6666666666666666 0.16276041666666666 0.6614583333333334 0.17057291666666666 0.6549479166666666 0.1875 0.62890625 0.19270833333333334 0.61328125 0.19791666666666666 0.58203125 0.19791666666666666 0.55078125 0.19140625 0.5169270833333334 0.18359375 0.4986979166666667 0.16927083333333334 0.4791666666666667 0.16276041666666666 0.4739583333333333 0.14713541666666666 0.4674479166666667 0.048177083333333336 0.4713541666666667 0.03515625 0.4713541666666667 0.032552083333333336 0.4700520833333333 0.032552083333333336 0.4674479166666667 0.09114583333333333 0.4635416666666667 0.15234375 0.4635416666666667 0.15755208333333334 0.4661458333333333
2 0.5260416666666666 0.30078125 0.5286458333333334 0.296875 0.5260416666666666 0.29296875 0.52734375 0.2890625 0.5247395833333334 0.2825520833333333 0.5247395833333334 0.140625 0.52734375 0.140625 0.5286458333333334 0.15885416666666666 0.52734375 0.21223958333333334 0.5299479166666666 0.2864583333333333 0.53125 0.6354166666666666 0.5338541666666666 0.6432291666666666 0.53125 0.6549479166666666 0.5338541666666666 0.68359375 0.5364583333333334 0.9401041666666666 0.53515625 0.9661458333333334 0.5325520833333334 0.9635416666666666 0.53125 0.8984375 0.53125 0.7317708333333334 0.5286458333333334 0.6614583333333334 0.5260416666666666 0.3255208333333333 0.52734375 0.3020833333333333
3 0.34375 0.5833333333333334 0.3372395833333333 0.578125 0.33984375 0.5703125 0.34765625 0.5677083333333334 0.3502604166666667 0.5716145833333334 0.3502604166666667 0.578125 0.34765625 0.58203125 0.3450520833333333 0.58203125
3 0.4153645833333333 0.3046875 0.4205729166666667 0.3059895833333333 0.4244791666666667 0.3111979166666667 0.4244791666666667 0.3229166666666667 0.4205729166666667 0.3268229166666667 0.4153645833333333 0.3255208333333333 0.4153645833333333 0.3059895833333333
3 0.5651041666666666 0.22135416666666666 0.5677083333333334 0.22786458333333334 0.5625 0.24088541666666666 0.55859375 0.23828125 0.55859375 0.22526041666666666 0.5638020833333334 0.22135416666666666
3 0.3619791666666667 0.63671875 0.37109375 0.6393229166666666 0.36328125 0.6549479166666666 0.3606770833333333 0.65625 0.3567708333333333 0.6510416666666666 0.3567708333333333 0.6419270833333334 0.3606770833333333 0.6380208333333334
3 0.51953125 0.2877604166666667 0.5247395833333334 0.3033854166666667 0.5182291666666666 0.3111979166666667 0.5130208333333334 0.30859375 0.51171875 0.3033854166666667 0.5130208333333334 0.2916666666666667 0.5182291666666666 0.2877604166666667
3 0.6888020833333334 0.24088541666666666 0.69140625 0.24348958333333334 0.69140625 0.2552083333333333 0.6848958333333334 0.2552083333333333 0.6809895833333334 0.2591145833333333 0.6809895833333334 0.24348958333333334 0.68359375 0.24088541666666666 0.6875 0.24088541666666666
3 0.40234375 0.7018229166666666 0.4049479166666667 0.7044270833333334 0.40625 0.7135416666666666 0.4010416666666667 0.72265625 0.3984375 0.7213541666666666 0.3958333333333333 0.7096354166666666 0.3971354166666667 0.7044270833333334 0.4010416666666667 0.7018229166666666
3 0.4440104166666667 0.39453125 0.4479166666666667 0.3984375 0.44921875 0.4075520833333333 0.453125 0.4140625 0.4453125 0.4231770833333333 0.44140625 0.4231770833333333 0.4375 0.4153645833333333 0.4375 0.4010416666666667 0.4388020833333333 0.3958333333333333 0.4427083333333333 0.39453125
3 0.4934895833333333 0.4934895833333333 0.4921875 0.4817708333333333 0.49609375 0.4700520833333333 0.4986979166666667 0.4713541666666667 0.5 0.4817708333333333 0.4986979166666667 0.48828125 0.4947916666666667 0.4934895833333333
3 0.20768229166666666 0.4544270833333333 0.016927083333333332 0.01953125
3 0.2942708333333333 0.2916666666666667 0.3020833333333333 0.30078125 0.30078125 0.3098958333333333 0.2955729166666667 0.3111979166666667 0.2916666666666667 0.3020833333333333 0.2916666666666667 0.296875 0.2942708333333333 0.29296875
3 0.45002265625 0.89044027734375 0.45378359375000005 0.8939583333333333 0.456159375 0.9045083333333334 0.4619 0.90310277734375 0.46407734375000004 0.89184722265625 0.46546328124999997 0.8809444440104167 0.465265625 0.8719833333333334 0.457346875 0.8746138893229167 0.45160625 0.8802416666666667 0.45002265625 0.89044027734375