1 0.5078125 0.4180555559895833 0.5078125 0.4138888893229167 0.5070312499999999 0.4138888893229167 0.5046875000000001 0.40972222265625 0.50390625 0.41111111067708334 0.5031249999999999 0.41527777734375 0.50390625 0.41944444401041664 0.50546875 0.42083333333333334 0.5078125 0.4180555559895833
0 0 0.4153645833333333 0.08072916666666667 0.4166666666666667 0.08203125 0.4192708333333333 0.09505208333333333 0.4192708333333333 0.10286458333333333 0.421875 0.11328125 0.4283854166666667 0.11979166666666667 0.4348958333333333 0.13411458333333334 0.45703125 0.14192708333333334 0.4817708333333333 0.14713541666666666 0.5182291666666666 0.14583333333333334 0.5481770833333334 0.13541666666666666 0.58984375 0.12239583333333333 0.6119791666666666 0.10677083333333333 0.6263020833333334 0.09505208333333333 0.6315104166666666 0 0.62890625 0 0.6223958333333334 0.09114583333333333 0.625 0.10416666666666667 0.62109375 0.12109375 0.60546875 0.1328125 0.5846354166666666 0.13671875 0.56640625 0.13932291666666666 0.5638020833333334 0.14322916666666666 0.5364583333333334 0.14322916666666666 0.5065104166666666 0.13541666666666666 0.4713541666666667 0.12890625 0.4609375 0.12760416666666666 0.4544270833333333 0.109375 0.4322916666666667 0.09244791666666667 0.4244791666666667 0.005208333333333333 0.421875 0 0.4205729166666667 0 0.4166666666666667
0 0.8971354166666666 0.4479166666666667 0.9674479166666666 0.4505208333333333 0.9752604166666666 0.4518229166666667 0.9765625 0.4557291666666667 0.859375 0.453125 0.8411458333333334 0.46484375 0.8307291666666666 0.4765625 0.8190104166666666 0.4986979166666667 0.8111979166666666 0.5325520833333334 0.8111979166666666 0.5768229166666666 0.8190104166666666 0.609375 0.8333333333333334 0.6354166666666666 0.8463541666666666 0.6484375 0.8567708333333334 0.6536458333333334 0.8763020833333334 0.65625 0.96484375 0.6588541666666666 0.9739583333333334 0.66015625 0.9739583333333334 0.6627604166666666 0.9544270833333334 0.6640625 0.85546875 0.6588541666666666 0.8372395833333334 0.6471354166666666 0.82421875 0.6302083333333334 0.8229166666666666 0.6236979166666666 0.81640625 0.61328125 0.80859375 0.5807291666666666 0.8072916666666666 0.5494791666666666 0.8125 0.5091145833333334 0.82421875 0.4778645833333333 0.8424479166666666 0.4557291666666667 0.85546875 0.44921875 0.8958333333333334 0.44921875
2 0.48046875 0.12239583333333333 0.4830729166666667 0.14453125 0.48046875 0.3606770833333333 0.4817708333333333 0.4427083333333333 0.4791666666666667 0.4713541666666667 0.48046875 0.55859375 0.4778645833333333 0.5598958333333334 0.4778645833333333 0.5651041666666666 0.48046875 0.5690104166666666 0.4765625 0.703125 0.4778645833333333 0.7526041666666666 0.47265625 0.7526041666666666 0.4752604166666667 0.5755208333333334 0.4778645833333333 0.5651041666666666 0.4752604166666667 0.52734375 0.48046875 0.12369791666666667
3 0.5885416666666666 0.4270833333333333 0.5911458333333334 0.4283854166666667 0.5924479166666666 0.4348958333333333 0.5911458333333334 0.4479166666666667 0.5885416666666666 0.4505208333333333 0.5846354166666666 0.4505208333333333 0.5833333333333334 0.4479166666666667 0.5846354166666666 0.4348958333333333 0.5885416666666666 0.4283854166666667
3 0.4609375 0.5455729166666666 0.4596354166666667 0.52734375 0.4622395833333333 0.5247395833333334 0.4661458333333333 0.5247395833333334 0.4713541666666667 0.5325520833333334 0.4700520833333333 0.5481770833333334 0.4674479166666667 0.55078125 0.4622395833333333 0.5455729166666666
3 0.5234375 0.23307291666666666 0.52734375 0.23828125 0.5260416666666666 0.2578125 0.5221354166666666 0.2578125 0.51953125 0.2552083333333333 0.51953125 0.234375 0.5221354166666666 0.23307291666666666
3 0.2766927083333333 0.716796875 0.016276041666666668 0.022135416666666668
3 0.4322916666666667 0.5872395833333334 0.4348958333333333 0.5885416666666666 0.4348958333333333 0.6080729166666666 0.4322916666666667 0.6106770833333334 0.42578125 0.6028645833333334 0.42578125 0.59765625 0.4322916666666667 0.5885416666666666
3 0.3958333333333333 0.5716145833333334 0.3997395833333333 0.5755208333333334 0.3997395833333333 0.58203125 0.3971354166666667 0.5859375 0.39453125 0.5859375 0.390625 0.5807291666666666 0.390625 0.5716145833333334 0.39453125 0.5716145833333334
3 0.56640625 0.6783854166666666 0.5768229166666666 0.6875 0.578125 0.69140625 0.5768229166666666 0.7005208333333334 0.5716145833333334 0.7096354166666666 0.5677083333333334 0.6966145833333334 0.56640625 0.6796875
3 0.19791666666666666 0.5690104166666666 0.20052083333333334 0.5716145833333334 0.19661458333333334 0.5755208333333334 0.1953125 0.5859375 0.18489583333333334 0.5846354166666666 0.18229166666666666 0.58203125 0.18229166666666666 0.5729166666666666 0.18489583333333334 0.5690104166666666 0.19661458333333334 0.5690104166666666
3 0.4453125 0.8515625 0.44921875 0.8515625 0.4518229166666667 0.8619791666666666 0.4505208333333333 0.8723958333333334 0.44921875 0.8736979166666666 0.4453125 0.87109375 0.44140625 0.8606770833333334 0.4453125 0.8528645833333334
3 0.48125 0.7708333333333334 0.48125 0.7666666666666666 0.48046875 0.76527777734375 0.48046875 0.7569444440104167 0.48125 0.7555555559895833 0.48125 0.7513888893229167 0.48046875 0.75 0.47421874999999997 0.7541666666666668 0.47265625 0.7569444440104167 0.47265625 0.7611111106770833 0.48046875 0.7777777773437501 0.48125 0.7708333333333334
3 0.36640625 0.2708333333333333 0.36953125000000003 0.2694444440104167 0.3703125 0.26666666666666666 0.3703125 0.2625 0.37109375 0.2611111106770833 0.3703125 0.25833333333333336 0.36874999999999997 0.25694444401041666 0.36562500000000003 0.25138888932291664 0.36328125 0.25277777734375 0.36171875000000003 0.25555555598958335 0.36171875000000003 0.25694444401041666 0.35859375 0.2625 0.35859375 0.26527777734374997 0.36640625 0.2708333333333333
3 0.499625 0.39419027734375 0.48758359375 0.39429722265625 0.49487968750000005 0.4142819440104167 0.5057843750000001 0.40943888932291667 0.50517890625 0.40477500000000005 0.499625 0.39419027734375