1 0.719859375 0.34856805598958335 0.7217515625 0.34856805598958335 0.72283203125 0.34472777734375 0.7219875 0.3411666666666667 0.7189140625 0.34184722265624995 0.7175625 0.34544722265625 0.719859375 0.34856805598958335
0 0.98828125 0.4166666666666667 0.9986979166666666 0.4166666666666667 0.9986979166666666 0.4231770833333333 0.9088541666666666 0.42578125 0.8997395833333334 0.4270833333333333 0.8854166666666666 0.4348958333333333 0.87109375 0.4505208333333333 0.859375 0.4752604166666667 0.8515625 0.5130208333333334 0.8515625 0.53125 0.85546875 0.5638020833333334 0.86328125 0.5885416666666666 0.875 0.6080729166666666 0.88671875 0.6197916666666666 0.9010416666666666 0.625 0.90234375 0.6276041666666666 0.9244791666666666 0.6276041666666666 0.92578125 0.625 0.9505208333333334 0.6236979166666666 0.9986979166666666 0.6236979166666666 0.9986979166666666 0.6302083333333334 0.8997395833333334 0.6328125 0.88671875 0.6276041666666666 0.8684895833333334 0.6080729166666666 0.8606770833333334 0.5924479166666666 0.8515625 0.5638020833333334 0.8489583333333334 0.5442708333333334 0.8489583333333334 0.5104166666666666 0.8567708333333334 0.4713541666666667 0.8645833333333334 0.453125 0.8802083333333334 0.4322916666666667 0.88671875 0.4270833333333333 0.8997395833333334 0.421875 0.98828125 0.41796875
0 0.13671875 0.44921875 0.14322916666666666 0.4505208333333333 0.15755208333333334 0.4583333333333333 0.17447916666666666 0.4791666666666667 0.17447916666666666 0.4830729166666667 0.18229166666666666 0.4973958333333333 0.19140625 0.5416666666666666 0.19140625 0.5677083333333334 0.18619791666666666 0.6015625 0.18359375 0.6041666666666666 0.18229166666666666 0.6145833333333334 0.17578125 0.625 0.17447916666666666 0.6315104166666666 0.16276041666666666 0.6471354166666666 0.15104166666666666 0.65625 0.14322916666666666 0.66015625 0.1328125 0.6614583333333334 0.07291666666666667 0.6640625 0.024739583333333332 0.6640625 0.024739583333333332 0.6614583333333334 0.044270833333333336 0.6588541666666666 0.07942708333333333 0.6588541666666666 0.09114583333333333 0.65625 0.109375 0.6575520833333334 0.140625 0.6549479166666666 0.15364583333333334 0.6484375 0.171875 0.6276041666666666 0.18098958333333334 0.6067708333333334 0.18098958333333334 0.6002604166666666 0.18359375 0.59765625 0.18489583333333334 0.5833333333333334 0.1875 0.578125 0.18880208333333334 0.5481770833333334 0.18359375 0.51171875 0.18098958333333334 0.5091145833333334 0.1796875 0.5 0.16536458333333334 0.4739583333333333 0.14453125 0.45703125 0.13671875 0.4544270833333333 0.11848958333333333 0.4544270833333333 0.036458333333333336 0.45703125 0.03515625 0.4596354166666667 0.02734375 0.45703125 0.024739583333333332 0.4596354166666667 0.022135416666666668 0.4557291666666667 0.0234375 0.453125 0.033854166666666664 0.4518229166666667 0.13541666666666666 0.44921875
2 0.5208333333333334 0.4453125 0.5234375 0.78515625 0.52734375 0.9231770833333334 0.5260416666666666 0.9505208333333334 0.5234375 0.9505208333333334 0.5208333333333334 0.6848958333333334 0.5182291666666666 0.6302083333333334 0.51953125 0.5729166666666666 0.5169270833333334 0.4518229166666667 0.5208333333333334 0.4466145833333333
3 0.6204427083333334 0.80078125 0.009114583333333334 0.020833333333333332
3 0.5 0.2630208333333333 0.5026041666666666 0.2630208333333333 0.5078125 0.2786458333333333 0.5 0.2864583333333333 0.4973958333333333 0.28515625 0.4973958333333333 0.2682291666666667 0.5 0.2643229166666667
3 0.5390625 0.5677083333333334 0.5455729166666666 0.5807291666666666 0.5416666666666666 0.58984375 0.5364583333333334 0.5872395833333334 0.5390625 0.5690104166666666
3 0.5598958333333334 0.7317708333333334 0.5651041666666666 0.7369791666666666 0.5651041666666666 0.7473958333333334 0.55859375 0.7486979166666666 0.5572916666666666 0.74609375 0.55859375 0.7330729166666666
3 0.7434895833333334 0.5872395833333334 0.7526041666666666 0.5911458333333334 0.7526041666666666 0.5989583333333334 0.7447916666666666 0.6015625 0.7395833333333334 0.5989583333333334 0.7395833333333334 0.5924479166666666 0.7421875 0.5885416666666666
3 0.62109375 0.5546875 0.6236979166666666 0.5572916666666666 0.6236979166666666 0.56640625 0.6184895833333334 0.57421875 0.6145833333333334 0.5729166666666666 0.61328125 0.5598958333333334 0.6197916666666666 0.5546875
3 0.6015625 0.4296875 0.5989583333333334 0.4231770833333333 0.6041666666666666 0.4140625 0.6080729166666666 0.4140625 0.609375 0.4166666666666667 0.609375 0.42578125 0.6067708333333334 0.4296875 0.6028645833333334 0.4296875
3 0.5553385416666666 0.22786458333333334 0.011067708333333334 0.024739583333333332
3 0.4244791666666667 0.55859375 0.4283854166666667 0.5625 0.4296875 0.5677083333333334 0.4283854166666667 0.578125 0.421875 0.578125 0.4205729166666667 0.5677083333333334 0.4231770833333333 0.5598958333333334
3 0.5104166666666666 0.4205729166666667 0.5143229166666666 0.4283854166666667 0.5078125 0.4388020833333333 0.5052083333333334 0.4361979166666667 0.50390625 0.42578125 0.5052083333333334 0.421875 0.5091145833333334 0.4205729166666667
3 0.71640625 0.3416666666666666 0.7203125 0.34722222265625 0.72890625 0.32222222265625 0.728125 0.31666666666666665 0.72109375 0.31527777734375 0.7171875 0.32777777734374997 0.71640625 0.3416666666666666
3 0.5710937500000001 0.4805555559895833 0.58203125 0.4763888893229167 0.58203125 0.46388888932291666 0.5789062500000001 0.4583333333333333 0.5710937500000001 0.45972222265625 0.5710937500000001 0.4805555559895833