3 0.4147135416666667 0.24088541666666666 0.006510416666666667 0.020833333333333332
3 0.2532552083333333 0.25 0.01171875 0.022135416666666668
0 0 0.6263888893229167 0.07734375 0.6291666666666667 0.10625 0.62222222265625 0.12578124999999998 0.6 0.140625 0.5625 0.14453125 0.5236111106770833 0.14375000000000002 0.5083333333333333 0.13984375000000002 0.5069444440104166 0.1390625 0.54722222265625 0.13046875 0.5805555559895833 0.11562499999999999 0.6055555559895833 0.10312500000000001 0.6180555559895834 0.08984375 0.6236111106770833 0 0.6208333333333333 0 0.6263888893229167
3 0.12630208333333334 0.4752604166666667 0.014322916666666666 0.016927083333333332
3 0.408203125 0.4453125 0.01171875 0.0234375
3 0.4661458333333333 0.458984375 0.005208333333333333 0.014973958333333334
3 0.4322916666666667 0.5338541666666666 0.010416666666666666 0.031901041666666664
3 0.4446614583333333 0.6334635416666666 0.008463541666666666 0.01953125
3 0.3990885416666667 0.7154947916666666 0.014322916666666666 0.01953125
3 0.2955729166666667 0.8352864583333334 0.009114583333333334 0.018229166666666668
3 0.3984375 0.814453125 0.004557291666666667 0.014973958333333334
3 0.4635416666666667 0.8020833333333334 0.015625 0.037760416666666664
3 0.78515625 0.5794270833333334 0.018880208333333332 0.01953125
2 0.46796875 0.8305555559895833 0.46718750000000003 0.8624999999999999 0.47031249999999997 0.8638888893229167 0.47109375000000003 0.8305555559895833 0.46796875 0.8305555559895833
2 0.46718750000000003 0.8666666666666667 0.46640624999999997 0.9444444440104167 0.47109375000000003 0.9249999999999999 0.47031249999999997 0.8694444440104167 0.46718750000000003 0.8666666666666667
2 0.471875 0.52222222265625 0.47031249999999997 0.6166666666666667 0.4734375 0.6208333333333333 0.47421874999999997 0.49722222265625 0.471875 0.52222222265625
0 0 0.4180555559895833 0.09296875 0.42222222265625 0.13046875 0.4569444440104167 0.11562499999999999 0.4319444440104167 0.09921875000000001 0.41944444401041664 0.039843750000000004 0.4138888893229167 0 0.4138888893229167 0 0.4180555559895833
2 0.47031249999999997 0.6305555559895833 0.46875 0.6513888893229166 0.46796875 0.775 0.47031249999999997 0.7916666666666666 0.4734375 0.6291666666666667 0.47031249999999997 0.6305555559895833
0 0.83828125 0.6541666666666667 0.87109375 0.6625 0.96640625 0.6638888893229167 0.9617187500000001 0.65972222265625 0.8634375 0.6555555559895833 0.8421875 0.65 0.83046875 0.64027777734375 0.8140625 0.6124999999999999 0.80859375 0.5944444440104167 0.8039062499999999 0.5583333333333333 0.8078124999999999 0.5208333333333334 0.81484375 0.49722222265625 0.8273437499999999 0.47500000000000003 0.8515625 0.4569444440104167 0.9703125 0.45972222265625 0.9703125 0.45555555598958336 0.8468749999999999 0.4513888893229167 0.8296875 0.46388888932291666 0.8171875000000001 0.4805555559895833 0.80703125 0.5055555559895833 0.80234375 0.5291666666666667 0.7999999999999999 0.5486111106770833 0.80234375 0.5875 0.8140625 0.6236111106770833 0.83828125 0.6541666666666667
2 0.4734375 0.6194444440104167 0.47500000000000003 0.49861111067708336 0.47265625 0.49861111067708336 0.4734375 0.6194444440104167
2 0.47734375 0.28263888932291664 0.47421874999999997 0.27499999999999997 0.47734375 0.26851805598958334 0.47812499999999997 0.23888888932291666 0.47812499999999997 0.12638888932291667 0.47500000000000003 0.15 0.47265625 0.44722222265624995 0.47578125 0.4375 0.47734375 0.37777777734375 0.47734375 0.28263888932291664