1 0.29296875 0.2916666666666667 0.29609375 0.29444444401041664 0.29921875000000003 0.2930555559895833 0.29921875000000003 0.2888888893229167 0.29765625 0.28611111067708334 0.29609375 0.28472222265624997 0.29296875 0.28472222265624997 0.2921875 0.28611111067708334 0.29296875 0.2916666666666667
0 0 0.4309895833333333 0.08333333333333333 0.43359375 0.09765625 0.4375 0.11458333333333333 0.453125 0.12630208333333334 0.47265625 0.13671875 0.5078125 0.13932291666666666 0.5390625 0.13802083333333334 0.56640625 0.13411458333333334 0.5872395833333334 0.12239583333333333 0.6158854166666666 0.11458333333333333 0.62890625 0.10677083333333333 0.63671875 0.09635416666666667 0.6432291666666666 0.08984375 0.64453125 0.08854166666666667 0.6471354166666666 0.08072916666666667 0.6484375 0 0.64453125 0 0.6380208333333334 0.037760416666666664 0.640625 0.08854166666666667 0.640625 0.09895833333333333 0.6354166666666666 0.11588541666666667 0.6171875 0.125 0.6002604166666666 0.13541666666666666 0.5611979166666666 0.13541666666666666 0.51953125 0.12890625 0.4908854166666667 0.11979166666666667 0.4700520833333333 0.11197916666666667 0.4583333333333333 0.1015625 0.4479166666666667 0.08072916666666667 0.4401041666666667 0 0.4388020833333333 0 0.4322916666666667
0 0.88671875 0.4622395833333333 0.9635416666666666 0.46484375 0.9661458333333334 0.4661458333333333 0.9661458333333334 0.46875 0.9296875 0.4700520833333333 0.8502604166666666 0.4674479166666667 0.83203125 0.4778645833333333 0.8151041666666666 0.5 0.8033854166666666 0.5377604166666666 0.8020833333333334 0.5846354166666666 0.8072916666666666 0.61328125 0.8151041666666666 0.6341145833333334 0.8216145833333334 0.6419270833333334 0.8229166666666666 0.6471354166666666 0.8359375 0.66015625 0.84765625 0.6666666666666666 0.8580729166666666 0.6666666666666666 0.859375 0.6692708333333334 0.9635416666666666 0.6731770833333334 0.9635416666666666 0.6770833333333334 0.95703125 0.6783854166666666 0.921875 0.67578125 0.87109375 0.67578125 0.8450520833333334 0.671875 0.8372395833333334 0.66796875 0.8229166666666666 0.6549479166666666 0.8072916666666666 0.6263020833333334 0.80078125 0.6015625 0.7994791666666666 0.5494791666666666 0.8046875 0.5182291666666666 0.8111979166666666 0.5 0.828125 0.4739583333333333 0.83984375 0.4661458333333333 0.8541666666666666 0.4622395833333333 0.8854166666666666 0.4622395833333333
2 0.4739583333333333 0.13932291666666666 0.4739583333333333 0.33203125 0.4713541666666667 0.3450520833333333 0.4713541666666667 0.64453125 0.46875 0.7408854166666666 0.4700520833333333 0.7526041666666666 0.4674479166666667 0.7916666666666666 0.46875 0.8151041666666666 0.4661458333333333 0.96484375 0.4635416666666667 0.9661458333333334 0.4635416666666667 0.8736979166666666 0.46484375 0.75390625 0.4674479166666667 0.7239583333333334 0.4661458333333333 0.6432291666666666 0.46875 0.5872395833333334 0.46875 0.33203125 0.4713541666666667 0.3216145833333333 0.4700520833333333 0.3151041666666667 0.4739583333333333 0.30078125 0.4700520833333333 0.2942708333333333 0.47265625 0.140625
3 0.6575520833333334 0.5677083333333334 0.6614583333333334 0.5716145833333334 0.6614583333333334 0.578125 0.6549479166666666 0.5846354166666666 0.6484375 0.57421875 0.6536458333333334 0.56640625 0.65625 0.5677083333333334
3 0.5696614583333334 0.3125 0.01171875 0.022135416666666668
3 0.4361979166666667 0.23958333333333334 0.4322916666666667 0.23046875 0.4348958333333333 0.21875 0.4388020833333333 0.22135416666666666 0.4401041666666667 0.22526041666666666 0.4401041666666667 0.23828125 0.4375 0.23958333333333334
3 0.6302083333333334 0.6380208333333334 0.6315104166666666 0.6471354166666666 0.6276041666666666 0.6549479166666666 0.625 0.6549479166666666 0.6184895833333334 0.6432291666666666 0.6263020833333334 0.63671875 0.62890625 0.6380208333333334
3 0.4700520833333333 0.2955729166666667 0.4765625 0.30078125 0.4739583333333333 0.31640625 0.4713541666666667 0.3190104166666667 0.4674479166666667 0.3177083333333333 0.46875 0.296875
3 0.69140625 0.2838541666666667 0.6966145833333334 0.28515625 0.6966145833333334 0.2955729166666667 0.6927083333333334 0.3072916666666667 0.6888020833333334 0.30859375 0.6822916666666666 0.2981770833333333 0.6822916666666666 0.2955729166666667 0.6875 0.29296875 0.69140625 0.28515625
3 0.4908854166666667 0.4739583333333333 0.4947916666666667 0.47265625 0.5 0.4791666666666667 0.5 0.4856770833333333 0.4947916666666667 0.4908854166666667 0.4908854166666667 0.4869791666666667 0.4908854166666667 0.4752604166666667
3 0.5911458333333334 0.7161458333333334 0.011067708333333334 0.020833333333333332
3 0.5442708333333334 0.3919270833333333 0.5494791666666666 0.3984375 0.5494791666666666 0.4127604166666667 0.546875 0.4205729166666667 0.5416666666666666 0.4205729166666667 0.5390625 0.41796875 0.53515625 0.4075520833333333 0.5377604166666666 0.3958333333333333 0.54296875 0.3919270833333333
3 0.7903645833333334 0.4479166666666667 0.7942708333333334 0.453125 0.7942708333333334 0.4635416666666667 0.7890625 0.46875 0.7799479166666666 0.4635416666666667 0.7838541666666666 0.44921875 0.7890625 0.4479166666666667
3 0.3033854166666667 0.2643229166666667 0.3059895833333333 0.2682291666666667 0.3033854166666667 0.2890625 0.2994791666666667 0.2942708333333333 0.2955729166666667 0.2942708333333333 0.29296875 0.2903645833333333 0.2942708333333333 0.2682291666666667 0.30078125 0.2682291666666667 0.3033854166666667 0.265625
3 0.5260416666666666 0.8723958333333334 0.53515625 0.8697916666666666 0.5377604166666666 0.87109375 0.5377604166666666 0.87890625 0.5325520833333334 0.890625 0.5299479166666666 0.8893229166666666 0.5260416666666666 0.8736979166666666