1 0.21640625 0.61527777734375 0.2171875 0.6194444440104167 0.2203125 0.6194444440104167 0.22109375 0.6180555559895834 0.22109375 0.6124999999999999 0.2203125 0.6111111106770833 0.21796875000000002 0.6111111106770833 0.2171875 0.6124999999999999 0.21640625 0.61527777734375
3 0.296875 0.4622395833333333 0.30078125 0.46484375 0.3033854166666667 0.47265625 0.3072916666666667 0.4765625 0.3033854166666667 0.484375 0.296875 0.48828125 0.29296875 0.4869791666666667 0.2890625 0.4778645833333333 0.2890625 0.4661458333333333 0.2903645833333333 0.4635416666666667 0.2955729166666667 0.4622395833333333
3 0.21484375 0.6640625 0.21875 0.6666666666666666 0.21875 0.6809895833333334 0.21223958333333334 0.68359375 0.20703125 0.6783854166666666 0.20703125 0.6731770833333334 0.21354166666666666 0.6653645833333334
3 0.046875 0.5794270833333334 0.052083333333333336 0.5833333333333334 0.055989583333333336 0.5807291666666666 0.057291666666666664 0.58203125 0.057291666666666664 0.59375 0.049479166666666664 0.6002604166666666 0.040364583333333336 0.5963541666666666 0.037760416666666664 0.5924479166666666 0.040364583333333336 0.58203125 0.045572916666666664 0.5794270833333334
3 0.16015625 0.8463541666666666 0.16015625 0.8697916666666666 0.15625 0.87109375 0.1484375 0.8671875 0.14973958333333334 0.8580729166666666 0.15885416666666666 0.84765625
3 0.4830729166666667 0.5442708333333334 0.484375 0.5677083333333334 0.4791666666666667 0.5807291666666666 0.4765625 0.5807291666666666 0.4752604166666667 0.578125 0.4765625 0.5481770833333334 0.4791666666666667 0.5403645833333334 0.4817708333333333 0.5442708333333334
3 0.15364583333333334 0.5572916666666666 0.15494791666666666 0.5598958333333334 0.15234375 0.5716145833333334 0.14713541666666666 0.5768229166666666 0.14322916666666666 0.5768229166666666 0.13802083333333334 0.5716145833333334 0.13802083333333334 0.5651041666666666 0.14322916666666666 0.5572916666666666 0.15234375 0.5572916666666666
3 0.8411458333333334 0.4837239583333333 0.015625 0.018229166666666668
3 0.278125 0.5486111106770833 0.2765625 0.55277777734375 0.27968750000000003 0.5583333333333333 0.28125 0.55972222265625 0.28359375000000003 0.55972222265625 0.28515625 0.5569444440104167 0.28515625 0.5499999999999999 0.284375 0.5486111106770833 0.28125 0.5486111106770833 0.28046875 0.54722222265625 0.278125 0.5486111106770833
3 0.2921875 0.5499999999999999 0.28828125 0.5499999999999999 0.28671874999999997 0.5513888893229166 0.28671874999999997 0.55972222265625 0.2890625 0.55972222265625 0.28984375 0.5611111106770833 0.29531250000000003 0.5611111106770833 0.296875 0.55972222265625 0.29765625 0.5569444440104167 0.296875 0.55277777734375 0.29531250000000003 0.5513888893229166 0.29296875 0.5513888893229166 0.2921875 0.5499999999999999
3 0.37734375000000003 0.74722222265625 0.37343750000000003 0.7555555559895833 0.37343750000000003 0.7625000000000001 0.37656249999999997 0.7666666666666666 0.37734375000000003 0.7666666666666666 0.38046874999999997 0.7555555559895833 0.38125000000000003 0.7555555559895833 0.38437499999999997 0.7513888893229167 0.38359375 0.74722222265625 0.38203125 0.7458333333333332 0.37890625 0.7458333333333332 0.37734375000000003 0.74722222265625
3 0.18437499999999998 0.9208333333333334 0.18203125 0.92222222265625 0.1796875 0.92777777734375 0.18125 0.93472222265625 0.18281250000000002 0.9375 0.18437499999999998 0.9375 0.18671875000000002 0.9416666666666668 0.18984375 0.9388888893229167 0.18984375 0.9375 0.19218749999999998 0.9319444440104167 0.19296875 0.9236111106770833 0.19375 0.92222222265625 0.19375 0.9166666666666666 0.19296875 0.9152777773437499 0.18984375 0.9180555559895834 0.18828124999999998 0.9208333333333334 0.18437499999999998 0.9208333333333334
3 0.60703125 0.23750000000000002 0.6062500000000001 0.24166666666666667 0.60390625 0.24722222265625002 0.603125 0.25416666666666665 0.60390625 0.25416666666666665 0.6062500000000001 0.25833333333333336 0.609375 0.25833333333333336 0.6101562500000001 0.25694444401041666 0.6109375 0.25138888932291664 0.61328125 0.24722222265625002 0.6140625000000001 0.2430555559895833 0.61328125 0.23611111067708335 0.6109375 0.2333333333333333 0.609375 0.2333333333333333 0.60703125 0.23750000000000002
2 0.5221354166666666 0.1328125 0.5247395833333334 0.1328125 0.52734375 0.5989583333333334 0.5299479166666666 0.6236979166666666 0.5286458333333334 0.65625 0.5325520833333334 0.8697916666666666 0.53125 0.90625 0.5338541666666666 0.93359375 0.53125 0.9609375 0.5286458333333334 0.9283854166666666 0.52734375 0.6484375 0.5247395833333334 0.640625 0.5234375 0.24609375 0.5208333333333334 0.16276041666666666 0.5221354166666666 0.13411458333333334
0 1 0.42222222265625 0.98203125 0.42222222265625 0.9078125 0.42638888932291663 0.8875000000000001 0.44027777734375 0.8734375 0.4611111106770833 0.8624999999999999 0.49583333333333335 0.859375 0.5208333333333334 0.8624999999999999 0.5680555559895833 0.87265625 0.6 0.890625 0.6263888893229167 0.9078125 0.6375000000000001 1 0.6361111106770834 1 0.6305555559895833 0.90078125 0.6291666666666667 0.8742187499999999 0.5930555559895833 0.86484375 0.5638888893229167 0.86328125 0.5458333333333333 0.86484375 0.5055555559895833 0.8718750000000001 0.4763888893229167 0.8835937500000001 0.45277777734375 0.89453125 0.44027777734375 0.91171875 0.43055555598958334 1 0.42638888932291663 1 0.42222222265625
0 0.16953125 0.4680555559895833 0.15703124999999998 0.4583333333333333 0.11171874999999999 0.45416666666666666 0.029687500000000002 0.4583333333333333 0.03046875 0.46388888932291666 0.14140624999999998 0.45972222265625 0.15546875000000002 0.46388888932291666 0.1703125 0.4763888893229167 0.18515625 0.50277777734375 0.19140625 0.5208333333333334 0.1953125 0.55277777734375 0.1953125 0.5736111106770834 0.1875 0.6138888893229166 0.171875 0.6430555559895833 0.15546875000000002 0.6583333333333333 0.039843750000000004 0.6666666666666666 0.0375 0.6708333333333334 0.13125 0.6680555559895834 0.1578125 0.6625 0.17890625000000002 0.64027777734375 0.19296875 0.6083333333333333 0.19765625 0.5819444440104167 0.196875 0.5333333333333333 0.19218749999999998 0.50972222265625 0.18359375 0.48888888932291663 0.16953125 0.4680555559895833