0 0 0.6263888893229167 0.090625 0.6291666666666667 0.11328125 0.61527777734375 0.13125 0.5875 0.13984375000000002 0.55972222265625 0.14375000000000002 0.52777777734375 0.13984375000000002 0.49305555598958334 0.13593750000000002 0.5541666666666667 0.12890625 0.5819444440104167 0.11093750000000001 0.60972222265625 0.08828124999999999 0.6236111106770833 0 0.6194444440104167 0 0.6263888893229167
0 0 0.41944444401041664 0.0984375 0.425 0.11562499999999999 0.44027777734375 0.12968749999999998 0.46249999999999997 0.125 0.4458333333333333 0.09921875000000001 0.41944444401041664 0.015625 0.41250000000000003 0 0.41250000000000003 0 0.41944444401041664
3 0.13046875 0.4694444440104167 0.11875000000000001 0.4666666666666666 0.1171875 0.4763888893229167 0.11953124999999999 0.48194444401041664 0.13125 0.48333333333333334 0.13046875 0.4694444440104167
3 0.425 0.44027777734375 0.41875 0.4375 0.4140625 0.44444444401041666 0.41484375 0.4569444440104167 0.42109375 0.4611111106770833 0.425 0.4569444440104167 0.425 0.44027777734375
3 0.44921875 0.5208333333333334 0.4453125 0.525 0.4453125 0.5361111106770834 0.45234375 0.5388888893229167 0.453125 0.52777777734375 0.44921875 0.5208333333333334
3 0.5226562499999999 0.44027777734375 0.5187499999999999 0.44166666666666665 0.51328125 0.44861111067708337 0.5187499999999999 0.45972222265625 0.5242187500000001 0.45277777734375 0.5226562499999999 0.44027777734375
2 0.47265625 0.6305555559895833 0.46796875 0.6333333333333333 0.46640624999999997 0.8694444440104167 0.47031249999999997 0.8583333333333334 0.47421874999999997 0.65 0.47265625 0.6305555559895833
3 0.48359375 0.6458333333333334 0.49140625 0.6638888893229167 0.49765624999999997 0.6611111106770834 0.496875 0.64722222265625 0.48359375 0.6458333333333334
3 0.42890625 0.7277777773437499 0.42890625 0.7333333333333334 0.440625 0.7458333333333332 0.440625 0.7263888893229167 0.42890625 0.7277777773437499
3 0.40703125 0.8180555559895833 0.40625 0.8319444440104166 0.41484375 0.8513888893229167 0.41484375 0.8208333333333333 0.40703125 0.8180555559895833
3 0.49453125000000003 0.7999999999999999 0.49140625 0.8069444440104167 0.5 0.8138888893229167 0.50234375 0.7986111106770833 0.49453125000000003 0.7999999999999999
1 0.51171875 0.7986111106770833 0.5125000000000001 0.79722222265625 0.5125000000000001 0.7930555559895834 0.51171875 0.7916666666666666 0.509375 0.7916666666666666 0.5085937500000001 0.7930555559895834 0.5085937500000001 0.79722222265625 0.509375 0.7986111106770833 0.51171875 0.7986111106770833
3 0.8046875 0.5875 0.7921874999999999 0.5875 0.790625 0.5916666666666667 0.7960937499999999 0.60277777734375 0.80703125 0.5958333333333333 0.8046875 0.5875
0 0.84609375 0.6583333333333333 0.9109375000000001 0.6638888893229167 0.9625 0.6611111106770834 0.90651015625 0.6583333333333333 0.90611953125 0.6625 0.896875 0.6569444440104167 0.8484375000000001 0.6541666666666667 0.8312499999999999 0.6416666666666667 0.81015625 0.6069444440104167 0.81015625 0.6138888893229166 0.8203125 0.63472222265625 0.8296875 0.64722222265625 0.84609375 0.6583333333333333
2 0.46640624999999997 0.8736111106770833 0.46640624999999997 0.9458333333333333 0.47031249999999997 0.9263888893229167 0.46953125 0.8819444440104167 0.46640624999999997 0.8736111106770833
0 0.8039062499999999 0.57222222265625 0.8039062499999999 0.53472222265625 0.8117187499999999 0.5013888893229167 0.83046875 0.4680555559895833 0.85703125 0.45416666666666666 0.9679687499999999 0.45555555598958336 0.8546874999999999 0.45 0.85 0.4569444440104167 0.84765625 0.4513888893229167 0.84375 0.45277777734375 0.8296875 0.46249999999999997 0.8171875000000001 0.4791666666666667 0.803125 0.5194444440104167 0.7999999999999999 0.5680555559895833 0.80234375 0.58472222265625 0.80703125 0.5875 0.8039062499999999 0.57222222265625
2 0.47734375 0.12638888932291667 0.4734375 0.19861111067708334 0.47031249999999997 0.61527777734375 0.4734375 0.6124999999999999 0.47421874999999997 0.6 0.47734375 0.12638888932291667
3 0.26171875 0.25138888932291664 0.2546875 0.24861111067708333 0.2546875 0.25972222265625 0.26640625 0.27638888932291666 0.26796875000000003 0.2708333333333333 0.26171875 0.25138888932291664
3 0.4453125 0.2430555559895833 0.44140625 0.24027777734375 0.43359375 0.24722222265625002 0.43359375 0.25277777734375 0.44296874999999997 0.25972222265625 0.4453125 0.2430555559895833
3 0.30234374999999997 0.82222222265625 0.3 0.8333333333333334 0.31093750000000003 0.8430555559895834 0.31015624999999997 0.8166666666666668 0.30234374999999997 0.82222222265625