1 0.37632265625 0.40904583333333333 0.37825468749999996 0.40740277734375 0.37808671875000005 0.40277638932291665 0.377246875 0.39949166666666663 0.37539843749999996 0.39829722265625 0.37451640625 0.3999694440104167 0.374978125 0.4054625 0.37632265625 0.40904583333333333
0 0 0.43359375 0.08333333333333333 0.4348958333333333 0.09505208333333333 0.4375 0.09635416666666667 0.4401041666666667 0.11067708333333333 0.4479166666666667 0.11848958333333333 0.45703125 0.11979166666666667 0.4622395833333333 0.12239583333333333 0.4635416666666667 0.13020833333333334 0.4778645833333333 0.13932291666666666 0.51171875 0.14192708333333334 0.5403645833333334 0.13932291666666666 0.5755208333333334 0.13020833333333334 0.6080729166666666 0.11588541666666667 0.6315104166666666 0.10416666666666667 0.6419270833333334 0.09765625 0.64453125 0.09635416666666667 0.6471354166666666 0.08723958333333333 0.6497395833333334 0 0.6471354166666666 0 0.6393229166666666 0.0859375 0.6432291666666666 0.10416666666666667 0.6354166666666666 0.11197916666666667 0.6276041666666666 0.11197916666666667 0.625 0.12630208333333334 0.60546875 0.13541666666666666 0.5768229166666666 0.13802083333333334 0.5546875 0.13671875 0.5143229166666666 0.13151041666666666 0.4934895833333333 0.12369791666666667 0.4752604166666667 0.11328125 0.4583333333333333 0.10677083333333333 0.4518229166666667 0.09635416666666667 0.4453125 0.0859375 0.4427083333333333 0 0.4401041666666667 0 0.4348958333333333
0 0.8841145833333334 0.4635416666666667 0.9635416666666666 0.4661458333333333 0.9674479166666666 0.4674479166666667 0.9674479166666666 0.4713541666666667 0.8515625 0.46875 0.8333333333333334 0.4791666666666667 0.8190104166666666 0.4973958333333333 0.8190104166666666 0.5013020833333334 0.8111979166666666 0.5143229166666666 0.8033854166666666 0.5481770833333334 0.8033854166666666 0.58984375 0.8072916666666666 0.6028645833333334 0.8072916666666666 0.6106770833333334 0.8151041666666666 0.6328125 0.8255208333333334 0.6497395833333334 0.8359375 0.66015625 0.8463541666666666 0.6666666666666666 0.8502604166666666 0.6666666666666666 0.8515625 0.6692708333333334 0.8671875 0.671875 0.9635416666666666 0.6744791666666666 0.9661458333333334 0.67578125 0.9661458333333334 0.6796875 0.87109375 0.6770833333333334 0.8489583333333334 0.6744791666666666 0.8359375 0.66796875 0.82421875 0.65625 0.80859375 0.6276041666666666 0.80078125 0.59375 0.80078125 0.5481770833333334 0.8046875 0.5247395833333334 0.8125 0.5026041666666666 0.828125 0.4765625 0.8372395833333334 0.4700520833333333 0.8528645833333334 0.4635416666666667 0.8828125 0.4635416666666667
2 0.4739583333333333 0.14192708333333334 0.4739583333333333 0.5598958333333334 0.4713541666666667 0.6184895833333334 0.4700520833333333 0.8932291666666666 0.4674479166666667 0.9674479166666666 0.46484375 0.9622395833333334 0.46484375 0.8776041666666666 0.4674479166666667 0.8580729166666666 0.4674479166666667 0.6927083333333334 0.4700520833333333 0.5963541666666666 0.46875 0.546875 0.4713541666666667 0.49609375 0.4700520833333333 0.4283854166666667 0.47265625 0.31640625 0.47265625 0.14322916666666666
3 0.6497395833333334 0.2552083333333333 0.6497395833333334 0.27734375 0.6471354166666666 0.2786458333333333 0.64453125 0.2786458333333333 0.6432291666666666 0.2760416666666667 0.640625 0.2630208333333333 0.6484375 0.2552083333333333
3 0.6595052083333334 0.5716145833333334 0.014973958333333334 0.0234375
3 0.51953125 0.3125 0.5234375 0.3098958333333333 0.5260416666666666 0.3111979166666667 0.52734375 0.3216145833333333 0.5260416666666666 0.328125 0.5234375 0.3294270833333333 0.515625 0.3177083333333333 0.515625 0.3151041666666667 0.51953125 0.3138020833333333
3 0.4947916666666667 0.8502604166666666 0.4973958333333333 0.8541666666666666 0.4973958333333333 0.87109375 0.4947916666666667 0.8736979166666666 0.4908854166666667 0.87109375 0.4895833333333333 0.8671875 0.4908854166666667 0.8541666666666666 0.4934895833333333 0.8515625
3 0.5026041666666666 0.3893229166666667 0.5091145833333334 0.3958333333333333 0.5091145833333334 0.4075520833333333 0.50390625 0.4205729166666667 0.5 0.41796875 0.5 0.4127604166666667 0.49609375 0.40625 0.49609375 0.3958333333333333 0.5013020833333334 0.3893229166666667
3 0.3658854166666667 0.3880208333333333 0.3776041666666667 0.4010416666666667 0.3776041666666667 0.4075520833333333 0.37109375 0.4075520833333333 0.3658854166666667 0.4036458333333333 0.3658854166666667 0.3893229166666667
3 0.44140625 0.5091145833333334 0.4453125 0.5091145833333334 0.4479166666666667 0.515625 0.4479166666666667 0.52734375 0.4453125 0.53125 0.4427083333333333 0.53125 0.4401041666666667 0.52734375 0.44140625 0.5104166666666666
3 0.546875 0.7083333333333334 0.5494791666666666 0.7109375 0.5572916666666666 0.7122395833333334 0.5572916666666666 0.7278645833333334 0.5533854166666666 0.7278645833333334 0.55078125 0.71875 0.546875 0.71484375 0.546875 0.7096354166666666
3 0.4205729166666667 0.328125 0.4231770833333333 0.328125 0.4244791666666667 0.3372395833333333 0.4283854166666667 0.3411458333333333 0.4270833333333333 0.3489583333333333 0.421875 0.3489583333333333 0.41796875 0.3385416666666667 0.4205729166666667 0.3294270833333333
3 0.4440104166666667 0.23828125 0.4466145833333333 0.24739583333333334 0.4466145833333333 0.2526041666666667 0.4440104166666667 0.2565104166666667 0.4401041666666667 0.25390625 0.4388020833333333 0.24739583333333334 0.4388020833333333 0.2421875 0.4427083333333333 0.23828125
3 0.7643229166666666 0.5052083333333334 0.7669270833333334 0.5052083333333334 0.7721354166666666 0.5104166666666666 0.7721354166666666 0.5221354166666666 0.76953125 0.5247395833333334 0.7643229166666666 0.5247395833333334 0.7578125 0.5182291666666666 0.76171875 0.5078125 0.7643229166666666 0.5065104166666666
3 0.58046875 0.6375000000000001 0.5851562499999999 0.6569444440104167 0.5890624999999999 0.6513888893229166 0.5906250000000001 0.6430555559895833 0.58828125 0.6388888893229167 0.58359375 0.6361111106770834 0.58203125 0.6333333333333333 0.58046875 0.6333333333333333 0.58046875 0.6375000000000001