1 0.377209375 0.18473472265625002 0.378603125 0.18321111067708332 0.379246875 0.18035416666666668 0.37755781250000003 0.17636944401041665 0.37517265625 0.17768611067708331 0.37474375 0.18054444401041667 0.37549375 0.18359166666666668 0.377209375 0.18473472265625002
0 0 0.4166666666666667 0.0026041666666666665 0.4166666666666667 0.00390625 0.4192708333333333 0.09114583333333333 0.421875 0.10286458333333333 0.42578125 0.11458333333333333 0.4348958333333333 0.13020833333333334 0.4583333333333333 0.13802083333333334 0.4791666666666667 0.14322916666666666 0.5078125 0.14322916666666666 0.5364583333333334 0.140625 0.5364583333333334 0.13932291666666666 0.4986979166666667 0.13151041666666666 0.47265625 0.11979166666666667 0.44921875 0.10286458333333333 0.4322916666666667 0.08463541666666667 0.4270833333333333 0 0.4244791666666667 0 0.41796875
0 0.8815104166666666 0.453125 0.9778645833333334 0.45703125 0.98046875 0.4622395833333333 0.9427083333333334 0.4635416666666667 0.9127604166666666 0.4609375 0.8619791666666666 0.4609375 0.8463541666666666 0.46875 0.8372395833333334 0.4778645833333333 0.8229166666666666 0.5026041666666666 0.8138020833333334 0.5377604166666666 0.8125 0.5572916666666666 0.8151041666666666 0.59375 0.8255208333333334 0.6263020833333334 0.84375 0.6510416666666666 0.8502604166666666 0.65625 0.86328125 0.6614583333333334 0.9635416666666666 0.6653645833333334 0.9752604166666666 0.6666666666666666 0.9752604166666666 0.6731770833333334 0.921875 0.6705729166666666 0.9140625 0.671875 0.86328125 0.66796875 0.8619791666666666 0.6653645833333334 0.8541666666666666 0.6640625 0.8424479166666666 0.6575520833333334 0.828125 0.640625 0.8216145833333334 0.6276041666666666 0.8125 0.5963541666666666 0.8098958333333334 0.5716145833333334 0.8111979166666666 0.53515625 0.8203125 0.4973958333333333 0.8346354166666666 0.47265625 0.8502604166666666 0.4583333333333333 0.8658854166666666 0.453125 0.8802083333333334 0.453125
2 0.4778645833333333 0.5052083333333334 0.4791666666666667 0.640625 0.4765625 0.70703125 0.4778645833333333 0.7747395833333334 0.4752604166666667 0.7981770833333334 0.4739583333333333 0.9609375 0.4713541666666667 0.9609375 0.4700520833333333 0.9348958333333334 0.47265625 0.8841145833333334 0.4713541666666667 0.8619791666666666 0.4739583333333333 0.7825520833333334 0.47265625 0.7552083333333334 0.4765625 0.5065104166666666
3 0.3958333333333333 0.544921875 0.010416666666666666 0.018229166666666668
3 0.5247395833333334 0.20377604166666666 0.008463541666666666 0.026692708333333332
3 0.2565104166666667 0.7154947916666666 0.012369791666666666 0.022135416666666668
3 0.4869791666666667 0.7421875 0.4908854166666667 0.7526041666666666 0.4895833333333333 0.7630208333333334 0.4830729166666667 0.7591145833333334 0.4856770833333333 0.7434895833333334
3 0.4322916666666667 0.390625 0.4361979166666667 0.3958333333333333 0.4361979166666667 0.4075520833333333 0.4296875 0.4049479166666667 0.4309895833333333 0.3919270833333333
3 0.41796875 0.6002604166666666 0.421875 0.5989583333333334 0.4244791666666667 0.6015625 0.42578125 0.609375 0.42578125 0.61328125 0.4231770833333333 0.6158854166666666 0.41796875 0.6145833333333334 0.41796875 0.6015625
3 0.3736979166666667 0.18489583333333334 0.37109375 0.18098958333333334 0.3697916666666667 0.16666666666666666 0.3658854166666667 0.15755208333333334 0.3658854166666667 0.14973958333333334 0.3684895833333333 0.14453125 0.3723958333333333 0.14453125 0.3776041666666667 0.171875 0.3802083333333333 0.17578125 0.3802083333333333 0.18098958333333334 0.375 0.18489583333333334
3 0.6015625 0.3580729166666667 0.6028645833333334 0.3723958333333333 0.5989583333333334 0.3815104166666667 0.5963541666666666 0.3802083333333333 0.59375 0.37109375 0.59765625 0.359375 0.6002604166666666 0.3580729166666667
3 0.48046875 0.4739583333333333 0.4856770833333333 0.4791666666666667 0.4869791666666667 0.484375 0.4856770833333333 0.5013020833333334 0.48046875 0.5026041666666666 0.4752604166666667 0.4934895833333333 0.4765625 0.4778645833333333 0.4791666666666667 0.4752604166666667
3 0.58984375 0.6770833333333334 0.5950520833333334 0.6783854166666666 0.59765625 0.6848958333333334 0.5963541666666666 0.6966145833333334 0.5924479166666666 0.69921875 0.5885416666666666 0.69140625 0.58984375 0.6783854166666666
3 0.4244791666666667 0.73828125 0.4270833333333333 0.7408854166666666 0.4270833333333333 0.7526041666666666 0.4244791666666667 0.76171875 0.421875 0.7630208333333334 0.4166666666666667 0.7578125 0.41796875 0.7447916666666666 0.4231770833333333 0.7395833333333334
3 0.12925625 0.5252805559895833 0.12376484375 0.5377527773437499 0.12792499999999998 0.5474541666666667 0.14023906249999998 0.5468638893229166 0.14107109375000002 0.5270555559895833 0.12925625 0.5252805559895833