1 0.7211156249999999 0.34075000000000005 0.72189921875 0.34315555598958336 0.72389453125 0.3437888893229167 0.72517734375 0.3423958333333333 0.725640625 0.33892222265625 0.7239664062500001 0.3358125 0.7227546875 0.3373319440104167 0.7211156249999999 0.34075000000000005
0 0.9856770833333334 0.4166666666666667 0.9986979166666666 0.4166666666666667 0.9986979166666666 0.4231770833333333 0.8997395833333334 0.4270833333333333 0.8828125 0.4361979166666667 0.8671875 0.45703125 0.859375 0.4752604166666667 0.8580729166666666 0.484375 0.85546875 0.4869791666666667 0.8515625 0.51171875 0.8515625 0.5442708333333334 0.85546875 0.56640625 0.86328125 0.58984375 0.8736979166666666 0.6067708333333334 0.8880208333333334 0.62109375 0.9010416666666666 0.625 0.90234375 0.6276041666666666 0.9244791666666666 0.6276041666666666 0.92578125 0.625 0.9505208333333334 0.6236979166666666 0.9986979166666666 0.6236979166666666 0.9986979166666666 0.6302083333333334 0.8997395833333334 0.6328125 0.88671875 0.6276041666666666 0.8684895833333334 0.6080729166666666 0.8567708333333334 0.5846354166666666 0.85546875 0.57421875 0.8515625 0.56640625 0.84765625 0.5299479166666666 0.8515625 0.4895833333333333 0.85546875 0.48046875 0.8567708333333334 0.4700520833333333 0.8684895833333334 0.4466145833333333 0.8841145833333334 0.4283854166666667 0.8984375 0.421875 0.91015625 0.4205729166666667 0.9856770833333334 0.41796875
0 0.13671875 0.44921875 0.15104166666666666 0.4544270833333333 0.1640625 0.4661458333333333 0.17838541666666666 0.4895833333333333 0.18619791666666666 0.5130208333333334 0.1875 0.5299479166666666 0.19010416666666666 0.5364583333333334 0.19010416666666666 0.5755208333333334 0.18359375 0.6080729166666666 0.171875 0.6341145833333334 0.15104166666666666 0.65625 0.13411458333333334 0.6614583333333334 0.07421875 0.6640625 0.0234375 0.6640625 0.0234375 0.6614583333333334 0.140625 0.6549479166666666 0.15104166666666666 0.6497395833333334 0.16536458333333334 0.6354166666666666 0.171875 0.6263020833333334 0.1796875 0.6080729166666666 0.1875 0.5716145833333334 0.1875 0.5364583333333334 0.18489583333333334 0.5299479166666666 0.18359375 0.5143229166666666 0.17708333333333334 0.5013020833333334 0.17578125 0.4921875 0.16536458333333334 0.4752604166666667 0.15494791666666666 0.46484375 0.140625 0.4557291666666667 0.11979166666666667 0.4544270833333333 0.036458333333333336 0.45703125 0.03515625 0.4596354166666667 0.022135416666666668 0.4596354166666667 0.020833333333333332 0.453125 0.13541666666666666 0.44921875
2 0.515625 0.12890625 0.5182291666666666 0.14322916666666666 0.51953125 0.4075520833333333 0.5221354166666666 0.4114583333333333 0.51953125 0.484375 0.5221354166666666 0.5651041666666666 0.5234375 0.8177083333333334 0.5260416666666666 0.8697916666666666 0.5260416666666666 0.9518229166666666 0.5234375 0.9518229166666666 0.5234375 0.9283854166666666 0.5208333333333334 0.9231770833333334 0.5208333333333334 0.71484375 0.5169270833333334 0.5611979166666666 0.5169270833333334 0.4479166666666667 0.51953125 0.4205729166666667 0.5169270833333334 0.41796875 0.515625 0.3619791666666667 0.515625 0.13020833333333334
3 0.6145833333333334 0.7981770833333334 0.6171875 0.7994791666666666 0.6236979166666666 0.8125 0.6145833333333334 0.8294270833333334 0.6119791666666666 0.8216145833333334 0.6119791666666666 0.80859375 0.6145833333333334 0.7994791666666666
3 0.5006510416666666 0.2727864583333333 0.008463541666666666 0.0234375
3 0.5338541666666666 0.5677083333333334 0.5377604166666666 0.5690104166666666 0.5416666666666666 0.57421875 0.5416666666666666 0.5846354166666666 0.5390625 0.5885416666666666 0.53515625 0.58984375 0.5325520833333334 0.5872395833333334 0.5338541666666666 0.5690104166666666
3 0.5598958333333334 0.7317708333333334 0.5651041666666666 0.7395833333333334 0.5651041666666666 0.7473958333333334 0.5598958333333334 0.7513020833333334 0.5559895833333334 0.7473958333333334 0.55859375 0.7330729166666666
3 0.74609375 0.58984375 0.7513020833333334 0.5950520833333334 0.7578125 0.59765625 0.7578125 0.60546875 0.7526041666666666 0.6080729166666666 0.7486979166666666 0.6145833333333334 0.74609375 0.6145833333333334 0.7434895833333334 0.6028645833333334 0.7421875 0.5911458333333334 0.7447916666666666 0.58984375
3 0.62109375 0.5546875 0.6236979166666666 0.5546875 0.6276041666666666 0.5598958333333334 0.6276041666666666 0.5677083333333334 0.6236979166666666 0.57421875 0.6184895833333334 0.57421875 0.6184895833333334 0.55859375 0.62109375 0.5559895833333334
3 0.71875 0.34375 0.7161458333333334 0.3385416666666667 0.7161458333333334 0.32421875 0.72265625 0.3190104166666667 0.7278645833333334 0.3203125 0.7278645833333334 0.3255208333333333 0.72265625 0.34375 0.7200520833333334 0.34375
3 0.6028645833333334 0.41015625 0.6080729166666666 0.4114583333333333 0.6080729166666666 0.4244791666666667 0.60546875 0.4270833333333333 0.6015625 0.4270833333333333 0.6002604166666666 0.421875 0.6028645833333334 0.4114583333333333
3 0.5559895833333334 0.21614583333333334 0.5598958333333334 0.22135416666666666 0.55859375 0.234375 0.5546875 0.23828125 0.55078125 0.23307291666666666 0.55078125 0.22786458333333334 0.5559895833333334 0.21744791666666666
3 0.4283854166666667 0.55859375 0.4322916666666667 0.5716145833333334 0.4296875 0.578125 0.4270833333333333 0.5794270833333334 0.4231770833333333 0.5755208333333334 0.4231770833333333 0.5611979166666666 0.4270833333333333 0.55859375
3 0.5143229166666666 0.4166666666666667 0.515625 0.42578125 0.51171875 0.4283854166666667 0.5078125 0.4270833333333333 0.5065104166666666 0.4153645833333333 0.5104166666666666 0.4114583333333333 0.5130208333333334 0.4166666666666667
3 0.5710937500000001 0.48194444401041664 0.5789062500000001 0.4805555559895833 0.58203125 0.47222222265625 0.58046875 0.46249999999999997 0.571875 0.4583333333333333 0.56875 0.47777777734375 0.5710937500000001 0.48194444401041664