1 0.45078124999999997 0.5875 0.45156250000000003 0.5888888893229166 0.45390625 0.5888888893229166 0.45468749999999997 0.5875 0.45546875000000003 0.58472222265625 0.45390625 0.5819444440104167 0.45234375 0.5819444440104167 0.45078124999999997 0.58472222265625 0.45078124999999997 0.5875
0 0.91015625 0.4166666666666667 0.9986979166666666 0.4140625 0.9986979166666666 0.4205729166666667 0.9075520833333334 0.4231770833333333 0.8919270833333334 0.4296875 0.8828125 0.4375 0.87109375 0.453125 0.86328125 0.4713541666666667 0.8619791666666666 0.48046875 0.859375 0.4830729166666667 0.85546875 0.5026041666666666 0.85546875 0.5455729166666666 0.859375 0.56640625 0.8619791666666666 0.5690104166666666 0.8619791666666666 0.57421875 0.8697916666666666 0.59375 0.8828125 0.6119791666666666 0.89453125 0.62109375 0.91015625 0.625 0.9986979166666666 0.6223958333333334 0.9986979166666666 0.62890625 0.9752604166666666 0.6302083333333334 0.8997395833333334 0.6302083333333334 0.8919270833333334 0.6263020833333334 0.8763020833333334 0.6119791666666666 0.8606770833333334 0.5846354166666666 0.859375 0.57421875 0.85546875 0.5651041666666666 0.85546875 0.5559895833333334 0.8528645833333334 0.5533854166666666 0.8515625 0.5364583333333334 0.8528645833333334 0.4973958333333333 0.85546875 0.4921875 0.8567708333333334 0.4791666666666667 0.8645833333333334 0.4557291666666667 0.87890625 0.43359375 0.8919270833333334 0.4231770833333333 0.91015625 0.41796875
0 0.13671875 0.4479166666666667 0.15364583333333334 0.4544270833333333 0.17057291666666666 0.4713541666666667 0.18619791666666666 0.5091145833333334 0.1875 0.5247395833333334 0.19010416666666666 0.53125 0.19140625 0.56640625 0.19010416666666666 0.5807291666666666 0.18229166666666666 0.61328125 0.16796875 0.6393229166666666 0.15885416666666666 0.6497395833333334 0.14583333333333334 0.6575520833333334 0.12369791666666667 0.6614583333333334 0.07942708333333333 0.6614583333333334 0.045572916666666664 0.6640625 0.026041666666666668 0.6627604166666666 0.024739583333333332 0.66015625 0.032552083333333336 0.6588541666666666 0.12369791666666667 0.65625 0.14453125 0.65234375 0.15234375 0.6484375 0.1640625 0.63671875 0.171875 0.6263020833333334 0.1796875 0.609375 0.1875 0.5768229166666666 0.1875 0.5325520833333334 0.18359375 0.51171875 0.17708333333333334 0.4934895833333333 0.16536458333333334 0.47265625 0.15755208333333334 0.46484375 0.13932291666666666 0.453125 0.022135416666666668 0.4557291666666667 0.0234375 0.4518229166666667 0.032552083333333336 0.4505208333333333 0.13541666666666666 0.4479166666666667
2 0.5169270833333334 0.12369791666666667 0.51953125 0.18359375 0.51953125 0.34375 0.5221354166666666 0.4283854166666667 0.5208333333333334 0.453125 0.5234375 0.5677083333333334 0.5234375 0.70703125 0.5260416666666666 0.7473958333333334 0.52734375 0.9205729166666666 0.52734375 0.94921875 0.5247395833333334 0.9518229166666666 0.5234375 0.94140625 0.51953125 0.4895833333333333 0.5169270833333334 0.4674479166666667 0.5169270833333334 0.125
3 0.6106770833333334 0.58203125 0.609375 0.5703125 0.6119791666666666 0.5677083333333334 0.6158854166666666 0.5677083333333334 0.6197916666666666 0.5729166666666666 0.6197916666666666 0.5807291666666666 0.6158854166666666 0.5846354166666666 0.61328125 0.5846354166666666 0.6119791666666666 0.58203125
3 0.55859375 0.52734375 0.5625 0.5325520833333334 0.5625 0.5494791666666666 0.5598958333333334 0.5520833333333334 0.5520833333333334 0.55078125 0.5494791666666666 0.5442708333333334 0.5520833333333334 0.5325520833333334 0.5572916666666666 0.52734375
3 0.49609375 0.2552083333333333 0.4986979166666667 0.2552083333333333 0.5026041666666666 0.2669270833333333 0.5 0.2799479166666667 0.4934895833333333 0.2799479166666667 0.4908854166666667 0.2682291666666667 0.49609375 0.2565104166666667
3 0.5807291666666666 0.6360677083333334 0.010416666666666666 0.01953125
3 0.5423177083333334 0.4505208333333333 0.009114583333333334 0.020833333333333332
3 0.73828125 0.7239583333333334 0.74609375 0.7278645833333334 0.74609375 0.7369791666666666 0.7434895833333334 0.7408854166666666 0.7369791666666666 0.7408854166666666 0.734375 0.73828125 0.734375 0.7252604166666666 0.7369791666666666 0.7239583333333334
3 0.54296875 0.7473958333333334 0.55078125 0.7565104166666666 0.55078125 0.765625 0.5494791666666666 0.76953125 0.5455729166666666 0.7721354166666666 0.54296875 0.7682291666666666 0.54296875 0.7486979166666666
3 0.6276041666666666 0.2421875 0.6276041666666666 0.2552083333333333 0.62109375 0.26171875 0.6184895833333334 0.26171875 0.6171875 0.2591145833333333 0.6171875 0.24869791666666666 0.6197916666666666 0.24479166666666666 0.6263020833333334 0.2421875
3 0.4361979166666667 0.44921875 0.4401041666666667 0.4557291666666667 0.4401041666666667 0.4622395833333333 0.4375 0.4674479166666667 0.4322916666666667 0.4700520833333333 0.4296875 0.46875 0.4283854166666667 0.4583333333333333 0.4309895833333333 0.4505208333333333 0.4348958333333333 0.44921875
3 0.4309895833333333 0.6653645833333334 0.4296875 0.65625 0.43359375 0.6458333333333334 0.4440104166666667 0.6419270833333334 0.4453125 0.6510416666666666 0.4401041666666667 0.65625 0.4375 0.6627604166666666 0.4322916666666667 0.6653645833333334
3 0.7890625 0.546875 0.79296875 0.5520833333333334 0.79296875 0.5572916666666666 0.7890625 0.5638020833333334 0.7864583333333334 0.5638020833333334 0.77734375 0.5546875 0.77734375 0.5481770833333334 0.7877604166666666 0.546875
3 0.5703125 0.8333333333333334 0.5729166666666666 0.8333333333333334 0.5729166666666666 0.8567708333333334 0.5677083333333334 0.859375 0.5638020833333334 0.8567708333333334 0.5638020833333334 0.8450520833333334 0.5703125 0.8346354166666666