1 0.5304687499999999 0.51527777734375 0.5304687499999999 0.5194444440104167 0.53359375 0.5208333333333334 0.53515625 0.5180555559895833 0.5343749999999999 0.51527777734375 0.53359375 0.5138888893229167 0.53125 0.5138888893229167 0.5304687499999999 0.51527777734375
0 0.9986979166666666 0.4244791666666667 0.9986979166666666 0.4309895833333333 0.9036458333333334 0.4322916666666667 0.8932291666666666 0.4348958333333333 0.8841145833333334 0.44140625 0.8697916666666666 0.45703125 0.85546875 0.4895833333333333 0.8541666666666666 0.5052083333333334 0.8515625 0.51171875 0.8515625 0.5546875 0.859375 0.5872395833333334 0.87109375 0.609375 0.8893229166666666 0.6276041666666666 0.8984375 0.6315104166666666 0.9986979166666666 0.62890625 0.9986979166666666 0.6341145833333334 0.9557291666666666 0.63671875 0.8958333333333334 0.63671875 0.8828125 0.6302083333333334 0.8684895833333334 0.6145833333333334 0.8567708333333334 0.5924479166666666 0.8489583333333334 0.5638020833333334 0.8489583333333334 0.5052083333333334 0.8528645833333334 0.4856770833333333 0.85546875 0.4830729166666667 0.85546875 0.4778645833333333 0.8645833333333334 0.4596354166666667 0.8645833333333334 0.4557291666666667 0.8880208333333334 0.4309895833333333 0.9010416666666666 0.4270833333333333 0.9973958333333334 0.4244791666666667
0 0.02734375 0.4557291666666667 0.14322916666666666 0.453125 0.15625 0.4583333333333333 0.17057291666666666 0.4713541666666667 0.18359375 0.4947916666666667 0.19140625 0.51953125 0.19140625 0.53125 0.19401041666666666 0.5403645833333334 0.19401041666666666 0.5794270833333334 0.18619791666666666 0.6158854166666666 0.17838541666666666 0.6328125 0.16796875 0.6458333333333334 0.16796875 0.6484375 0.16015625 0.6549479166666666 0.1484375 0.6614583333333334 0.1328125 0.6640625 0.04296875 0.6653645833333334 0.041666666666666664 0.66796875 0.03125 0.66796875 0.03125 0.6627604166666666 0.0390625 0.6614583333333334 0.13541666666666666 0.6588541666666666 0.14713541666666666 0.65625 0.15885416666666666 0.6497395833333334 0.17578125 0.62890625 0.17578125 0.625 0.18489583333333334 0.6067708333333334 0.19140625 0.5755208333333334 0.19140625 0.5403645833333334 0.1875 0.5169270833333334 0.18098958333333334 0.4986979166666667 0.16927083333333334 0.4778645833333333 0.15494791666666666 0.46484375 0.140625 0.4596354166666667 0.044270833333333336 0.4622395833333333 0.02734375 0.4609375 0.02734375 0.45703125
2 0.5182291666666666 0.4700520833333333 0.5221354166666666 0.4752604166666667 0.5234375 0.5611979166666666 0.5234375 0.6979166666666666 0.52734375 0.8723958333333334 0.52734375 0.9518229166666666 0.5247395833333334 0.953125 0.51953125 0.6380208333333334 0.51953125 0.4713541666666667
3 0.3372395833333333 0.59765625 0.3346354166666667 0.59375 0.3359375 0.5768229166666666 0.3424479166666667 0.5768229166666666 0.3424479166666667 0.59375 0.3385416666666667 0.5963541666666666
3 0.4869791666666667 0.7135416666666666 0.4908854166666667 0.7200520833333334 0.4895833333333333 0.7330729166666666 0.4856770833333333 0.7330729166666666 0.484375 0.73046875 0.4856770833333333 0.71484375
3 0.46484375 0.2643229166666667 0.4674479166666667 0.265625 0.4674479166666667 0.2799479166666667 0.46484375 0.2877604166666667 0.4609375 0.2864583333333333 0.4583333333333333 0.2786458333333333 0.4583333333333333 0.2682291666666667 0.4635416666666667 0.2643229166666667
3 0.4986979166666667 0.62109375 0.5013020833333334 0.625 0.4986979166666667 0.640625 0.49609375 0.640625 0.4934895833333333 0.63671875 0.4934895833333333 0.6236979166666666 0.4973958333333333 0.62109375
3 0.4348958333333333 0.5481770833333334 0.4361979166666667 0.5533854166666666 0.4401041666666667 0.5572916666666666 0.4401041666666667 0.5703125 0.4375 0.5768229166666666 0.4348958333333333 0.5755208333333334 0.4348958333333333 0.5494791666666666
3 0.5807291666666666 0.5872395833333334 0.5807291666666666 0.59765625 0.578125 0.6015625 0.57421875 0.6002604166666666 0.57421875 0.5885416666666666 0.5768229166666666 0.5859375 0.5794270833333334 0.5872395833333334
3 0.6354166666666666 0.32421875 0.6393229166666666 0.33203125 0.6328125 0.33984375 0.62890625 0.33984375 0.6276041666666666 0.328125 0.6302083333333334 0.32421875 0.6341145833333334 0.32421875
3 0.59765625 0.7682291666666666 0.6015625 0.7708333333333334 0.6002604166666666 0.7838541666666666 0.59765625 0.7864583333333334 0.59375 0.7864583333333334 0.5911458333333334 0.7838541666666666 0.5911458333333334 0.7734375 0.5963541666666666 0.76953125
3 0.5390625 0.23958333333333334 0.546875 0.24088541666666666 0.5455729166666666 0.2526041666666667 0.5403645833333334 0.2604166666666667 0.53515625 0.2552083333333333 0.5390625 0.24088541666666666
3 0.4778645833333333 0.4733072916666667 0.007161458333333333 0.022135416666666668
3 0.56640625 0.41250000000000003 0.56484375 0.4055555559895833 0.5578124999999999 0.41111111067708334 0.56015625 0.42222222265625 0.56640625 0.41250000000000003
3 0.5265624999999999 0.4611111106770833 0.5281250000000001 0.4430555559895833 0.5187499999999999 0.44166666666666665 0.515625 0.45972222265625 0.5265624999999999 0.4611111106770833