3 0.6184895833333334 0.3802083333333333 0.625 0.3854166666666667 0.625 0.3984375 0.62109375 0.40234375 0.6145833333333334 0.40234375 0.6119791666666666 0.3971354166666667 0.61328125 0.3854166666666667 0.6171875 0.3815104166666667
3 0.6341145833333334 0.7916666666666666 0.6393229166666666 0.7942708333333334 0.6432291666666666 0.8020833333333334 0.6432291666666666 0.8072916666666666 0.6328125 0.8111979166666666 0.6315104166666666 0.80078125 0.6341145833333334 0.79296875
3 0.66015625 0.5260416666666666 0.6666666666666666 0.5338541666666666 0.6640625 0.54296875 0.66015625 0.546875 0.65625 0.5442708333333334 0.6549479166666666 0.5338541666666666 0.6588541666666666 0.52734375
3 0.7096354166666666 0.671875 0.7109375 0.6822916666666666 0.7096354166666666 0.6888020833333334 0.7057291666666666 0.69140625 0.7005208333333334 0.6888020833333334 0.69921875 0.6822916666666666 0.7083333333333334 0.671875
3 0.6861979166666666 0.578125 0.6875 0.5872395833333334 0.6783854166666666 0.5963541666666666 0.67578125 0.5950520833333334 0.6770833333333334 0.5833333333333334 0.6809895833333334 0.578125 0.6848958333333334 0.578125
3 0.7239583333333334 0.8411458333333334 0.7291666666666666 0.8450520833333334 0.73046875 0.8502604166666666 0.7278645833333334 0.8606770833333334 0.7239583333333334 0.859375 0.7200520833333334 0.8502604166666666 0.7200520833333334 0.8424479166666666 0.72265625 0.8411458333333334
3 0.62890625 0.24479166666666666 0.62890625 0.2513020833333333 0.6223958333333334 0.2721354166666667 0.6184895833333334 0.2682291666666667 0.6184895833333334 0.25 0.6223958333333334 0.24479166666666666 0.6276041666666666 0.24479166666666666
3 0.24479166666666666 0.5026041666666666 0.24609375 0.5065104166666666 0.2526041666666667 0.5078125 0.2526041666666667 0.5104166666666666 0.24479166666666666 0.5247395833333334 0.24088541666666666 0.52734375 0.23828125 0.5247395833333334 0.23697916666666666 0.5130208333333334 0.23958333333333334 0.5052083333333334 0.24348958333333334 0.5026041666666666
3 0.7682291666666666 0.21484375 0.76953125 0.22395833333333334 0.7604166666666666 0.23697916666666666 0.7565104166666666 0.23307291666666666 0.7565104166666666 0.22395833333333334 0.7669270833333334 0.21484375
3 0.6875 0.48828125 0.6979166666666666 0.4908854166666667 0.69140625 0.5 0.6901041666666666 0.51171875 0.6861979166666666 0.51953125 0.68359375 0.51953125 0.6822916666666666 0.5091145833333334 0.6875 0.4895833333333333
3 0.8932291666666666 0.4479166666666667 0.8971354166666666 0.4518229166666667 0.8971354166666666 0.45703125 0.8932291666666666 0.46484375 0.8828125 0.46484375 0.8802083333333334 0.45703125 0.8841145833333334 0.4518229166666667 0.8919270833333334 0.4479166666666667
3 0.6119791666666666 0.5078125 0.6158854166666666 0.51171875 0.6158854166666666 0.5182291666666666 0.61328125 0.51953125 0.6119791666666666 0.5247395833333334 0.6067708333333334 0.5234375 0.6067708333333334 0.515625 0.6106770833333334 0.5091145833333334
0 0.90234375 0.4166666666666667 0.9153645833333334 0.4127604166666667 0.9986979166666666 0.41015625 0.9986979166666666 0.41796875 0.99609375 0.41796875 0.9947916666666666 0.4153645833333333 0.98828125 0.4153645833333333 0.9869791666666666 0.41796875 0.9140625 0.4192708333333333 0.8984375 0.42578125 0.8828125 0.4427083333333333 0.8802083333333334 0.4518229166666667 0.87109375 0.4661458333333333 0.8658854166666666 0.4817708333333333 0.8619791666666666 0.5143229166666666 0.86328125 0.546875 0.87109375 0.5755208333333334 0.8828125 0.59765625 0.8958333333333334 0.61328125 0.9114583333333334 0.62109375 0.9986979166666666 0.6184895833333334 0.9986979166666666 0.6236979166666666 0.9518229166666666 0.6236979166666666 0.9505208333333334 0.6263020833333334 0.9322916666666666 0.6276041666666666 0.9075520833333334 0.6263020833333334 0.90625 0.6236979166666666 0.8958333333333334 0.6197916666666666 0.8841145833333334 0.609375 0.8828125 0.6041666666666666 0.87109375 0.5872395833333334 0.8606770833333334 0.55078125 0.859375 0.5091145833333334 0.8619791666666666 0.4856770833333333 0.8684895833333334 0.4622395833333333 0.87109375 0.4609375 0.8723958333333334 0.453125 0.8802083333333334 0.4375 0.8919270833333334 0.4244791666666667 0.90234375 0.41796875
0 0.15104166666666666 0.4479166666666667 0.1640625 0.4544270833333333 0.17447916666666666 0.46484375 0.18619791666666666 0.484375 0.19401041666666666 0.5052083333333334 0.19921875 0.5416666666666666 0.19791666666666666 0.5846354166666666 0.19401041666666666 0.6002604166666666 0.18229166666666666 0.6302083333333334 0.16796875 0.6471354166666666 0.15885416666666666 0.6536458333333334 0.140625 0.6588541666666666 0.0859375 0.6614583333333334 0.03515625 0.6614583333333334 0.03515625 0.6575520833333334 0.1484375 0.65234375 0.1640625 0.6432291666666666 0.17708333333333334 0.62890625 0.1875 0.609375 0.1953125 0.5794270833333334 0.19661458333333334 0.5390625 0.19140625 0.5091145833333334 0.1875 0.49609375 0.1796875 0.4830729166666667 0.1796875 0.4791666666666667 0.17057291666666666 0.4674479166666667 0.15885416666666666 0.45703125 0.15104166666666666 0.453125 0.12630208333333334 0.4518229166666667 0.0546875 0.4557291666666667 0.032552083333333336 0.4557291666666667 0.03125 0.453125 0.032552083333333336 0.4505208333333333 0.0546875 0.44921875 0.12109375 0.4466145833333333 0.14973958333333334 0.4479166666666667
1 0.68515625 0.5305555559895833 0.6867187499999999 0.5305555559895833 0.6890625 0.5263888893229166 0.6890625 0.525 0.6875 0.5236111106770833 0.68515625 0.5236111106770833 0.6843750000000001 0.525 0.68515625 0.5305555559895833
2 0.5234375 0.12239583333333333 0.5260416666666666 0.12369791666666667 0.53125 0.75390625 0.53515625 0.8671875 0.53515625 0.9479166666666666 0.5325520833333334 0.9479166666666666 0.53125 0.9453125 0.53125 0.83203125 0.5286458333333334 0.79296875 0.5234375 0.12369791666666667