1 0.75234375 0.48333333333333334 0.7531249999999999 0.4791666666666667 0.75 0.47777777734375 0.75234375 0.48333333333333334
0 0 0.4244791666666667 0.08463541666666667 0.4270833333333333 0.09635416666666667 0.4296875 0.10677083333333333 0.4361979166666667 0.11848958333333333 0.44921875 0.13020833333333334 0.4700520833333333 0.13802083333333334 0.49609375 0.14192708333333334 0.5325520833333334 0.13932291666666666 0.5651041666666666 0.13411458333333334 0.5885416666666666 0.12369791666666667 0.6119791666666666 0.11197916666666667 0.625 0.11197916666666667 0.6276041666666666 0.10416666666666667 0.6341145833333334 0.08723958333333333 0.640625 0.032552083333333336 0.6380208333333334 0 0.6393229166666666 0 0.6328125 0.08854166666666667 0.6354166666666666 0.09895833333333333 0.6315104166666666 0.12109375 0.6067708333333334 0.12760416666666666 0.59375 0.13671875 0.5598958333333334 0.13541666666666666 0.4986979166666667 0.12890625 0.4778645833333333 0.11979166666666667 0.4583333333333333 0.10677083333333333 0.4440104166666667 0.09765625 0.4388020833333333 0.09505208333333333 0.4348958333333333 0.08723958333333333 0.4322916666666667 0.010416666666666666 0.4296875 0 0.4309895833333333 0 0.42578125
0 0.84765625 0.4583333333333333 0.85546875 0.4557291666666667 0.8841145833333334 0.4557291666666667 0.9596354166666666 0.4583333333333333 0.9609375 0.4609375 0.9713541666666666 0.4609375 0.9713541666666666 0.46484375 0.8723958333333334 0.4622395833333333 0.85546875 0.4622395833333333 0.84765625 0.46484375 0.8294270833333334 0.4791666666666667 0.8190104166666666 0.49609375 0.8098958333333334 0.51953125 0.8072916666666666 0.5325520833333334 0.8059895833333334 0.5807291666666666 0.8098958333333334 0.60546875 0.8177083333333334 0.6263020833333334 0.8307291666666666 0.6471354166666666 0.8424479166666666 0.6575520833333334 0.8619791666666666 0.6640625 0.9427083333333334 0.6653645833333334 0.9622395833333334 0.6666666666666666 0.9635416666666666 0.6692708333333334 0.96484375 0.6666666666666666 0.9674479166666666 0.6666666666666666 0.9674479166666666 0.6731770833333334 0.9466145833333334 0.6731770833333334 0.8736979166666666 0.6705729166666666 0.8528645833333334 0.66796875 0.8515625 0.6653645833333334 0.84375 0.6640625 0.8359375 0.6588541666666666 0.82421875 0.6471354166666666 0.8151041666666666 0.6302083333333334 0.8111979166666666 0.6158854166666666 0.80859375 0.61328125 0.8033854166666666 0.5872395833333334 0.8046875 0.5299479166666666 0.8138020833333334 0.4986979166666667 0.82421875 0.4778645833333333 0.8359375 0.4661458333333333 0.84765625 0.4596354166666667
2 0.4765625 0.13541666666666666 0.4778645833333333 0.20703125 0.4752604166666667 0.3125 0.4752604166666667 0.5390625 0.4739583333333333 0.671875 0.4713541666666667 0.6953125 0.4713541666666667 0.8828125 0.46875 0.9609375 0.4674479166666667 0.9622395833333334 0.4661458333333333 0.9322916666666666 0.4700520833333333 0.6744791666666666 0.46875 0.6315104166666666 0.4713541666666667 0.6223958333333334 0.4752604166666667 0.13671875
3 0.7369791666666666 0.44921875 0.7486979166666666 0.44921875 0.7526041666666666 0.4557291666666667 0.7513020833333334 0.4700520833333333 0.7473958333333334 0.4752604166666667 0.7421875 0.4752604166666667 0.7369791666666666 0.4713541666666667 0.7356770833333334 0.4674479166666667 0.7369791666666666 0.4505208333333333
3 0.8528645833333334 0.5234375 0.8567708333333334 0.5247395833333334 0.859375 0.5299479166666666 0.8515625 0.5455729166666666 0.84375 0.54296875 0.8463541666666666 0.5208333333333334 0.8489583333333334 0.51953125 0.8515625 0.5234375
3 0.7682291666666666 0.6393229166666666 0.7734375 0.64453125 0.7799479166666666 0.64453125 0.7799479166666666 0.6471354166666666 0.7825520833333334 0.6484375 0.7825520833333334 0.6575520833333334 0.77734375 0.6627604166666666 0.7708333333333334 0.6614583333333334 0.7682291666666666 0.640625
3 0.9466145833333334 0.5442708333333334 0.9505208333333334 0.546875 0.9518229166666666 0.5546875 0.9427083333333334 0.5611979166666666 0.9361979166666666 0.5572916666666666 0.9309895833333334 0.546875 0.9453125 0.5442708333333334
3 0.83203125 0.7942708333333334 0.8450520833333334 0.80078125 0.8463541666666666 0.8033854166666666 0.8463541666666666 0.8098958333333334 0.8385416666666666 0.8255208333333334 0.83203125 0.8033854166666666 0.83203125 0.7955729166666666
3 0.5299479166666666 0.5143229166666666 0.5299479166666666 0.4947916666666667 0.5364583333333334 0.4947916666666667 0.5364583333333334 0.5130208333333334 0.53125 0.5130208333333334
3 0.7799479166666666 0.9114583333333334 0.7864583333333334 0.9192708333333334 0.7864583333333334 0.9283854166666666 0.7838541666666666 0.9322916666666666 0.7799479166666666 0.93359375 0.76953125 0.91796875 0.76953125 0.9140625 0.7786458333333334 0.9127604166666666
3 0.6484375 0.7526041666666666 0.6536458333333334 0.7604166666666666 0.6536458333333334 0.7682291666666666 0.6510416666666666 0.7734375 0.6536458333333334 0.7864583333333334 0.6510416666666666 0.7877604166666666 0.6484375 0.7838541666666666 0.6471354166666666 0.7682291666666666 0.64453125 0.7643229166666666 0.64453125 0.7565104166666666 0.6471354166666666 0.75390625
3 0.7278645833333334 0.5377604166666666 0.7317708333333334 0.5416666666666666 0.7317708333333334 0.5494791666666666 0.7239583333333334 0.5533854166666666 0.71875 0.5520833333333334 0.71875 0.5455729166666666 0.72265625 0.5390625 0.7265625 0.5377604166666666
3 0.4010416666666667 0.2421875 0.4036458333333333 0.24348958333333334 0.4075520833333333 0.2526041666666667 0.4049479166666667 0.26171875 0.40234375 0.2630208333333333 0.3984375 0.2565104166666667 0.3997395833333333 0.24348958333333334
3 0.6901041666666666 0.5416666666666666 0.6966145833333334 0.5390625 0.7005208333333334 0.5442708333333334 0.6966145833333334 0.55859375 0.6927083333333334 0.5598958333333334 0.6901041666666666 0.5494791666666666 0.6875 0.546875 0.6875 0.5442708333333334 0.6901041666666666 0.54296875
3 0.15885416666666666 0.4752604166666667 0.17057291666666666 0.48828125 0.171875 0.4921875 0.16927083333333334 0.4947916666666667 0.16145833333333334 0.4895833333333333 0.15885416666666666 0.4908854166666667 0.15494791666666666 0.48828125 0.15364583333333334 0.4817708333333333 0.15494791666666666 0.4765625 0.15755208333333334 0.4752604166666667