1 0.28281249999999997 0.3513888893229167 0.284375 0.34861111067708334 0.284375 0.3444444440104167 0.28281249999999997 0.3416666666666666 0.27890624999999997 0.3416666666666666 0.278125 0.3430555559895833 0.278125 0.34861111067708334 0.27968750000000003 0.3513888893229167 0.28281249999999997 0.3513888893229167
0 0 0.4166666666666667 0.01171875 0.4166666666666667 0.013020833333333334 0.4192708333333333 0.08723958333333333 0.4205729166666667 0.10026041666666667 0.421875 0.11067708333333333 0.42578125 0.12369791666666667 0.4375 0.13802083333333334 0.4609375 0.14583333333333334 0.484375 0.14973958333333334 0.5078125 0.14973958333333334 0.5494791666666666 0.14192708333333334 0.5846354166666666 0.13411458333333334 0.6015625 0.13151041666666666 0.6028645833333334 0.13020833333333334 0.609375 0.11197916666666667 0.6276041666666666 0.09895833333333333 0.6328125 0 0.6302083333333334 0 0.6236979166666666 0.044270833333333336 0.6236979166666666 0.07161458333333333 0.625 0.07291666666666667 0.6276041666666666 0.09635416666666667 0.6276041666666666 0.09765625 0.625 0.10286458333333333 0.625 0.11067708333333333 0.62109375 0.125 0.6067708333333334 0.13541666666666666 0.58984375 0.140625 0.5690104166666666 0.14322916666666666 0.56640625 0.14713541666666666 0.5442708333333334 0.14713541666666666 0.5104166666666666 0.14453125 0.50390625 0.14322916666666666 0.4869791666666667 0.140625 0.484375 0.13932291666666666 0.4739583333333333 0.13151041666666666 0.45703125 0.11458333333333333 0.4348958333333333 0.10286458333333333 0.4283854166666667 0.09114583333333333 0.42578125 0.013020833333333334 0.4244791666666667 0 0.4231770833333333 0 0.41796875
0 0.8919270833333334 0.44921875 0.92578125 0.4518229166666667 0.9765625 0.4518229166666667 0.9778645833333334 0.4557291666666667 0.9244791666666666 0.45703125 0.8619791666666666 0.4544270833333333 0.84375 0.46484375 0.8346354166666666 0.4739583333333333 0.8229166666666666 0.4934895833333333 0.8216145833333334 0.5026041666666666 0.8151041666666666 0.5169270833333334 0.8111979166666666 0.5494791666666666 0.8111979166666666 0.5677083333333334 0.8151041666666666 0.59375 0.8229166666666666 0.6171875 0.8346354166666666 0.63671875 0.84765625 0.6497395833333334 0.8580729166666666 0.6549479166666666 0.96875 0.6614583333333334 0.9739583333333334 0.66015625 0.9752604166666666 0.6640625 0.9244791666666666 0.6640625 0.8580729166666666 0.66015625 0.8463541666666666 0.6549479166666666 0.8372395833333334 0.6471354166666666 0.82421875 0.62890625 0.81640625 0.6119791666666666 0.80859375 0.5703125 0.80859375 0.5416666666666666 0.8125 0.5143229166666666 0.8203125 0.4908854166666667 0.8307291666666666 0.4713541666666667 0.8463541666666666 0.4557291666666667 0.86328125 0.44921875 0.890625 0.44921875
2 0.4778645833333333 0.4153645833333333 0.4817708333333333 0.4453125 0.4817708333333333 0.6328125 0.4791666666666667 0.6458333333333334 0.4765625 0.8776041666666666 0.4778645833333333 0.9244791666666666 0.4752604166666667 0.9283854166666666 0.4752604166666667 0.9518229166666666 0.47265625 0.9505208333333334 0.4765625 0.5950520833333334 0.4791666666666667 0.5924479166666666 0.4765625 0.5885416666666666 0.4791666666666667 0.5846354166666666 0.4791666666666667 0.57421875 0.4765625 0.5716145833333334 0.4791666666666667 0.5026041666666666 0.4791666666666667 0.4518229166666667 0.4765625 0.44140625 0.4778645833333333 0.4166666666666667
3 0.5716145833333334 0.5494791666666666 0.57421875 0.55078125 0.5755208333333334 0.5559895833333334 0.5755208333333334 0.5716145833333334 0.5729166666666666 0.57421875 0.5690104166666666 0.57421875 0.56640625 0.5703125 0.56640625 0.5625 0.5716145833333334 0.55078125
3 0.5013020833333334 0.2708333333333333 0.0078125 0.027994791666666668
3 0.4674479166666667 0.5651041666666666 0.4739583333333333 0.5690104166666666 0.4739583333333333 0.5807291666666666 0.4713541666666667 0.5859375 0.4661458333333333 0.5846354166666666 0.4622395833333333 0.5755208333333334 0.4635416666666667 0.56640625 0.4661458333333333 0.5651041666666666
3 0.24739583333333334 0.6015625 0.24869791666666666 0.6080729166666666 0.24479166666666666 0.62109375 0.23828125 0.6184895833333334 0.23307291666666666 0.61328125 0.23046875 0.6067708333333334 0.23177083333333334 0.6028645833333334 0.23567708333333334 0.6002604166666666 0.24609375 0.6015625
3 0.2682291666666667 0.3385416666666667 0.2682291666666667 0.3294270833333333 0.2721354166666667 0.3268229166666667 0.2760416666666667 0.3268229166666667 0.2786458333333333 0.3294270833333333 0.2838541666666667 0.3450520833333333 0.2786458333333333 0.3489583333333333 0.26953125 0.3385416666666667
3 0.390625 0.4036458333333333 0.3971354166666667 0.4127604166666667 0.3958333333333333 0.421875 0.3893229166666667 0.421875 0.38671875 0.4140625 0.38671875 0.4088541666666667 0.3893229166666667 0.4049479166666667
3 0.3736979166666667 0.55859375 0.3763020833333333 0.5598958333333334 0.3776041666666667 0.57421875 0.3697916666666667 0.5755208333333334 0.3658854166666667 0.5716145833333334 0.3671875 0.5651041666666666 0.3723958333333333 0.5598958333333334
3 0.3802083333333333 0.8046875 0.3828125 0.8059895833333334 0.3893229166666667 0.8229166666666666 0.3880208333333333 0.828125 0.3841145833333333 0.8294270833333334 0.37890625 0.8268229166666666 0.3815104166666667 0.81640625 0.3802083333333333 0.8059895833333334
3 0.4388020833333333 0.22591145833333334 0.011067708333333334 0.026692708333333332
3 0.4850260416666667 0.4095052083333333 0.008463541666666666 0.022135416666666668
3 0.43515624999999997 0.73472222265625 0.434375 0.7458333333333332 0.4421875 0.7458333333333332 0.43984375000000003 0.7319444440104167 0.43515624999999997 0.73472222265625
3 0.4296875 0.4708333333333334 0.4265625 0.4666666666666666 0.41953124999999997 0.4708333333333334 0.42031250000000003 0.4875 0.42890625 0.49305555598958334 0.43124999999999997 0.4861111106770833 0.4296875 0.4708333333333334