1 0.40468750000000003 0.6791666666666667 0.40781249999999997 0.6819444440104167 0.40625 0.6736111106770833 0.40468750000000003 0.6791666666666667
0 0 0.421875 0.10026041666666667 0.4244791666666667 0.1171875 0.4322916666666667 0.13411458333333334 0.4518229166666667 0.14583333333333334 0.4791666666666667 0.14973958333333334 0.4947916666666667 0.15234375 0.5286458333333334 0.14973958333333334 0.5651041666666666 0.14192708333333334 0.5911458333333334 0.13020833333333334 0.61328125 0.11848958333333333 0.6263020833333334 0.11067708333333333 0.6315104166666666 0.09895833333333333 0.6354166666666666 0 0.6328125 0 0.625 0.061197916666666664 0.62890625 0.10416666666666667 0.6276041666666666 0.10546875 0.625 0.11458333333333333 0.62109375 0.12760416666666666 0.6080729166666666 0.13932291666666666 0.5859375 0.1484375 0.5494791666666666 0.14713541666666666 0.5 0.140625 0.4765625 0.12890625 0.453125 0.11067708333333333 0.4348958333333333 0.1015625 0.4309895833333333 0.08854166666666667 0.4296875 0 0.4270833333333333 0 0.4231770833333333
0 0.8684895833333334 0.4505208333333333 0.9661458333333334 0.453125 0.9739583333333334 0.4544270833333333 0.9739583333333334 0.4609375 0.9140625 0.4596354166666667 0.9127604166666666 0.45703125 0.86328125 0.4557291666666667 0.8567708333333334 0.45703125 0.85546875 0.4596354166666667 0.83984375 0.4674479166666667 0.8307291666666666 0.4765625 0.8190104166666666 0.4973958333333333 0.8098958333333334 0.5325520833333334 0.8098958333333334 0.5807291666666666 0.8177083333333334 0.6119791666666666 0.8268229166666666 0.6302083333333334 0.8346354166666666 0.640625 0.84375 0.6497395833333334 0.8541666666666666 0.6549479166666666 0.8658854166666666 0.6575520833333334 0.9609375 0.66015625 0.9700520833333334 0.6614583333333334 0.9700520833333334 0.6640625 0.9674479166666666 0.6653645833333334 0.890625 0.6640625 0.8528645833333334 0.66015625 0.8463541666666666 0.6575520833333334 0.8333333333333334 0.6471354166666666 0.81640625 0.6197916666666666 0.80859375 0.59375 0.8059895833333334 0.5651041666666666 0.8072916666666666 0.53125 0.8125 0.5065104166666666 0.81640625 0.4947916666666667 0.82421875 0.4817708333333333 0.82421875 0.4778645833333333 0.83203125 0.4674479166666667 0.84375 0.45703125 0.8515625 0.453125 0.8671875 0.4505208333333333
2 0.4765625 0.4765625 0.4791666666666667 0.4778645833333333 0.4817708333333333 0.4869791666666667 0.4791666666666667 0.64453125 0.48046875 0.6692708333333334 0.4778645833333333 0.6861979166666666 0.4778645833333333 0.9231770833333334 0.4752604166666667 0.9283854166666666 0.4752604166666667 0.9505208333333334 0.47265625 0.9505208333333334 0.47265625 0.859375 0.4765625 0.71484375 0.4765625 0.4778645833333333
3 0.5611979166666666 0.5546875 0.5651041666666666 0.5546875 0.5677083333333334 0.5598958333333334 0.5677083333333334 0.56640625 0.5651041666666666 0.5716145833333334 0.5625 0.5716145833333334 0.5598958333333334 0.56640625 0.5611979166666666 0.5559895833333334
3 0.484375 0.6692708333333334 0.484375 0.6888020833333334 0.48046875 0.6848958333333334 0.4791666666666667 0.6796875 0.48046875 0.6705729166666666 0.4830729166666667 0.6692708333333334
3 0.5052083333333334 0.5989583333333334 0.5091145833333334 0.6041666666666666 0.5065104166666666 0.6171875 0.50390625 0.6184895833333334 0.5013020833333334 0.61328125 0.50390625 0.6002604166666666
3 0.453125 0.23958333333333334 0.4622395833333333 0.23697916666666666 0.46484375 0.24869791666666666 0.4635416666666667 0.2591145833333333 0.4596354166666667 0.26171875 0.453125 0.24088541666666666
3 0.6510416666666666 0.4908854166666667 0.6510416666666666 0.5026041666666666 0.6484375 0.5078125 0.64453125 0.5078125 0.6419270833333334 0.5052083333333334 0.6393229166666666 0.4947916666666667 0.6471354166666666 0.4895833333333333 0.6497395833333334 0.4908854166666667
3 0.4466145833333333 0.5416666666666666 0.44921875 0.5442708333333334 0.453125 0.5390625 0.4557291666666667 0.5403645833333334 0.453125 0.5572916666666666 0.44921875 0.5651041666666666 0.4440104166666667 0.55078125 0.4466145833333333 0.54296875
3 0.4505208333333333 0.4361979166666667 0.453125 0.4427083333333333 0.453125 0.4505208333333333 0.4505208333333333 0.453125 0.4466145833333333 0.453125 0.4440104166666667 0.4453125 0.4440104166666667 0.4375 0.44921875 0.4361979166666667
3 0.4010416666666667 0.75390625 0.4036458333333333 0.7565104166666666 0.4049479166666667 0.7643229166666666 0.4010416666666667 0.76953125 0.39453125 0.76953125 0.3932291666666667 0.765625 0.3971354166666667 0.7552083333333334 0.3997395833333333 0.75390625
3 0.4309895833333333 0.53515625 0.4322916666666667 0.5494791666666666 0.4296875 0.5520833333333334 0.42578125 0.5520833333333334 0.421875 0.5455729166666666 0.4231770833333333 0.5364583333333334 0.4296875 0.53515625
3 0.34765625 0.3776041666666667 0.3528645833333333 0.37890625 0.3567708333333333 0.3893229166666667 0.3528645833333333 0.39453125 0.3502604166666667 0.3919270833333333 0.34765625 0.37890625
3 0.5364583333333334 0.2591145833333333 0.5390625 0.2669270833333333 0.5390625 0.28125 0.5364583333333334 0.2838541666666667 0.53125 0.2799479166666667 0.5299479166666666 0.26953125 0.53125 0.2591145833333333 0.53515625 0.2591145833333333
3 0.484375 0.44166666666666665 0.48046875 0.4375 0.47421874999999997 0.44166666666666665 0.47500000000000003 0.45555555598958336 0.48046875 0.4611111106770833 0.48515625 0.4583333333333333 0.484375 0.44166666666666665