1 0.2921875 0.28611111067708334 0.29296875 0.28750000000000003 0.29609375 0.28750000000000003 0.296875 0.28611111067708334 0.296875 0.2805555559895833 0.29609375 0.2791666666666667 0.29296875 0.2805555559895833 0.2921875 0.2819444440104167 0.2921875 0.28611111067708334
0 0 0.4309895833333333 0.08333333333333333 0.43359375 0.09635416666666667 0.4375 0.11458333333333333 0.453125 0.12760416666666666 0.4765625 0.13411458333333334 0.49609375 0.13802083333333334 0.5234375 0.13802083333333334 0.5598958333333334 0.13411458333333334 0.5859375 0.12630208333333334 0.6067708333333334 0.11588541666666667 0.6263020833333334 0.10286458333333333 0.6393229166666666 0.08984375 0.64453125 0.08854166666666667 0.6471354166666666 0.037760416666666664 0.6471354166666666 0.036458333333333336 0.64453125 0 0.64453125 0 0.6380208333333334 0.0859375 0.640625 0.09895833333333333 0.6354166666666666 0.11328125 0.6197916666666666 0.12369791666666667 0.6028645833333334 0.13541666666666666 0.55859375 0.13541666666666666 0.52734375 0.12760416666666666 0.4869791666666667 0.11197916666666667 0.4583333333333333 0.1015625 0.4479166666666667 0.08072916666666667 0.4401041666666667 0 0.4388020833333333 0 0.4322916666666667
0 0.9401041666666666 0.4635416666666667 0.9635416666666666 0.46484375 0.9661458333333334 0.4661458333333333 0.9661458333333334 0.46875 0.9622395833333334 0.4700520833333333 0.8489583333333334 0.4674479166666667 0.8307291666666666 0.4778645833333333 0.8151041666666666 0.5 0.8072916666666666 0.51953125 0.8020833333333334 0.5442708333333334 0.8020833333333334 0.5885416666666666 0.8072916666666666 0.6145833333333334 0.8151041666666666 0.6341145833333334 0.8229166666666666 0.6471354166666666 0.83984375 0.6627604166666666 0.8489583333333334 0.6666666666666666 0.8619791666666666 0.6666666666666666 0.86328125 0.6692708333333334 0.9635416666666666 0.6731770833333334 0.9635416666666666 0.6770833333333334 0.8815104166666666 0.67578125 0.8450520833333334 0.671875 0.8307291666666666 0.6627604166666666 0.81640625 0.6471354166666666 0.80078125 0.60546875 0.7981770833333334 0.5729166666666666 0.80078125 0.5338541666666666 0.8111979166666666 0.4986979166666667 0.82421875 0.4778645833333333 0.8346354166666666 0.46875 0.8528645833333334 0.4622395833333333 0.9388020833333334 0.4635416666666667
2 0.47265625 0.3229166666666667 0.4700520833333333 0.71484375 0.4674479166666667 0.7734375 0.4661458333333333 0.9140625 0.4674479166666667 0.94140625 0.46484375 0.96484375 0.4635416666666667 0.8385416666666666 0.46484375 0.7200520833333334 0.4674479166666667 0.67578125 0.4661458333333333 0.63671875 0.46875 0.53515625 0.46875 0.32421875 0.4713541666666667 0.3229166666666667
3 0.6979166666666666 0.28515625 0.69921875 0.2942708333333333 0.6966145833333334 0.3046875 0.69140625 0.3046875 0.6875 0.296875 0.6901041666666666 0.2903645833333333 0.6966145833333334 0.28515625
3 0.6549479166666666 0.56640625 0.6614583333333334 0.5729166666666666 0.6614583333333334 0.578125 0.6549479166666666 0.5846354166666666 0.6484375 0.5755208333333334 0.6484375 0.5716145833333334 0.6536458333333334 0.56640625
3 0.57421875 0.3033854166666667 0.5755208333333334 0.3216145833333333 0.5703125 0.3229166666666667 0.5651041666666666 0.31640625 0.5651041666666666 0.3111979166666667 0.5729166666666666 0.3046875
3 0.4361979166666667 0.23958333333333334 0.4322916666666667 0.23177083333333334 0.4322916666666667 0.22265625 0.4348958333333333 0.21875 0.4388020833333333 0.22135416666666666 0.4401041666666667 0.22526041666666666 0.4401041666666667 0.23828125 0.4375 0.23958333333333334
3 0.4739583333333333 0.2942708333333333 0.4778645833333333 0.2994791666666667 0.4765625 0.3177083333333333 0.4739583333333333 0.3216145833333333 0.4674479166666667 0.3177083333333333 0.46875 0.296875 0.47265625 0.2942708333333333
3 0.6276041666666666 0.6354166666666666 0.6328125 0.640625 0.6315104166666666 0.6536458333333334 0.6263020833333334 0.6549479166666666 0.6184895833333334 0.64453125 0.6263020833333334 0.63671875
3 0.2994791666666667 0.2799479166666667 0.2955729166666667 0.2669270833333333 0.296875 0.2604166666666667 0.3033854166666667 0.2604166666666667 0.3059895833333333 0.2630208333333333 0.3059895833333333 0.27734375 0.3033854166666667 0.28125 0.30078125 0.2799479166666667
3 0.5924479166666666 0.7180989583333334 0.012369791666666666 0.024739583333333332
3 0.5481770833333334 0.3932291666666667 0.5520833333333334 0.3984375 0.5520833333333334 0.4127604166666667 0.5481770833333334 0.421875 0.54296875 0.4205729166666667 0.5416666666666666 0.4140625 0.5377604166666666 0.4088541666666667 0.5416666666666666 0.3958333333333333 0.546875 0.3932291666666667
3 0.4947916666666667 0.4713541666666667 0.4986979166666667 0.4713541666666667 0.50390625 0.4778645833333333 0.5013020833333334 0.48828125 0.4947916666666667 0.4921875 0.4908854166666667 0.4856770833333333 0.4908854166666667 0.4791666666666667 0.4947916666666667 0.47265625
3 0.53515625 0.8697916666666666 0.5377604166666666 0.8697916666666666 0.5390625 0.8723958333333334 0.5364583333333334 0.89453125 0.5325520833333334 0.890625 0.53125 0.8841145833333334 0.5260416666666666 0.8763020833333334 0.5260416666666666 0.8723958333333334 0.53515625 0.87109375
3 0.7916666666666666 0.4440104166666667 0.7955729166666666 0.4505208333333333 0.7942708333333334 0.4622395833333333 0.7916666666666666 0.46484375 0.7799479166666666 0.4635416666666667 0.78125 0.453125 0.78515625 0.4466145833333333 0.7903645833333334 0.4440104166666667