1 0.44765625000000003 0.5791666666666667 0.44765625000000003 0.5736111106770834 0.44687499999999997 0.57222222265625 0.44453125 0.57222222265625 0.44375000000000003 0.5736111106770834 0.44375000000000003 0.57777777734375 0.4453125 0.5805555559895833 0.44765625000000003 0.5791666666666667
0 0 0.421875 0.09635416666666667 0.4244791666666667 0.11067708333333333 0.4283854166666667 0.12239583333333333 0.4375 0.13411458333333334 0.453125 0.14583333333333334 0.4817708333333333 0.15104166666666666 0.5065104166666666 0.15104166666666666 0.5546875 0.14713541666666666 0.5755208333333334 0.13541666666666666 0.60546875 0.1171875 0.6276041666666666 0.10026041666666667 0.6354166666666666 0 0.6328125 0 0.625 0.0026041666666666665 0.625 0.00390625 0.6276041666666666 0.0859375 0.6302083333333334 0.10677083333333333 0.6276041666666666 0.109375 0.6236979166666666 0.11979166666666667 0.6171875 0.13151041666666666 0.6015625 0.14322916666666666 0.57421875 0.1484375 0.5481770833333334 0.1484375 0.515625 0.140625 0.4778645833333333 0.12760416666666666 0.4518229166666667 0.11067708333333333 0.4348958333333333 0.09895833333333333 0.4309895833333333 0.08203125 0.4296875 0.06901041666666667 0.4309895833333333 0 0.4283854166666667 0 0.4231770833333333
0 0.8932291666666666 0.4518229166666667 0.9661458333333334 0.4544270833333333 0.9739583333333334 0.4557291666666667 0.9739583333333334 0.4609375 0.87890625 0.4596354166666667 0.8776041666666666 0.45703125 0.859375 0.45703125 0.8580729166666666 0.4596354166666667 0.8541666666666666 0.4596354166666667 0.8385416666666666 0.46875 0.8294270833333334 0.4791666666666667 0.8190104166666666 0.4973958333333333 0.8111979166666666 0.5208333333333334 0.8072916666666666 0.55859375 0.8098958333333334 0.5859375 0.8151041666666666 0.6067708333333334 0.8294270833333334 0.6354166666666666 0.8515625 0.6549479166666666 0.859375 0.6575520833333334 0.9674479166666666 0.6614583333333334 0.9700520833333334 0.6640625 0.9674479166666666 0.6653645833333334 0.8828125 0.6640625 0.8515625 0.66015625 0.83203125 0.6471354166666666 0.8203125 0.62890625 0.8125 0.609375 0.8072916666666666 0.5885416666666666 0.8059895833333334 0.5442708333333334 0.80859375 0.51953125 0.8125 0.5052083333333334 0.82421875 0.4791666666666667 0.828125 0.47265625 0.8463541666666666 0.4557291666666667 0.859375 0.4518229166666667 0.8919270833333334 0.4518229166666667
2 0.48046875 0.4674479166666667 0.48046875 0.4713541666666667 0.4778645833333333 0.4739583333333333 0.4817708333333333 0.4895833333333333 0.4817708333333333 0.54296875 0.4791666666666667 0.5716145833333334 0.48046875 0.6393229166666666 0.4778645833333333 0.71875 0.4778645833333333 0.8697916666666666 0.4752604166666667 0.9518229166666666 0.47265625 0.9518229166666666 0.47265625 0.859375 0.4765625 0.7096354166666666 0.4765625 0.4765625 0.4778645833333333 0.4700520833333333 0.48046875 0.46875
3 0.4596354166666667 0.23697916666666666 0.4622395833333333 0.23828125 0.46484375 0.25 0.4635416666666667 0.2578125 0.4596354166666667 0.2604166666666667 0.45703125 0.2578125 0.4557291666666667 0.24869791666666666 0.453125 0.24609375 0.453125 0.23958333333333334 0.4583333333333333 0.23828125
3 0.4114583333333333 0.75 0.4153645833333333 0.7643229166666666 0.4114583333333333 0.76953125 0.4088541666666667 0.76953125 0.4049479166666667 0.7643229166666666 0.4049479166666667 0.7578125 0.4114583333333333 0.7513020833333334
3 0.5638020833333334 0.5631510416666666 0.008463541666666666 0.018229166666666668
3 0.5364583333333334 0.26171875 0.5403645833333334 0.2630208333333333 0.54296875 0.2682291666666667 0.5416666666666666 0.2825520833333333 0.5377604166666666 0.28515625 0.53515625 0.2838541666666667 0.53515625 0.2630208333333333
3 0.484375 0.69140625 0.4830729166666667 0.6822916666666666 0.4856770833333333 0.6783854166666666 0.4895833333333333 0.6783854166666666 0.4921875 0.6822916666666666 0.4908854166666667 0.6927083333333334 0.4869791666666667 0.6940104166666666 0.4856770833333333 0.69140625
3 0.5052083333333334 0.6197916666666666 0.5026041666666666 0.6171875 0.5026041666666666 0.6015625 0.5091145833333334 0.6015625 0.5091145833333334 0.6171875 0.5065104166666666 0.6184895833333334
3 0.6471354166666666 0.5026041666666666 0.6549479166666666 0.5091145833333334 0.6536458333333334 0.5221354166666666 0.6510416666666666 0.5260416666666666 0.6471354166666666 0.52734375 0.6471354166666666 0.50390625
3 0.4296875 0.5475260416666666 0.009114583333333334 0.024739583333333332
3 0.3580729166666667 0.3697916666666667 0.3658854166666667 0.3776041666666667 0.3658854166666667 0.3841145833333333 0.3619791666666667 0.3880208333333333 0.3541666666666667 0.37890625 0.3541666666666667 0.37109375 0.3567708333333333 0.3697916666666667
3 0.44140625 0.4270833333333333 0.4479166666666667 0.42578125 0.44921875 0.4283854166666667 0.44921875 0.44140625 0.4466145833333333 0.4440104166666667 0.4427083333333333 0.4440104166666667 0.44140625 0.44140625 0.44140625 0.4283854166666667
3 0.4635416666666667 0.5143229166666666 0.4739583333333333 0.5182291666666666 0.4739583333333333 0.5260416666666666 0.4700520833333333 0.5338541666666666 0.46484375 0.5338541666666666 0.4635416666666667 0.515625
3 0.484375 0.44166666666666665 0.47578125 0.43888888932291664 0.47265625 0.45416666666666666 0.4796875 0.4611111106770833 0.484375 0.45972222265625 0.484375 0.44166666666666665