1 0.42890625 0.6694444440104167 0.4296875 0.6680555559895834 0.4296875 0.6625 0.42890625 0.6611111106770834 0.4265625 0.6611111106770834 0.425 0.6638888893229167 0.425 0.6666666666666666 0.4265625 0.6694444440104167 0.42890625 0.6694444440104167
0 0 0.4140625 0.09375 0.4166666666666667 0.09505208333333333 0.4192708333333333 0.10286458333333333 0.4205729166666667 0.109375 0.4244791666666667 0.11979166666666667 0.43359375 0.13411458333333334 0.4557291666666667 0.14322916666666666 0.4869791666666667 0.14713541666666666 0.5182291666666666 0.14583333333333334 0.546875 0.13541666666666666 0.5885416666666666 0.12239583333333333 0.6106770833333334 0.10286458333333333 0.6276041666666666 0.09505208333333333 0.6302083333333334 0 0.6276041666666666 0 0.62109375 0.09244791666666667 0.6236979166666666 0.10416666666666667 0.6197916666666666 0.11588541666666667 0.6106770833333334 0.13151041666666666 0.5872395833333334 0.140625 0.5572916666666666 0.14322916666666666 0.5377604166666666 0.14322916666666666 0.5052083333333334 0.140625 0.4986979166666667 0.13932291666666666 0.4830729166666667 0.13671875 0.48046875 0.13671875 0.4752604166666667 0.12760416666666666 0.453125 0.109375 0.4309895833333333 0.09244791666666667 0.4231770833333333 0 0.4205729166666667 0 0.4153645833333333
0 0.8854166666666666 0.4466145833333333 0.9609375 0.44921875 0.9752604166666666 0.4505208333333333 0.9765625 0.453125 0.9713541666666666 0.4557291666666667 0.9609375 0.4557291666666667 0.86328125 0.4518229166666667 0.8515625 0.4557291666666667 0.8489583333333334 0.4596354166666667 0.83984375 0.46484375 0.8307291666666666 0.4752604166666667 0.8190104166666666 0.4973958333333333 0.8111979166666666 0.5299479166666666 0.8111979166666666 0.5755208333333334 0.8190104166666666 0.6080729166666666 0.8307291666666666 0.6315104166666666 0.84765625 0.6484375 0.85546875 0.65234375 0.87109375 0.6549479166666666 0.9609375 0.6575520833333334 0.9713541666666666 0.6588541666666666 0.9739583333333334 0.66015625 0.9713541666666666 0.6627604166666666 0.859375 0.6588541666666666 0.8424479166666666 0.6510416666666666 0.8346354166666666 0.6432291666666666 0.82421875 0.62890625 0.81640625 0.6119791666666666 0.80859375 0.5794270833333334 0.8072916666666666 0.5651041666666666 0.80859375 0.5299479166666666 0.81640625 0.4947916666666667 0.82421875 0.48046875 0.82421875 0.4765625 0.83984375 0.45703125 0.85546875 0.4479166666666667 0.8841145833333334 0.4466145833333333
2 0.48046875 0.12239583333333333 0.4830729166666667 0.13151041666666666 0.4791666666666667 0.6302083333333334 0.4765625 0.6796875 0.4778645833333333 0.7161458333333334 0.4739583333333333 0.890625 0.4752604166666667 0.9322916666666666 0.4739583333333333 0.9505208333333334 0.4713541666666667 0.9505208333333334 0.48046875 0.12369791666666667
3 0.5696614583333334 0.4231770833333333 0.014322916666666666 0.0234375
3 0.3932291666666667 0.1953125 0.4010416666666667 0.19921875 0.4036458333333333 0.20833333333333334 0.4036458333333333 0.21614583333333334 0.3984375 0.21744791666666666 0.3932291666666667 0.20703125 0.3932291666666667 0.19661458333333334
3 0.546875 0.6510416666666666 0.5442708333333334 0.640625 0.5442708333333334 0.6354166666666666 0.546875 0.6315104166666666 0.5533854166666666 0.640625 0.5533854166666666 0.6471354166666666 0.5481770833333334 0.6510416666666666
3 0.44921875 0.24348958333333334 0.4544270833333333 0.2526041666666667 0.4544270833333333 0.265625 0.4518229166666667 0.2682291666666667 0.4479166666666667 0.2682291666666667 0.4466145833333333 0.265625 0.4427083333333333 0.24739583333333334 0.4453125 0.2421875 0.4479166666666667 0.24348958333333334
3 0.41796875 0.3880208333333333 0.4231770833333333 0.3854166666666667 0.4270833333333333 0.390625 0.4270833333333333 0.40625 0.421875 0.4075520833333333 0.41796875 0.3984375 0.41796875 0.3893229166666667
3 0.21744791666666666 0.6705729166666666 0.22395833333333334 0.6705729166666666 0.22916666666666666 0.6744791666666666 0.2265625 0.6822916666666666 0.21484375 0.6848958333333334 0.21354166666666666 0.6770833333333334 0.21744791666666666 0.671875
3 0.3489583333333333 0.6184895833333334 0.34765625 0.609375 0.3515625 0.6015625 0.3567708333333333 0.6067708333333334 0.3580729166666667 0.6184895833333334 0.3502604166666667 0.6184895833333334
3 0.44921875 0.7330729166666666 0.4518229166666667 0.7330729166666666 0.4557291666666667 0.7421875 0.4557291666666667 0.7526041666666666 0.453125 0.7552083333333334 0.44921875 0.7552083333333334 0.44921875 0.75 0.4440104166666667 0.7434895833333334 0.44921875 0.734375
3 0.3450520833333333 0.5026041666666666 0.3489583333333333 0.51171875 0.3489583333333333 0.51953125 0.3450520833333333 0.51953125 0.33984375 0.515625 0.33984375 0.5052083333333334 0.34375 0.5026041666666666
3 0.23697916666666666 0.47265625 0.23958333333333334 0.4752604166666667 0.23828125 0.4921875 0.234375 0.48828125 0.23046875 0.48828125 0.2265625 0.4817708333333333 0.2265625 0.4765625 0.23567708333333334 0.47265625
3 0.3932291666666667 0.8359375 0.3958333333333333 0.8359375 0.3958333333333333 0.8658854166666666 0.3893229166666667 0.859375 0.3841145833333333 0.8450520833333334 0.3932291666666667 0.8372395833333334
3 0.39140625 0.5138888893229167 0.3875 0.5041666666666667 0.378125 0.50972222265625 0.37734375000000003 0.5180555559895833 0.38359375 0.5291666666666667 0.390625 0.5236111106770833 0.39140625 0.5138888893229167