1 0.39375 0.6166666666666667 0.39453125 0.61527777734375 0.39453125 0.60972222265625 0.39375 0.6083333333333333 0.390625 0.6083333333333333 0.390625 0.6138888893229166 0.39218749999999997 0.6166666666666667 0.39375 0.6166666666666667
0 0 0.4140625 0.09114583333333333 0.4166666666666667 0.09244791666666667 0.4192708333333333 0.10416666666666667 0.421875 0.11458333333333333 0.4283854166666667 0.13020833333333334 0.44921875 0.13802083333333334 0.4674479166666667 0.14322916666666666 0.4869791666666667 0.14713541666666666 0.5182291666666666 0.14583333333333334 0.546875 0.13671875 0.5859375 0.12239583333333333 0.6106770833333334 0.10546875 0.6263020833333334 0.09635416666666667 0.6302083333333334 0.04296875 0.6302083333333334 0 0.6276041666666666 0 0.62109375 0.0625 0.6236979166666666 0.09505208333333333 0.6236979166666666 0.10286458333333333 0.62109375 0.11979166666666667 0.6067708333333334 0.12109375 0.6015625 0.13151041666666666 0.5872395833333334 0.13932291666666666 0.5638020833333334 0.14322916666666666 0.5364583333333334 0.14322916666666666 0.5065104166666666 0.140625 0.5013020833333334 0.140625 0.4908854166666667 0.13671875 0.4817708333333333 0.13671875 0.4752604166666667 0.12369791666666667 0.4479166666666667 0.11067708333333333 0.4322916666666667 0.09244791666666667 0.4231770833333333 0 0.4205729166666667 0 0.4153645833333333
0 0.9140625 0.4479166666666667 0.9739583333333334 0.4505208333333333 0.9752604166666666 0.4544270833333333 0.9388020833333334 0.4557291666666667 0.8671875 0.4518229166666667 0.8541666666666666 0.4544270833333333 0.83984375 0.46484375 0.8333333333333334 0.4713541666666667 0.8229166666666666 0.48828125 0.8177083333333334 0.5065104166666666 0.8151041666666666 0.5091145833333334 0.8111979166666666 0.52734375 0.8098958333333334 0.5677083333333334 0.8151041666666666 0.59765625 0.8177083333333334 0.6002604166666666 0.8190104166666666 0.609375 0.8268229166666666 0.6263020833333334 0.8372395833333334 0.6393229166666666 0.8515625 0.6510416666666666 0.8671875 0.6549479166666666 0.9700520833333334 0.6588541666666666 0.9739583333333334 0.6614583333333334 0.9700520833333334 0.6627604166666666 0.8828125 0.6614583333333334 0.8502604166666666 0.65625 0.83984375 0.6497395833333334 0.828125 0.63671875 0.8125 0.6015625 0.8072916666666666 0.5729166666666666 0.8072916666666666 0.5364583333333334 0.8125 0.5065104166666666 0.81640625 0.4934895833333333 0.82421875 0.48046875 0.82421875 0.4765625 0.83984375 0.45703125 0.8528645833333334 0.44921875 0.8658854166666666 0.4466145833333333 0.9127604166666666 0.4479166666666667
2 0.48046875 0.12239583333333333 0.4830729166666667 0.1484375 0.4791666666666667 0.4153645833333333 0.4791666666666667 0.6315104166666666 0.4752604166666667 0.7682291666666666 0.4752604166666667 0.9270833333333334 0.4739583333333333 0.9505208333333334 0.4713541666666667 0.9505208333333334 0.4700520833333333 0.92578125 0.4752604166666667 0.6692708333333334 0.4739583333333333 0.6171875 0.48046875 0.12369791666666667
3 0.5807291666666666 0.4075520833333333 0.5846354166666666 0.4075520833333333 0.5872395833333334 0.4140625 0.5846354166666666 0.4283854166666667 0.5807291666666666 0.4283854166666667 0.578125 0.421875 0.5807291666666666 0.4088541666666667
3 0.4440104166666667 0.24739583333333334 0.4479166666666667 0.25 0.44921875 0.2552083333333333 0.44921875 0.265625 0.4466145833333333 0.2721354166666667 0.4427083333333333 0.2669270833333333 0.4427083333333333 0.24869791666666666
3 0.39453125 0.19661458333333334 0.4010416666666667 0.20182291666666666 0.4036458333333333 0.20833333333333334 0.4036458333333333 0.21354166666666666 0.4010416666666667 0.21744791666666666 0.3958333333333333 0.21354166666666666 0.3932291666666667 0.20442708333333334 0.39453125 0.19791666666666666
3 0.5416666666666666 0.6158854166666666 0.5481770833333334 0.6197916666666666 0.5481770833333334 0.6302083333333334 0.546875 0.6328125 0.54296875 0.6328125 0.5416666666666666 0.6171875
3 0.4231770833333333 0.3802083333333333 0.4270833333333333 0.3802083333333333 0.4309895833333333 0.38671875 0.4309895833333333 0.3932291666666667 0.4283854166666667 0.3984375 0.42578125 0.3984375 0.421875 0.3880208333333333 0.4231770833333333 0.3815104166666667
3 0.22005208333333334 0.65625 0.22135416666666666 0.66796875 0.22005208333333334 0.6705729166666666 0.21614583333333334 0.6705729166666666 0.21354166666666666 0.6731770833333334 0.2109375 0.6731770833333334 0.2109375 0.6588541666666666 0.21614583333333334 0.6549479166666666 0.21875 0.65625
3 0.4361979166666667 0.765625 0.4361979166666667 0.7552083333333334 0.4440104166666667 0.7473958333333334 0.4466145833333333 0.7643229166666666 0.4427083333333333 0.7669270833333334 0.4375 0.765625
3 0.3424479166666667 0.5130208333333334 0.3489583333333333 0.5247395833333334 0.3489583333333333 0.5520833333333334 0.34375 0.546875 0.34375 0.5364583333333334 0.3359375 0.5234375 0.3385416666666667 0.5143229166666666 0.3411458333333333 0.5130208333333334
3 0.3880208333333333 0.8411458333333334 0.390625 0.84375 0.3919270833333333 0.8515625 0.38671875 0.859375 0.3828125 0.85546875 0.3802083333333333 0.84765625 0.3815104166666667 0.8385416666666666 0.3841145833333333 0.8372395833333334 0.38671875 0.8411458333333334
3 0.24140625000000002 0.4708333333333334 0.24453125 0.4666666666666666 0.24453125 0.46249999999999997 0.23984375 0.45972222265625 0.23671875 0.45972222265625 0.234375 0.4611111106770833 0.23359375000000002 0.46249999999999997 0.234375 0.4680555559895833 0.23750000000000002 0.4708333333333334 0.24140625000000002 0.4708333333333334
3 0.378125 0.52222222265625 0.38359375 0.5180555559895833 0.38359375 0.5166666666666667 0.38515625000000003 0.5138888893229167 0.38515625000000003 0.5083333333333333 0.38359375 0.50277777734375 0.3828125 0.50277777734375 0.38125000000000003 0.5 0.37656249999999997 0.49861111067708336 0.37265624999999997 0.5013888893229167 0.37265624999999997 0.50277777734375 0.37109375 0.5055555559895833 0.3703125 0.5125000000000001 0.37265624999999997 0.5208333333333334 0.375 0.52222222265625 0.378125 0.52222222265625
3 0.34531249999999997 0.6041666666666666 0.34609375000000003 0.60277777734375 0.34609375000000003 0.5986111106770834 0.34375 0.59027777734375 0.34218750000000003 0.5888888893229166 0.33984375 0.5888888893229166 0.33828125000000003 0.5916666666666667 0.33828125000000003 0.6013888893229167 0.34140624999999997 0.6055555559895833 0.34531249999999997 0.6041666666666666