1 0.28671874999999997 0.46388888932291666 0.28671874999999997 0.45 0.28203125 0.4513888893229167 0.28359375000000003 0.46249999999999997 0.28671874999999997 0.46388888932291666
2 0.52578125 0.62222222265625 0.5265624999999999 0.5319444440104167 0.52578125 0.5041666666666667 0.5226562499999999 0.5 0.52578125 0.62222222265625
2 0.5265624999999999 0.61527777734375 0.52578125 0.5291666666666667 0.5234375 0.5208333333333334 0.5234375 0.5986111106770834 0.5265624999999999 0.61527777734375
2 0.5296875 0.9444444440104167 0.5304687499999999 0.87777777734375 0.5296875 0.8736111106770833 0.5265624999999999 0.8833333333333333 0.5296875 0.9444444440104167
2 0.51953125 0.125 0.5226562499999999 0.44722222265624995 0.52578125 0.4375 0.5234375 0.20972222265624998 0.5226562499999999 0.14166666666666666 0.521875 0.12638888932291667 0.51953125 0.125
2 0.52578125 0.8666666666666667 0.53125 0.8611111106770833 0.53359375 0.8305555559895833 0.5281250000000001 0.6388888893229167 0.5265624999999999 0.6291666666666667 0.5234375 0.6319444440104166 0.52578125 0.8666666666666667
0 1 0.41250000000000003 0.97109375 0.41250000000000003 0.9 0.4180555559895833 0.884375 0.42777777734375005 0.8640625000000001 0.45972222265625 0.8703124999999999 0.4583333333333333 0.8835937500000001 0.43611111067708336 0.9046875 0.42222222265625 1 0.4180555559895833 1 0.41250000000000003
0 1 0.6194444440104167 0.90390625 0.62222222265625 0.8914062500000001 0.61527777734375 0.8757812500000001 0.59722222265625 0.8664062499999999 0.57777777734375 0.859375 0.5499999999999999 0.8562500000000001 0.5194444440104167 0.853125 0.52777777734375 0.8578125 0.5416666666666666 0.85546875 0.54722222265625 0.8601562500000001 0.5708333333333333 0.8734375 0.6013888893229167 0.8890625 0.6194444440104167 0.9078125 0.62777777734375 1 0.6236111106770833 1 0.6194444440104167
0 0.15390625 0.4513888893229167 0.029687500000000002 0.45277777734375 0.0609375 0.4569444440104167 0.146875 0.45277777734375 0.16718750000000002 0.4666666666666666 0.178125 0.48333333333333334 0.18828124999999998 0.5069444440104166 0.19296875 0.5361111106770834 0.19218749999999998 0.5791666666666667 0.1875 0.6 0.1734375 0.6305555559895833 0.1640625 0.6416666666666667 0.146875 0.65277777734375 0.03125 0.6611111106770834 0.1421875 0.65972222265625 0.16640625 0.64722222265625 0.18359375 0.62222222265625 0.19296875 0.5944444440104167 0.196875 0.5694444440104166 0.1953125 0.52777777734375 0.18281250000000002 0.48333333333333334 0.16874999999999998 0.46249999999999997 0.15390625 0.4513888893229167
3 0.32421875 0.66015625 0.3307291666666667 0.6744791666666666 0.3307291666666667 0.6783854166666666 0.328125 0.6809895833333334 0.3203125 0.6809895833333334 0.31640625 0.6770833333333334 0.3177083333333333 0.6653645833333334 0.3229166666666667 0.66015625
3 0.4088541666666667 0.2942708333333333 0.4127604166666667 0.296875 0.4140625 0.3033854166666667 0.40625 0.3138020833333333 0.3997395833333333 0.3111979166666667 0.3997395833333333 0.2942708333333333 0.40234375 0.2890625 0.4075520833333333 0.2942708333333333
3 0.3984375 0.7447916666666666 0.4036458333333333 0.7447916666666666 0.4088541666666667 0.7552083333333334 0.4049479166666667 0.765625 0.3997395833333333 0.76953125 0.3958333333333333 0.765625 0.3984375 0.74609375
3 0.14583333333333334 0.5130208333333334 0.1484375 0.5143229166666666 0.14713541666666666 0.53515625 0.14322916666666666 0.5403645833333334 0.13932291666666666 0.5403645833333334 0.1328125 0.5325520833333334 0.13411458333333334 0.5234375 0.13932291666666666 0.5234375 0.14583333333333334 0.5143229166666666
3 0.7057291666666666 0.2701822916666667 0.016276041666666668 0.029296875
3 0.66015625 0.7669270833333334 0.6640625 0.7669270833333334 0.66796875 0.7747395833333334 0.6666666666666666 0.7838541666666666 0.6640625 0.7864583333333334 0.66015625 0.7864583333333334 0.6575520833333334 0.78125 0.66015625 0.7682291666666666
3 0.5286458333333334 0.4440104166666667 0.5338541666666666 0.44921875 0.5364583333333334 0.4557291666666667 0.53515625 0.4661458333333333 0.5286458333333334 0.46875 0.5234375 0.4635416666666667 0.5234375 0.4518229166666667 0.5247395833333334 0.4466145833333333 0.52734375 0.4453125
3 0.4869791666666667 0.5130208333333334 0.4908854166666667 0.515625 0.4921875 0.5234375 0.484375 0.53125 0.48046875 0.5299479166666666 0.4791666666666667 0.5208333333333334 0.48046875 0.5143229166666666 0.4830729166666667 0.51171875 0.4856770833333333 0.5130208333333334
3 0.8723958333333334 0.46484375 0.8776041666666666 0.46875 0.8763020833333334 0.48046875 0.8645833333333334 0.4830729166666667 0.8645833333333334 0.4700520833333333 0.87109375 0.4661458333333333
3 0.27187500000000003 0.4166666666666667 0.27109374999999997 0.4180555559895833 0.27109374999999997 0.42222222265625 0.27265625 0.42777777734375005 0.2765625 0.43472222265625 0.2765625 0.43611111067708336 0.27968750000000003 0.43888888932291664 0.28515625 0.42777777734375005 0.28515625 0.425 0.284375 0.4236111106770833 0.28203125 0.42222222265625 0.278125 0.4166666666666667 0.27187500000000003 0.4166666666666667
3 0.5382812499999999 0.81527777734375 0.5359375000000001 0.8180555559895833 0.5359375000000001 0.8236111106770833 0.53671875 0.8250000000000001 0.53671875 0.8472222226562499 0.5382812499999999 0.8444444440104166 0.5390625 0.8444444440104166 0.54140625 0.8347222226562501 0.54453125 0.8291666666666666 0.546875 0.8194444440104167 0.546875 0.8180555559895833 0.5453125 0.81527777734375 0.5421874999999999 0.8138888893229167 0.54140625 0.81527777734375 0.5382812499999999 0.81527777734375
3 0.43984375000000003 0.7097222226562501 0.44296874999999997 0.6986111106770833 0.44140625 0.6888888893229167 0.43515624999999997 0.6861111106770833 0.4328125 0.7166666666666667 0.43984375000000003 0.7097222226562501