1 0.8585937499999999 0.9444444440104167 0.859375 0.9388888893229167 0.8562500000000001 0.9388888893229167 0.8585937499999999 0.9444444440104167
0 0.9148437500000001 0.45972222265625 0.8640625000000001 0.45972222265625 0.875 0.46527777734375 0.97109375 0.4666666666666666 0.97109375 0.46249999999999997 0.9148437500000001 0.45972222265625
0 0.85390625 0.6638888893229167 0.8406250000000001 0.6569444440104167 0.8273437499999999 0.6416666666666667 0.80859375 0.5916666666666667 0.80703125 0.5499999999999999 0.81484375 0.5083333333333333 0.8390624999999999 0.4680555559895833 0.8312499999999999 0.47361111067708334 0.81640625 0.49722222265625 0.8046875 0.5416666666666666 0.803125 0.57222222265625 0.8093750000000001 0.6138888893229166 0.8210937500000001 0.6416666666666667 0.8367187500000001 0.6611111106770834 0.85546875 0.6708333333333334 0.9703125 0.6749999999999999 0.9703125 0.6694444440104167 0.9539062500000001 0.6708333333333334 0.9500000000000001 0.6666666666666666 0.85390625 0.6638888893229167
0 0 0.6375000000000001 0.09375 0.64027777734375 0.11093750000000001 0.6305555559895833 0.12421875 0.61527777734375 0.13984375000000002 0.57777777734375 0.14453125 0.54722222265625 0.14140624999999998 0.4944444440104167 0.1265625 0.4569444440104167 0.1125 0.43888888932291664 0.09140625000000001 0.42777777734375005 0.028906249999999998 0.425 0 0.425 0 0.43055555598958334 0.09375 0.43472222265625 0.11562499999999999 0.45 0.13203125000000002 0.4805555559895833 0.13984375000000002 0.5125000000000001 0.1390625 0.5625 0.13125 0.5916666666666667 0.12447890625000001 0.6037041666666666 0.11093750000000001 0.6236111106770833 0.09999999999999999 0.6319444440104166 0 0.6319444440104166 0 0.6375000000000001
2 0.4765625 0.15416666666666667 0.46953125 0.7041666666666666 0.46875 0.9569444440104166 0.471875 0.9430555559895833 0.4796875 0.46527777734375 0.47734375 0.4430555559895833 0.47812499999999997 0.3170138893229167 0.47578125 0.31493055598958336 0.47890625000000003 0.2791666666666667 0.48046875 0.13888888932291668 0.47734375 0.14027777734375 0.4765625 0.15416666666666667
3 0.5846354166666666 0.4791666666666667 0.5911458333333334 0.4791666666666667 0.59375 0.484375 0.5924479166666666 0.4986979166666667 0.5911458333333334 0.5013020833333334 0.5846354166666666 0.50390625 0.5807291666666666 0.4934895833333333 0.5807291666666666 0.4856770833333333 0.5846354166666666 0.48046875
3 0.7213541666666666 0.7903645833333334 0.7239583333333334 0.7916666666666666 0.7278645833333334 0.8020833333333334 0.7252604166666666 0.8138020833333334 0.72265625 0.8151041666666666 0.7109375 0.8020833333333334 0.7200520833333334 0.7916666666666666
3 0.9401041666666666 0.6315104166666666 0.9544270833333334 0.6315104166666666 0.9622395833333334 0.640625 0.95703125 0.64453125 0.9479166666666666 0.64453125 0.9427083333333334 0.640625 0.9401041666666666 0.6328125
3 0.7408854166666666 0.5533854166666666 0.7447916666666666 0.5546875 0.75390625 0.5520833333333334 0.7591145833333334 0.5559895833333334 0.7591145833333334 0.5611979166666666 0.7552083333333334 0.56640625 0.7565104166666666 0.578125 0.7526041666666666 0.5807291666666666 0.75 0.5885416666666666 0.7421875 0.56640625 0.7408854166666666 0.5546875
3 0.8528645833333334 0.474609375 0.018229166666666668 0.020833333333333332
3 0.88671875 0.796875 0.8893229166666666 0.7955729166666666 0.8893229166666666 0.7864583333333334 0.8919270833333334 0.78515625 0.89453125 0.79296875 0.90234375 0.8033854166666666 0.8997395833333334 0.8098958333333334 0.88671875 0.8098958333333334 0.88671875 0.7981770833333334
3 0.15625 0.4765625 0.16276041666666666 0.4817708333333333 0.16145833333333334 0.4934895833333333 0.1484375 0.48828125 0.15104166666666666 0.4765625 0.15494791666666666 0.4765625
3 0.7039062500000001 0.64722222265625 0.7015625 0.64027777734375 0.69375 0.6416666666666667 0.6960937500000001 0.6583333333333333 0.7039062500000001 0.64722222265625
3 0.44453125 0.6833333333333332 0.44296874999999997 0.6930555559895833 0.44921875 0.7013888893229167 0.45078124999999997 0.6888888893229167 0.44921875 0.6833333333333332 0.44453125 0.6833333333333332
3 0.5796875 0.8291666666666666 0.5828125000000001 0.8111111106770833 0.57421875 0.8111111106770833 0.57421875 0.8236111106770833 0.5796875 0.8291666666666666
3 0.86328125 0.95277777734375 0.8640625000000001 0.975 0.8742187499999999 0.975 0.8757812500000001 0.9680555559895834 0.86953125 0.95277777734375 0.86328125 0.95277777734375
3 0.3796875 0.2791666666666667 0.3828125 0.27222222265625 0.375 0.25694444401041666 0.37265624999999997 0.26527777734374997 0.3796875 0.2791666666666667