1 0.553125 0.6361111106770834 0.5515625000000001 0.6305555559895833 0.54921875 0.6319444440104166 0.55078125 0.6388888893229167 0.553125 0.6361111106770834
0 0.5234375 0.4466145833333333 0.5221354166666666 0.4518229166666667 0.5091145833333334 0.4557291666666667 0.49609375 0.4700520833333333 0.484375 0.4934895833333333 0.4791666666666667 0.51953125 0.4791666666666667 0.55078125 0.48046875 0.5638020833333334 0.48828125 0.5872395833333334 0.5052083333333334 0.6106770833333334 0.5169270833333334 0.6171875 0.5299479166666666 0.6184895833333334 0.54296875 0.61328125 0.5520833333333334 0.60546875 0.5638020833333334 0.5872395833333334 0.5703125 0.5677083333333334 0.57421875 0.5390625 0.5703125 0.5 0.55859375 0.4739583333333333 0.55078125 0.4635416666666667 0.5377604166666666 0.453125 0.52734375 0.4518229166666667 0.5260416666666666 0.4466145833333333 0.5377604166666666 0.4479166666666667 0.5533854166666666 0.4583333333333333 0.5651041666666666 0.4765625 0.5703125 0.49609375 0.5729166666666666 0.4986979166666667 0.5768229166666666 0.54296875 0.5729166666666666 0.5703125 0.56640625 0.5911458333333334 0.5572916666666666 0.6067708333333334 0.5494791666666666 0.6145833333333334 0.5325520833333334 0.6236979166666666 0.51953125 0.6236979166666666 0.51171875 0.62109375 0.49609375 0.6080729166666666 0.484375 0.5872395833333334 0.4778645833333333 0.56640625 0.4765625 0.5546875 0.4765625 0.5169270833333334 0.4817708333333333 0.4908854166666667 0.484375 0.48828125 0.4869791666666667 0.4778645833333333 0.5052083333333334 0.453125 0.5221354166666666 0.4466145833333333
0 0.90234375 0.4166666666666667 0.9140625 0.4140625 0.9986979166666666 0.4127604166666667 0.9986979166666666 0.4192708333333333 0.91796875 0.4205729166666667 0.90625 0.421875 0.8958333333333334 0.4270833333333333 0.8841145833333334 0.4375 0.87109375 0.4583333333333333 0.8645833333333334 0.4765625 0.859375 0.5026041666666666 0.859375 0.54296875 0.8619791666666666 0.546875 0.8619791666666666 0.5559895833333334 0.8658854166666666 0.5703125 0.87109375 0.5846354166666666 0.87890625 0.59765625 0.8919270833333334 0.61328125 0.90234375 0.6197916666666666 0.9114583333333334 0.6223958333333334 0.9986979166666666 0.6197916666666666 0.9986979166666666 0.6263020833333334 0.90625 0.6276041666666666 0.8880208333333334 0.6171875 0.8684895833333334 0.58984375 0.8606770833333334 0.56640625 0.8567708333333334 0.5455729166666666 0.8567708333333334 0.5 0.8606770833333334 0.4778645833333333 0.8684895833333334 0.4544270833333333 0.8802083333333334 0.4348958333333333 0.890625 0.4244791666666667 0.90234375 0.41796875
0 0.14973958333333334 0.4440104166666667 0.17057291666666666 0.45703125 0.18359375 0.4778645833333333 0.19401041666666666 0.5078125 0.19791666666666666 0.5377604166666666 0.19791666666666666 0.5572916666666666 0.19401041666666666 0.58984375 0.19010416666666666 0.6028645833333334 0.17838541666666666 0.62890625 0.16666666666666666 0.6419270833333334 0.15494791666666666 0.6510416666666666 0.13151041666666666 0.6549479166666666 0.07682291666666667 0.6575520833333334 0.032552083333333336 0.6575520833333334 0.032552083333333336 0.6536458333333334 0.14713541666666666 0.6484375 0.1484375 0.6458333333333334 0.15885416666666666 0.6419270833333334 0.17317708333333334 0.6276041666666666 0.18489583333333334 0.6067708333333334 0.19140625 0.5872395833333334 0.1953125 0.5572916666666666 0.1953125 0.5377604166666666 0.19270833333333334 0.5299479166666666 0.19140625 0.51171875 0.1875 0.49609375 0.17578125 0.47265625 0.16276041666666666 0.45703125 0.14973958333333334 0.44921875 0.12630208333333334 0.4479166666666667 0.029947916666666668 0.4505208333333333 0.029947916666666668 0.4479166666666667 0.03515625 0.4453125 0.07942708333333333 0.4453125 0.11458333333333333 0.4427083333333333 0.1484375 0.4440104166666667
2 0.5234375 0.53125 0.5286458333333334 0.5325520833333334 0.52734375 0.6471354166666666 0.5299479166666666 0.6796875 0.5299479166666666 0.8255208333333334 0.5325520833333334 0.921875 0.53125 0.9466145833333334 0.5286458333333334 0.9453125 0.5260416666666666 0.7356770833333334 0.52734375 0.6822916666666666 0.5247395833333334 0.64453125 0.5234375 0.5325520833333334
3 0.7395833333333334 0.2916666666666667 0.7421875 0.2994791666666667 0.7408854166666666 0.3033854166666667 0.7330729166666666 0.3098958333333333 0.7330729166666666 0.3138020833333333 0.73046875 0.3138020833333333 0.73046875 0.296875 0.7330729166666666 0.2903645833333333 0.73828125 0.2916666666666667
3 0.3802083333333333 0.17578125 0.014322916666666666 0.026692708333333332
3 0.3203125 0.57421875 0.31640625 0.5677083333333334 0.3177083333333333 0.5546875 0.3203125 0.5533854166666666 0.32421875 0.5572916666666666 0.32421875 0.5690104166666666 0.3216145833333333 0.5729166666666666
3 0.6028645833333334 0.8606770833333334 0.6106770833333334 0.8619791666666666 0.6158854166666666 0.8684895833333334 0.6158854166666666 0.8776041666666666 0.6119791666666666 0.8828125 0.60546875 0.8776041666666666 0.60546875 0.8684895833333334 0.6028645833333334 0.8619791666666666
3 0.7994791666666666 0.14583333333333334 0.8033854166666666 0.14583333333333334 0.8046875 0.14973958333333334 0.8033854166666666 0.15885416666666666 0.79296875 0.16536458333333334 0.7890625 0.16536458333333334 0.7864583333333334 0.15885416666666666 0.7994791666666666 0.14713541666666666
3 0.515625 0.14322916666666666 0.51953125 0.14583333333333334 0.5208333333333334 0.15755208333333334 0.5182291666666666 0.17057291666666666 0.5143229166666666 0.17578125 0.5078125 0.17317708333333334 0.5078125 0.1484375 0.5104166666666666 0.14453125 0.5143229166666666 0.14322916666666666
3 0.2916666666666667 0.7083333333333334 0.2955729166666667 0.7161458333333334 0.2955729166666667 0.7239583333333334 0.29296875 0.7252604166666666 0.2916666666666667 0.7317708333333334 0.2890625 0.734375 0.2864583333333333 0.7330729166666666 0.2838541666666667 0.7213541666666666 0.28515625 0.7161458333333334 0.2916666666666667 0.7096354166666666
3 0.5611979166666666 0.6380208333333334 0.5625 0.6484375 0.5598958333333334 0.6549479166666666 0.5546875 0.6536458333333334 0.5559895833333334 0.6393229166666666 0.5598958333333334 0.6380208333333334
3 0.8997395833333334 0.4765625 0.9049479166666666 0.4791666666666667 0.9127604166666666 0.4778645833333333 0.91796875 0.484375 0.9166666666666666 0.4934895833333333 0.91015625 0.4947916666666667 0.90234375 0.4921875 0.8997395833333334 0.4908854166666667 0.8997395833333334 0.4778645833333333
3 0.16796875 0.5169270833333334 0.17447916666666666 0.5260416666666666 0.17447916666666666 0.5325520833333334 0.17057291666666666 0.5325520833333334 0.1640625 0.5377604166666666 0.16015625 0.53515625 0.15755208333333334 0.5260416666666666 0.16015625 0.515625 0.1640625 0.5130208333333334 0.16666666666666666 0.5169270833333334
3 0.5208333333333334 0.5299479166666666 0.5169270833333334 0.5247395833333334 0.5169270833333334 0.515625 0.51953125 0.5091145833333334 0.5221354166666666 0.5078125 0.5247395833333334 0.5130208333333334 0.5221354166666666 0.5286458333333334
3 0.40114062500000003 0.9136583333333334 0.403125 0.8819444440104167 0.39375 0.8930555559895833 0.394515625 0.8981125 0.40114062500000003 0.9136583333333334