1 0.61953125 0.18611111067708333 0.6203124999999999 0.1875 0.6234375 0.1875 0.6234375 0.1805555559895833 0.62265625 0.17916666666666667 0.6203124999999999 0.17916666666666667 0.61953125 0.18194444401041665 0.61953125 0.18611111067708333
0 0.94140625 0.4296875 0.93359375 0.4283854166666667 0.9036458333333334 0.4309895833333333 0.8919270833333334 0.4361979166666667 0.8815104166666666 0.4466145833333333 0.8671875 0.4700520833333333 0.8619791666666666 0.4908854166666667 0.859375 0.4934895833333333 0.85546875 0.5364583333333334 0.8528645833333334 0.53515625 0.8528645833333334 0.5182291666666666 0.8606770833333334 0.4765625 0.8684895833333334 0.4609375 0.8684895833333334 0.45703125 0.8880208333333334 0.4322916666666667 0.8997395833333334 0.42578125 0.9231770833333334 0.4231770833333333 0.9986979166666666 0.4205729166666667 0.9986979166666666 0.42578125 0.9427083333333334 0.4283854166666667
0 0.049479166666666664 0.4583333333333333 0.14192708333333334 0.4583333333333333 0.15494791666666666 0.4674479166666667 0.1640625 0.4765625 0.17057291666666666 0.4869791666666667 0.18229166666666666 0.515625 0.1875 0.5494791666666666 0.18619791666666666 0.5950520833333334 0.18359375 0.5989583333333334 0.18229166666666666 0.61328125 0.17057291666666666 0.640625 0.15494791666666666 0.66015625 0.140625 0.6692708333333334 0.12760416666666666 0.671875 0.020833333333333332 0.67578125 0.020833333333333332 0.671875 0.05078125 0.6692708333333334 0.052083333333333336 0.6666666666666666 0.12630208333333334 0.6653645833333334 0.13541666666666666 0.6640625 0.14713541666666666 0.6588541666666666 0.15625 0.65234375 0.16796875 0.63671875 0.17578125 0.6197916666666666 0.18359375 0.5911458333333334 0.18489583333333334 0.55078125 0.1796875 0.51953125 0.171875 0.4973958333333333 0.15494791666666666 0.4739583333333333 0.13671875 0.4635416666666667 0.018229166666666668 0.4661458333333333 0.016927083333333332 0.4635416666666667 0.020833333333333332 0.4609375 0.049479166666666664 0.4596354166666667
2 0.5208333333333334 0.5052083333333334 0.5247395833333334 0.7591145833333334 0.5234375 0.80078125 0.52734375 0.9348958333333334 0.5260416666666666 0.9622395833333334 0.5247395833333334 0.9635416666666666 0.5234375 0.9609375 0.5234375 0.8854166666666666 0.5208333333333334 0.8802083333333334 0.5221354166666666 0.8177083333333334 0.5169270833333334 0.5403645833333334 0.5208333333333334 0.5065104166666666
3 0.6041666666666666 0.5403645833333334 0.60546875 0.55078125 0.6002604166666666 0.5559895833333334 0.59765625 0.5559895833333334 0.59765625 0.5455729166666666 0.5989583333333334 0.5403645833333334 0.6028645833333334 0.5403645833333334
3 0.47265625 0.19401041666666666 0.4752604166666667 0.19401041666666666 0.4765625 0.19791666666666666 0.4752604166666667 0.21744791666666666 0.47265625 0.21875 0.46875 0.20963541666666666 0.4700520833333333 0.19791666666666666 0.47265625 0.1953125
3 0.8639322916666666 0.55078125 0.01953125 0.040364583333333336
3 0.5768229166666666 0.6015625 0.5794270833333334 0.609375 0.578125 0.6184895833333334 0.5716145833333334 0.6171875 0.5716145833333334 0.6067708333333334 0.5755208333333334 0.6015625
3 0.73828125 0.70703125 0.7473958333333334 0.71875 0.7473958333333334 0.72265625 0.7434895833333334 0.7278645833333334 0.734375 0.7265625 0.73828125 0.7083333333333334
3 0.5104166666666666 0.7434895833333334 0.5143229166666666 0.7552083333333334 0.5143229166666666 0.7630208333333334 0.51171875 0.765625 0.5091145833333334 0.765625 0.5078125 0.7630208333333334 0.5091145833333334 0.7447916666666666
3 0.5625 0.39453125 0.56640625 0.39453125 0.5690104166666666 0.4010416666666667 0.56640625 0.4088541666666667 0.5625 0.41015625 0.5625 0.3958333333333333
3 0.3997395833333333 0.3606770833333333 0.4036458333333333 0.375 0.4036458333333333 0.37890625 0.3997395833333333 0.3828125 0.3958333333333333 0.3802083333333333 0.39453125 0.3723958333333333 0.39453125 0.3658854166666667 0.3984375 0.3606770833333333
3 0.5182291666666666 0.4895833333333333 0.01171875 0.029296875
3 0.40625 0.6796875 0.41015625 0.6875 0.40625 0.7005208333333334 0.4036458333333333 0.7005208333333334 0.3997395833333333 0.6953125 0.3997395833333333 0.68359375 0.4049479166666667 0.6796875
3 0.5716145833333334 0.7408854166666666 0.57421875 0.7408854166666666 0.5807291666666666 0.7526041666666666 0.5807291666666666 0.7604166666666666 0.57421875 0.7630208333333334 0.5703125 0.7513020833333334 0.5716145833333334 0.7421875
3 0.6281249999999999 0.15138888932291666 0.6281249999999999 0.15555555598958334 0.62734375 0.15694444401041666 0.62734375 0.1625 0.6281249999999999 0.16388888932291668 0.63046875 0.16527777734375002 0.6375000000000001 0.15138888932291666 0.6375000000000001 0.14583333333333334 0.6359374999999999 0.14305555598958333 0.6328125 0.14166666666666666 0.6296875000000001 0.14444444401041667 0.6281249999999999 0.15138888932291666