1 0.46171875 0.31388888932291664 0.46249999999999997 0.3125 0.46249999999999997 0.30833333333333335 0.46328125000000003 0.30694444401041665 0.46015625 0.30416666666666664 0.45859374999999997 0.30555555598958334 0.4578125 0.30833333333333335 0.45859374999999997 0.3125 0.45937500000000003 0.31388888932291664 0.46171875 0.31388888932291664
0 0 0.4166666666666667 0.022135416666666668 0.4166666666666667 0.0234375 0.4192708333333333 0.08723958333333333 0.4205729166666667 0.09635416666666667 0.421875 0.11067708333333333 0.4296875 0.12239583333333333 0.4427083333333333 0.13411458333333334 0.4635416666666667 0.14192708333333334 0.4895833333333333 0.14583333333333334 0.52734375 0.14322916666666666 0.5638020833333334 0.13411458333333334 0.59375 0.12239583333333333 0.61328125 0.11067708333333333 0.6263020833333334 0.09635416666666667 0.6341145833333334 0 0.6328125 0 0.625 0.010416666666666666 0.625 0.01171875 0.6276041666666666 0.07421875 0.6302083333333334 0.08984375 0.6302083333333334 0.09895833333333333 0.6276041666666666 0.11588541666666667 0.61328125 0.13151041666666666 0.5885416666666666 0.13932291666666666 0.5651041666666666 0.14192708333333334 0.53125 0.140625 0.5026041666666666 0.13541666666666666 0.4778645833333333 0.125 0.4544270833333333 0.11067708333333333 0.4361979166666667 0.09765625 0.4283854166666667 0.08723958333333333 0.42578125 0 0.4231770833333333 0 0.41796875
0 0.8828125 0.4505208333333333 0.9778645833333334 0.4544270833333333 0.9791666666666666 0.4596354166666667 0.92578125 0.4596354166666667 0.9244791666666666 0.45703125 0.9088541666666666 0.4596354166666667 0.9075520833333334 0.45703125 0.8658854166666666 0.4557291666666667 0.8515625 0.4622395833333333 0.8385416666666666 0.47265625 0.8229166666666666 0.4986979166666667 0.8138020833333334 0.5338541666666666 0.8138020833333334 0.58203125 0.8190104166666666 0.60546875 0.8268229166666666 0.6263020833333334 0.84375 0.6484375 0.859375 0.6575520833333334 0.8736979166666666 0.66015625 0.9153645833333334 0.66015625 0.9778645833333334 0.6640625 0.9752604166666666 0.6692708333333334 0.9283854166666666 0.66796875 0.9270833333333334 0.6653645833333334 0.8776041666666666 0.6653645833333334 0.8580729166666666 0.6627604166666666 0.8450520833333334 0.65625 0.8346354166666666 0.6471354166666666 0.8203125 0.62109375 0.8125 0.5950520833333334 0.8098958333333334 0.5690104166666666 0.8111979166666666 0.5325520833333334 0.8203125 0.4947916666666667 0.8307291666666666 0.4752604166666667 0.84765625 0.45703125 0.8645833333333334 0.4505208333333333 0.8815104166666666 0.4505208333333333
2 0.48046875 0.5625 0.48046875 0.5677083333333334 0.4778645833333333 0.5703125 0.4791666666666667 0.6575520833333334 0.4752604166666667 0.8229166666666666 0.4752604166666667 0.94921875 0.47265625 0.95703125 0.4713541666666667 0.9453125 0.4752604166666667 0.7356770833333334 0.4752604166666667 0.6041666666666666 0.4765625 0.5690104166666666 0.48046875 0.56640625 0.48046875 0.5638020833333334
3 0.3958333333333333 0.5338541666666666 0.3997395833333333 0.5390625 0.3997395833333333 0.5481770833333334 0.3971354166666667 0.55078125 0.390625 0.5442708333333334 0.390625 0.5364583333333334 0.39453125 0.5338541666666666
3 0.57421875 0.4244791666666667 0.578125 0.42578125 0.5794270833333334 0.4296875 0.5768229166666666 0.4440104166666667 0.5703125 0.4453125 0.56640625 0.4388020833333333 0.56640625 0.4322916666666667 0.5729166666666666 0.42578125
3 0.4713541666666667 0.5260416666666666 0.4752604166666667 0.5364583333333334 0.4752604166666667 0.5442708333333334 0.4713541666666667 0.5520833333333334 0.46875 0.5520833333333334 0.46484375 0.546875 0.4622395833333333 0.5364583333333334 0.4635416666666667 0.5286458333333334 0.4700520833333333 0.5260416666666666
3 0.5247395833333334 0.20182291666666666 0.009114583333333334 0.026692708333333332
3 0.2786458333333333 0.7200520833333334 0.2825520833333333 0.7408854166666666 0.2799479166666667 0.7434895833333334 0.2708333333333333 0.7408854166666666 0.2786458333333333 0.7213541666666666
3 0.4361979166666667 0.609375 0.4401041666666667 0.6158854166666666 0.4401041666666667 0.6263020833333334 0.4361979166666667 0.6263020833333334 0.43359375 0.6223958333333334 0.4322916666666667 0.6158854166666666 0.4348958333333333 0.6106770833333334
3 0.35546875 0.2552083333333333 0.3619791666666667 0.2669270833333333 0.3619791666666667 0.2747395833333333 0.35546875 0.2786458333333333 0.3515625 0.2734375 0.3541666666666667 0.2565104166666667
3 0.61328125 0.703125 0.6171875 0.7057291666666666 0.6158854166666666 0.7213541666666666 0.609375 0.7213541666666666 0.6028645833333334 0.7109375 0.6028645833333334 0.7057291666666666 0.60546875 0.703125 0.6119791666666666 0.703125
3 0.48046875 0.390625 0.4856770833333333 0.390625 0.48828125 0.3997395833333333 0.4869791666666667 0.4088541666666667 0.48046875 0.40625 0.4778645833333333 0.4010416666666667 0.48046875 0.3919270833333333
3 0.15156250000000002 0.5666666666666667 0.16484374999999998 0.55972222265625 0.15156250000000002 0.5513888893229166 0.15156250000000002 0.5666666666666667
3 0.4453125 0.79722222265625 0.453125 0.80277777734375 0.4484375 0.7805555559895834 0.4453125 0.79722222265625
3 0.4974375 0.7555972226562501 0.49929453124999995 0.77193472265625 0.5098359375 0.7634208333333333 0.5024093749999999 0.7540569440104167 0.4974375 0.7555972226562501