1 0.41250000000000003 0.7041666666666666 0.41250000000000003 0.6986111106770833 0.4109375 0.69722222265625 0.40859375000000003 0.7013888893229167 0.409375 0.7055555559895833 0.41171874999999997 0.7055555559895833 0.41250000000000003 0.7041666666666666
0 0 0.4114583333333333 0.08723958333333333 0.4140625 0.10286458333333333 0.421875 0.11588541666666667 0.4348958333333333 0.12630208333333334 0.4518229166666667 0.13541666666666666 0.4791666666666667 0.13932291666666666 0.5078125 0.13802083333333334 0.5520833333333334 0.13411458333333334 0.5703125 0.12239583333333333 0.59765625 0.11588541666666667 0.6080729166666666 0.10286458333333333 0.62109375 0.08984375 0.6276041666666666 0 0.6263020833333334 0 0.6197916666666666 0.08723958333333333 0.6223958333333334 0.10286458333333333 0.6145833333333334 0.11197916666666667 0.60546875 0.12760416666666666 0.578125 0.13541666666666666 0.5494791666666666 0.13671875 0.5338541666666666 0.13671875 0.5091145833333334 0.13151041666666666 0.4765625 0.11979166666666667 0.4479166666666667 0.10286458333333333 0.4283854166666667 0.08723958333333333 0.4205729166666667 0 0.41796875 0 0.4127604166666667
0 0.9661458333333334 0.4479166666666667 0.9700520833333334 0.4505208333333333 0.96875 0.453125 0.8515625 0.4505208333333333 0.8424479166666666 0.4544270833333333 0.8229166666666666 0.4739583333333333 0.8111979166666666 0.4986979166666667 0.8046875 0.53515625 0.8059895833333334 0.55078125 0.8033854166666666 0.5533854166666666 0.8059895833333334 0.55859375 0.8046875 0.5716145833333334 0.8072916666666666 0.58984375 0.8138020833333334 0.609375 0.8229166666666666 0.6276041666666666 0.8385416666666666 0.6432291666666666 0.8515625 0.6510416666666666 0.9505208333333334 0.6549479166666666 0.9635416666666666 0.65625 0.9661458333333334 0.6575520833333334 0.9635416666666666 0.66015625 0.8802083333333334 0.6588541666666666 0.8515625 0.65625 0.83984375 0.6510416666666666 0.82421875 0.63671875 0.8111979166666666 0.61328125 0.80078125 0.5703125 0.8033854166666666 0.5598958333333334 0.8020833333333334 0.53125 0.8072916666666666 0.5 0.81640625 0.48046875 0.81640625 0.4765625 0.83203125 0.4557291666666667 0.8411458333333334 0.44921875 0.8515625 0.4453125 0.96484375 0.4479166666666667
2 0.4739583333333333 0.2916666666666667 0.4739583333333333 0.6276041666666666 0.4713541666666667 0.6315104166666666 0.46875 0.9114583333333334 0.4674479166666667 0.9479166666666666 0.46484375 0.9466145833333334 0.46484375 0.8932291666666666 0.4674479166666667 0.8580729166666666 0.46875 0.5872395833333334 0.4713541666666667 0.55078125 0.4713541666666667 0.3072916666666667 0.4739583333333333 0.29296875
3 0.23697916666666666 0.484375 0.23697916666666666 0.50390625 0.23046875 0.5052083333333334 0.22786458333333334 0.4986979166666667 0.22135416666666666 0.4973958333333333 0.22135416666666666 0.4921875 0.22395833333333334 0.4895833333333333 0.23567708333333334 0.4856770833333333
3 0.2799479166666667 0.8294270833333334 0.2838541666666667 0.828125 0.2916666666666667 0.83203125 0.2903645833333333 0.8411458333333334 0.2838541666666667 0.84765625 0.2799479166666667 0.84765625 0.2799479166666667 0.8307291666666666
3 0.5143229166666666 0.6588541666666666 0.5208333333333334 0.6588541666666666 0.5221354166666666 0.6614583333333334 0.5221354166666666 0.6783854166666666 0.5182291666666666 0.6770833333333334 0.5143229166666666 0.6666666666666666 0.5104166666666666 0.6640625 0.5104166666666666 0.66015625 0.5130208333333334 0.6588541666666666
3 0.5924479166666666 0.5266927083333334 0.015625 0.035807291666666664
3 0.48046875 0.8619791666666666 0.4830729166666667 0.86328125 0.4830729166666667 0.8671875 0.4856770833333333 0.8697916666666666 0.4895833333333333 0.8893229166666666 0.48828125 0.8932291666666666 0.484375 0.89453125 0.48046875 0.8880208333333334 0.48046875 0.86328125
3 0.4140625 0.68359375 0.421875 0.6809895833333334 0.4244791666666667 0.6848958333333334 0.421875 0.7005208333333334 0.41796875 0.703125 0.4153645833333333 0.7018229166666666 0.4127604166666667 0.7057291666666666 0.41015625 0.7057291666666666 0.4088541666666667 0.703125 0.4127604166666667 0.6953125 0.4140625 0.6848958333333334
3 0.23177083333333334 0.20182291666666666 0.23697916666666666 0.20833333333333334 0.24088541666666666 0.22135416666666666 0.24088541666666666 0.2265625 0.23697916666666666 0.23177083333333334 0.23046875 0.22395833333333334 0.2265625 0.21223958333333334 0.2265625 0.20572916666666666 0.23046875 0.20182291666666666
3 0.07682291666666667 0.5 0.08072916666666667 0.5 0.08072916666666667 0.515625 0.07421875 0.515625 0.07161458333333333 0.5182291666666666 0.06640625 0.5182291666666666 0.06510416666666667 0.515625 0.06510416666666667 0.5052083333333334 0.07682291666666667 0.5013020833333334
3 0.7825520833333334 0.5416666666666666 0.7890625 0.5455729166666666 0.79296875 0.5416666666666666 0.796875 0.5416666666666666 0.8020833333333334 0.55078125 0.796875 0.5638020833333334 0.7916666666666666 0.5638020833333334 0.7864583333333334 0.5572916666666666 0.7825520833333334 0.54296875
3 0.546875 0.3151041666666667 0.55078125 0.3255208333333333 0.5481770833333334 0.33984375 0.54296875 0.33984375 0.54296875 0.3203125 0.5455729166666666 0.31640625
3 0.24453125 0.3805555559895833 0.24453125 0.3888888893229167 0.2484375 0.39305555598958336 0.2546875 0.38611111067708337 0.24453125 0.3805555559895833
3 0.46328125000000003 0.2833333333333333 0.46640624999999997 0.27638888932291666 0.46796875 0.2694444440104167 0.46796875 0.25833333333333336 0.465625 0.25416666666666665 0.46328125000000003 0.25277777734375 0.46171875 0.25416666666666665 0.45937500000000003 0.25416666666666665 0.45625 0.25833333333333336 0.45546875000000003 0.2611111106770833 0.45546875000000003 0.2694444440104167 0.46015625 0.28611111067708334 0.46328125000000003 0.2833333333333333