0 0 0.4140625 0.08854166666666667 0.4166666666666667 0.08984375 0.4192708333333333 0.10546875 0.4244791666666667 0.11588541666666667 0.43359375 0.13020833333333334 0.4557291666666667 0.13802083333333334 0.4791666666666667 0.14322916666666666 0.5169270833333334 0.13932291666666666 0.5638020833333334 0.13020833333333334 0.5924479166666666 0.11848958333333333 0.6106770833333334 0.09895833333333333 0.6276041666666666 0 0.6276041666666666 0 0.62109375 0.08854166666666667 0.6236979166666666 0.10286458333333333 0.6184895833333334 0.11588541666666667 0.60546875 0.12760416666666666 0.5872395833333334 0.1328125 0.5677083333333334 0.13541666666666666 0.5651041666666666 0.13671875 0.5494791666666666 0.13932291666666666 0.5455729166666666 0.13932291666666666 0.5026041666666666 0.13411458333333334 0.4778645833333333 0.12369791666666667 0.4518229166666667 0.11067708333333333 0.4348958333333333 0.1015625 0.4283854166666667 0.08854166666666667 0.4231770833333333 0.0078125 0.421875 0 0.4205729166666667 0 0.4153645833333333
0 0.82421875 0.63671875 0.8125 0.6158854166666666 0.80859375 0.6067708333333334 0.8072916666666666 0.5963541666666666 0.8046875 0.59375 0.80078125 0.5690104166666666 0.80078125 0.5338541666666666 0.8072916666666666 0.4986979166666667 0.81640625 0.4765625 0.8333333333333334 0.4544270833333333 0.8502604166666666 0.4453125 0.9518229166666666 0.4466145833333333 0.9661458333333334 0.4479166666666667 0.9674479166666666 0.453125 0.8502604166666666 0.4505208333333333 0.83984375 0.4557291666666667 0.8255208333333334 0.4700520833333333 0.8138020833333334 0.4908854166666667 0.8111979166666666 0.5065104166666666 0.8059895833333334 0.5208333333333334 0.8059895833333334 0.5286458333333334 0.8033854166666666 0.5325520833333334 0.8033854166666666 0.5690104166666666 0.8059895833333334 0.57421875 0.8098958333333334 0.5989583333333334 0.8190104166666666 0.6197916666666666 0.8255208333333334 0.6302083333333334 0.8385416666666666 0.6432291666666666 0.8528645833333334 0.6510416666666666 0.9635416666666666 0.6549479166666666 0.9661458333333334 0.65625 0.9661458333333334 0.6588541666666666 0.9518229166666666 0.66015625 0.85546875 0.65625 0.83984375 0.6510416666666666 0.8255208333333334 0.63671875
1 0.47500000000000003 0.53472222265625 0.47500000000000003 0.52777777734375 0.47421874999999997 0.5263888893229166 0.471875 0.5263888893229166 0.47109375000000003 0.52777777734375 0.47109375000000003 0.53472222265625 0.47421874999999997 0.5361111106770834 0.47500000000000003 0.53472222265625
2 0.47265625 0.5325520833333334 0.4752604166666667 0.5325520833333334 0.4752604166666667 0.5533854166666666 0.4739583333333333 0.6341145833333334 0.4713541666666667 0.6692708333333334 0.4713541666666667 0.8658854166666666 0.46875 0.9283854166666666 0.4700520833333333 0.9453125 0.4674479166666667 0.9479166666666666 0.4661458333333333 0.9453125 0.4700520833333333 0.6510416666666666 0.46875 0.6171875 0.4713541666666667 0.6067708333333334 0.47265625 0.5338541666666666
3 0.6901041666666666 0.55078125 0.6940104166666666 0.5598958333333334 0.6927083333333334 0.5690104166666666 0.6901041666666666 0.5703125 0.68359375 0.5677083333333334 0.6822916666666666 0.5572916666666666 0.68359375 0.5520833333333334 0.6888020833333334 0.55078125
3 0.47265625 0.51171875 0.4791666666666667 0.515625 0.4778645833333333 0.5338541666666666 0.47265625 0.5364583333333334 0.47265625 0.5130208333333334
3 0.10546875 0.47265625 0.10807291666666667 0.4739583333333333 0.10677083333333333 0.48828125 0.09895833333333333 0.4895833333333333 0.09244791666666667 0.4934895833333333 0.09244791666666667 0.4895833333333333 0.08984375 0.4869791666666667 0.09375 0.4765625 0.1015625 0.4765625 0.10416666666666667 0.4739583333333333
3 0.2721354166666667 0.20703125 0.2760416666666667 0.2109375 0.2799479166666667 0.2109375 0.2825520833333333 0.21484375 0.2825520833333333 0.2265625 0.2799479166666667 0.22786458333333334 0.2799479166666667 0.23046875 0.2760416666666667 0.23046875 0.26953125 0.22005208333333334 0.2708333333333333 0.20833333333333334
3 0.6158854166666666 0.18619791666666666 0.61328125 0.18098958333333334 0.61328125 0.171875 0.6171875 0.1640625 0.62109375 0.1640625 0.6236979166666666 0.16666666666666666 0.6236979166666666 0.17578125 0.6197916666666666 0.18489583333333334 0.6171875 0.18619791666666666
3 0.4427083333333333 0.640625 0.4427083333333333 0.6575520833333334 0.4388020833333333 0.6575520833333334 0.4361979166666667 0.6536458333333334 0.4361979166666667 0.6419270833333334 0.44140625 0.640625
3 0.4114583333333333 0.8606770833333334 0.4153645833333333 0.86328125 0.4153645833333333 0.8919270833333334 0.4127604166666667 0.8919270833333334 0.40625 0.8736979166666666 0.40625 0.86328125 0.41015625 0.8606770833333334
3 0.59765625 0.82421875 0.6028645833333334 0.82421875 0.6067708333333334 0.828125 0.6080729166666666 0.8359375 0.60546875 0.84765625 0.6015625 0.84375 0.6002604166666666 0.8307291666666666 0.59765625 0.8255208333333334
3 0.21223958333333334 0.14322916666666666 0.21614583333333334 0.14583333333333334 0.21744791666666666 0.15234375 0.21484375 0.16015625 0.20703125 0.15755208333333334 0.203125 0.14973958333333334 0.20572916666666666 0.14192708333333334 0.2109375 0.14322916666666666
3 0.48046875 0.14583333333333334 0.4869791666666667 0.14583333333333334 0.4908854166666667 0.15104166666666666 0.4895833333333333 0.17578125 0.4869791666666667 0.17838541666666666 0.4830729166666667 0.17838541666666666 0.4765625 0.15885416666666666 0.48046875 0.14713541666666666
3 0.703125 0.7018229166666666 0.7096354166666666 0.7109375 0.7083333333333334 0.7265625 0.7044270833333334 0.7278645833333334 0.69921875 0.7174479166666666 0.69921875 0.7083333333333334 0.7018229166666666 0.703125
3 0.8268229166666666 0.5091145833333334 0.8333333333333334 0.5182291666666666 0.8333333333333334 0.52734375 0.8307291666666666 0.5325520833333334 0.8268229166666666 0.5338541666666666 0.82421875 0.53125 0.8177083333333334 0.53125 0.8177083333333334 0.5182291666666666 0.8216145833333334 0.5169270833333334 0.8255208333333334 0.5104166666666666