1 0.38203125 0.7166666666666667 0.38515625000000003 0.7166666666666667 0.3828125 0.7097222226562501 0.38203125 0.7166666666666667
0 0 0.4166666666666667 0.05078125 0.4166666666666667 0.052083333333333336 0.4192708333333333 0.08984375 0.4192708333333333 0.11197916666666667 0.42578125 0.12369791666666667 0.4361979166666667 0.12369791666666667 0.4388020833333333 0.13411458333333334 0.4518229166666667 0.14192708333333334 0.4700520833333333 0.14973958333333334 0.5078125 0.14973958333333334 0.5442708333333334 0.14322916666666666 0.578125 0.13020833333333334 0.6067708333333334 0.11067708333333333 0.6263020833333334 0.09505208333333333 0.6315104166666666 0 0.62890625 0 0.6223958333333334 0.048177083333333336 0.6223958333333334 0.08854166666666667 0.625 0.10677083333333333 0.62109375 0.12369791666666667 0.6067708333333334 0.13541666666666666 0.5872395833333334 0.14322916666666666 0.5651041666666666 0.14713541666666666 0.5390625 0.14713541666666666 0.5130208333333334 0.13932291666666666 0.4739583333333333 0.12890625 0.4518229166666667 0.11328125 0.43359375 0.09635416666666667 0.42578125 0.00390625 0.4231770833333333 0 0.421875 0 0.41796875
0 0.9049479166666666 0.4479166666666667 0.97265625 0.4505208333333333 0.9739583333333334 0.4557291666666667 0.8567708333333334 0.453125 0.84765625 0.45703125 0.83984375 0.4635416666666667 0.8307291666666666 0.47265625 0.8229166666666666 0.4856770833333333 0.8111979166666666 0.5182291666666666 0.80859375 0.5377604166666666 0.80859375 0.56640625 0.8138020833333334 0.59765625 0.8177083333333334 0.6041666666666666 0.8190104166666666 0.61328125 0.8268229166666666 0.6276041666666666 0.83984375 0.6419270833333334 0.8515625 0.6510416666666666 0.8619791666666666 0.6536458333333334 0.96875 0.6575520833333334 0.9700520833333334 0.6614583333333334 0.8828125 0.66015625 0.8515625 0.65625 0.83984375 0.6497395833333334 0.8307291666666666 0.640625 0.81640625 0.6171875 0.8151041666666666 0.609375 0.8125 0.6067708333333334 0.8072916666666666 0.5846354166666666 0.8059895833333334 0.56640625 0.8072916666666666 0.5247395833333334 0.8111979166666666 0.5065104166666666 0.82421875 0.4739583333333333 0.83984375 0.4557291666666667 0.85546875 0.4479166666666667 0.9036458333333334 0.4479166666666667
2 0.48046875 0.12760416666666666 0.4830729166666667 0.13151041666666666 0.4830729166666667 0.2799479166666667 0.4791666666666667 0.46875 0.4791666666666667 0.6197916666666666 0.4752604166666667 0.62109375 0.48046875 0.12890625
3 0.37109375 0.734375 0.3802083333333333 0.7317708333333334 0.3815104166666667 0.73828125 0.3815104166666667 0.7447916666666666 0.3763020833333333 0.74609375 0.37109375 0.7356770833333334
3 0.5377604166666666 0.5091145833333334 0.5403645833333334 0.5091145833333334 0.54296875 0.5143229166666666 0.54296875 0.5247395833333334 0.5377604166666666 0.5260416666666666 0.53515625 0.5234375 0.53515625 0.5130208333333334 0.5377604166666666 0.5104166666666666
3 0.4921875 0.26171875 0.49609375 0.2630208333333333 0.4986979166666667 0.26953125 0.4986979166666667 0.2838541666666667 0.4947916666666667 0.2864583333333333 0.4908854166666667 0.2734375 0.4921875 0.2630208333333333
3 0.4791666666666667 0.62109375 0.4817708333333333 0.6236979166666666 0.48046875 0.6393229166666666 0.4765625 0.6393229166666666 0.4700520833333333 0.6341145833333334 0.47265625 0.625 0.4778645833333333 0.62109375
3 0.41015625 0.4348958333333333 0.4153645833333333 0.4348958333333333 0.4192708333333333 0.4427083333333333 0.4192708333333333 0.4518229166666667 0.4153645833333333 0.4518229166666667 0.41015625 0.4453125 0.41015625 0.4361979166666667
3 0.6263020833333334 0.5078125 0.6302083333333334 0.515625 0.6302083333333334 0.5221354166666666 0.6263020833333334 0.52734375 0.62109375 0.5260416666666666 0.6197916666666666 0.5234375 0.6197916666666666 0.5104166666666666 0.6223958333333334 0.5065104166666666 0.625 0.5078125
3 0.3541666666666667 0.5950520833333334 0.35546875 0.5989583333333334 0.3502604166666667 0.6145833333333334 0.34375 0.6106770833333334 0.3424479166666667 0.5989583333333334 0.3528645833333333 0.5950520833333334
3 0.3209635416666667 0.3639322916666667 0.012369791666666666 0.016927083333333332
3 0.4557291666666667 0.22395833333333334 0.4635416666666667 0.2265625 0.4635416666666667 0.2421875 0.4622395833333333 0.24479166666666666 0.45703125 0.24479166666666666 0.4557291666666667 0.22526041666666666
3 0.3958333333333333 0.5598958333333334 0.39453125 0.5729166666666666 0.3919270833333333 0.5768229166666666 0.3828125 0.5703125 0.3828125 0.5625 0.3854166666666667 0.5598958333333334 0.39453125 0.5598958333333334
3 0.4557291666666667 0.6875 0.4583333333333333 0.6901041666666666 0.4583333333333333 0.70703125 0.4557291666666667 0.7096354166666666 0.4518229166666667 0.703125 0.4518229166666667 0.6953125 0.4557291666666667 0.6888020833333334
3 0.46796875 0.45555555598958336 0.46171875 0.4513888893229167 0.45625 0.45555555598958336 0.45546875000000003 0.4666666666666666 0.46015625 0.47361111067708334 0.465625 0.47361111067708334 0.46796875 0.45555555598958336