1 0.46953125 0.52222222265625 0.46875 0.5208333333333334 0.46640624999999997 0.5208333333333334 0.465625 0.525 0.46640624999999997 0.52777777734375 0.46953125 0.52777777734375 0.46953125 0.52222222265625
3 0.6549479166666666 0.5768229166666666 0.6640625 0.57421875 0.6666666666666666 0.5807291666666666 0.6653645833333334 0.5911458333333334 0.66015625 0.5963541666666666 0.65625 0.59375 0.6549479166666666 0.58984375 0.6549479166666666 0.578125
3 0.5091145833333334 0.71484375 0.51171875 0.71484375 0.5143229166666666 0.7200520833333334 0.5143229166666666 0.734375 0.51171875 0.73828125 0.5091145833333334 0.7369791666666666 0.5091145833333334 0.7161458333333334
3 0.4557291666666667 0.26171875 0.453125 0.25 0.44921875 0.24348958333333334 0.4557291666666667 0.23828125 0.4596354166666667 0.24088541666666666 0.4622395833333333 0.2526041666666667 0.4596354166666667 0.2604166666666667 0.45703125 0.26171875
3 0.5638020833333334 0.5559895833333334 0.56640625 0.5651041666666666 0.5651041666666666 0.57421875 0.5611979166666666 0.57421875 0.5572916666666666 0.5598958333333334 0.5598958333333334 0.5546875 0.5625 0.5559895833333334
3 0.41796875 0.5859375 0.4231770833333333 0.5885416666666666 0.421875 0.6028645833333334 0.41796875 0.6002604166666666 0.4166666666666667 0.5963541666666666 0.41796875 0.5872395833333334
3 0.3658854166666667 0.3203125 0.3697916666666667 0.3255208333333333 0.3697916666666667 0.3372395833333333 0.3658854166666667 0.33984375 0.359375 0.3346354166666667 0.359375 0.32421875 0.3645833333333333 0.3216145833333333
3 0.4010416666666667 0.76953125 0.4049479166666667 0.7864583333333334 0.4036458333333333 0.79296875 0.3984375 0.79296875 0.3958333333333333 0.7877604166666666 0.4010416666666667 0.7708333333333334
3 0.5013020833333334 0.62109375 0.5026041666666666 0.6380208333333334 0.4986979166666667 0.6419270833333334 0.4947916666666667 0.6380208333333334 0.4934895833333333 0.6302083333333334 0.49609375 0.6223958333333334 0.5 0.62109375
3 0.51953125 0.4622395833333333 0.5221354166666666 0.4622395833333333 0.5247395833333334 0.4674479166666667 0.5247395833333334 0.48046875 0.5234375 0.4830729166666667 0.51953125 0.4830729166666667 0.51953125 0.4635416666666667
3 0.5345052083333334 0.2701822916666667 0.010416666666666666 0.026692708333333332
3 0.47031249999999997 0.4430555559895833 0.47031249999999997 0.4583333333333333 0.48203124999999997 0.45972222265625 0.48046875 0.44166666666666665 0.47421874999999997 0.43888888932291664 0.47031249999999997 0.4430555559895833
3 0.43984375000000003 0.42083333333333334 0.440625 0.4083333333333334 0.4328125 0.4069444440104167 0.43515624999999997 0.41944444401041664 0.43984375000000003 0.42083333333333334
2 0.4752604166666667 0.4700520833333333 0.4778645833333333 0.4700520833333333 0.4778645833333333 0.640625 0.4752604166666667 0.6744791666666666 0.4739583333333333 0.953125 0.4700520833333333 0.953125 0.4752604166666667 0.4713541666666667
0 0.80859375 0.5916666666666667 0.8054687500000001 0.5541666666666667 0.80859375 0.5236111106770833 0.81640625 0.49861111067708336 0.828125 0.47777777734375 0.84140625 0.46388888932291666 0.85703125 0.4583333333333333 0.9703125 0.4611111106770833 0.97109375 0.4569444440104167 0.84765625 0.45416666666666666 0.83203125 0.46527777734375 0.8203125 0.4805555559895833 0.8046875 0.5263888893229166 0.80234375 0.5680555559895833 0.80703125 0.6013888893229167 0.8234374999999999 0.64027777734375 0.83828125 0.6555555559895833 0.865625 0.6638888893229167 0.9617187500000001 0.6638888893229167 0.8453125 0.6541666666666667 0.83046875 0.6416666666666667 0.8140625 0.6124999999999999 0.80859375 0.5916666666666667
0 0 0.6333333333333333 0.09999999999999999 0.6361111106770834 0.1125 0.6305555559895833 0.12734375 0.61527777734375 0.13984375000000002 0.59027777734375 0.14921874999999998 0.5444444440104167 0.14765625000000002 0.5041666666666667 0.13984375000000002 0.47361111067708334 0.12343749999999999 0.44444444401041666 0.1125 0.43333333333333335 0.09609374999999999 0.42638888932291663 0.00703125 0.4236111106770833 0 0.4236111106770833 0 0.43055555598958334 0.08828124999999999 0.4319444440104167 0.11328125 0.44027777734375 0.12343749999999999 0.45277777734375 0.1390625 0.48472222265625 0.14531249999999998 0.5194444440104167 0.14531249999999998 0.5486111106770833 0.13046875 0.6 0.1046875 0.6291666666666667 0 0.6291666666666667 0 0.6333333333333333