1 0.69765625 0.28611111067708334 0.69921875 0.2888888893229167 0.7015625 0.28750000000000003 0.7023437499999999 0.28472222265624997 0.7023437499999999 0.2819444440104167 0.7015625 0.2805555559895833 0.6984374999999999 0.2805555559895833 0.69765625 0.2833333333333333 0.69765625 0.28611111067708334
0 0.9986979166666666 0.4322916666666667 0.9986979166666666 0.4401041666666667 0.91796875 0.44140625 0.90234375 0.4466145833333333 0.8893229166666666 0.4583333333333333 0.87890625 0.4739583333333333 0.8671875 0.5091145833333334 0.8645833333333334 0.5299479166666666 0.8658854166666666 0.56640625 0.87109375 0.58984375 0.8815104166666666 0.61328125 0.8997395833333334 0.6354166666666666 0.9153645833333334 0.6419270833333334 0.9986979166666666 0.6393229166666666 0.9986979166666666 0.6471354166666666 0.9609375 0.6484375 0.9114583333333334 0.6484375 0.8958333333333334 0.6393229166666666 0.8841145833333334 0.6276041666666666 0.8723958333333334 0.60546875 0.86328125 0.5729166666666666 0.8619791666666666 0.5247395833333334 0.8645833333333334 0.50390625 0.8723958333333334 0.4778645833333333 0.8828125 0.4583333333333333 0.8919270833333334 0.4479166666666667 0.90625 0.4375 0.9127604166666666 0.4348958333333333 0.9309895833333334 0.43359375 0.9973958333333334 0.4322916666666667
0 0.03515625 0.4661458333333333 0.15234375 0.4635416666666667 0.1640625 0.46875 0.17578125 0.4791666666666667 0.18880208333333334 0.5 0.1953125 0.5169270833333334 0.19921875 0.5455729166666666 0.20182291666666666 0.55078125 0.20182291666666666 0.5859375 0.19791666666666666 0.6015625 0.19791666666666666 0.6119791666666666 0.18229166666666666 0.6497395833333334 0.16276041666666666 0.6692708333333334 0.15494791666666666 0.6731770833333334 0.140625 0.67578125 0.0390625 0.6783854166666666 0.036458333333333336 0.6770833333333334 0.037760416666666664 0.6731770833333334 0.1484375 0.6692708333333334 0.14973958333333334 0.6666666666666666 0.15364583333333334 0.6666666666666666 0.16666666666666666 0.6588541666666666 0.17708333333333334 0.6484375 0.18098958333333334 0.6393229166666666 0.18359375 0.6380208333333334 0.1953125 0.6080729166666666 0.19921875 0.58203125 0.19921875 0.55078125 0.19140625 0.515625 0.18359375 0.4986979166666667 0.16927083333333334 0.4791666666666667 0.15885416666666666 0.4713541666666667 0.14583333333333334 0.4674479166666667 0.11848958333333333 0.4700520833333333 0.10546875 0.46875 0.03515625 0.4713541666666667 0.03515625 0.4674479166666667
2 0.52734375 0.140625 0.5299479166666666 0.15234375 0.5286458333333334 0.21484375 0.53125 0.3528645833333333 0.53125 0.59375 0.5338541666666666 0.63671875 0.5364583333333334 0.88671875 0.5364583333333334 0.9661458333333334 0.53515625 0.9674479166666666 0.5338541666666666 0.96484375 0.5325520833333334 0.9453125 0.53125 0.6640625 0.5286458333333334 0.6380208333333334 0.52734375 0.14192708333333334
3 0.3463541666666667 0.5755208333333334 0.012369791666666666 0.018229166666666668
3 0.41015625 0.3072916666666667 0.4140625 0.3098958333333333 0.41796875 0.3177083333333333 0.41796875 0.3216145833333333 0.4140625 0.3268229166666667 0.41015625 0.328125 0.4075520833333333 0.3255208333333333 0.41015625 0.30859375
3 0.56640625 0.22135416666666666 0.5677083333333334 0.22786458333333334 0.5638020833333334 0.24088541666666666 0.5598958333333334 0.23958333333333334 0.5598958333333334 0.2265625 0.5651041666666666 0.22135416666666666
3 0.51171875 0.2838541666666667 0.515625 0.2825520833333333 0.5169270833333334 0.2864583333333333 0.5143229166666666 0.3033854166666667 0.51171875 0.3033854166666667 0.5078125 0.2955729166666667 0.5078125 0.2903645833333333 0.51171875 0.28515625
3 0.6692708333333334 0.2421875 0.6783854166666666 0.23828125 0.6822916666666666 0.23828125 0.6861979166666666 0.2421875 0.6848958333333334 0.2513020833333333 0.6783854166666666 0.2604166666666667 0.6731770833333334 0.2565104166666667 0.6692708333333334 0.24348958333333334
3 0.3984375 0.7005208333333334 0.4010416666666667 0.70703125 0.4010416666666667 0.7174479166666666 0.3971354166666667 0.7200520833333334 0.3932291666666667 0.7161458333333334 0.3932291666666667 0.7057291666666666 0.3971354166666667 0.7005208333333334
3 0.4401041666666667 0.3984375 0.4440104166666667 0.4036458333333333 0.4440104166666667 0.4153645833333333 0.4401041666666667 0.4231770833333333 0.4348958333333333 0.4231770833333333 0.4309895833333333 0.4153645833333333 0.4309895833333333 0.4049479166666667 0.4348958333333333 0.3984375 0.4388020833333333 0.3984375
3 0.4895833333333333 0.47265625 0.4934895833333333 0.47265625 0.5 0.4791666666666667 0.4947916666666667 0.4895833333333333 0.4895833333333333 0.4921875 0.4869791666666667 0.4895833333333333 0.4869791666666667 0.4778645833333333 0.4895833333333333 0.4739583333333333
3 0.19661458333333334 0.4635416666666667 0.1953125 0.4505208333333333 0.19921875 0.4466145833333333 0.20963541666666666 0.4479166666666667 0.2109375 0.453125 0.20963541666666666 0.4609375 0.20572916666666666 0.4674479166666667 0.20182291666666666 0.4674479166666667 0.19791666666666666 0.4635416666666667
3 0.2903645833333333 0.296875 0.296875 0.3046875 0.3020833333333333 0.3072916666666667 0.2955729166666667 0.3203125 0.2903645833333333 0.3190104166666667 0.2864583333333333 0.3072916666666667 0.2864583333333333 0.2981770833333333 0.2890625 0.296875
3 0.3619791666666667 0.6419270833333334 0.3619791666666667 0.6484375 0.35546875 0.6575520833333334 0.3515625 0.6510416666666666 0.3515625 0.6419270833333334 0.3541666666666667 0.6393229166666666 0.3580729166666667 0.6393229166666666 0.3606770833333333 0.6419270833333334
3 0.4520015625 0.8994222226562499 0.45722578125 0.9037541666666667 0.45931640625 0.89014027734375 0.45618125 0.8701875 0.451653125 0.8814763893229167 0.44921484375000004 0.8895208333333334 0.4520015625 0.8994222226562499