1 0.32109375 0.36388888932291663 0.32421875 0.3666666666666667 0.32265625000000003 0.35833333333333334 0.32109375 0.36388888932291663
0 0 0.4348958333333333 0.08203125 0.4361979166666667 0.08854166666666667 0.4375 0.08984375 0.4401041666666667 0.10546875 0.4466145833333333 0.11588541666666667 0.45703125 0.12760416666666666 0.4778645833333333 0.13411458333333334 0.4947916666666667 0.13932291666666666 0.5286458333333334 0.13802083333333334 0.5755208333333334 0.13020833333333334 0.60546875 0.11588541666666667 0.6302083333333334 0.10546875 0.640625 0.09635416666666667 0.6471354166666666 0.08463541666666667 0.6510416666666666 0 0.6484375 0 0.6419270833333334 0.08854166666666667 0.6432291666666666 0.10286458333333333 0.6354166666666666 0.11588541666666667 0.62109375 0.12760416666666666 0.5989583333333334 0.13541666666666666 0.5716145833333334 0.13671875 0.5455729166666666 0.13541666666666666 0.5169270833333334 0.13151041666666666 0.5 0.12109375 0.4739583333333333 0.10677083333333333 0.4544270833333333 0.09765625 0.4479166666666667 0.08723958333333333 0.4440104166666667 0 0.44140625 0 0.4361979166666667
0 0.87890625 0.46484375 0.9635416666666666 0.4674479166666667 0.9674479166666666 0.4713541666666667 0.9205729166666666 0.47265625 0.8515625 0.4700520833333333 0.8359375 0.4778645833333333 0.8190104166666666 0.4973958333333333 0.8111979166666666 0.5130208333333334 0.8059895833333334 0.5364583333333334 0.8033854166666666 0.5403645833333334 0.8020833333333334 0.5846354166666666 0.8033854166666666 0.59765625 0.8059895833333334 0.6015625 0.8059895833333334 0.609375 0.8111979166666666 0.6276041666666666 0.8255208333333334 0.65234375 0.8359375 0.6627604166666666 0.8450520833333334 0.6666666666666666 0.8463541666666666 0.6692708333333334 0.8580729166666666 0.671875 0.8919270833333334 0.671875 0.91015625 0.6744791666666666 0.9518229166666666 0.6744791666666666 0.9635416666666666 0.67578125 0.96484375 0.6783854166666666 0.9622395833333334 0.6809895833333334 0.8658854166666666 0.6783854166666666 0.8450520833333334 0.6744791666666666 0.8346354166666666 0.6692708333333334 0.8346354166666666 0.6666666666666666 0.82421875 0.6588541666666666 0.81640625 0.6484375 0.8151041666666666 0.6419270833333334 0.8072916666666666 0.6276041666666666 0.80078125 0.6028645833333334 0.7994791666666666 0.5533854166666666 0.8033854166666666 0.5260416666666666 0.8125 0.5 0.8268229166666666 0.4791666666666667 0.83984375 0.46875 0.8528645833333334 0.46484375 0.8776041666666666 0.46484375
2 0.46484375 0.9700520833333334 0.4635416666666667 0.8893229166666666 0.46484375 0.7825520833333334 0.4674479166666667 0.7395833333333334 0.46875 0.5104166666666666 0.47265625 0.5026041666666666 0.4700520833333333 0.7955729166666666 0.4674479166666667 0.8450520833333334 0.46875 0.8567708333333334 0.4661458333333333 0.9700520833333334
3 0.6575520833333334 0.5690104166666666 0.6627604166666666 0.5716145833333334 0.6640625 0.5768229166666666 0.6627604166666666 0.5807291666666666 0.6575520833333334 0.5846354166666666 0.6549479166666666 0.5846354166666666 0.6484375 0.578125 0.6510416666666666 0.5716145833333334 0.65625 0.5690104166666666
3 0.5494791666666666 0.3059895833333333 0.5520833333333334 0.3098958333333333 0.5520833333333334 0.32421875 0.546875 0.3268229166666667 0.5455729166666666 0.3098958333333333 0.5481770833333334 0.3072916666666667
3 0.6061197916666666 0.6549479166666666 0.01171875 0.020833333333333332
3 0.5091145833333334 0.8684895833333334 0.5143229166666666 0.8684895833333334 0.5208333333333334 0.8723958333333334 0.5208333333333334 0.88671875 0.515625 0.8880208333333334 0.5091145833333334 0.8697916666666666
3 0.4479166666666667 0.31640625 0.4544270833333333 0.3229166666666667 0.453125 0.3346354166666667 0.44921875 0.3372395833333333 0.4466145833333333 0.3294270833333333 0.4479166666666667 0.3177083333333333
3 0.578125 0.7083333333333334 0.5833333333333334 0.7109375 0.5833333333333334 0.7278645833333334 0.58203125 0.73046875 0.578125 0.73046875 0.578125 0.7096354166666666
3 0.46875 0.484375 0.4739583333333333 0.4869791666666667 0.47265625 0.5052083333333334 0.4674479166666667 0.4934895833333333 0.46875 0.4856770833333333
3 0.5260416666666666 0.3932291666666667 0.5286458333333334 0.3984375 0.5286458333333334 0.4127604166666667 0.5247395833333334 0.4205729166666667 0.51953125 0.4192708333333333 0.515625 0.4127604166666667 0.5182291666666666 0.3958333333333333 0.5208333333333334 0.3932291666666667 0.5247395833333334 0.3932291666666667
3 0.4322916666666667 0.23177083333333334 0.43359375 0.2265625 0.4388020833333333 0.22526041666666666 0.44140625 0.23307291666666666 0.4401041666666667 0.24088541666666666 0.4361979166666667 0.24088541666666666 0.43359375 0.23307291666666666
3 0.7825520833333334 0.47265625 0.7864583333333334 0.4778645833333333 0.7864583333333334 0.4856770833333333 0.7825520833333334 0.4895833333333333 0.7734375 0.48828125 0.7721354166666666 0.4856770833333333 0.7721354166666666 0.4713541666666667 0.7799479166666666 0.4700520833333333 0.78125 0.47265625
3 0.66796875 0.2955729166666667 0.6627604166666666 0.28515625 0.6705729166666666 0.2786458333333333 0.6731770833333334 0.2734375 0.6770833333333334 0.2760416666666667 0.6770833333333334 0.2838541666666667 0.6744791666666666 0.2942708333333333 0.671875 0.296875 0.6692708333333334 0.2955729166666667
3 0.3098958333333333 0.3307291666666667 0.3177083333333333 0.3463541666666667 0.3177083333333333 0.3567708333333333 0.3111979166666667 0.35546875 0.3072916666666667 0.3489583333333333 0.3059895833333333 0.3385416666666667 0.30859375 0.33203125