1 0.59375 0.6736111106770833 0.5921875 0.6819444440104167 0.5953125 0.6791666666666667 0.59375 0.6736111106770833
0 0.8763020833333334 0.4361979166666667 0.8854166666666666 0.4296875 0.8984375 0.4244791666666667 0.9986979166666666 0.421875 0.9986979166666666 0.4270833333333333 0.91015625 0.4296875 0.8919270833333334 0.4322916666666667 0.8763020833333334 0.4453125 0.8671875 0.45703125 0.8580729166666666 0.4765625 0.8515625 0.5 0.8502604166666666 0.5130208333333334 0.8502604166666666 0.5494791666666666 0.85546875 0.57421875 0.87109375 0.6080729166666666 0.8841145833333334 0.62109375 0.8984375 0.62890625 0.9752604166666666 0.6276041666666666 0.9765625 0.625 0.9986979166666666 0.625 0.9986979166666666 0.6328125 0.8997395833333334 0.6354166666666666 0.8880208333333334 0.6315104166666666 0.8802083333333334 0.6263020833333334 0.8684895833333334 0.61328125 0.8567708333333334 0.5911458333333334 0.8489583333333334 0.5651041666666666 0.8463541666666666 0.5286458333333334 0.8489583333333334 0.4947916666666667 0.8528645833333334 0.4791666666666667 0.8606770833333334 0.4583333333333333 0.8763020833333334 0.4375
0 0.12760416666666666 0.4505208333333333 0.14713541666666666 0.453125 0.15494791666666666 0.45703125 0.16666666666666666 0.4674479166666667 0.17447916666666666 0.4778645833333333 0.17447916666666666 0.4817708333333333 0.18229166666666666 0.4947916666666667 0.18619791666666666 0.5065104166666666 0.19140625 0.53125 0.19270833333333334 0.5651041666666666 0.19010416666666666 0.59375 0.18229166666666666 0.6197916666666666 0.16536458333333334 0.6471354166666666 0.15625 0.6549479166666666 0.14583333333333334 0.66015625 0.10807291666666667 0.6640625 0.04296875 0.6653645833333334 0.028645833333333332 0.6640625 0.028645833333333332 0.6614583333333334 0.037760416666666664 0.66015625 0.1328125 0.6575520833333334 0.14453125 0.6549479166666666 0.15494791666666666 0.6497395833333334 0.1640625 0.640625 0.171875 0.6302083333333334 0.18098958333333334 0.6119791666666666 0.18880208333333334 0.5807291666666666 0.18880208333333334 0.5325520833333334 0.1796875 0.4973958333333333 0.16796875 0.4765625 0.15885416666666666 0.4674479166666667 0.14322916666666666 0.4596354166666667 0.14192708333333334 0.45703125 0.13541666666666666 0.4557291666666667 0.0859375 0.45703125 0.08463541666666667 0.4596354166666667 0.024739583333333332 0.4609375 0.024739583333333332 0.4544270833333333 0.032552083333333336 0.453125 0.08463541666666667 0.453125 0.12630208333333334 0.4505208333333333
2 0.5169270833333334 0.5364583333333334 0.5169270833333334 0.4869791666666667 0.51953125 0.4778645833333333 0.5221354166666666 0.4765625 0.5221354166666666 0.71484375 0.5260416666666666 0.859375 0.5247395833333334 0.9518229166666666 0.5221354166666666 0.9427083333333334 0.5234375 0.9283854166666666 0.5208333333333334 0.9231770833333334 0.5221354166666666 0.8606770833333334 0.51953125 0.7369791666666666 0.5208333333333334 0.6861979166666666 0.5182291666666666 0.6692708333333334 0.5182291666666666 0.5377604166666666
3 0.43359375 0.5546875 0.4375 0.5546875 0.4388020833333333 0.5572916666666666 0.4388020833333333 0.56640625 0.4361979166666667 0.5716145833333334 0.43359375 0.5716145833333334 0.4309895833333333 0.56640625 0.4309895833333333 0.5598958333333334 0.43359375 0.5559895833333334
3 0.5169270833333334 0.6692708333333334 0.51953125 0.6796875 0.515625 0.6888020833333334 0.5130208333333334 0.6861979166666666 0.5130208333333334 0.6705729166666666 0.515625 0.6692708333333334
3 0.4934895833333333 0.5989583333333334 0.49609375 0.6015625 0.4973958333333333 0.609375 0.49609375 0.6171875 0.4921875 0.6171875 0.4921875 0.6119791666666666 0.4895833333333333 0.6080729166666666 0.4921875 0.6002604166666666
3 0.5364583333333334 0.23697916666666666 0.5455729166666666 0.23958333333333334 0.5390625 0.26171875 0.53515625 0.2591145833333333 0.5338541666666666 0.25390625 0.5364583333333334 0.23828125
3 0.34765625 0.4908854166666667 0.3515625 0.4895833333333333 0.359375 0.4947916666666667 0.3567708333333333 0.5052083333333334 0.3541666666666667 0.5078125 0.3502604166666667 0.5078125 0.34765625 0.5026041666666666 0.34765625 0.4921875
3 0.5520833333333334 0.5416666666666666 0.5546875 0.55078125 0.5494791666666666 0.5651041666666666 0.54296875 0.5442708333333334 0.5442708333333334 0.5390625 0.5494791666666666 0.5442708333333334 0.5520833333333334 0.54296875
3 0.5533854166666666 0.4361979166666667 0.5546875 0.4453125 0.5520833333333334 0.453125 0.5481770833333334 0.453125 0.5455729166666666 0.4505208333333333 0.546875 0.4375 0.5520833333333334 0.4361979166666667
3 0.6002604166666666 0.75390625 0.6041666666666666 0.7604166666666666 0.6041666666666666 0.76953125 0.59765625 0.76953125 0.59375 0.765625 0.5950520833333334 0.7565104166666666 0.5989583333333334 0.75390625
3 0.5729166666666666 0.53515625 0.5768229166666666 0.5390625 0.5768229166666666 0.5455729166666666 0.5729166666666666 0.5520833333333334 0.5690104166666666 0.5520833333333334 0.56640625 0.5494791666666666 0.56640625 0.5364583333333334 0.5716145833333334 0.53515625
3 0.6510416666666666 0.3776041666666667 0.6510416666666666 0.3854166666666667 0.6458333333333334 0.39453125 0.6419270833333334 0.3893229166666667 0.6458333333333334 0.37890625 0.6497395833333334 0.3776041666666667
3 0.4622395833333333 0.2591145833333333 0.4661458333333333 0.2578125 0.46875 0.2643229166666667 0.4674479166666667 0.2799479166666667 0.4622395833333333 0.2838541666666667 0.4596354166666667 0.28125 0.4596354166666667 0.2669270833333333 0.4622395833333333 0.2604166666666667
3 0.5148437499999999 0.4583333333333333 0.51953125 0.4611111106770833 0.525 0.45555555598958336 0.52578125 0.44166666666666665 0.51953125 0.4375 0.515625 0.44166666666666665 0.5148437499999999 0.4583333333333333