1 0.465625 0.5208333333333334 0.46875 0.5208333333333334 0.46953125 0.5194444440104167 0.46953125 0.5138888893229167 0.46640624999999997 0.5125000000000001 0.46484375 0.51527777734375 0.46484375 0.5194444440104167 0.465625 0.5208333333333334
0 0 0.4244791666666667 0.1015625 0.4270833333333333 0.11328125 0.4322916666666667 0.12630208333333334 0.4453125 0.13802083333333334 0.4635416666666667 0.14322916666666666 0.4765625 0.14322916666666666 0.4817708333333333 0.14583333333333334 0.484375 0.15104166666666666 0.515625 0.15104166666666666 0.5494791666666666 0.14322916666666666 0.5872395833333334 0.13020833333333334 0.6145833333333334 0.11588541666666667 0.6302083333333334 0.10286458333333333 0.63671875 0 0.6341145833333334 0 0.62890625 0.09895833333333333 0.6315104166666666 0.109375 0.6276041666666666 0.12890625 0.6067708333333334 0.1328125 0.5963541666666666 0.13932291666666666 0.5872395833333334 0.14713541666666666 0.5546875 0.14713541666666666 0.5091145833333334 0.14322916666666666 0.4895833333333333 0.13671875 0.4713541666666667 0.12760416666666666 0.4544270833333333 0.11458333333333333 0.44140625 0.10677083333333333 0.4348958333333333 0.09635416666666667 0.4322916666666667 0.020833333333333332 0.4296875 0 0.4309895833333333 0 0.42578125
0 0.8424479166666666 0.4583333333333333 0.85546875 0.453125 0.9440104166666666 0.4544270833333333 0.9713541666666666 0.4557291666666667 0.97265625 0.4583333333333333 0.9713541666666666 0.4609375 0.8515625 0.4609375 0.83984375 0.4674479166666667 0.8294270833333334 0.4778645833333333 0.8190104166666666 0.4947916666666667 0.8111979166666666 0.5169270833333334 0.8072916666666666 0.5403645833333334 0.8072916666666666 0.5755208333333334 0.8138020833333334 0.6067708333333334 0.8268229166666666 0.6341145833333334 0.8424479166666666 0.6510416666666666 0.8515625 0.65625 0.8658854166666666 0.6588541666666666 0.9596354166666666 0.6614583333333334 0.9674479166666666 0.6627604166666666 0.9674479166666666 0.6653645833333334 0.9049479166666666 0.6653645833333334 0.8567708333333334 0.6627604166666666 0.84765625 0.66015625 0.8359375 0.65234375 0.82421875 0.6380208333333334 0.81640625 0.6236979166666666 0.8111979166666666 0.6106770833333334 0.8111979166666666 0.6041666666666666 0.80859375 0.6015625 0.8046875 0.5794270833333334 0.8046875 0.5403645833333334 0.8072916666666666 0.53125 0.8072916666666666 0.51953125 0.8151041666666666 0.4947916666666667 0.8268229166666666 0.4739583333333333 0.8424479166666666 0.4596354166666667
2 0.4778645833333333 0.4713541666666667 0.48046875 0.4947916666666667 0.4778645833333333 0.5859375 0.4791666666666667 0.62890625 0.4765625 0.7239583333333334 0.4752604166666667 0.9479166666666666 0.47265625 0.953125 0.4713541666666667 0.94140625 0.4778645833333333 0.47265625
3 0.51171875 0.72265625 0.0078125 0.020833333333333332
3 0.5625 0.55078125 0.5651041666666666 0.5559895833333334 0.5651041666666666 0.5716145833333334 0.5638020833333334 0.57421875 0.5611979166666666 0.57421875 0.55859375 0.5690104166666666 0.55859375 0.5559895833333334 0.5625 0.5520833333333334
3 0.5377604166666666 0.2643229166666667 0.5403645833333334 0.2669270833333333 0.5403645833333334 0.2786458333333333 0.5364583333333334 0.2864583333333333 0.5338541666666666 0.28515625 0.53125 0.27734375 0.53125 0.265625 0.5364583333333334 0.2643229166666667
3 0.5013020833333334 0.6197916666666666 0.5052083333333334 0.6236979166666666 0.5052083333333334 0.63671875 0.5026041666666666 0.640625 0.5 0.6393229166666666 0.4973958333333333 0.6315104166666666 0.4973958333333333 0.625 0.5 0.62109375
3 0.4205729166666667 0.6015625 0.41796875 0.59765625 0.4192708333333333 0.5859375 0.4244791666666667 0.5872395833333334 0.42578125 0.59765625 0.421875 0.6015625
3 0.3684895833333333 0.32421875 0.37109375 0.328125 0.3697916666666667 0.33984375 0.3658854166666667 0.33984375 0.359375 0.33203125 0.3619791666666667 0.3255208333333333 0.3671875 0.32421875
3 0.4427083333333333 0.4088541666666667 0.4427083333333333 0.41796875 0.4388020833333333 0.4205729166666667 0.43359375 0.4140625 0.43359375 0.4075520833333333 0.4388020833333333 0.40625 0.44140625 0.4088541666666667
3 0.3984375 0.7838541666666666 0.3984375 0.76953125 0.4049479166666667 0.76953125 0.4088541666666667 0.7760416666666666 0.4075520833333333 0.7838541666666666 0.4049479166666667 0.7864583333333334 0.4010416666666667 0.7864583333333334 0.3997395833333333 0.7838541666666666
3 0.4596354166666667 0.23828125 0.4635416666666667 0.25 0.4622395833333333 0.2578125 0.45703125 0.2604166666666667 0.453125 0.2513020833333333 0.4518229166666667 0.24088541666666666 0.4583333333333333 0.23958333333333334
3 0.66015625 0.5865885416666666 0.009114583333333334 0.0234375
3 0.51953125 0.4635416666666667 0.5247395833333334 0.46484375 0.5234375 0.4830729166666667 0.51953125 0.4778645833333333 0.51953125 0.46484375
3 0.484375 0.45972222265625 0.48046875 0.44027777734375 0.471875 0.4430555559895833 0.4734375 0.4611111106770833 0.484375 0.45972222265625