1 0.25234375000000003 0.7847222226562499 0.25390625 0.7819444440104166 0.25390625 0.7791666666666667 0.25156249999999997 0.7763888893229166 0.25078125 0.7777777773437501 0.25 0.7819444440104166 0.25156249999999997 0.7847222226562499 0.25234375000000003 0.7847222226562499
0 0 0.4114583333333333 0.08723958333333333 0.4140625 0.10286458333333333 0.4231770833333333 0.11458333333333333 0.4348958333333333 0.11588541666666667 0.4401041666666667 0.12630208333333334 0.4557291666666667 0.13411458333333334 0.4817708333333333 0.13802083333333334 0.5169270833333334 0.13671875 0.546875 0.13020833333333334 0.5768229166666666 0.11588541666666667 0.60546875 0.10677083333333333 0.6158854166666666 0.08723958333333333 0.6276041666666666 0 0.6263020833333334 0 0.6197916666666666 0.08463541666666667 0.6223958333333334 0.09505208333333333 0.6184895833333334 0.109375 0.60546875 0.12109375 0.5872395833333334 0.12109375 0.5833333333333334 0.12890625 0.5677083333333334 0.13411458333333334 0.5390625 0.13411458333333334 0.5026041666666666 0.13020833333333334 0.4791666666666667 0.11979166666666667 0.4518229166666667 0.11067708333333333 0.4375 0.10286458333333333 0.4296875 0.08984375 0.421875 0.08072916666666667 0.4192708333333333 0 0.41796875 0 0.4127604166666667
0 0.89453125 0.4453125 0.9661458333333334 0.4479166666666667 0.96875 0.4505208333333333 0.9674479166666666 0.453125 0.8580729166666666 0.44921875 0.84375 0.453125 0.828125 0.4661458333333333 0.8190104166666666 0.4791666666666667 0.8177083333333334 0.4856770833333333 0.8151041666666666 0.4869791666666667 0.8111979166666666 0.49609375 0.8020833333333334 0.546875 0.8046875 0.5598958333333334 0.8033854166666666 0.5690104166666666 0.8111979166666666 0.60546875 0.8229166666666666 0.62890625 0.83203125 0.6393229166666666 0.8502604166666666 0.6510416666666666 0.94921875 0.6549479166666666 0.9635416666666666 0.65625 0.9661458333333334 0.6575520833333334 0.9635416666666666 0.66015625 0.8763020833333334 0.6588541666666666 0.8463541666666666 0.6549479166666666 0.8346354166666666 0.6484375 0.8203125 0.6328125 0.80859375 0.6080729166666666 0.80078125 0.5729166666666666 0.80078125 0.53125 0.80859375 0.4934895833333333 0.81640625 0.4752604166666667 0.828125 0.4609375 0.828125 0.4583333333333333 0.8424479166666666 0.4479166666666667 0.8502604166666666 0.4453125 0.8932291666666666 0.4453125
2 0.4739583333333333 0.12109375 0.4739583333333333 0.4127604166666667 0.4713541666666667 0.4622395833333333 0.4713541666666667 0.63671875 0.46875 0.6848958333333334 0.4700520833333333 0.78125 0.4661458333333333 0.94921875 0.4635416666666667 0.94921875 0.46484375 0.7916666666666666 0.4674479166666667 0.7526041666666666 0.4674479166666667 0.703125 0.46484375 0.69921875 0.46484375 0.6901041666666666 0.4674479166666667 0.6809895833333334 0.46875 0.5989583333333334 0.47265625 0.12239583333333333
3 0.23177083333333334 0.8268229166666666 0.23697916666666666 0.83203125 0.23697916666666666 0.8359375 0.23307291666666666 0.83984375 0.23177083333333334 0.8450520833333334 0.22916666666666666 0.8450520833333334 0.22526041666666666 0.8372395833333334 0.21875 0.83203125 0.21875 0.8229166666666666 0.22135416666666666 0.8203125 0.22526041666666666 0.8203125 0.23046875 0.8268229166666666
3 0.4986979166666667 0.3307291666666667 0.5026041666666666 0.3307291666666667 0.5065104166666666 0.3424479166666667 0.5052083333333334 0.3489583333333333 0.4986979166666667 0.3502604166666667 0.49609375 0.34765625 0.49609375 0.3359375 0.4986979166666667 0.33203125
3 0.4427083333333333 0.2903645833333333 0.4453125 0.2994791666666667 0.4427083333333333 0.31640625 0.4348958333333333 0.31640625 0.4322916666666667 0.3111979166666667 0.43359375 0.2916666666666667 0.4361979166666667 0.2890625 0.44140625 0.2903645833333333
3 0.4713541666666667 0.6770833333333334 0.4791666666666667 0.6783854166666666 0.4830729166666667 0.6822916666666666 0.4830729166666667 0.6966145833333334 0.48046875 0.69921875 0.4765625 0.6966145833333334 0.4752604166666667 0.6861979166666666 0.4713541666666667 0.6822916666666666 0.4713541666666667 0.6783854166666666
3 0.18619791666666666 0.5455729166666666 0.1953125 0.5494791666666666 0.19661458333333334 0.5559895833333334 0.19270833333333334 0.5638020833333334 0.17838541666666666 0.5559895833333334 0.1796875 0.546875 0.18489583333333334 0.5455729166666666
3 0.22395833333333334 0.4114583333333333 0.22786458333333334 0.4348958333333333 0.22526041666666666 0.4388020833333333 0.22265625 0.4361979166666667 0.22135416666666666 0.4270833333333333 0.21354166666666666 0.4231770833333333 0.2109375 0.4192708333333333 0.21354166666666666 0.4140625 0.22265625 0.4127604166666667
3 0.5403645833333334 0.4830729166666667 0.5403645833333334 0.50390625 0.53515625 0.5013020833333334 0.5338541666666666 0.49609375 0.5299479166666666 0.4921875 0.5299479166666666 0.484375 0.5390625 0.4830729166666667
3 0.8216145833333334 0.5325520833333334 0.8255208333333334 0.5377604166666666 0.8268229166666666 0.5442708333333334 0.8216145833333334 0.5520833333333334 0.8151041666666666 0.5546875 0.8046875 0.55078125 0.8046875 0.546875 0.8098958333333334 0.5442708333333334 0.8125 0.5377604166666666 0.8203125 0.5325520833333334
3 0.3932291666666667 0.7200520833333334 0.3958333333333333 0.7213541666666666 0.3984375 0.7291666666666666 0.3971354166666667 0.73828125 0.3932291666666667 0.7395833333333334 0.3893229166666667 0.734375 0.3893229166666667 0.7265625 0.3919270833333333 0.7213541666666666
3 0.23046875 0.20182291666666666 0.23567708333333334 0.2109375 0.23828125 0.22265625 0.234375 0.22786458333333334 0.23046875 0.22526041666666666 0.22526041666666666 0.2109375 0.22526041666666666 0.20182291666666666 0.22916666666666666 0.20182291666666666
3 0.078125 0.5247395833333334 0.08072916666666667 0.52734375 0.07942708333333333 0.5364583333333334 0.06901041666666667 0.5403645833333334 0.06510416666666667 0.5390625 0.0625 0.5299479166666666 0.06510416666666667 0.5260416666666666 0.07682291666666667 0.5247395833333334
3 0.44649765625 0.8928708333333333 0.4482375 0.89142777734375 0.44749218749999997 0.8823013893229167 0.45006015625 0.8824486106770834 0.44898359374999997 0.8770013893229166 0.44782343750000003 0.8694930559895834 0.4447578125 0.8702291666666667 0.4428515625 0.8771486106770833 0.44301796875 0.8845083333333333 0.44649765625 0.8928708333333333