1 0.665625 0.5194444440104167 0.66953125 0.5194444440104167 0.6703125 0.5180555559895833 0.6703125 0.5125000000000001 0.66953125 0.5111111106770834 0.6671874999999999 0.5111111106770834 0.665625 0.5138888893229167 0.665625 0.5194444440104167
0 0.9986979166666666 0.4140625 0.9986979166666666 0.4205729166666667 0.90625 0.4231770833333333 0.8984375 0.42578125 0.8828125 0.4361979166666667 0.8828125 0.4388020833333333 0.87109375 0.453125 0.8619791666666666 0.4752604166666667 0.85546875 0.5052083333333334 0.85546875 0.5390625 0.86328125 0.5755208333333334 0.87109375 0.59375 0.8736979166666666 0.5950520833333334 0.87890625 0.60546875 0.8919270833333334 0.6184895833333334 0.9049479166666666 0.6236979166666666 0.9986979166666666 0.62109375 0.9986979166666666 0.6276041666666666 0.9322916666666666 0.6302083333333334 0.9036458333333334 0.6302083333333334 0.89453125 0.6263020833333334 0.8854166666666666 0.6197916666666666 0.8723958333333334 0.60546875 0.86328125 0.5885416666666666 0.8567708333333334 0.5677083333333334 0.8515625 0.5299479166666666 0.8528645833333334 0.5 0.8606770833333334 0.4674479166666667 0.8684895833333334 0.44921875 0.87890625 0.43359375 0.8893229166666666 0.4244791666666667 0.8997395833333334 0.4192708333333333 0.9049479166666666 0.4192708333333333 0.90625 0.4166666666666667 0.9973958333333334 0.4140625
0 0.13932291666666666 0.4466145833333333 0.15104166666666666 0.4505208333333333 0.15885416666666666 0.4557291666666667 0.17057291666666666 0.46875 0.17838541666666666 0.4817708333333333 0.18619791666666666 0.5026041666666666 0.19140625 0.5286458333333334 0.19270833333333334 0.5572916666666666 0.19010416666666666 0.5885416666666666 0.1875 0.5924479166666666 0.18229166666666666 0.6158854166666666 0.17057291666666666 0.63671875 0.15885416666666666 0.6497395833333334 0.14713541666666666 0.65625 0.12369791666666667 0.66015625 0.04296875 0.6627604166666666 0.028645833333333332 0.6627604166666666 0.028645833333333332 0.6588541666666666 0.03515625 0.6575520833333334 0.13932291666666666 0.6536458333333334 0.14713541666666666 0.6510416666666666 0.1640625 0.63671875 0.1796875 0.6119791666666666 0.18880208333333334 0.5755208333333334 0.18880208333333334 0.5299479166666666 0.18098958333333334 0.4973958333333333 0.16536458333333334 0.4700520833333333 0.15104166666666666 0.45703125 0.13932291666666666 0.4518229166666667 0.049479166666666664 0.4557291666666667 0.0234375 0.4544270833333333 0.024739583333333332 0.4505208333333333 0.04296875 0.44921875 0.13802083333333334 0.4466145833333333
2 0.5182291666666666 0.12239583333333333 0.5208333333333334 0.2109375 0.51953125 0.24479166666666666 0.5221354166666666 0.265625 0.5208333333333334 0.3411458333333333 0.5247395833333334 0.57421875 0.5234375 0.5924479166666666 0.5260416666666666 0.6302083333333334 0.5260416666666666 0.86328125 0.5286458333333334 0.9479166666666666 0.5247395833333334 0.94921875 0.5234375 0.8723958333333334 0.5247395833333334 0.8372395833333334 0.51953125 0.54296875 0.5169270833333334 0.12369791666666667
3 0.41015625 0.4401041666666667 0.4140625 0.4440104166666667 0.4127604166666667 0.45703125 0.40625 0.45703125 0.4036458333333333 0.4544270833333333 0.4036458333333333 0.4466145833333333 0.4088541666666667 0.44140625
3 0.5390625 0.24739583333333334 0.5416666666666666 0.24869791666666666 0.5416666666666666 0.2669270833333333 0.5377604166666666 0.2682291666666667 0.53515625 0.2643229166666667 0.5390625 0.24869791666666666
3 0.6119791666666666 0.4934895833333333 0.6171875 0.4973958333333333 0.6184895833333334 0.5104166666666666 0.6145833333333334 0.5169270833333334 0.6080729166666666 0.51953125 0.60546875 0.5169270833333334 0.60546875 0.5 0.6067708333333334 0.4947916666666667 0.6106770833333334 0.4934895833333333
3 0.46875 0.6184895833333334 0.4635416666666667 0.61328125 0.4635416666666667 0.6015625 0.46875 0.59765625 0.47265625 0.59765625 0.4739583333333333 0.6067708333333334 0.4700520833333333 0.6171875
3 0.7369791666666666 0.4296875 0.75 0.4322916666666667 0.7486979166666666 0.4427083333333333 0.7395833333333334 0.44921875 0.7369791666666666 0.4440104166666667 0.7369791666666666 0.4309895833333333
3 0.5598958333333334 0.3828125 0.011067708333333334 0.020833333333333332
3 0.6588541666666666 0.4921875 0.6614583333333334 0.49609375 0.6614583333333334 0.5026041666666666 0.65625 0.5078125 0.65234375 0.5065104166666666 0.65234375 0.4947916666666667 0.6575520833333334 0.4921875
3 0.6536458333333334 0.5625 0.66015625 0.57421875 0.6588541666666666 0.578125 0.6497395833333334 0.5872395833333334 0.6497395833333334 0.5716145833333334 0.6536458333333334 0.5638020833333334
3 0.5625 0.73828125 0.56640625 0.7473958333333334 0.56640625 0.7552083333333334 0.5598958333333334 0.7578125 0.5559895833333334 0.75390625 0.5559895833333334 0.7486979166666666 0.5611979166666666 0.7395833333333334
3 0.6158854166666666 0.8372395833333334 0.62109375 0.8424479166666666 0.62109375 0.8502604166666666 0.6184895833333334 0.8528645833333334 0.6145833333333334 0.8528645833333334 0.6106770833333334 0.8489583333333334 0.6106770833333334 0.8411458333333334 0.6145833333333334 0.8372395833333334
3 0.7845052083333334 0.6536458333333334 0.01171875 0.018229166666666668
3 0.5950520833333334 0.22005208333333334 0.58984375 0.21484375 0.58984375 0.20703125 0.59375 0.19661458333333334 0.5963541666666666 0.1953125 0.5989583333333334 0.20182291666666666 0.5963541666666666 0.21875