1 0.84140625 0.6361111106770834 0.84375 0.6361111106770834 0.8453125 0.6333333333333333 0.8453125 0.6291666666666667 0.84375 0.62777777734375 0.8421875 0.62777777734375 0.8406250000000001 0.6305555559895833 0.84140625 0.6361111106770834
0 0.99609375 0.41015625 0.9986979166666666 0.4114583333333333 0.9986979166666666 0.4153645833333333 0.9166666666666666 0.4192708333333333 0.8997395833333334 0.42578125 0.8880208333333334 0.4375 0.87890625 0.4518229166666667 0.8671875 0.484375 0.8645833333333334 0.50390625 0.8658854166666666 0.5494791666666666 0.8697916666666666 0.5598958333333334 0.8697916666666666 0.56640625 0.8776041666666666 0.5859375 0.890625 0.6067708333333334 0.8997395833333334 0.6158854166666666 0.91796875 0.6223958333333334 0.9986979166666666 0.6197916666666666 0.9986979166666666 0.6263020833333334 0.9947916666666666 0.6263020833333334 0.9934895833333334 0.6236979166666666 0.9908854166666666 0.6263020833333334 0.9817708333333334 0.6263020833333334 0.98046875 0.6236979166666666 0.9765625 0.6236979166666666 0.9752604166666666 0.6263020833333334 0.94921875 0.6276041666666666 0.9088541666666666 0.6263020833333334 0.9075520833333334 0.6236979166666666 0.8958333333333334 0.6184895833333334 0.8802083333333334 0.6002604166666666 0.8684895833333334 0.5755208333333334 0.8619791666666666 0.5455729166666666 0.8606770833333334 0.5182291666666666 0.8645833333333334 0.4817708333333333 0.8684895833333334 0.4661458333333333 0.8763020833333334 0.4479166666666667 0.8919270833333334 0.42578125 0.9036458333333334 0.4166666666666667 0.9166666666666666 0.4127604166666667 0.9947916666666666 0.41015625
0 0.1953125 0.5520833333333334 0.1953125 0.5546875 0.19791666666666666 0.5559895833333334 0.19791666666666666 0.57421875 0.19010416666666666 0.6080729166666666 0.17838541666666666 0.6328125 0.16015625 0.6510416666666666 0.14713541666666666 0.65625 0.12109375 0.6588541666666666 0.0390625 0.6614583333333334 0.032552083333333336 0.6588541666666666 0.036458333333333336 0.65625 0.052083333333333336 0.6549479166666666 0.13932291666666666 0.65234375 0.15364583333333334 0.6484375 0.17317708333333334 0.6315104166666666 0.18098958333333334 0.6158854166666666 0.18359375 0.6145833333333334 0.19270833333333334 0.5859375 0.1953125 0.5533854166666666
2 0.52734375 0.3463541666666667 0.5325520833333334 0.6744791666666666 0.53125 0.6822916666666666 0.5286458333333334 0.6796875 0.52734375 0.6341145833333334 0.52734375 0.4635416666666667 0.5247395833333334 0.4557291666666667 0.5247395833333334 0.3515625 0.52734375 0.34765625
3 0.4895833333333333 0.4856770833333333 0.4908854166666667 0.5026041666666666 0.484375 0.5013020833333334 0.484375 0.4908854166666667 0.48828125 0.4856770833333333
3 0.5768229166666666 0.3294270833333333 0.5716145833333334 0.3255208333333333 0.5703125 0.3216145833333333 0.5716145833333334 0.3072916666666667 0.578125 0.3020833333333333 0.5846354166666666 0.3072916666666667 0.5846354166666666 0.32421875 0.578125 0.328125
3 0.5325520833333334 0.69140625 0.53125 0.6809895833333334 0.5416666666666666 0.6731770833333334 0.5442708333333334 0.6744791666666666 0.5416666666666666 0.6888020833333334 0.5377604166666666 0.6940104166666666 0.53515625 0.6940104166666666 0.5338541666666666 0.69140625
3 0.8411458333333334 0.55859375 0.8515625 0.5625 0.8515625 0.5755208333333334 0.84375 0.5755208333333334 0.8385416666666666 0.578125 0.8346354166666666 0.5755208333333334 0.8333333333333334 0.5716145833333334 0.8333333333333334 0.5598958333333334 0.83984375 0.55859375
3 0.78515625 0.4231770833333333 0.7890625 0.421875 0.7916666666666666 0.42578125 0.7916666666666666 0.4309895833333333 0.7864583333333334 0.43359375 0.7786458333333334 0.4427083333333333 0.7747395833333334 0.4401041666666667 0.7747395833333334 0.4296875 0.78515625 0.4244791666666667
3 0.8059895833333334 0.7916666666666666 0.80859375 0.7916666666666666 0.8190104166666666 0.8046875 0.8190104166666666 0.8138020833333334 0.8151041666666666 0.8151041666666666 0.8125 0.80859375 0.8059895833333334 0.8033854166666666 0.8059895833333334 0.79296875
3 0.7708333333333334 0.20833333333333334 0.7747395833333334 0.21223958333333334 0.7734375 0.22005208333333334 0.765625 0.2265625 0.7643229166666666 0.23046875 0.76171875 0.23046875 0.7604166666666666 0.22786458333333334 0.7630208333333334 0.21744791666666666 0.7708333333333334 0.20963541666666666
3 0.61328125 0.6901041666666666 0.6197916666666666 0.69140625 0.6197916666666666 0.7044270833333334 0.6158854166666666 0.70703125 0.6106770833333334 0.7018229166666666 0.61328125 0.69140625
3 0.20182291666666666 0.5260416666666666 0.20703125 0.5325520833333334 0.21484375 0.5364583333333334 0.21223958333333334 0.54296875 0.20572916666666666 0.5442708333333334 0.20182291666666666 0.5481770833333334 0.19791666666666666 0.5481770833333334 0.1953125 0.5390625 0.19661458333333334 0.5286458333333334 0.20052083333333334 0.5260416666666666
3 0.5247395833333334 0.3125 0.52734375 0.3125 0.53125 0.3177083333333333 0.53125 0.32421875 0.52734375 0.3294270833333333 0.52734375 0.3346354166666667 0.5234375 0.3372395833333333 0.5208333333333334 0.3346354166666667 0.5208333333333334 0.3294270833333333 0.5234375 0.3255208333333333 0.5247395833333334 0.3138020833333333
3 0.9401041666666666 0.5553385416666666 0.01953125 0.01953125
3 0.5807291666666666 0.84375 0.5846354166666666 0.8567708333333334 0.5768229166666666 0.8763020833333334 0.57421875 0.8763020833333334 0.5729166666666666 0.8723958333333334 0.5729166666666666 0.86328125 0.57421875 0.8489583333333334 0.5768229166666666 0.8450520833333334 0.5794270833333334 0.8450520833333334