1 0.4015625 0.22916666666666666 0.40390624999999997 0.22638888932291668 0.403125 0.22222222265625 0.4015625 0.21944444401041666 0.39999999999999997 0.21944444401041666 0.39921875 0.22083333333333333 0.39921875 0.22638888932291668 0.40078125000000003 0.22916666666666666 0.4015625 0.22916666666666666
0 0 0.4166666666666667 0.07552083333333333 0.4192708333333333 0.09244791666666667 0.4205729166666667 0.10416666666666667 0.4244791666666667 0.11848958333333333 0.4361979166666667 0.13411458333333334 0.4622395833333333 0.14192708333333334 0.4869791666666667 0.14322916666666666 0.5065104166666666 0.14583333333333334 0.5130208333333334 0.14583333333333334 0.5364583333333334 0.140625 0.5520833333333334 0.14322916666666666 0.5208333333333334 0.140625 0.51171875 0.13932291666666666 0.4895833333333333 0.1328125 0.4700520833333333 0.12890625 0.46484375 0.12760416666666666 0.45703125 0.10677083333333333 0.4322916666666667 0.09114583333333333 0.42578125 0 0.4231770833333333 0 0.41796875
0 0.8893229166666666 0.4505208333333333 0.9713541666666666 0.453125 0.98046875 0.4544270833333333 0.9817708333333334 0.4596354166666667 0.9674479166666666 0.4609375 0.9296875 0.4596354166666667 0.9283854166666666 0.45703125 0.8658854166666666 0.4557291666666667 0.84765625 0.46484375 0.8346354166666666 0.4791666666666667 0.8255208333333334 0.49609375 0.8216145833333334 0.51171875 0.8190104166666666 0.5143229166666666 0.8151041666666666 0.5338541666666666 0.8151041666666666 0.58203125 0.8229166666666666 0.6119791666666666 0.8294270833333334 0.6276041666666666 0.84375 0.6471354166666666 0.8606770833333334 0.6575520833333334 0.875 0.66015625 0.9453125 0.6614583333333334 0.9674479166666666 0.6640625 0.9765625 0.6627604166666666 0.9791666666666666 0.6653645833333334 0.9752604166666666 0.6692708333333334 0.9401041666666666 0.66796875 0.9388020833333334 0.6653645833333334 0.8658854166666666 0.6640625 0.85546875 0.6614583333333334 0.8385416666666666 0.6497395833333334 0.82421875 0.6276041666666666 0.81640625 0.60546875 0.8111979166666666 0.5703125 0.8125 0.5325520833333334 0.8203125 0.4986979166666667 0.828125 0.4817708333333333 0.8307291666666666 0.48046875 0.8307291666666666 0.4765625 0.8489583333333334 0.45703125 0.8658854166666666 0.4505208333333333 0.8880208333333334 0.4505208333333333
2 0.48046875 0.5364583333333334 0.4817708333333333 0.5651041666666666 0.4765625 0.8216145833333334 0.4778645833333333 0.8723958333333334 0.4752604166666667 0.9244791666666666 0.4765625 0.94140625 0.4752604166666667 0.9557291666666666 0.47265625 0.95703125 0.4765625 0.5807291666666666 0.4778645833333333 0.5455729166666666 0.48046875 0.5377604166666666
3 0.5234375 0.1875 0.5260416666666666 0.1875 0.5299479166666666 0.1953125 0.5286458333333334 0.21223958333333334 0.5247395833333334 0.21354166666666666 0.5234375 0.18880208333333334
3 0.4778645833333333 0.3919270833333333 0.4778645833333333 0.4127604166666667 0.4739583333333333 0.41015625 0.4700520833333333 0.4010416666666667 0.4700520833333333 0.39453125 0.47265625 0.3919270833333333 0.4765625 0.3919270833333333
3 0.26953125 0.71484375 0.2786458333333333 0.7174479166666666 0.2786458333333333 0.7278645833333334 0.2721354166666667 0.7317708333333334 0.2643229166666667 0.7265625 0.2643229166666667 0.7200520833333334 0.2682291666666667 0.7161458333333334
3 0.5026041666666666 0.7565104166666666 0.5052083333333334 0.7578125 0.5052083333333334 0.7630208333333334 0.5078125 0.7669270833333334 0.5065104166666666 0.78125 0.5026041666666666 0.7825520833333334 0.5 0.7747395833333334 0.5026041666666666 0.7578125
3 0.14322916666666666 0.5611979166666666 0.14453125 0.5455729166666666 0.1484375 0.5455729166666666 0.15364583333333334 0.5546875 0.14973958333333334 0.5638020833333334 0.14453125 0.5611979166666666
3 0.3971354166666667 0.55078125 0.3932291666666667 0.5442708333333334 0.39453125 0.53515625 0.3984375 0.53515625 0.4010416666666667 0.5390625 0.4010416666666667 0.55078125 0.3984375 0.55078125
3 0.4778645833333333 0.5227864583333334 0.015625 0.026692708333333332
3 0.4283854166666667 0.6197916666666666 0.4375 0.6145833333333334 0.4401041666666667 0.6158854166666666 0.4401041666666667 0.6302083333333334 0.4361979166666667 0.6328125 0.4296875 0.62890625 0.4283854166666667 0.62109375
3 0.3619791666666667 0.2109375 0.3658854166666667 0.21614583333333334 0.3658854166666667 0.23046875 0.3580729166666667 0.21875 0.3580729166666667 0.21223958333333334 0.3606770833333333 0.2109375
3 0.58984375 0.4192708333333333 0.5950520833333334 0.421875 0.59375 0.4388020833333333 0.5924479166666666 0.44140625 0.5885416666666666 0.44140625 0.5859375 0.4388020833333333 0.5859375 0.4322916666666667 0.58984375 0.4205729166666667
3 0.6015625 0.6861979166666666 0.60546875 0.6901041666666666 0.61328125 0.69140625 0.6145833333333334 0.7005208333333334 0.6119791666666666 0.7057291666666666 0.609375 0.70703125 0.60546875 0.7044270833333334 0.6002604166666666 0.6875
3 0.4440104166666667 0.7721354166666666 0.011067708333333334 0.024739583333333332