1 0.32890625 0.5111111106770834 0.32968749999999997 0.5055555559895833 0.328125 0.50277777734375 0.32656250000000003 0.50277777734375 0.32578124999999997 0.5041666666666667 0.32578124999999997 0.50972222265625 0.32656250000000003 0.5111111106770834 0.32890625 0.5111111106770834
0 0 0.4140625 0.09114583333333333 0.4166666666666667 0.09244791666666667 0.4192708333333333 0.09895833333333333 0.4192708333333333 0.11458333333333333 0.4283854166666667 0.13411458333333334 0.45703125 0.14322916666666666 0.4869791666666667 0.14713541666666666 0.51953125 0.14583333333333334 0.546875 0.13541666666666666 0.5885416666666666 0.12239583333333333 0.6106770833333334 0.10286458333333333 0.6276041666666666 0.09505208333333333 0.6302083333333334 0 0.6276041666666666 0 0.62109375 0.06770833333333333 0.6236979166666666 0.09375 0.6236979166666666 0.10286458333333333 0.62109375 0.11979166666666667 0.60546875 0.13151041666666666 0.5872395833333334 0.13932291666666666 0.5638020833333334 0.14322916666666666 0.5403645833333334 0.14322916666666666 0.5065104166666666 0.13671875 0.4752604166666667 0.12760416666666666 0.453125 0.109375 0.4309895833333333 0.09244791666666667 0.4231770833333333 0 0.4205729166666667 0 0.4153645833333333
0 0.9205729166666666 0.4479166666666667 0.9739583333333334 0.4505208333333333 0.9739583333333334 0.4557291666666667 0.8580729166666666 0.4518229166666667 0.84765625 0.45703125 0.8333333333333334 0.4700520833333333 0.8190104166666666 0.4947916666666667 0.8111979166666666 0.5208333333333334 0.8111979166666666 0.5846354166666666 0.8190104166666666 0.6119791666666666 0.8268229166666666 0.6263020833333334 0.8333333333333334 0.6354166666666666 0.8515625 0.6510416666666666 0.859375 0.6536458333333334 0.96484375 0.6575520833333334 0.9713541666666666 0.6588541666666666 0.9700520833333334 0.6627604166666666 0.8763020833333334 0.66015625 0.8515625 0.65625 0.83984375 0.6497395833333334 0.82421875 0.6315104166666666 0.81640625 0.6158854166666666 0.8111979166666666 0.5924479166666666 0.80859375 0.5885416666666666 0.8059895833333334 0.5572916666666666 0.8072916666666666 0.5286458333333334 0.81640625 0.4908854166666667 0.828125 0.46875 0.83984375 0.4557291666666667 0.859375 0.4466145833333333 0.9192708333333334 0.4479166666666667
2 0.48046875 0.12239583333333333 0.4817708333333333 0.2682291666666667 0.4791666666666667 0.3463541666666667 0.4778645833333333 0.6471354166666666 0.4752604166666667 0.70703125 0.4752604166666667 0.87109375 0.4739583333333333 0.94921875 0.4700520833333333 0.9479166666666666 0.47265625 0.86328125 0.47265625 0.6302083333333334 0.4752604166666667 0.5963541666666666 0.4765625 0.4817708333333333 0.4765625 0.2526041666666667 0.4791666666666667 0.23177083333333334 0.4778645833333333 0.20703125 0.48046875 0.12369791666666667
3 0.4635416666666667 0.24609375 0.4661458333333333 0.24739583333333334 0.4700520833333333 0.26171875 0.4674479166666667 0.26953125 0.45703125 0.265625 0.4609375 0.2578125 0.4622395833333333 0.24739583333333334
3 0.3919270833333333 0.4934895833333333 0.3971354166666667 0.5065104166666666 0.3971354166666667 0.5143229166666666 0.39453125 0.5169270833333334 0.38671875 0.515625 0.3828125 0.5091145833333334 0.3841145833333333 0.4973958333333333 0.38671875 0.4934895833333333 0.390625 0.4934895833333333
3 0.52734375 0.5950520833333334 0.5299479166666666 0.59765625 0.5299479166666666 0.6119791666666666 0.5260416666666666 0.6145833333333334 0.5182291666666666 0.6028645833333334 0.5182291666666666 0.59765625 0.5260416666666666 0.5950520833333334
3 0.22395833333333334 0.6497395833333334 0.22526041666666666 0.65625 0.21744791666666666 0.6614583333333334 0.21354166666666666 0.66015625 0.2109375 0.6549479166666666 0.21223958333333334 0.6458333333333334 0.22005208333333334 0.64453125 0.22265625 0.6497395833333334
3 0.3828125 0.8359375 0.3880208333333333 0.83984375 0.3880208333333333 0.8489583333333334 0.3802083333333333 0.8515625 0.37890625 0.8411458333333334 0.3828125 0.8372395833333334
3 0.4401041666666667 0.3697916666666667 0.4427083333333333 0.3697916666666667 0.4453125 0.3802083333333333 0.4440104166666667 0.38671875 0.4427083333333333 0.3880208333333333 0.4401041666666667 0.3854166666666667 0.4401041666666667 0.37109375
3 0.33984375 0.5611979166666666 0.34765625 0.5572916666666666 0.3528645833333333 0.55859375 0.3528645833333333 0.5755208333333334 0.3489583333333333 0.5768229166666666 0.33984375 0.5703125 0.33984375 0.5625
3 0.4361979166666667 0.7317708333333334 0.4388020833333333 0.7317708333333334 0.4401041666666667 0.73828125 0.4401041666666667 0.7526041666666666 0.4322916666666667 0.7526041666666666 0.4322916666666667 0.7421875 0.4361979166666667 0.7330729166666666
3 0.2526041666666667 0.4348958333333333 0.25 0.4283854166666667 0.2513020833333333 0.4244791666666667 0.2591145833333333 0.42578125 0.26171875 0.4283854166666667 0.26171875 0.4401041666666667 0.25390625 0.4348958333333333
3 0.40234375 0.22005208333333334 0.4010416666666667 0.20052083333333334 0.4036458333333333 0.19401041666666666 0.4088541666666667 0.20442708333333334 0.4088541666666667 0.21744791666666666 0.4049479166666667 0.22135416666666666 0.4036458333333333 0.22005208333333334
3 0.3450520833333333 0.4700520833333333 0.3502604166666667 0.4765625 0.3541666666666667 0.4778645833333333 0.3528645833333333 0.4947916666666667 0.3489583333333333 0.4973958333333333 0.34375 0.49609375 0.3450520833333333 0.4713541666666667
3 0.5885416666666666 0.4479166666666667 0.5911458333333334 0.44921875 0.5924479166666666 0.46484375 0.5872395833333334 0.4700520833333333 0.58203125 0.4700520833333333 0.58203125 0.4544270833333333 0.5872395833333334 0.44921875