1 0.53125 0.5125000000000001 0.5296875 0.5208333333333334 0.5328125 0.5194444440104167 0.53125 0.5125000000000001
0 0.87890625 0.4348958333333333 0.8997395833333334 0.42578125 0.9986979166666666 0.4231770833333333 0.9986979166666666 0.4296875 0.9830729166666666 0.4283854166666667 0.91015625 0.4309895833333333 0.8893229166666666 0.4348958333333333 0.87109375 0.4518229166666667 0.859375 0.4713541666666667 0.8515625 0.4973958333333333 0.8489583333333334 0.5234375 0.8502604166666666 0.5546875 0.85546875 0.578125 0.87109375 0.6106770833333334 0.8815104166666666 0.62109375 0.8958333333333334 0.6302083333333334 0.9986979166666666 0.6276041666666666 0.9986979166666666 0.6328125 0.9869791666666666 0.6341145833333334 0.8984375 0.63671875 0.87890625 0.6276041666666666 0.87890625 0.625 0.8684895833333334 0.6158854166666666 0.8619791666666666 0.60546875 0.8528645833333334 0.5846354166666666 0.84765625 0.5611979166666666 0.84765625 0.5026041666666666 0.85546875 0.4713541666666667 0.8645833333333334 0.453125 0.87890625 0.4361979166666667
0 0.045572916666666664 0.4544270833333333 0.057291666666666664 0.4557291666666667 0.09375 0.453125 0.14192708333333334 0.453125 0.15494791666666666 0.4583333333333333 0.17057291666666666 0.4739583333333333 0.18229166666666666 0.49609375 0.18880208333333334 0.5182291666666666 0.19140625 0.5325520833333334 0.19270833333333334 0.56640625 0.19140625 0.5872395833333334 0.18619791666666666 0.609375 0.17447916666666666 0.63671875 0.16666666666666666 0.6471354166666666 0.15234375 0.6588541666666666 0.14192708333333334 0.6627604166666666 0.10026041666666667 0.6653645833333334 0.036458333333333336 0.6653645833333334 0.03515625 0.66796875 0.03125 0.66796875 0.028645833333333332 0.6653645833333334 0.028645833333333332 0.6627604166666666 0.03515625 0.6614583333333334 0.13151041666666666 0.6588541666666666 0.14192708333333334 0.6575520833333334 0.15104166666666666 0.6536458333333334 0.16927083333333334 0.6354166666666666 0.18098958333333334 0.61328125 0.1875 0.5911458333333334 0.19010416666666666 0.56640625 0.18880208333333334 0.5325520833333334 0.18489583333333334 0.5143229166666666 0.17578125 0.4921875 0.16536458333333334 0.4752604166666667 0.15885416666666666 0.46875 0.140625 0.4596354166666667 0.052083333333333336 0.4622395833333333 0.024739583333333332 0.4609375 0.024739583333333332 0.4557291666666667 0.044270833333333336 0.4557291666666667
2 0.5182291666666666 0.46484375 0.51953125 0.4739583333333333 0.5221354166666666 0.4765625 0.5208333333333334 0.5963541666666666 0.5260416666666666 0.9205729166666666 0.5247395833333334 0.9518229166666666 0.5221354166666666 0.9466145833333334 0.5208333333333334 0.9270833333333334 0.5221354166666666 0.8893229166666666 0.51953125 0.7799479166666666 0.51953125 0.6484375 0.5169270833333334 0.6276041666666666 0.5169270833333334 0.4661458333333333
3 0.4348958333333333 0.5546875 0.4388020833333333 0.5598958333333334 0.4375 0.5703125 0.4348958333333333 0.5729166666666666 0.4309895833333333 0.5703125 0.4309895833333333 0.5598958333333334 0.43359375 0.5559895833333334
3 0.4635416666666667 0.2643229166666667 0.46484375 0.2747395833333333 0.4622395833333333 0.2864583333333333 0.4583333333333333 0.28515625 0.4544270833333333 0.2734375 0.45703125 0.265625 0.4622395833333333 0.2643229166666667
3 0.4934895833333333 0.609375 0.4986979166666667 0.6119791666666666 0.4973958333333333 0.6263020833333334 0.4934895833333333 0.6276041666666666 0.4908854166666667 0.6236979166666666 0.4895833333333333 0.6145833333333334 0.4921875 0.6106770833333334
3 0.50390625 0.6875 0.5052083333333334 0.6940104166666666 0.5026041666666666 0.7109375 0.5 0.7122395833333334 0.49609375 0.7044270833333334 0.4973958333333333 0.6966145833333334 0.50390625 0.6888020833333334
3 0.5703125 0.5703125 0.56640625 0.5677083333333334 0.5677083333333334 0.5559895833333334 0.5716145833333334 0.5520833333333334 0.5768229166666666 0.5559895833333334 0.5768229166666666 0.5611979166666666 0.5716145833333334 0.5690104166666666
3 0.5559895833333334 0.41015625 0.5598958333333334 0.4088541666666667 0.5625 0.4140625 0.5625 0.421875 0.5559895833333334 0.4296875 0.5559895833333334 0.4114583333333333
3 0.625 0.3541666666666667 0.62890625 0.3580729166666667 0.6328125 0.3567708333333333 0.6354166666666666 0.3606770833333333 0.62890625 0.3763020833333333 0.625 0.3723958333333333 0.625 0.35546875
3 0.5807291666666666 0.7473958333333334 0.5833333333333334 0.7473958333333334 0.5846354166666666 0.7526041666666666 0.58984375 0.7578125 0.58984375 0.7643229166666666 0.5833333333333334 0.7721354166666666 0.5807291666666666 0.7486979166666666
3 0.5364583333333334 0.23828125 0.5455729166666666 0.24088541666666666 0.5390625 0.2630208333333333 0.5338541666666666 0.2565104166666667 0.5364583333333334 0.23958333333333334
3 0.50390625 0.4947916666666667 0.5065104166666666 0.4973958333333333 0.5065104166666666 0.5104166666666666 0.50390625 0.5143229166666666 0.5 0.5143229166666666 0.4973958333333333 0.5091145833333334 0.4973958333333333 0.5 0.5026041666666666 0.4947916666666667
3 0.3463541666666667 0.5338541666666666 0.3489583333333333 0.5364583333333334 0.3489583333333333 0.546875 0.3463541666666667 0.5494791666666666 0.3411458333333333 0.5494791666666666 0.3372395833333333 0.5403645833333334 0.3372395833333333 0.53515625 0.33984375 0.5325520833333334 0.3450520833333333 0.5338541666666666
3 0.51328125 0.4583333333333333 0.51796875 0.46249999999999997 0.5242187500000001 0.45972222265625 0.52578125 0.4458333333333333 0.52109375 0.43888888932291664 0.515625 0.44166666666666665 0.51328125 0.4583333333333333