1 0.37656249999999997 0.1875 0.37656249999999997 0.18194444401041665 0.37343750000000003 0.18194444401041665 0.37265624999999997 0.18333333333333335 0.37265624999999997 0.18611111067708333 0.37578125 0.18888888932291667 0.37656249999999997 0.1875
0 0 0.4153645833333333 0.08463541666666667 0.4192708333333333 0.09895833333333333 0.421875 0.11067708333333333 0.4283854166666667 0.11979166666666667 0.4375 0.13411458333333334 0.4622395833333333 0.14192708333333334 0.48828125 0.14322916666666666 0.5078125 0.14583333333333334 0.5143229166666666 0.14583333333333334 0.5338541666666666 0.14453125 0.5390625 0.14192708333333334 0.5390625 0.14322916666666666 0.51953125 0.140625 0.51171875 0.13932291666666666 0.4895833333333333 0.13541666666666666 0.4765625 0.12890625 0.46484375 0.12760416666666666 0.45703125 0.11067708333333333 0.4348958333333333 0.09244791666666667 0.42578125 0.006510416666666667 0.4231770833333333 0 0.421875 0 0.4166666666666667
0 0.9036458333333334 0.4505208333333333 0.9778645833333334 0.453125 0.9817708333333334 0.4544270833333333 0.9817708333333334 0.4596354166666667 0.9322916666666666 0.4596354166666667 0.9309895833333334 0.45703125 0.8645833333333334 0.4557291666666667 0.84375 0.46875 0.8346354166666666 0.4791666666666667 0.8255208333333334 0.49609375 0.8151041666666666 0.53515625 0.8151041666666666 0.5794270833333334 0.8216145833333334 0.6080729166666666 0.8307291666666666 0.62890625 0.8372395833333334 0.6380208333333334 0.8489583333333334 0.6510416666666666 0.8580729166666666 0.65625 0.87890625 0.66015625 0.9192708333333334 0.66015625 0.9791666666666666 0.6640625 0.9765625 0.6692708333333334 0.9309895833333334 0.66796875 0.9296875 0.6653645833333334 0.8854166666666666 0.6653645833333334 0.8567708333333334 0.6614583333333334 0.8372395833333334 0.6471354166666666 0.828125 0.6341145833333334 0.81640625 0.60546875 0.8111979166666666 0.5677083333333334 0.8125 0.5325520833333334 0.8203125 0.4986979166666667 0.8307291666666666 0.4765625 0.8489583333333334 0.45703125 0.85546875 0.453125 0.8645833333333334 0.4505208333333333 0.90234375 0.4505208333333333
2 0.4778645833333333 0.5390625 0.4817708333333333 0.5455729166666666 0.4817708333333333 0.5598958333333334 0.4778645833333333 0.7317708333333334 0.4778645833333333 0.8723958333333334 0.4752604166666667 0.921875 0.4765625 0.9401041666666666 0.4752604166666667 0.9557291666666666 0.47265625 0.95703125 0.4778645833333333 0.5403645833333334
3 0.6028645833333334 0.703125 0.5989583333333334 0.6901041666666666 0.6002604166666666 0.6861979166666666 0.6067708333333334 0.6861979166666666 0.609375 0.6927083333333334 0.6080729166666666 0.7018229166666666 0.6041666666666666 0.703125
3 0.13932291666666666 0.5442708333333334 0.14973958333333334 0.5481770833333334 0.15625 0.5559895833333334 0.15364583333333334 0.5807291666666666 0.15104166666666666 0.5768229166666666 0.1484375 0.55859375 0.13932291666666666 0.5572916666666666 0.13932291666666666 0.5455729166666666
3 0.5260416666666666 0.18619791666666666 0.5299479166666666 0.1953125 0.5286458333333334 0.2109375 0.5260416666666666 0.21354166666666666 0.5234375 0.21223958333333334 0.5247395833333334 0.1875
3 0.46875 0.390625 0.47265625 0.3984375 0.47265625 0.40625 0.46875 0.4114583333333333 0.46484375 0.4088541666666667 0.4635416666666667 0.4010416666666667 0.46484375 0.3919270833333333 0.4674479166666667 0.390625
3 0.265625 0.69921875 0.2682291666666667 0.7018229166666666 0.2682291666666667 0.7096354166666666 0.2721354166666667 0.7174479166666666 0.2682291666666667 0.7239583333333334 0.2591145833333333 0.7200520833333334 0.2591145833333333 0.71484375 0.2643229166666667 0.70703125 0.265625 0.7005208333333334
3 0.4348958333333333 0.609375 0.4375 0.6184895833333334 0.4375 0.6263020833333334 0.4348958333333333 0.62890625 0.4322916666666667 0.62890625 0.4283854166666667 0.6236979166666666 0.4283854166666667 0.6145833333333334 0.43359375 0.609375
3 0.5989583333333334 0.4088541666666667 0.6015625 0.4127604166666667 0.6015625 0.41796875 0.5950520833333334 0.42578125 0.5924479166666666 0.4244791666666667 0.58984375 0.4140625 0.5924479166666666 0.41015625 0.59765625 0.4088541666666667
3 0.36171875000000003 0.17777777734375 0.359375 0.18472222265625002 0.36640625 0.19166666666666665 0.36796875 0.1805555559895833 0.36171875000000003 0.17777777734375
3 0.39375 0.5361111106770834 0.3953125 0.5458333333333333 0.40078125000000003 0.5458333333333333 0.39921875 0.5361111106770834 0.39375 0.5361111106770834
3 0.49921875 0.7583333333333333 0.49765624999999997 0.775 0.50390625 0.7763888893229166 0.5046875000000001 0.76527777734375 0.49921875 0.7583333333333333
3 0.43906249999999997 0.75277777734375 0.43671875 0.7555555559895833 0.434375 0.7666666666666666 0.4421875 0.7791666666666667 0.4421875 0.7583333333333333 0.43906249999999997 0.75277777734375
3 0.4875 0.5069444440104166 0.48046875 0.49722222265625 0.4765625 0.50277777734375 0.4765625 0.5180555559895833 0.48359375 0.525 0.4875 0.5166666666666667 0.4875 0.5069444440104166