1 0.16718750000000002 0.8569444440104167 0.16874999999999998 0.85972222265625 0.171875 0.8569444440104167 0.17109375000000002 0.8513888893229167 0.16796875 0.8513888893229167 0.16718750000000002 0.8527777773437499 0.16718750000000002 0.8569444440104167
0 0.8854166666666666 0.6145833333333334 0.8984375 0.62890625 0.9075520833333334 0.6328125 0.9986979166666666 0.6302083333333334 0.9986979166666666 0.6354166666666666 0.9075520833333334 0.6380208333333334 0.8958333333333334 0.6328125 0.8880208333333334 0.6276041666666666 0.8880208333333334 0.625 0.87890625 0.6158854166666666 0.8684895833333334 0.59765625 0.8606770833333334 0.5729166666666666 0.8567708333333334 0.5455729166666666 0.8567708333333334 0.51953125 0.8645833333333334 0.4765625 0.8723958333333334 0.4583333333333333 0.8880208333333334 0.4361979166666667 0.8971354166666666 0.4296875 0.9075520833333334 0.42578125 0.9895833333333334 0.421875 0.9986979166666666 0.421875 0.9986979166666666 0.4270833333333333 0.9153645833333334 0.4296875 0.9036458333333334 0.4322916666666667 0.8880208333333334 0.4440104166666667 0.87890625 0.4557291666666667 0.8684895833333334 0.4765625 0.86328125 0.4934895833333333 0.859375 0.5234375 0.859375 0.5455729166666666 0.8619791666666666 0.5520833333333334 0.86328125 0.5703125 0.87109375 0.59375 0.8841145833333334 0.6145833333333334
0 0.140625 0.4544270833333333 0.15234375 0.4583333333333333 0.17057291666666666 0.47265625 0.18229166666666666 0.4921875 0.19140625 0.5182291666666666 0.1953125 0.5442708333333334 0.1953125 0.578125 0.19010416666666666 0.609375 0.1875 0.6119791666666666 0.18359375 0.6276041666666666 0.17057291666666666 0.6497395833333334 0.16015625 0.6588541666666666 0.14713541666666666 0.6653645833333334 0.12109375 0.6692708333333334 0.048177083333333336 0.671875 0.029947916666666668 0.671875 0.028645833333333332 0.6692708333333334 0.03125 0.6666666666666666 0.053385416666666664 0.6666666666666666 0.055989583333333336 0.6640625 0.14453125 0.6614583333333334 0.15885416666666666 0.6536458333333334 0.17317708333333334 0.6380208333333334 0.1796875 0.6263020833333334 0.19140625 0.58984375 0.19140625 0.5325520833333334 0.18098958333333334 0.4986979166666667 0.16796875 0.4765625 0.15494791666666666 0.4661458333333333 0.14322916666666666 0.4609375 0.02734375 0.4635416666666667 0.02734375 0.4583333333333333 0.04296875 0.45703125 0.13932291666666666 0.4544270833333333
2 0.5208333333333334 0.13151041666666666 0.5234375 0.15625 0.5234375 0.2734375 0.5260416666666666 0.359375 0.5247395833333334 0.3997395833333333 0.52734375 0.4635416666666667 0.5260416666666666 0.5677083333333334 0.5286458333333334 0.6276041666666666 0.52734375 0.6809895833333334 0.5299479166666666 0.7200520833333334 0.5299479166666666 0.8736979166666666 0.5325520833333334 0.9361979166666666 0.53125 0.9609375 0.5286458333333334 0.9596354166666666 0.52734375 0.74609375 0.5247395833333334 0.71484375 0.5234375 0.6315104166666666 0.5247395833333334 0.5729166666666666 0.5221354166666666 0.4635416666666667 0.5234375 0.41015625 0.51953125 0.16015625 0.5208333333333334 0.1328125
3 0.14322916666666666 0.546875 0.14713541666666666 0.5481770833333334 0.1484375 0.5559895833333334 0.15234375 0.5598958333333334 0.14973958333333334 0.5638020833333334 0.140625 0.56640625 0.13411458333333334 0.5611979166666666 0.1328125 0.5533854166666666 0.13671875 0.5494791666666666 0.14192708333333334 0.5481770833333334
3 0.3307291666666667 0.4817708333333333 0.3385416666666667 0.4921875 0.3346354166666667 0.5065104166666666 0.3268229166666667 0.5065104166666666 0.3229166666666667 0.4973958333333333 0.3229166666666667 0.4869791666666667 0.3255208333333333 0.4830729166666667 0.3294270833333333 0.4817708333333333
3 0.24088541666666666 0.7317708333333334 0.24479166666666666 0.734375 0.24609375 0.7526041666666666 0.23567708333333334 0.75390625 0.23177083333333334 0.7513020833333334 0.23177083333333334 0.7421875 0.23958333333333334 0.7330729166666666
3 0.3971354166666667 0.7447916666666666 0.4010416666666667 0.7473958333333334 0.4049479166666667 0.7552083333333334 0.3984375 0.7825520833333334 0.3958333333333333 0.78515625 0.39453125 0.7838541666666666 0.39453125 0.7578125 0.3971354166666667 0.74609375
3 0.60546875 0.23828125 0.609375 0.23828125 0.6119791666666666 0.24088541666666666 0.6119791666666666 0.24869791666666666 0.6080729166666666 0.25390625 0.6080729166666666 0.2682291666666667 0.60546875 0.2786458333333333 0.6015625 0.2825520833333333 0.5989583333333334 0.2630208333333333 0.6015625 0.2565104166666667 0.6028645833333334 0.24088541666666666 0.60546875 0.23958333333333334
3 0.13932291666666666 0.8841145833333334 0.14713541666666666 0.8984375 0.14713541666666666 0.90625 0.14322916666666666 0.9088541666666666 0.1328125 0.9088541666666666 0.1328125 0.8997395833333334 0.13802083333333334 0.8919270833333334 0.13802083333333334 0.8854166666666666
3 0.4973958333333333 0.59765625 0.5 0.5989583333333334 0.5 0.6158854166666666 0.4973958333333333 0.6184895833333334 0.4934895833333333 0.6158854166666666 0.49609375 0.5989583333333334
3 0.15364583333333334 0.9322916666666666 0.15625 0.9322916666666666 0.15494791666666666 0.9518229166666666 0.14973958333333334 0.9544270833333334 0.14453125 0.94921875 0.14713541666666666 0.9375 0.15364583333333334 0.93359375
3 0.05859375 0.6236979166666666 0.061197916666666664 0.625 0.061197916666666664 0.6302083333333334 0.049479166666666664 0.640625 0.041666666666666664 0.640625 0.040364583333333336 0.6315104166666666 0.046875 0.625 0.057291666666666664 0.6236979166666666
3 0.8450520833333334 0.4778645833333333 0.8489583333333334 0.4830729166666667 0.84765625 0.4921875 0.8372395833333334 0.4921875 0.8333333333333334 0.4817708333333333 0.8333333333333334 0.4778645833333333 0.84375 0.4778645833333333
3 0.28203125 0.55972222265625 0.2859375 0.5625 0.29062499999999997 0.5625 0.29375 0.55972222265625 0.29531250000000003 0.5569444440104167 0.29531250000000003 0.55277777734375 0.29375 0.5513888893229166 0.28515625 0.5513888893229166 0.28281249999999997 0.5541666666666667 0.28203125 0.55972222265625
3 0.27578125000000003 0.5569444440104167 0.27734375 0.55972222265625 0.28046875 0.55972222265625 0.28203125 0.5569444440104167 0.28203125 0.55277777734375 0.28125 0.5513888893229166 0.2765625 0.5513888893229166 0.27578125000000003 0.55277777734375 0.27578125000000003 0.5569444440104167