1 0.55859375 0.2833333333333333 0.5617187499999999 0.2833333333333333 0.5625 0.2805555559895833 0.5625 0.27777777734375003 0.5609375 0.27499999999999997 0.5578124999999999 0.27638888932291666 0.5578124999999999 0.2819444440104167 0.55859375 0.2833333333333333
0 0.9583333333333334 0.4166666666666667 0.9986979166666666 0.4166666666666667 0.9986979166666666 0.4231770833333333 0.90625 0.42578125 0.8919270833333334 0.4322916666666667 0.8736979166666666 0.453125 0.86328125 0.4778645833333333 0.8580729166666666 0.5 0.8567708333333334 0.53515625 0.859375 0.5651041666666666 0.8671875 0.5885416666666666 0.87890625 0.6080729166666666 0.8919270833333334 0.62109375 0.9010416666666666 0.625 0.90234375 0.6276041666666666 0.9361979166666666 0.62890625 0.9986979166666666 0.625 0.9986979166666666 0.6315104166666666 0.9036458333333334 0.6341145833333334 0.890625 0.6276041666666666 0.8763020833333334 0.61328125 0.8645833333333334 0.59375 0.8567708333333334 0.5703125 0.8528645833333334 0.53515625 0.8528645833333334 0.515625 0.859375 0.4778645833333333 0.8671875 0.45703125 0.8802083333333334 0.4361979166666667 0.8997395833333334 0.421875 0.9583333333333334 0.41796875
0 0.14192708333333334 0.4518229166666667 0.15104166666666666 0.45703125 0.16796875 0.4752604166666667 0.17838541666666666 0.4947916666666667 0.1796875 0.50390625 0.18359375 0.51171875 0.1875 0.5364583333333334 0.1875 0.578125 0.18229166666666666 0.6080729166666666 0.17578125 0.62109375 0.17447916666666666 0.62890625 0.16276041666666666 0.6471354166666666 0.15234375 0.65625 0.14192708333333334 0.6614583333333334 0.13151041666666666 0.6640625 0.055989583333333336 0.6653645833333334 0.0546875 0.66796875 0.022135416666666668 0.66796875 0.022135416666666668 0.6627604166666666 0.13020833333333334 0.6588541666666666 0.140625 0.65625 0.15494791666666666 0.6471354166666666 0.16796875 0.6302083333333334 0.17578125 0.6145833333333334 0.18098958333333334 0.59765625 0.18489583333333334 0.5755208333333334 0.18359375 0.52734375 0.18098958333333334 0.5234375 0.18098958333333334 0.515625 0.17578125 0.5 0.16536458333333334 0.4791666666666667 0.15494791666666666 0.4674479166666667 0.14322916666666666 0.4609375 0.140625 0.45703125 0.109375 0.4557291666666667 0.061197916666666664 0.45703125 0.059895833333333336 0.4596354166666667 0.01953125 0.4596354166666667 0.018229166666666668 0.4544270833333333 0.09375 0.4505208333333333 0.140625 0.4518229166666667
2 0.5182291666666666 0.55859375 0.5221354166666666 0.5598958333333334 0.5260416666666666 0.8450520833333334 0.5260416666666666 0.9557291666666666 0.5247395833333334 0.95703125 0.5234375 0.9518229166666666 0.5182291666666666 0.5598958333333334
3 0.5989583333333334 0.5481770833333334 0.5989583333333334 0.5364583333333334 0.6015625 0.5338541666666666 0.60546875 0.5338541666666666 0.6080729166666666 0.5364583333333334 0.6080729166666666 0.5403645833333334 0.6041666666666666 0.5481770833333334 0.6002604166666666 0.5481770833333334
3 0.5247395833333334 0.5208333333333334 0.5286458333333334 0.51953125 0.5338541666666666 0.5286458333333334 0.5299479166666666 0.5442708333333334 0.5247395833333334 0.546875 0.5208333333333334 0.5390625 0.5208333333333334 0.5286458333333334 0.5247395833333334 0.5221354166666666
3 0.4954427083333333 0.7649739583333334 0.010416666666666666 0.024739583333333332
3 0.3932291666666667 0.6901041666666666 0.3893229166666667 0.71484375 0.3841145833333333 0.7135416666666666 0.3841145833333333 0.7005208333333334 0.3880208333333333 0.6927083333333334 0.3919270833333333 0.6901041666666666
3 0.47265625 0.1875 0.4752604166666667 0.1875 0.4765625 0.19010416666666666 0.4765625 0.21223958333333334 0.4752604166666667 0.21484375 0.47265625 0.21484375 0.4700520833333333 0.21223958333333334 0.46875 0.19921875 0.47265625 0.18880208333333334
3 0.51953125 0.3919270833333333 0.5221354166666666 0.39453125 0.5221354166666666 0.4036458333333333 0.5182291666666666 0.4127604166666667 0.5130208333333334 0.4114583333333333 0.5130208333333334 0.4075520833333333 0.5091145833333334 0.40234375 0.51171875 0.3958333333333333 0.5182291666666666 0.3919270833333333
3 0.71875 0.71875 0.7252604166666666 0.72265625 0.7278645833333334 0.7291666666666666 0.7265625 0.7369791666666666 0.71875 0.7408854166666666 0.7161458333333334 0.734375 0.71875 0.7200520833333334
3 0.6432291666666666 0.259765625 0.008463541666666666 0.030598958333333332
3 0.5651041666666666 0.61328125 0.56640625 0.6223958333333334 0.5625 0.6302083333333334 0.55859375 0.62890625 0.5572916666666666 0.6184895833333334 0.5598958333333334 0.61328125 0.5638020833333334 0.61328125
3 0.4205729166666667 0.421875 0.4231770833333333 0.4283854166666667 0.4205729166666667 0.4440104166666667 0.4153645833333333 0.4427083333333333 0.4140625 0.4348958333333333 0.4153645833333333 0.4244791666666667 0.4192708333333333 0.421875
3 0.84765625 0.55078125 0.8515625 0.5572916666666666 0.8515625 0.5651041666666666 0.84375 0.5638020833333334 0.83984375 0.5677083333333334 0.8372395833333334 0.56640625 0.8333333333333334 0.5572916666666666 0.8463541666666666 0.55078125
3 0.55675703125 0.7929444440104166 0.55512890625 0.7784472226562501 0.54728203125 0.7776888893229167 0.54683828125 0.7903138893229166 0.5524640625 0.7966263893229167 0.55675703125 0.7929444440104166