1 0.75225 0.46774027734375 0.7515000000000001 0.46629722265625 0.7473125 0.47284861067708334 0.747421875 0.4730833333333333 0.7484999999999999 0.47562499999999996 0.7503125 0.4742916666666666 0.7515000000000001 0.47107222265625 0.75225 0.46774027734375
0 0 0.42578125 0.08333333333333333 0.4270833333333333 0.09895833333333333 0.4309895833333333 0.10677083333333333 0.4361979166666667 0.11979166666666667 0.4518229166666667 0.13020833333333334 0.4713541666666667 0.13802083333333334 0.4973958333333333 0.140625 0.5234375 0.13932291666666666 0.5638020833333334 0.13411458333333334 0.5872395833333334 0.12630208333333334 0.6067708333333334 0.11067708333333333 0.62890625 0.1015625 0.6354166666666666 0.08854166666666667 0.640625 0 0.6380208333333334 0 0.6328125 0.08723958333333333 0.6354166666666666 0.10026041666666667 0.6302083333333334 0.11979166666666667 0.6080729166666666 0.12760416666666666 0.5924479166666666 0.13671875 0.5559895833333334 0.13541666666666666 0.5 0.12760416666666666 0.4752604166666667 0.12109375 0.4622395833333333 0.10677083333333333 0.4440104166666667 0.09765625 0.4388020833333333 0.09505208333333333 0.4348958333333333 0.08723958333333333 0.4322916666666667 0.00390625 0.4309895833333333 0 0.4296875 0 0.4270833333333333
0 0.9166666666666666 0.45703125 0.9661458333333334 0.4583333333333333 0.9674479166666666 0.4609375 0.9713541666666666 0.4609375 0.9713541666666666 0.46484375 0.8541666666666666 0.4622395833333333 0.8372395833333334 0.4713541666666667 0.8229166666666666 0.48828125 0.8111979166666666 0.5143229166666666 0.8072916666666666 0.53125 0.8059895833333334 0.5846354166666666 0.8098958333333334 0.6067708333333334 0.8177083333333334 0.6276041666666666 0.8255208333333334 0.640625 0.83984375 0.65625 0.84765625 0.66015625 0.8619791666666666 0.6640625 0.9388020833333334 0.6653645833333334 0.9622395833333334 0.6666666666666666 0.9635416666666666 0.6692708333333334 0.96484375 0.6666666666666666 0.9674479166666666 0.6666666666666666 0.9674479166666666 0.6731770833333334 0.8997395833333334 0.671875 0.8515625 0.66796875 0.8502604166666666 0.6653645833333334 0.84375 0.6640625 0.828125 0.65234375 0.8125 0.6263020833333334 0.8125 0.62109375 0.8072916666666666 0.609375 0.8020833333333334 0.5729166666666666 0.8033854166666666 0.5377604166666666 0.80859375 0.51171875 0.82421875 0.4778645833333333 0.8463541666666666 0.4583333333333333 0.85546875 0.4557291666666667 0.9153645833333334 0.45703125
2 0.4765625 0.13411458333333334 0.4778645833333333 0.18619791666666666 0.4752604166666667 0.2760416666666667 0.4739583333333333 0.6549479166666666 0.4713541666666667 0.6731770833333334 0.4713541666666667 0.8815104166666666 0.46875 0.9609375 0.4661458333333333 0.9609375 0.4661458333333333 0.8802083333333334 0.4700520833333333 0.6640625 0.46875 0.62890625 0.4713541666666667 0.6145833333333334 0.47265625 0.26171875 0.4752604166666667 0.13541666666666666
3 0.7447916666666666 0.4453125 0.7526041666666666 0.4479166666666667 0.7552083333333334 0.4518229166666667 0.7552083333333334 0.4609375 0.7526041666666666 0.4635416666666667 0.7513020833333334 0.4713541666666667 0.7486979166666666 0.4739583333333333 0.7408854166666666 0.4674479166666667 0.7408854166666666 0.4544270833333333 0.7434895833333334 0.4466145833333333
3 0.73046875 0.5364583333333334 0.7317708333333334 0.546875 0.7239583333333334 0.55078125 0.71875 0.5455729166666666 0.71875 0.53515625 0.7239583333333334 0.5338541666666666 0.7291666666666666 0.5364583333333334
3 0.8567708333333334 0.5182291666666666 0.8606770833333334 0.5260416666666666 0.8541666666666666 0.5325520833333334 0.8528645833333334 0.5377604166666666 0.84375 0.5325520833333334 0.8424479166666666 0.52734375 0.8463541666666666 0.51953125 0.85546875 0.5182291666666666
3 0.76953125 0.9114583333333334 0.7799479166666666 0.9127604166666666 0.7825520833333334 0.9192708333333334 0.7799479166666666 0.9309895833333334 0.7734375 0.9270833333333334 0.7682291666666666 0.9127604166666666
3 0.9466145833333334 0.5403645833333334 0.9505208333333334 0.5455729166666666 0.9505208333333334 0.5520833333333334 0.9427083333333334 0.5572916666666666 0.93359375 0.5520833333333334 0.9309895833333334 0.546875 0.9388020833333334 0.5377604166666666 0.9427083333333334 0.5377604166666666 0.9453125 0.5403645833333334
3 0.8372395833333334 0.7825520833333334 0.8463541666666666 0.80078125 0.8463541666666666 0.8046875 0.8411458333333334 0.8138020833333334 0.8372395833333334 0.8138020833333334 0.83203125 0.8020833333333334 0.83203125 0.7942708333333334 0.8359375 0.7838541666666666
3 0.5299479166666666 0.4934895833333333 0.5364583333333334 0.4934895833333333 0.5377604166666666 0.49609375 0.5377604166666666 0.5052083333333334 0.53125 0.5065104166666666 0.5299479166666666 0.4947916666666667
3 0.6510416666666666 0.7526041666666666 0.65625 0.7591145833333334 0.6536458333333334 0.7708333333333334 0.6549479166666666 0.7877604166666666 0.6510416666666666 0.78515625 0.6484375 0.765625 0.6458333333333334 0.7604166666666666 0.6458333333333334 0.7565104166666666 0.6497395833333334 0.7526041666666666
3 0.6875 0.5416666666666666 0.6940104166666666 0.5377604166666666 0.6979166666666666 0.5442708333333334 0.6927083333333334 0.55859375 0.6901041666666666 0.55859375 0.68359375 0.55078125 0.68359375 0.546875 0.6875 0.54296875
3 0.4010416666666667 0.24088541666666666 0.4036458333333333 0.2421875 0.4075520833333333 0.2526041666666667 0.4075520833333333 0.26171875 0.4049479166666667 0.2643229166666667 0.4010416666666667 0.2630208333333333 0.3984375 0.2513020833333333 0.3984375 0.24479166666666666 0.4010416666666667 0.2421875
3 0.7682291666666666 0.6393229166666666 0.7721354166666666 0.6432291666666666 0.7799479166666666 0.6432291666666666 0.78125 0.6484375 0.78125 0.6549479166666666 0.7760416666666666 0.6588541666666666 0.7721354166666666 0.6588541666666666 0.7682291666666666 0.6549479166666666 0.7682291666666666 0.640625
3 0.16145833333333334 0.4765625 0.16536458333333334 0.4791666666666667 0.16927083333333334 0.4869791666666667 0.17057291666666666 0.4908854166666667 0.16796875 0.4934895833333333 0.15625 0.4908854166666667 0.15494791666666666 0.4817708333333333 0.16015625 0.4765625