1 0.44609375 0.7833333333333333 0.44687499999999997 0.7819444440104166 0.44609375 0.7763888893229166 0.44296874999999997 0.7763888893229166 0.4421875 0.7777777773437501 0.4421875 0.7819444440104166 0.44296874999999997 0.7833333333333333 0.44609375 0.7833333333333333
0 0.13671875 0.4765625 0.14322916666666666 0.5169270833333334 0.14192708333333334 0.546875 0.13411458333333334 0.5807291666666666 0.11979166666666667 0.6080729166666666 0.11067708333333333 0.6171875 0.09505208333333333 0.6276041666666666 0.07682291666666667 0.62890625 0 0.6263020833333334 0 0.6197916666666666 0.08854166666666667 0.6223958333333334 0.1015625 0.6171875 0.11458333333333333 0.60546875 0.12760416666666666 0.5859375 0.1328125 0.56640625 0.13541666666666666 0.5638020833333334 0.13671875 0.5481770833333334 0.13932291666666666 0.54296875 0.13932291666666666 0.5052083333333334 0.13671875 0.4986979166666667 0.13671875 0.4778645833333333
0 0.9049479166666666 0.44921875 0.9674479166666666 0.4518229166666667 0.9700520833333334 0.4557291666666667 0.9375 0.45703125 0.85546875 0.453125 0.8450520833333334 0.45703125 0.8359375 0.4635416666666667 0.8229166666666666 0.4778645833333333 0.8138020833333334 0.49609375 0.8072916666666666 0.5169270833333334 0.8072916666666666 0.5260416666666666 0.8033854166666666 0.5390625 0.8033854166666666 0.5651041666666666 0.8072916666666666 0.5924479166666666 0.8138020833333334 0.6119791666666666 0.8229166666666666 0.6302083333333334 0.83984375 0.6484375 0.84765625 0.65234375 0.8580729166666666 0.6549479166666666 0.8880208333333334 0.6549479166666666 0.90234375 0.6575520833333334 0.9635416666666666 0.6588541666666666 0.9661458333333334 0.6614583333333334 0.9583333333333334 0.6640625 0.8723958333333334 0.6614583333333334 0.8463541666666666 0.6575520833333334 0.83203125 0.6484375 0.82421875 0.6393229166666666 0.81640625 0.6276041666666666 0.8072916666666666 0.60546875 0.8072916666666666 0.5989583333333334 0.8033854166666666 0.5885416666666666 0.8033854166666666 0.5768229166666666 0.80078125 0.5716145833333334 0.80078125 0.5416666666666666 0.8072916666666666 0.50390625 0.8203125 0.4739583333333333 0.8346354166666666 0.45703125 0.8502604166666666 0.44921875 0.9036458333333334 0.44921875
2 0.4765625 0.12369791666666667 0.4778645833333333 0.24869791666666666 0.4739583333333333 0.515625 0.4752604166666667 0.6197916666666666 0.4713541666666667 0.6901041666666666 0.4700520833333333 0.9192708333333334 0.4674479166666667 0.94921875 0.46484375 0.9231770833333334 0.4674479166666667 0.9127604166666666 0.4674479166666667 0.76171875 0.4700520833333333 0.6692708333333334 0.46875 0.62890625 0.4713541666666667 0.6106770833333334 0.47265625 0.3111979166666667 0.4765625 0.125
3 0.3723958333333333 0.6809895833333334 0.3776041666666667 0.6848958333333334 0.3776041666666667 0.6901041666666666 0.3802083333333333 0.6940104166666666 0.3776041666666667 0.6979166666666666 0.3697916666666667 0.6966145833333334 0.3658854166666667 0.6822916666666666 0.37109375 0.6809895833333334
3 0.24479166666666666 0.23177083333333334 0.2526041666666667 0.23828125 0.2552083333333333 0.24739583333333334 0.25 0.24869791666666666 0.2421875 0.2421875 0.24348958333333334 0.23307291666666666
3 0.2890625 0.8294270833333334 0.29296875 0.8372395833333334 0.29296875 0.8489583333333334 0.28515625 0.8502604166666666 0.2825520833333333 0.8450520833333334 0.2825520833333333 0.8385416666666666 0.2890625 0.8307291666666666
3 0.4361979166666667 0.7591145833333334 0.4427083333333333 0.7604166666666666 0.4440104166666667 0.7630208333333334 0.4440104166666667 0.7747395833333334 0.4466145833333333 0.77734375 0.4466145833333333 0.7838541666666666 0.4361979166666667 0.7877604166666666 0.4296875 0.7734375 0.4322916666666667 0.7604166666666666 0.4348958333333333 0.7604166666666666
3 0.4010416666666667 0.22265625 0.40625 0.23697916666666666 0.4049479166666667 0.24609375 0.4010416666666667 0.24869791666666666 0.3971354166666667 0.2421875 0.3997395833333333 0.22395833333333334
3 0.4322916666666667 0.4609375 0.4361979166666667 0.4661458333333333 0.4401041666666667 0.4973958333333333 0.43359375 0.4973958333333333 0.4322916666666667 0.4856770833333333 0.4296875 0.4778645833333333 0.42578125 0.4739583333333333 0.42578125 0.46875 0.4309895833333333 0.4622395833333333
3 0.765625 0.5546875 0.7825520833333334 0.5598958333333334 0.7825520833333334 0.56640625 0.7799479166666666 0.5703125 0.7721354166666666 0.5729166666666666 0.765625 0.5611979166666666 0.765625 0.5559895833333334
3 0.4205729166666667 0.51171875 0.4270833333333333 0.5208333333333334 0.4244791666666667 0.5299479166666666 0.4244791666666667 0.55078125 0.421875 0.5481770833333334 0.4153645833333333 0.5234375 0.4166666666666667 0.5130208333333334 0.4192708333333333 0.51171875
3 0.4153645833333333 0.609375 0.421875 0.6184895833333334 0.4153645833333333 0.62890625 0.41015625 0.6263020833333334 0.41015625 0.6236979166666666 0.4049479166666667 0.6184895833333334 0.4049479166666667 0.6119791666666666 0.4140625 0.609375
3 0.40468750000000003 0.42777777734375005 0.39687500000000003 0.425 0.39296875000000003 0.43888888932291664 0.4015625 0.44722222265624995 0.40468750000000003 0.4430555559895833 0.40468750000000003 0.42777777734375005
3 0.12421875 0.48194444401041664 0.12578124999999998 0.4791666666666667 0.12578124999999998 0.47222222265625 0.12421875 0.4666666666666666 0.11953124999999999 0.4666666666666666 0.11796875 0.4694444440104167 0.1171875 0.47222222265625 0.1171875 0.4763888893229167 0.11875000000000001 0.48194444401041664 0.12421875 0.48194444401041664
3 0.39375 0.82222222265625 0.39609374999999997 0.8166666666666668 0.39687500000000003 0.8125 0.39687500000000003 0.8069444440104167 0.39375 0.79722222265625 0.39296875000000003 0.7986111106770833 0.390625 0.7986111106770833 0.38906250000000003 0.8013888893229167 0.38906250000000003 0.80277777734375 0.3875 0.8055555559895833 0.3875 0.80972222265625 0.39375 0.82222222265625