1 0.36796875 0.7486111106770833 0.37109375 0.75 0.37265624999999997 0.7486111106770833 0.37343750000000003 0.74722222265625 0.37343750000000003 0.7444444440104167 0.371875 0.7430555559895833 0.36874999999999997 0.7430555559895833 0.36796875 0.7444444440104167 0.36796875 0.7486111106770833
3 0.9205729166666666 0.4778645833333333 0.9244791666666666 0.4869791666666667 0.9205729166666666 0.4934895833333333 0.9140625 0.4947916666666667 0.91015625 0.4986979166666667 0.9088541666666666 0.51171875 0.9036458333333334 0.5234375 0.9010416666666666 0.5182291666666666 0.9075520833333334 0.4830729166666667 0.9127604166666666 0.4817708333333333 0.9153645833333334 0.4778645833333333 0.9192708333333334 0.4778645833333333
3 0.5013020833333334 0.1640625 0.5065104166666666 0.1640625 0.5104166666666666 0.17057291666666666 0.5078125 0.19270833333333334 0.50390625 0.19661458333333334 0.5013020833333334 0.1953125 0.4973958333333333 0.18098958333333334 0.4973958333333333 0.171875 0.5013020833333334 0.16536458333333334
3 0.7395833333333334 0.3424479166666667 0.74609375 0.34765625 0.74609375 0.359375 0.7408854166666666 0.3606770833333333 0.7369791666666666 0.3671875 0.734375 0.3658854166666667 0.73828125 0.34375
3 0.5390625 0.6731770833333334 0.54296875 0.6783854166666666 0.54296875 0.69140625 0.53515625 0.69140625 0.5377604166666666 0.6744791666666666
3 0.7916666666666666 0.171875 0.79296875 0.18098958333333334 0.78515625 0.19401041666666666 0.78515625 0.19921875 0.7825520833333334 0.20052083333333334 0.7786458333333334 0.19661458333333334 0.78125 0.17838541666666666 0.78515625 0.171875 0.7903645833333334 0.171875
3 0.9205729166666666 0.4778645833333333 0.9244791666666666 0.4856770833333333 0.9205729166666666 0.4934895833333333 0.9127604166666666 0.4947916666666667 0.91015625 0.4973958333333333 0.9075520833333334 0.4947916666666667 0.9075520833333334 0.4830729166666667 0.9127604166666666 0.4817708333333333 0.9153645833333334 0.4778645833333333 0.9192708333333334 0.4778645833333333
0 0.12109375 0.6555555559895833 0.1625 0.64722222265625 0.17265624999999998 0.6388888893229167 0.18984375 0.6111111106770833 0.19765625 0.5819444440104167 0.19999999999999998 0.5513888893229166 0.18515625 0.6124999999999999 0.16328125000000002 0.64027777734375 0.14765625000000002 0.6486111106770833 0.08125 0.65 0.0703125 0.6513888893229166 0.06874999999999999 0.6569444440104167 0.06458359375 0.65277777734375 0.0375 0.65277777734375 0.035937500000000004 0.6569444440104167 0.038281249999999996 0.6583333333333333 0.12109375 0.6555555559895833
3 0.171875 0.5481770833333334 0.17708333333333334 0.5546875 0.18619791666666666 0.5598958333333334 0.17708333333333334 0.5690104166666666 0.16927083333333334 0.5690104166666666 0.16536458333333334 0.5651041666666666 0.1640625 0.55859375 0.16796875 0.5494791666666666 0.17057291666666666 0.5481770833333334
3 0.3626302083333333 0.7513020833333334 0.01953125 0.024739583333333332
3 0.3893229166666667 0.19661458333333334 0.390625 0.21484375 0.3880208333333333 0.22135416666666666 0.3828125 0.22005208333333334 0.3841145833333333 0.21484375 0.3802083333333333 0.203125 0.3854166666666667 0.1953125 0.3880208333333333 0.19661458333333334
3 0.32890625 0.5791666666666667 0.33125 0.56527777734375 0.325 0.5611111106770833 0.325 0.5791666666666667 0.32890625 0.5791666666666667
3 0.51953125 0.46388888932291666 0.5234375 0.44722222265624995 0.5265624999999999 0.4458333333333333 0.52578125 0.43888888932291664 0.51953125 0.43611111067708336 0.5171875 0.44166666666666665 0.51953125 0.46388888932291666
2 0.52734375 0.4622395833333333 0.5325520833333334 0.8515625 0.53125 0.890625 0.5338541666666666 0.9205729166666666 0.5325520833333334 0.9466145833333334 0.5299479166666666 0.9453125 0.53125 0.9283854166666666 0.5286458333333334 0.9088541666666666 0.52734375 0.6419270833333334 0.5247395833333334 0.62890625 0.5260416666666666 0.5729166666666666 0.5234375 0.4635416666666667 0.5260416666666666 0.4622395833333333
0 0.032031250000000004 0.44861111067708337 0.15390625 0.45 0.16953125 0.4611111106770833 0.18515625 0.4861111106770833 0.1953125 0.5208333333333334 0.196875 0.54722222265625 0.19999999999999998 0.5486111106770833 0.19765625 0.5138888893229167 0.1796875 0.4666666666666666 0.1546875 0.44444444401041666 0.032031250000000004 0.44861111067708337
0 1 0.41111111067708334 0.96875 0.41111111067708334 0.9070312500000001 0.41527777734375 0.8875000000000001 0.42777777734375005 0.87265625 0.45 0.8609375 0.4875 0.8578125 0.52222222265625 0.8624999999999999 0.5611111106770833 0.87890625 0.6013888893229167 0.8921875 0.6166666666666667 0.91015625 0.6263888893229167 1 0.6236111106770833 1 0.6180555559895834 0.9015624999999999 0.6180555559895834 0.88671875 0.6041666666666666 0.87604140625 0.5865736106770834 0.8640625000000001 0.5499999999999999 0.86171875 0.5083333333333333 0.86484375 0.4861111106770833 0.875 0.45416666666666666 0.884375 0.43888888932291664 0.9109375000000001 0.41944444401041664 1 0.4166666666666667 1 0.41111111067708334
3 0.61953125 0.8541666666666666 0.6179687500000001 0.8402777773437501 0.6109375 0.8513888893229167 0.6124999999999999 0.8638888893229167 0.61953125 0.8541666666666666
3 0.40078125000000003 0.9097222226562499 0.40703125 0.9083333333333333 0.40546875 0.8791666666666668 0.3984375 0.8888888893229167 0.39765625 0.9041666666666667 0.40078125000000003 0.9097222226562499