1 0.678125 0.45972222265625 0.678125 0.45555555598958336 0.6749999999999999 0.45277777734375 0.6734375 0.45555555598958336 0.6734375 0.45972222265625 0.6749999999999999 0.4611111106770833 0.678125 0.45972222265625
0 0 0.4283854166666667 0.08723958333333333 0.4309895833333333 0.10286458333333333 0.4375 0.11979166666666667 0.45703125 0.13020833333333334 0.4778645833333333 0.13020833333333334 0.4830729166666667 0.13541666666666666 0.49609375 0.13932291666666666 0.5286458333333334 0.13802083333333334 0.56640625 0.13411458333333334 0.5859375 0.12369791666666667 0.6119791666666666 0.11458333333333333 0.6263020833333334 0.10677083333333333 0.6341145833333334 0.08854166666666667 0.6432291666666666 0 0.6419270833333334 0 0.63671875 0.08854166666666667 0.6380208333333334 0.09505208333333333 0.6354166666666666 0.10546875 0.6276041666666666 0.10546875 0.625 0.11197916666666667 0.6197916666666666 0.12109375 0.6067708333333334 0.12760416666666666 0.5924479166666666 0.12890625 0.58203125 0.13541666666666666 0.5638020833333334 0.13541666666666666 0.5143229166666666 0.13151041666666666 0.4947916666666667 0.12369791666666667 0.47265625 0.11588541666666667 0.4583333333333333 0.10286458333333333 0.4453125 0.09114583333333333 0.4388020833333333 0.0859375 0.4388020833333333 0.08463541666666667 0.4361979166666667 0 0.43359375 0 0.4296875
0 0.8346354166666666 0.4700520833333333 0.8333333333333334 0.4778645833333333 0.8229166666666666 0.48828125 0.8177083333333334 0.4973958333333333 0.8177083333333334 0.5013020833333334 0.8138020833333334 0.5052083333333334 0.8033854166666666 0.546875 0.8033854166666666 0.58203125 0.8059895833333334 0.5885416666666666 0.8072916666666666 0.60546875 0.8151041666666666 0.62890625 0.8177083333333334 0.6302083333333334 0.8229166666666666 0.6419270833333334 0.8372395833333334 0.6575520833333334 0.8515625 0.6653645833333334 0.9049479166666666 0.6666666666666666 0.90625 0.6692708333333334 0.9427083333333334 0.6692708333333334 0.9622395833333334 0.6705729166666666 0.9661458333333334 0.6731770833333334 0.9622395833333334 0.67578125 0.9544270833333334 0.67578125 0.8541666666666666 0.671875 0.8424479166666666 0.66796875 0.83203125 0.66015625 0.8203125 0.6471354166666666 0.8046875 0.609375 0.80078125 0.5846354166666666 0.80078125 0.546875 0.8046875 0.5234375 0.8125 0.5 0.82421875 0.4778645833333333 0.8307291666666666 0.4713541666666667 0.8333333333333334 0.4713541666666667
2 0.4713541666666667 0.2682291666666667 0.47265625 0.13802083333333334 0.4752604166666667 0.13671875 0.47265625 0.5 0.4739583333333333 0.5768229166666666 0.4713541666666667 0.62890625 0.4700520833333333 0.88671875 0.4674479166666667 0.96484375 0.46484375 0.96484375 0.4635416666666667 0.9348958333333334 0.4674479166666667 0.8359375 0.4674479166666667 0.6315104166666666 0.4700520833333333 0.5768229166666666 0.47265625 0.26953125
3 0.7369791666666666 0.6223958333333334 0.7395833333333334 0.62109375 0.7473958333333334 0.6236979166666666 0.7526041666666666 0.6302083333333334 0.7486979166666666 0.64453125 0.7473958333333334 0.6471354166666666 0.7447916666666666 0.6471354166666666 0.7408854166666666 0.640625 0.73828125 0.6236979166666666
3 0.71484375 0.90234375 0.7265625 0.90625 0.73046875 0.9114583333333334 0.7278645833333334 0.93359375 0.7265625 0.9361979166666666 0.72265625 0.9361979166666666 0.72265625 0.9244791666666666 0.71484375 0.9036458333333334
3 0.5442708333333334 0.4231770833333333 0.5481770833333334 0.4270833333333333 0.5481770833333334 0.4348958333333333 0.5442708333333334 0.44140625 0.5403645833333334 0.4388020833333333 0.5390625 0.43359375 0.5390625 0.42578125 0.54296875 0.4231770833333333
3 0.9114583333333334 0.5423177083333334 0.020833333333333332 0.020833333333333332
3 0.7330729166666666 0.4505208333333333 0.7356770833333334 0.453125 0.7369791666666666 0.4609375 0.7369791666666666 0.4674479166666667 0.7330729166666666 0.4778645833333333 0.7265625 0.4765625 0.7239583333333334 0.46875 0.7265625 0.4544270833333333 0.7317708333333334 0.4505208333333333
3 0.8307291666666666 0.44921875 0.8346354166666666 0.4518229166666667 0.8463541666666666 0.4505208333333333 0.8489583333333334 0.453125 0.8489583333333334 0.4609375 0.8411458333333334 0.4713541666666667 0.8359375 0.4713541666666667 0.8307291666666666 0.4505208333333333
3 0.17447916666666666 0.4778645833333333 0.17838541666666666 0.4778645833333333 0.1796875 0.4817708333333333 0.18619791666666666 0.4817708333333333 0.18229166666666666 0.4934895833333333 0.17447916666666666 0.4947916666666667 0.171875 0.4934895833333333 0.17447916666666666 0.4791666666666667
3 0.8203125 0.7083333333333334 0.8229166666666666 0.71484375 0.828125 0.7200520833333334 0.8307291666666666 0.7200520833333334 0.8346354166666666 0.7265625 0.8307291666666666 0.7356770833333334 0.828125 0.73828125 0.82421875 0.7369791666666666 0.8190104166666666 0.7161458333333334 0.8203125 0.7096354166666666
3 0.4153645833333333 0.23828125 0.4192708333333333 0.23958333333333334 0.4231770833333333 0.2526041666666667 0.421875 0.2578125 0.41796875 0.2578125 0.4153645833333333 0.2552083333333333 0.4153645833333333 0.23958333333333334
3 0.66015625 0.4817708333333333 0.66796875 0.4817708333333333 0.6692708333333334 0.484375 0.6692708333333334 0.4921875 0.6653645833333334 0.4973958333333333 0.6653645833333334 0.5013020833333334 0.6627604166666666 0.5013020833333334 0.66015625 0.49609375 0.66015625 0.4830729166666667
3 0.7044270833333334 0.4817708333333333 0.70703125 0.4765625 0.7135416666666666 0.4752604166666667 0.7161458333333334 0.4778645833333333 0.7135416666666666 0.4895833333333333 0.70703125 0.4908854166666667 0.7057291666666666 0.4830729166666667
3 0.6789062499999999 0.7694444440104166 0.6796875 0.7666666666666666 0.6804687500000001 0.7486111106770833 0.6804687500000001 0.7430555559895833 0.6796875 0.74027777734375 0.6749999999999999 0.7305555559895834 0.6734375 0.7361111106770833 0.6703125 0.7416666666666667 0.66953125 0.7444444440104167 0.67421875 0.76527777734375 0.67578125 0.7680555559895833 0.6789062499999999 0.7694444440104166