1 0.5320312500000001 0.52222222265625 0.5328125 0.5236111106770833 0.5359375000000001 0.52222222265625 0.5359375000000001 0.5180555559895833 0.53515625 0.5166666666666667 0.5328125 0.5166666666666667 0.5320312500000001 0.5180555559895833 0.5320312500000001 0.52222222265625
0 0.8723958333333334 0.4479166666666667 0.8841145833333334 0.4348958333333333 0.8984375 0.4283854166666667 0.9986979166666666 0.42578125 0.9986979166666666 0.4309895833333333 0.9544270833333334 0.4309895833333333 0.91796875 0.43359375 0.9088541666666666 0.4322916666666667 0.8932291666666666 0.4361979166666667 0.875 0.4518229166666667 0.86328125 0.4713541666666667 0.85546875 0.49609375 0.8515625 0.5208333333333334 0.8515625 0.5455729166666666 0.859375 0.5846354166666666 0.87109375 0.6080729166666666 0.8893229166666666 0.6276041666666666 0.9036458333333334 0.6328125 0.9986979166666666 0.6302083333333334 0.9986979166666666 0.6354166666666666 0.8997395833333334 0.6380208333333334 0.8802083333333334 0.6276041666666666 0.87890625 0.6236979166666666 0.8684895833333334 0.61328125 0.8567708333333334 0.58984375 0.85546875 0.578125 0.8515625 0.5703125 0.8489583333333334 0.546875 0.8489583333333334 0.5169270833333334 0.8567708333333334 0.4778645833333333 0.8684895833333334 0.453125 0.8723958333333334 0.44921875
0 0.14583333333333334 0.4544270833333333 0.15625 0.4583333333333333 0.17447916666666666 0.4765625 0.18619791666666666 0.5 0.18619791666666666 0.5052083333333334 0.19140625 0.5182291666666666 0.1953125 0.546875 0.19401041666666666 0.5872395833333334 0.18229166666666666 0.62890625 0.16666666666666666 0.6510416666666666 0.14713541666666666 0.6627604166666666 0.12369791666666667 0.6653645833333334 0.06901041666666667 0.6653645833333334 0.06770833333333333 0.66796875 0.04296875 0.6692708333333334 0.03125 0.6692708333333334 0.03125 0.6627604166666666 0.12890625 0.66015625 0.14713541666666666 0.6575520833333334 0.15885416666666666 0.6510416666666666 0.17578125 0.6302083333333334 0.1875 0.6015625 0.19140625 0.5846354166666666 0.19140625 0.5364583333333334 0.1875 0.515625 0.1796875 0.4947916666666667 0.16927083333333334 0.4778645833333333 0.15494791666666666 0.46484375 0.13671875 0.4596354166666667 0.02734375 0.4622395833333333 0.02734375 0.45703125 0.12369791666666667 0.453125 0.14453125 0.4544270833333333
2 0.5208333333333334 0.46875 0.5234375 0.4778645833333333 0.5260416666666666 0.859375 0.5286458333333334 0.9518229166666666 0.52734375 0.953125 0.5247395833333334 0.94921875 0.51953125 0.4700520833333333
3 0.4869791666666667 0.71484375 0.4908854166666667 0.7174479166666666 0.4908854166666667 0.7330729166666666 0.4869791666666667 0.734375 0.484375 0.73046875 0.4869791666666667 0.7161458333333334
3 0.4674479166666667 0.265625 0.46875 0.2721354166666667 0.46484375 0.2877604166666667 0.4609375 0.2864583333333333 0.4596354166666667 0.26953125 0.4622395833333333 0.265625 0.4661458333333333 0.265625
3 0.49609375 0.62109375 0.5026041666666666 0.625 0.5026041666666666 0.6341145833333334 0.4973958333333333 0.6393229166666666 0.4934895833333333 0.6302083333333334 0.49609375 0.6223958333333334
3 0.5390625 0.23958333333333334 0.5481770833333334 0.2421875 0.5455729166666666 0.2552083333333333 0.5416666666666666 0.26171875 0.5364583333333334 0.2565104166666667 0.5390625 0.24088541666666666
3 0.4348958333333333 0.5494791666666666 0.4375 0.55078125 0.4375 0.5546875 0.44140625 0.5598958333333334 0.4401041666666667 0.5729166666666666 0.4375 0.5755208333333334 0.4348958333333333 0.57421875 0.4348958333333333 0.55078125
3 0.578125 0.5859375 0.58203125 0.58984375 0.5807291666666666 0.6015625 0.5755208333333334 0.6028645833333334 0.57421875 0.5989583333333334 0.5768229166666666 0.5872395833333334
3 0.5651041666666666 0.4075520833333333 0.56640625 0.4140625 0.5625 0.421875 0.55859375 0.421875 0.5572916666666666 0.4114583333333333 0.5598958333333334 0.4075520833333333 0.5638020833333334 0.4075520833333333
3 0.6354166666666666 0.3229166666666667 0.6393229166666666 0.3268229166666667 0.6393229166666666 0.3359375 0.6328125 0.33984375 0.62890625 0.3359375 0.62890625 0.3294270833333333 0.6302083333333334 0.3255208333333333 0.6341145833333334 0.3229166666666667
3 0.59765625 0.76953125 0.6028645833333334 0.7760416666666666 0.6015625 0.7838541666666666 0.5950520833333334 0.7877604166666666 0.5911458333333334 0.78125 0.5911458333333334 0.7760416666666666 0.5963541666666666 0.7708333333333334
3 0.3404947916666667 0.5872395833333334 0.010416666666666666 0.022135416666666668
3 0.4765625 0.46484375 0.48046875 0.4661458333333333 0.4791666666666667 0.4817708333333333 0.4765625 0.484375 0.4739583333333333 0.48046875 0.4765625 0.4661458333333333
3 0.5164062500000001 0.45972222265625 0.5265624999999999 0.46249999999999997 0.5304687499999999 0.45416666666666666 0.5296875 0.4458333333333333 0.5265624999999999 0.44027777734375 0.51953125 0.44166666666666665 0.5164062500000001 0.45972222265625