1 0.5296875 0.52777777734375 0.5304687499999999 0.5291666666666667 0.53359375 0.5291666666666667 0.5343749999999999 0.52777777734375 0.53359375 0.52222222265625 0.5304687499999999 0.52222222265625 0.5296875 0.5236111106770833 0.5296875 0.52777777734375
0 0.9986979166666666 0.42578125 0.9986979166666666 0.4309895833333333 0.953125 0.4309895833333333 0.9205729166666666 0.43359375 0.9075520833333334 0.4322916666666667 0.8971354166666666 0.4348958333333333 0.88671875 0.44140625 0.8736979166666666 0.4544270833333333 0.859375 0.484375 0.8541666666666666 0.5078125 0.8541666666666666 0.5559895833333334 0.8619791666666666 0.5885416666666666 0.875 0.6119791666666666 0.890625 0.6276041666666666 0.8984375 0.6315104166666666 0.91796875 0.6328125 0.9986979166666666 0.6302083333333334 0.9986979166666666 0.6354166666666666 0.9244791666666666 0.6380208333333334 0.8984375 0.63671875 0.8841145833333334 0.6302083333333334 0.8684895833333334 0.6119791666666666 0.8606770833333334 0.5963541666666666 0.8515625 0.5651041666666666 0.8489583333333334 0.5364583333333334 0.8528645833333334 0.4947916666666667 0.8606770833333334 0.4700520833333333 0.8684895833333334 0.4544270833333333 0.87890625 0.44140625 0.88671875 0.43359375 0.8984375 0.4283854166666667 0.94140625 0.42578125 0.9973958333333334 0.42578125
0 0.15104166666666666 0.4544270833333333 0.16666666666666666 0.4661458333333333 0.17578125 0.4765625 0.19140625 0.5130208333333334 0.1953125 0.53515625 0.19661458333333334 0.5651041666666666 0.19401041666666666 0.5950520833333334 0.19140625 0.5989583333333334 0.19010416666666666 0.609375 0.18098958333333334 0.6315104166666666 0.17057291666666666 0.64453125 0.17057291666666666 0.6471354166666666 0.16015625 0.65625 0.14453125 0.6627604166666666 0.08463541666666667 0.6653645833333334 0.032552083333333336 0.6653645833333334 0.032552083333333336 0.6627604166666666 0.14453125 0.6575520833333334 0.15885416666666666 0.6510416666666666 0.17578125 0.6315104166666666 0.1875 0.60546875 0.19270833333333334 0.578125 0.19270833333333334 0.5390625 0.1875 0.5104166666666666 0.18359375 0.4986979166666667 0.16796875 0.4739583333333333 0.14973958333333334 0.4609375 0.028645833333333332 0.4609375 0.028645833333333332 0.4557291666666667 0.08984375 0.453125 0.14973958333333334 0.4544270833333333
2 0.5247395833333334 0.4674479166666667 0.5286458333333334 0.953125 0.5247395833333334 0.953125 0.5234375 0.64453125 0.5208333333333334 0.55859375 0.5208333333333334 0.46875 0.5234375 0.46875
3 0.4856770833333333 0.71484375 0.4895833333333333 0.71484375 0.4908854166666667 0.72265625 0.4908854166666667 0.7330729166666666 0.4856770833333333 0.7408854166666666 0.4830729166666667 0.7330729166666666 0.4856770833333333 0.7161458333333334
3 0.4661458333333333 0.2552083333333333 0.4674479166666667 0.2786458333333333 0.46484375 0.2799479166666667 0.4622395833333333 0.2799479166666667 0.4609375 0.27734375 0.4609375 0.2682291666666667 0.4583333333333333 0.2630208333333333 0.4596354166666667 0.2565104166666667 0.4622395833333333 0.25390625 0.46484375 0.2552083333333333
3 0.5403645833333334 0.23958333333333334 0.5494791666666666 0.2421875 0.5455729166666666 0.2526041666666667 0.5455729166666666 0.2591145833333333 0.5416666666666666 0.26171875 0.5390625 0.2604166666666667 0.5364583333333334 0.2526041666666667 0.5403645833333334 0.24088541666666666
3 0.4401041666666667 0.5559895833333334 0.44140625 0.5638020833333334 0.4361979166666667 0.57421875 0.43359375 0.57421875 0.4322916666666667 0.5716145833333334 0.4322916666666667 0.5625 0.4348958333333333 0.5572916666666666 0.4388020833333333 0.5559895833333334
3 0.5807291666666666 0.5859375 0.58203125 0.5989583333333334 0.578125 0.6028645833333334 0.5755208333333334 0.6015625 0.5755208333333334 0.58984375 0.5794270833333334 0.5859375
3 0.55859375 0.4205729166666667 0.5572916666666666 0.4114583333333333 0.55859375 0.4075520833333333 0.5625 0.4049479166666667 0.56640625 0.4075520833333333 0.56640625 0.4114583333333333 0.5625 0.4205729166666667 0.5598958333333334 0.4205729166666667
3 0.6328125 0.3190104166666667 0.6393229166666666 0.32421875 0.6380208333333334 0.3346354166666667 0.6328125 0.3385416666666667 0.62890625 0.3346354166666667 0.62890625 0.3229166666666667 0.6315104166666666 0.3203125
3 0.6002604166666666 0.7825520833333334 0.6028645833333334 0.7864583333333334 0.6028645833333334 0.79296875 0.59765625 0.7994791666666666 0.59375 0.7981770833333334 0.59375 0.7942708333333334 0.5963541666666666 0.7838541666666666 0.5989583333333334 0.7825520833333334
3 0.3333333333333333 0.5755208333333334 0.34375 0.5768229166666666 0.3385416666666667 0.5963541666666666 0.3359375 0.5963541666666666 0.33203125 0.58984375 0.3333333333333333 0.5768229166666666
3 0.4791666666666667 0.4720052083333333 0.0078125 0.022135416666666668
3 0.4973958333333333 0.62109375 0.5026041666666666 0.6223958333333334 0.5065104166666666 0.6302083333333334 0.5065104166666666 0.6354166666666666 0.50390625 0.6393229166666666 0.4986979166666667 0.6393229166666666 0.49609375 0.6302083333333334 0.4973958333333333 0.6223958333333334
3 0.51796875 0.4583333333333333 0.5265624999999999 0.46249999999999997 0.5304687499999999 0.45555555598958336 0.5296875 0.4430555559895833 0.52578125 0.43888888932291664 0.5203125000000001 0.44166666666666665 0.51796875 0.4583333333333333