1 0.8976562499999999 0.6194444440104167 0.9015624999999999 0.6194444440104167 0.90234375 0.61527777734375 0.9015624999999999 0.6124999999999999 0.8976562499999999 0.6124999999999999 0.896875 0.6138888893229166 0.8976562499999999 0.6194444440104167
0 0.9817708333333334 0.41796875 0.98046875 0.4153645833333333 0.9791666666666666 0.41796875 0.9375 0.41796875 0.9166666666666666 0.4192708333333333 0.9088541666666666 0.421875 0.8997395833333334 0.4270833333333333 0.8893229166666666 0.4375 0.87890625 0.4544270833333333 0.87109375 0.4752604166666667 0.8671875 0.4947916666666667 0.8658854166666666 0.53515625 0.87109375 0.5651041666666666 0.87890625 0.5859375 0.8841145833333334 0.5924479166666666 0.8828125 0.5963541666666666 0.8763020833333334 0.58984375 0.8684895833333334 0.5690104166666666 0.86328125 0.5364583333333334 0.8645833333333334 0.4908854166666667 0.8684895833333334 0.47265625 0.87109375 0.4700520833333333 0.87890625 0.4466145833333333 0.8880208333333334 0.4322916666666667 0.8984375 0.421875 0.9114583333333334 0.4140625 0.9986979166666666 0.41015625 0.9986979166666666 0.4153645833333333 0.984375 0.4153645833333333 0.9830729166666666 0.41796875
0 0.15494791666666666 0.4479166666666667 0.16666666666666666 0.4544270833333333 0.1796875 0.4700520833333333 0.19010416666666666 0.4908854166666667 0.1953125 0.5078125 0.19921875 0.5325520833333334 0.19921875 0.5690104166666666 0.19791666666666666 0.5846354166666666 0.19140625 0.609375 0.1796875 0.6328125 0.16666666666666666 0.6484375 0.15494791666666666 0.6549479166666666 0.14453125 0.6575520833333334 0.0703125 0.6614583333333334 0.03515625 0.6614583333333334 0.03515625 0.6575520833333334 0.14453125 0.65234375 0.15494791666666666 0.6497395833333334 0.171875 0.6354166666666666 0.1875 0.609375 0.1953125 0.5807291666666666 0.1953125 0.5247395833333334 0.18880208333333334 0.4973958333333333 0.1796875 0.4778645833333333 0.17578125 0.4713541666666667 0.15494791666666666 0.453125 0.1484375 0.4505208333333333 0.08072916666666667 0.453125 0.03125 0.4518229166666667 0.032552083333333336 0.44921875 0.045572916666666664 0.4479166666666667 0.11588541666666667 0.4453125 0.14583333333333334 0.4453125 0.15364583333333334 0.4479166666666667
2 0.5260416666666666 0.12109375 0.5286458333333334 0.20052083333333334 0.52734375 0.24869791666666666 0.5299479166666666 0.3020833333333333 0.53125 0.6341145833333334 0.5338541666666666 0.6705729166666666 0.53515625 0.765625 0.53515625 0.9505208333333334 0.5325520833333334 0.93359375 0.53125 0.7174479166666666 0.5286458333333334 0.6471354166666666 0.5247395833333334 0.12109375
3 0.8333333333333334 0.8098958333333334 0.8372395833333334 0.8098958333333334 0.84375 0.81640625 0.84375 0.8294270833333334 0.8333333333333334 0.8294270833333334 0.8333333333333334 0.8111979166666666
3 0.5494791666666666 0.3072916666666667 0.5520833333333334 0.3151041666666667 0.5494791666666666 0.33203125 0.546875 0.3346354166666667 0.5442708333333334 0.3294270833333333 0.5442708333333334 0.3190104166666667 0.5481770833333334 0.30859375
3 0.6041666666666666 0.3125 0.6080729166666666 0.32421875 0.6041666666666666 0.3359375 0.5989583333333334 0.33984375 0.59375 0.3385416666666667 0.5911458333333334 0.3268229166666667 0.5963541666666666 0.3125 0.6028645833333334 0.3125
3 0.5104166666666666 0.5299479166666666 0.5078125 0.52734375 0.5065104166666666 0.4947916666666667 0.515625 0.4921875 0.5182291666666666 0.4947916666666667 0.51953125 0.5026041666666666 0.51953125 0.5091145833333334 0.51171875 0.5208333333333334 0.51171875 0.5286458333333334
3 0.88671875 0.5924479166666666 0.8997395833333334 0.5924479166666666 0.90625 0.6015625 0.90625 0.6080729166666666 0.9010416666666666 0.6119791666666666 0.9010416666666666 0.6171875 0.8971354166666666 0.62109375 0.89453125 0.6119791666666666 0.890625 0.6106770833333334 0.8880208333333334 0.6067708333333334 0.88671875 0.59375
3 0.8053385416666666 0.4192708333333333 0.016276041666666668 0.01953125
3 0.5598958333333334 0.6588541666666666 0.5625 0.6614583333333334 0.5611979166666666 0.6783854166666666 0.55859375 0.6796875 0.5546875 0.6770833333333334 0.5559895833333334 0.6627604166666666 0.55859375 0.66015625
3 0.76953125 0.2109375 0.7747395833333334 0.21223958333333334 0.7747395833333334 0.21875 0.7643229166666666 0.23177083333333334 0.76171875 0.23046875 0.76171875 0.22135416666666666 0.76953125 0.21223958333333334
3 0.9622395833333334 0.5494791666666666 0.96875 0.5533854166666666 0.96875 0.5651041666666666 0.9544270833333334 0.5651041666666666 0.9544270833333334 0.546875 0.9596354166666666 0.546875 0.9609375 0.5494791666666666
3 0.6328125 0.6666666666666666 0.6380208333333334 0.6666666666666666 0.640625 0.671875 0.6393229166666666 0.6796875 0.6328125 0.6861979166666666 0.62890625 0.6809895833333334 0.62890625 0.671875 0.6328125 0.66796875
3 0.23307291666666666 0.5247395833333334 0.23697916666666666 0.5325520833333334 0.23697916666666666 0.5377604166666666 0.23046875 0.5442708333333334 0.22395833333333334 0.5403645833333334 0.22265625 0.5299479166666666 0.2265625 0.5234375 0.23177083333333334 0.5247395833333334
3 0.6007812499999999 0.8444444440104166 0.6101562500000001 0.8305555559895833 0.609375 0.8250000000000001 0.60546875 0.8138888893229167 0.59921875 0.8263888893229167 0.6007812499999999 0.8444444440104166