1 0.37656249999999997 0.16111111067708334 0.378125 0.15694444401041666 0.378125 0.15416666666666667 0.37656249999999997 0.15138888932291666 0.375 0.15277777734375 0.37421875 0.15416666666666667 0.37421875 0.15833333333333333 0.37578125 0.16111111067708334 0.37656249999999997 0.16111111067708334
0 0 0.4166666666666667 0.020833333333333332 0.4166666666666667 0.022135416666666668 0.4192708333333333 0.08333333333333333 0.4205729166666667 0.09895833333333333 0.4231770833333333 0.10677083333333333 0.4270833333333333 0.11848958333333333 0.4375 0.13411458333333334 0.46484375 0.14192708333333334 0.4908854166666667 0.14583333333333334 0.5260416666666666 0.14453125 0.5338541666666666 0.140625 0.5299479166666666 0.140625 0.5 0.13671875 0.4895833333333333 0.13541666666666666 0.4778645833333333 0.12369791666666667 0.453125 0.11067708333333333 0.4361979166666667 0.09114583333333333 0.4270833333333333 0.009114583333333334 0.4244791666666667 0 0.4231770833333333 0 0.41796875
0 0.8828125 0.4518229166666667 0.9791666666666666 0.4557291666666667 0.9817708333333334 0.45703125 0.9817708333333334 0.4609375 0.9140625 0.4609375 0.8658854166666666 0.45703125 0.8645833333333334 0.4596354166666667 0.8489583333333334 0.4661458333333333 0.8372395833333334 0.4765625 0.8255208333333334 0.49609375 0.8216145833333334 0.51171875 0.8190104166666666 0.5143229166666666 0.8138020833333334 0.5455729166666666 0.8151041666666666 0.5846354166666666 0.8255208333333334 0.62109375 0.8424479166666666 0.6471354166666666 0.85546875 0.6575520833333334 0.8736979166666666 0.6614583333333334 0.9674479166666666 0.6640625 0.9778645833333334 0.6653645833333334 0.9778645833333334 0.6705729166666666 0.87890625 0.66796875 0.8776041666666666 0.6653645833333334 0.859375 0.6640625 0.84375 0.65625 0.8359375 0.6484375 0.82421875 0.62890625 0.81640625 0.6080729166666666 0.8111979166666666 0.57421875 0.8111979166666666 0.5455729166666666 0.81640625 0.51171875 0.82421875 0.4895833333333333 0.8268229166666666 0.48828125 0.8307291666666666 0.4778645833333333 0.8450520833333334 0.4622395833333333 0.859375 0.453125 0.8815104166666666 0.4518229166666667
2 0.4778645833333333 0.5052083333333334 0.4791666666666667 0.515625 0.4817708333333333 0.5182291666666666 0.4817708333333333 0.53515625 0.4778645833333333 0.7018229166666666 0.4778645833333333 0.8255208333333334 0.4752604166666667 0.8841145833333334 0.4765625 0.9401041666666666 0.4739583333333333 0.9609375 0.4713541666666667 0.9401041666666666 0.4752604166666667 0.8046875 0.4739583333333333 0.7565104166666666 0.4778645833333333 0.5065104166666666
3 0.3971354166666667 0.53515625 0.3997395833333333 0.5377604166666666 0.4010416666666667 0.5533854166666666 0.3971354166666667 0.5533854166666666 0.3932291666666667 0.546875 0.3932291666666667 0.5390625 0.3958333333333333 0.5364583333333334
3 0.5924479166666666 0.6966145833333334 0.5885416666666666 0.6901041666666666 0.5924479166666666 0.67578125 0.5989583333333334 0.6809895833333334 0.5989583333333334 0.6888020833333334 0.5963541666666666 0.6953125 0.59375 0.6966145833333334
3 0.5234375 0.19010416666666666 0.5286458333333334 0.1953125 0.5286458333333334 0.21223958333333334 0.5247395833333334 0.21484375 0.5221354166666666 0.20703125 0.5234375 0.19140625
3 0.48828125 0.7421875 0.4934895833333333 0.74609375 0.4947916666666667 0.76171875 0.4908854166666667 0.7643229166666666 0.4869791666666667 0.7604166666666666 0.4869791666666667 0.7434895833333334
3 0.140625 0.53125 0.14713541666666666 0.5703125 0.14453125 0.5729166666666666 0.140625 0.5690104166666666 0.13802083333333334 0.5481770833333334 0.12890625 0.546875 0.12760416666666666 0.54296875 0.12760416666666666 0.5338541666666666 0.13932291666666666 0.53125
3 0.2578125 0.7044270833333334 0.2604166666666667 0.7057291666666666 0.2630208333333333 0.72265625 0.25390625 0.7239583333333334 0.2513020833333333 0.7200520833333334 0.2513020833333333 0.7135416666666666 0.2578125 0.7057291666666666
3 0.4244791666666667 0.73828125 0.4283854166666667 0.73828125 0.4322916666666667 0.7526041666666666 0.4283854166666667 0.7565104166666666 0.421875 0.7526041666666666 0.421875 0.7434895833333334 0.4244791666666667 0.7395833333333334
3 0.4453125 0.4140625 0.4440104166666667 0.4088541666666667 0.4401041666666667 0.4049479166666667 0.4401041666666667 0.4010416666666667 0.4453125 0.39453125 0.4518229166666667 0.40234375 0.4518229166666667 0.41015625 0.44921875 0.4140625 0.4466145833333333 0.4140625
3 0.48046875 0.47265625 0.484375 0.4739583333333333 0.4869791666666667 0.4791666666666667 0.4869791666666667 0.49609375 0.4830729166666667 0.4986979166666667 0.48046875 0.4973958333333333 0.4778645833333333 0.4895833333333333 0.48046875 0.4739583333333333
3 0.4244791666666667 0.5989583333333334 0.4270833333333333 0.6041666666666666 0.42578125 0.6145833333333334 0.4205729166666667 0.6145833333333334 0.41796875 0.609375 0.41796875 0.6041666666666666 0.4231770833333333 0.5989583333333334
3 0.3697916666666667 0.16536458333333334 0.3645833333333333 0.15104166666666666 0.3658854166666667 0.13932291666666666 0.3697916666666667 0.13932291666666666 0.3723958333333333 0.14192708333333334 0.3736979166666667 0.1484375 0.3776041666666667 0.15364583333333334 0.3763020833333333 0.16276041666666666 0.37109375 0.16536458333333334
3 0.6015625 0.3606770833333333 0.6041666666666666 0.36328125 0.6041666666666666 0.3697916666666667 0.6028645833333334 0.3763020833333333 0.5989583333333334 0.3802083333333333 0.5950520833333334 0.3763020833333333 0.5950520833333334 0.3671875 0.6002604166666666 0.3606770833333333