1 0.33437500000000003 0.5041666666666667 0.33437500000000003 0.5111111106770834 0.33828125000000003 0.5111111106770834 0.33828125000000003 0.5055555559895833 0.33437500000000003 0.5041666666666667
0 0 0.4166666666666667 0.08723958333333333 0.4192708333333333 0.10286458333333333 0.421875 0.11458333333333333 0.4283854166666667 0.12369791666666667 0.4375 0.12369791666666667 0.4401041666666667 0.13411458333333334 0.453125 0.14192708333333334 0.47265625 0.14713541666666666 0.4947916666666667 0.14973958333333334 0.5247395833333334 0.14583333333333334 0.5651041666666666 0.13802083333333334 0.58984375 0.12760416666666666 0.609375 0.10807291666666667 0.6276041666666666 0.09765625 0.6315104166666666 0 0.62890625 0 0.6223958333333334 0.09375 0.625 0.10416666666666667 0.6223958333333334 0.11458333333333333 0.6158854166666666 0.12890625 0.59765625 0.13932291666666666 0.57421875 0.14453125 0.5520833333333334 0.14583333333333334 0.53125 0.14453125 0.5 0.13932291666666666 0.4778645833333333 0.13151041666666666 0.4583333333333333 0.11588541666666667 0.4361979166666667 0.10677083333333333 0.4296875 0.09635416666666667 0.42578125 0.0026041666666666665 0.4231770833333333 0 0.421875 0 0.41796875
0 0.83203125 0.4635416666666667 0.84375 0.453125 0.8580729166666666 0.4479166666666667 0.9739583333333334 0.4518229166666667 0.9739583333333334 0.4557291666666667 0.8567708333333334 0.453125 0.84765625 0.45703125 0.8307291666666666 0.47265625 0.8190104166666666 0.4934895833333333 0.8111979166666666 0.515625 0.8072916666666666 0.5403645833333334 0.8072916666666666 0.56640625 0.8098958333333334 0.57421875 0.8098958333333334 0.5846354166666666 0.8190104166666666 0.6145833333333334 0.8216145833333334 0.6158854166666666 0.8307291666666666 0.6341145833333334 0.84765625 0.6497395833333334 0.859375 0.6536458333333334 0.8736979166666666 0.6549479166666666 0.9674479166666666 0.6575520833333334 0.9700520833333334 0.6588541666666666 0.9700520833333334 0.6614583333333334 0.9674479166666666 0.6627604166666666 0.859375 0.6588541666666666 0.83984375 0.6510416666666666 0.8229166666666666 0.6315104166666666 0.8125 0.609375 0.8111979166666666 0.59765625 0.80859375 0.5950520833333334 0.8046875 0.5520833333333334 0.8072916666666666 0.5208333333333334 0.8125 0.5 0.82421875 0.4739583333333333 0.83203125 0.46484375
2 0.48046875 0.12760416666666666 0.4817708333333333 0.2734375 0.4778645833333333 0.2760416666666667 0.4778645833333333 0.2903645833333333 0.48046875 0.2916666666666667 0.4791666666666667 0.2981770833333333 0.4817708333333333 0.3033854166666667 0.4778645833333333 0.578125 0.4791666666666667 0.6328125 0.4739583333333333 0.8619791666666666 0.4752604166666667 0.9270833333333334 0.4739583333333333 0.94921875 0.4713541666666667 0.9479166666666666 0.4739583333333333 0.63671875 0.4765625 0.6276041666666666 0.4739583333333333 0.61328125 0.4765625 0.5286458333333334 0.4765625 0.2799479166666667 0.4791666666666667 0.26953125 0.48046875 0.12890625
3 0.4869791666666667 0.2734375 0.4908854166666667 0.2786458333333333 0.4895833333333333 0.29296875 0.4869791666666667 0.29296875 0.484375 0.2890625 0.4830729166666667 0.2786458333333333 0.4856770833333333 0.2747395833333333
3 0.453125 0.62109375 0.4622395833333333 0.6184895833333334 0.46484375 0.6276041666666666 0.46484375 0.6354166666666666 0.4596354166666667 0.63671875 0.453125 0.6263020833333334 0.453125 0.6223958333333334
3 0.4010416666666667 0.43359375 0.4075520833333333 0.4440104166666667 0.4075520833333333 0.44921875 0.4049479166666667 0.4518229166666667 0.4010416666666667 0.4518229166666667 0.3958333333333333 0.44140625 0.3958333333333333 0.4375 0.3997395833333333 0.43359375
3 0.3151041666666667 0.6145833333333334 0.3190104166666667 0.6184895833333334 0.3177083333333333 0.6302083333333334 0.30859375 0.6263020833333334 0.3059895833333333 0.6197916666666666 0.3072916666666667 0.6145833333333334 0.3138020833333333 0.6145833333333334
3 0.6106770833333334 0.52734375 0.61328125 0.53515625 0.6106770833333334 0.5481770833333334 0.60546875 0.5481770833333334 0.6015625 0.5442708333333334 0.6002604166666666 0.5390625 0.60546875 0.5286458333333334 0.609375 0.52734375
3 0.3776041666666667 0.55078125 0.3841145833333333 0.5520833333333334 0.3854166666666667 0.5559895833333334 0.3854166666666667 0.56640625 0.3841145833333333 0.5703125 0.3815104166666667 0.5703125 0.37890625 0.5690104166666666 0.375 0.5572916666666666 0.3776041666666667 0.5520833333333334
3 0.3756510416666667 0.7252604166666666 0.012369791666666666 0.024739583333333332
3 0.44921875 0.21875 0.4557291666666667 0.2265625 0.4557291666666667 0.23958333333333334 0.4518229166666667 0.24348958333333334 0.44921875 0.24088541666666666 0.4479166666666667 0.23307291666666666 0.44921875 0.22005208333333334
3 0.45625 0.4791666666666667 0.453125 0.4666666666666666 0.44609375 0.46527777734375 0.44140625 0.4708333333333334 0.4421875 0.48472222265625 0.44687499999999997 0.49027777734375005 0.45468749999999997 0.4875 0.45625 0.4791666666666667
3 0.5226562499999999 0.5083333333333333 0.5234375 0.48888888932291663 0.515625 0.48194444401041664 0.5226562499999999 0.5083333333333333
3 0.44921875 0.7097222226562501 0.44609375 0.7236111106770834 0.45234375 0.7263888893229167 0.45390625 0.7152777773437501 0.44921875 0.7097222226562501
3 0.3 0.3361111106770833 0.29921875000000003 0.34027777734375 0.31015624999999997 0.3555555559895833 0.30859375 0.33749999999999997 0.3 0.3361111106770833