1 0.43906249999999997 0.6486111106770833 0.4421875 0.65277777734375 0.44453125 0.65277777734375 0.44609375 0.65 0.4453125 0.64722222265625 0.44453125 0.6458333333333334 0.43984375000000003 0.6458333333333334 0.43906249999999997 0.6486111106770833
0 0.890625 0.4375 0.9075520833333334 0.4322916666666667 0.9986979166666666 0.4309895833333333 0.9986979166666666 0.4361979166666667 0.9036458333333334 0.4401041666666667 0.8880208333333334 0.4466145833333333 0.8763020833333334 0.4583333333333333 0.8671875 0.47265625 0.8580729166666666 0.4973958333333333 0.8541666666666666 0.5182291666666666 0.8541666666666666 0.5572916666666666 0.859375 0.5859375 0.8619791666666666 0.5885416666666666 0.8671875 0.60546875 0.8841145833333334 0.62890625 0.8997395833333334 0.6380208333333334 0.91015625 0.6393229166666666 0.9479166666666666 0.63671875 0.9986979166666666 0.63671875 0.9986979166666666 0.640625 0.99609375 0.6419270833333334 0.91796875 0.64453125 0.8997395833333334 0.6432291666666666 0.8854166666666666 0.63671875 0.875 0.6263020833333334 0.8671875 0.6119791666666666 0.8645833333333334 0.6106770833333334 0.859375 0.59375 0.8567708333333334 0.5911458333333334 0.85546875 0.5794270833333334 0.8515625 0.5690104166666666 0.8515625 0.51171875 0.85546875 0.5013020833333334 0.8567708333333334 0.48828125 0.8645833333333334 0.46875 0.875 0.4518229166666667 0.890625 0.4388020833333333
0 0.08984375 0.4583333333333333 0.14453125 0.4583333333333333 0.14583333333333334 0.4609375 0.15625 0.46484375 0.16276041666666666 0.4700520833333333 0.17057291666666666 0.4778645833333333 0.18619791666666666 0.5091145833333334 0.19140625 0.5299479166666666 0.19401041666666666 0.5572916666666666 0.19270833333333334 0.5885416666666666 0.18619791666666666 0.6197916666666666 0.17057291666666666 0.6497395833333334 0.16015625 0.66015625 0.1484375 0.6653645833333334 0.14713541666666666 0.66796875 0.13541666666666666 0.6705729166666666 0.028645833333333332 0.6731770833333334 0.028645833333333332 0.6692708333333334 0.0390625 0.6692708333333334 0.040364583333333336 0.6666666666666666 0.140625 0.6640625 0.1484375 0.6614583333333334 0.15885416666666666 0.6549479166666666 0.171875 0.6393229166666666 0.1796875 0.6263020833333334 0.18619791666666666 0.6067708333333334 0.19140625 0.578125 0.19140625 0.55078125 0.1875 0.5247395833333334 0.17578125 0.4947916666666667 0.15885416666666666 0.47265625 0.14453125 0.46484375 0.024739583333333332 0.46484375 0.026041666666666668 0.4622395833333333 0.08984375 0.4596354166666667
2 0.5208333333333334 0.4270833333333333 0.5234375 0.4283854166666667 0.5221354166666666 0.4635416666666667 0.5260416666666666 0.6302083333333334 0.5247395833333334 0.7109375 0.52734375 0.8177083333333334 0.5260416666666666 0.87890625 0.5286458333333334 0.9348958333333334 0.52734375 0.9609375 0.5247395833333334 0.9609375 0.5234375 0.8854166666666666 0.5234375 0.7005208333333334 0.5208333333333334 0.6432291666666666 0.51953125 0.4908854166666667 0.5208333333333334 0.4283854166666667
3 0.3776041666666667 0.2578125 0.37890625 0.2721354166666667 0.3815104166666667 0.2760416666666667 0.37890625 0.28125 0.375 0.2786458333333333 0.37109375 0.26953125 0.3723958333333333 0.2604166666666667 0.3763020833333333 0.2578125
3 0.3658854166666667 0.5260416666666666 0.3697916666666667 0.5299479166666666 0.3697916666666667 0.5364583333333334 0.3645833333333333 0.54296875 0.359375 0.5377604166666666 0.3606770833333333 0.5260416666666666 0.3645833333333333 0.5260416666666666
3 0.5149739583333334 0.3268229166666667 0.012369791666666666 0.0234375
3 0.4778645833333333 0.6953125 0.48046875 0.6966145833333334 0.48046875 0.7005208333333334 0.4830729166666667 0.703125 0.48046875 0.7200520833333334 0.4765625 0.7213541666666666 0.4752604166666667 0.7057291666666666 0.4778645833333333 0.6966145833333334
3 0.5188802083333334 0.404296875 0.013020833333333334 0.027994791666666668
3 0.4283854166666667 0.625 0.4322916666666667 0.62890625 0.4361979166666667 0.6419270833333334 0.4440104166666667 0.6458333333333334 0.4440104166666667 0.65234375 0.4283854166666667 0.6536458333333334 0.4283854166666667 0.6263020833333334
3 0.5989583333333334 0.3671875 0.59765625 0.3450520833333333 0.6015625 0.33984375 0.60546875 0.33984375 0.6080729166666666 0.34375 0.6080729166666666 0.35546875 0.6041666666666666 0.3645833333333333 0.6002604166666666 0.3671875
3 0.552734375 0.5559895833333334 0.01171875 0.020833333333333332
3 0.5455729166666666 0.2421875 0.5481770833333334 0.24739583333333334 0.5455729166666666 0.2604166666666667 0.54296875 0.2604166666666667 0.5403645833333334 0.2552083333333333 0.5403645833333334 0.24479166666666666 0.5442708333333334 0.2421875
3 0.24869791666666666 0.5546875 0.2526041666666667 0.5690104166666666 0.25 0.5729166666666666 0.24088541666666666 0.5729166666666666 0.23828125 0.5677083333333334 0.23958333333333334 0.5611979166666666 0.24739583333333334 0.5546875
3 0.5078125 0.4479166666666667 0.51171875 0.4479166666666667 0.5130208333333334 0.4518229166666667 0.5130208333333334 0.4596354166666667 0.5078125 0.4674479166666667 0.5052083333333334 0.4661458333333333 0.5052083333333334 0.453125 0.5078125 0.44921875
3 0.5364583333333334 0.8359375 0.011067708333333334 0.022135416666666668