1 0.25078125 0.46249999999999997 0.25 0.4611111106770833 0.24765625 0.4611111106770833 0.24687499999999998 0.46249999999999997 0.24765625 0.4680555559895833 0.25078125 0.4666666666666666 0.25078125 0.46249999999999997
0 0 0.4088541666666667 0.078125 0.4114583333333333 0.08854166666666667 0.4127604166666667 0.09635416666666667 0.4166666666666667 0.11197916666666667 0.4309895833333333 0.12630208333333334 0.4544270833333333 0.12760416666666666 0.4635416666666667 0.13411458333333334 0.4791666666666667 0.13802083333333334 0.5169270833333334 0.13671875 0.54296875 0.13020833333333334 0.57421875 0.11458333333333333 0.60546875 0.10286458333333333 0.6171875 0.09505208333333333 0.6223958333333334 0.0859375 0.6236979166666666 0.08463541666666667 0.6263020833333334 0.0546875 0.6263020833333334 0.053385416666666664 0.6236979166666666 0 0.6236979166666666 0 0.6184895833333334 0.08723958333333333 0.6197916666666666 0.09895833333333333 0.6145833333333334 0.10807291666666667 0.60546875 0.12109375 0.5846354166666666 0.12760416666666666 0.5690104166666666 0.13411458333333334 0.5364583333333334 0.13411458333333334 0.5 0.12890625 0.4739583333333333 0.11979166666666667 0.4505208333333333 0.11197916666666667 0.4375 0.1015625 0.4270833333333333 0.08854166666666667 0.4192708333333333 0.04296875 0.41796875 0.041666666666666664 0.4153645833333333 0.013020833333333334 0.4140625 0 0.4153645833333333 0 0.41015625
0 0.88671875 0.4453125 0.9661458333333334 0.44921875 0.9661458333333334 0.453125 0.8502604166666666 0.4505208333333333 0.8372395833333334 0.45703125 0.8229166666666666 0.4713541666666667 0.8111979166666666 0.4934895833333333 0.8020833333333334 0.53125 0.8033854166666666 0.58203125 0.8111979166666666 0.609375 0.8268229166666666 0.6354166666666666 0.8424479166666666 0.6484375 0.8489583333333334 0.6510416666666666 0.9609375 0.65625 0.9635416666666666 0.6575520833333334 0.9622395833333334 0.6614583333333334 0.87890625 0.6588541666666666 0.8450520833333334 0.6549479166666666 0.8307291666666666 0.6471354166666666 0.8307291666666666 0.64453125 0.8151041666666666 0.6276041666666666 0.8151041666666666 0.6236979166666666 0.80859375 0.61328125 0.80078125 0.5859375 0.7994791666666666 0.53125 0.8046875 0.5 0.8125 0.4817708333333333 0.8203125 0.4674479166666667 0.83203125 0.4544270833333333 0.83984375 0.44921875 0.8502604166666666 0.4453125 0.8854166666666666 0.4453125
2 0.4739583333333333 0.11979166666666667 0.4739583333333333 0.3359375 0.4713541666666667 0.3841145833333333 0.47265625 0.4322916666666667 0.4700520833333333 0.5911458333333334 0.4713541666666667 0.6276041666666666 0.4674479166666667 0.7434895833333334 0.4661458333333333 0.9453125 0.4635416666666667 0.9479166666666666 0.4635416666666667 0.8216145833333334 0.46484375 0.7018229166666666 0.4674479166666667 0.68359375 0.46875 0.3619791666666667 0.4713541666666667 0.3111979166666667 0.47265625 0.12109375
3 0.24739583333333334 0.8450520833333334 0.25 0.8489583333333334 0.24739583333333334 0.8580729166666666 0.24348958333333334 0.8619791666666666 0.23828125 0.8606770833333334 0.23828125 0.8463541666666666 0.24088541666666666 0.84375 0.24609375 0.8450520833333334
3 0.23046875 0.44140625 0.23307291666666666 0.44921875 0.24088541666666666 0.4557291666666667 0.24088541666666666 0.4700520833333333 0.234375 0.4700520833333333 0.22916666666666666 0.4635416666666667 0.22916666666666666 0.4427083333333333
3 0.3463541666666667 0.8216145833333334 0.3541666666666667 0.8450520833333334 0.3515625 0.8528645833333334 0.3450520833333333 0.8515625 0.3450520833333333 0.8411458333333334 0.3424479166666667 0.8385416666666666 0.3385416666666667 0.8385416666666666 0.3424479166666667 0.8229166666666666 0.3450520833333333 0.8216145833333334
3 0.3932291666666667 0.296875 0.3971354166666667 0.3151041666666667 0.390625 0.3229166666666667 0.38671875 0.3111979166666667 0.38671875 0.2994791666666667 0.3893229166666667 0.2955729166666667 0.3919270833333333 0.296875
3 0.3333333333333333 0.6002604166666666 0.3385416666666667 0.6080729166666666 0.3385416666666667 0.61328125 0.3346354166666667 0.6171875 0.328125 0.61328125 0.3268229166666667 0.609375 0.328125 0.6028645833333334 0.33203125 0.6002604166666666
3 0.3190104166666667 0.6080729166666666 0.3229166666666667 0.6106770833333334 0.32421875 0.6158854166666666 0.3216145833333333 0.62890625 0.3151041666666667 0.62109375 0.3138020833333333 0.6158854166666666 0.3151041666666667 0.609375 0.3177083333333333 0.6080729166666666
3 0.2265625 0.20833333333333334 0.23567708333333334 0.21744791666666666 0.23958333333333334 0.2265625 0.23828125 0.23046875 0.234375 0.23046875 0.23307291666666666 0.2265625 0.22526041666666666 0.22005208333333334 0.22395833333333334 0.21354166666666666 0.2265625 0.20963541666666666
3 0.20572916666666666 0.6171875 0.21614583333333334 0.6223958333333334 0.21354166666666666 0.6354166666666666 0.20963541666666666 0.63671875 0.20182291666666666 0.6341145833333334 0.20052083333333334 0.62109375 0.20442708333333334 0.6184895833333334
3 0.75 0.5208333333333334 0.75390625 0.5208333333333334 0.7565104166666666 0.5247395833333334 0.7565104166666666 0.5325520833333334 0.7513020833333334 0.5403645833333334 0.7447916666666666 0.5364583333333334 0.7408854166666666 0.5286458333333334 0.7408854166666666 0.5260416666666666 0.74609375 0.5260416666666666 0.75 0.5221354166666666
3 0.4010416666666667 0.5130208333333334 0.4036458333333333 0.515625 0.4036458333333333 0.5247395833333334 0.4010416666666667 0.5286458333333334 0.3984375 0.5286458333333334 0.3958333333333333 0.5247395833333334 0.3958333333333333 0.5182291666666666 0.3997395833333333 0.5130208333333334
3 0.3697916666666667 0.375 0.3736979166666667 0.375 0.3802083333333333 0.3854166666666667 0.3802083333333333 0.3971354166666667 0.3776041666666667 0.3997395833333333 0.3697916666666667 0.3984375 0.3645833333333333 0.390625 0.3645833333333333 0.3828125 0.3697916666666667 0.3763020833333333
3 0.0703125 0.4765625 0.07421875 0.4752604166666667 0.07942708333333333 0.4817708333333333 0.08333333333333333 0.4817708333333333 0.08854166666666667 0.4778645833333333 0.09114583333333333 0.4817708333333333 0.08854166666666667 0.484375 0.08723958333333333 0.4921875 0.07421875 0.4947916666666667 0.06901041666666667 0.4869791666666667 0.0703125 0.4778645833333333