1 0.57265625 0.4611111106770833 0.57265625 0.46527777734375 0.57421875 0.4694444440104167 0.5765625 0.4680555559895833 0.578125 0.46527777734375 0.5789062500000001 0.46249999999999997 0.578125 0.45972222265625 0.5765625 0.4583333333333333 0.57421875 0.4583333333333333 0.57265625 0.4611111106770833
0 0.8958333333333334 0.4375 0.9205729166666666 0.43359375 0.9986979166666666 0.4322916666666667 0.9986979166666666 0.4401041666666667 0.91015625 0.44140625 0.890625 0.4479166666666667 0.8815104166666666 0.45703125 0.8815104166666666 0.4596354166666667 0.8736979166666666 0.4674479166666667 0.8671875 0.4791666666666667 0.859375 0.5026041666666666 0.85546875 0.5286458333333334 0.8580729166666666 0.5729166666666666 0.8619791666666666 0.58203125 0.86328125 0.5924479166666666 0.8697916666666666 0.6041666666666666 0.8697916666666666 0.6080729166666666 0.8893229166666666 0.6328125 0.9036458333333334 0.640625 0.9986979166666666 0.6380208333333334 0.9986979166666666 0.6432291666666666 0.9908854166666666 0.64453125 0.9036458333333334 0.6471354166666666 0.90234375 0.64453125 0.8984375 0.64453125 0.88671875 0.6380208333333334 0.8763020833333334 0.6276041666666666 0.8645833333333334 0.6080729166666666 0.8567708333333334 0.5846354166666666 0.8528645833333334 0.5598958333333334 0.8528645833333334 0.51953125 0.85546875 0.515625 0.8567708333333334 0.4973958333333333 0.86328125 0.4778645833333333 0.8723958333333334 0.4609375 0.8841145833333334 0.4466145833333333 0.8958333333333334 0.4388020833333333
0 0.13932291666666666 0.4609375 0.15104166666666666 0.4635416666666667 0.16796875 0.4752604166666667 0.18229166666666666 0.4973958333333333 0.19010416666666666 0.5182291666666666 0.1953125 0.5520833333333334 0.1953125 0.5846354166666666 0.18619791666666666 0.6276041666666666 0.17057291666666666 0.6549479166666666 0.1640625 0.6614583333333334 0.14713541666666666 0.671875 0.12890625 0.6744791666666666 0.059895833333333336 0.6770833333333334 0.03125 0.6770833333333334 0.03125 0.671875 0.12760416666666666 0.6692708333333334 0.12890625 0.6666666666666666 0.140625 0.6666666666666666 0.1484375 0.6640625 0.16015625 0.6575520833333334 0.16796875 0.6497395833333334 0.18098958333333334 0.62890625 0.18880208333333334 0.60546875 0.19270833333333334 0.5768229166666666 0.19140625 0.5403645833333334 0.1875 0.5208333333333334 0.17578125 0.4947916666666667 0.1640625 0.4791666666666667 0.15494791666666666 0.4713541666666667 0.140625 0.4661458333333333 0.028645833333333332 0.4700520833333333 0.02734375 0.46484375 0.13802083333333334 0.4609375
2 0.5260416666666666 0.552734375 0.01171875 0.8248697916666666
3 0.3658854166666667 0.23567708333333334 0.3697916666666667 0.24479166666666666 0.3697916666666667 0.2552083333333333 0.3658854166666667 0.2604166666666667 0.3619791666666667 0.2604166666666667 0.3606770833333333 0.2578125 0.3606770833333333 0.24088541666666666 0.3645833333333333 0.23567708333333334
3 0.3580729166666667 0.5403645833333334 0.3580729166666667 0.55078125 0.3541666666666667 0.55859375 0.3489583333333333 0.5559895833333334 0.34765625 0.546875 0.3502604166666667 0.5416666666666666 0.3567708333333333 0.5403645833333334
3 0.4934895833333333 0.3092447916666667 0.010416666666666666 0.020833333333333332
3 0.4205729166666667 0.6419270833333334 0.4153645833333333 0.6354166666666666 0.4153645833333333 0.6236979166666666 0.4244791666666667 0.6184895833333334 0.4244791666666667 0.63671875 0.421875 0.640625
3 0.5533854166666666 0.24869791666666666 0.009114583333333334 0.01953125
3 0.5735677083333334 0.5221354166666666 0.010416666666666666 0.01953125
3 0.46484375 0.6966145833333334 0.4674479166666667 0.7005208333333334 0.4674479166666667 0.71484375 0.46484375 0.71875 0.4622395833333333 0.71875 0.4596354166666667 0.71484375 0.4609375 0.6979166666666666 0.4635416666666667 0.6966145833333334
3 0.59375 0.3333333333333333 0.59765625 0.33203125 0.6015625 0.3359375 0.59765625 0.35546875 0.59375 0.35546875 0.5911458333333334 0.3489583333333333 0.5911458333333334 0.3385416666666667 0.59375 0.3346354166666667
3 0.5052083333333334 0.3958333333333333 0.014322916666666666 0.027994791666666668
3 0.23697916666666666 0.5247395833333334 0.24088541666666666 0.5260416666666666 0.24479166666666666 0.5325520833333334 0.24479166666666666 0.546875 0.23697916666666666 0.546875 0.23307291666666666 0.5442708333333334 0.23177083333333334 0.53125 0.23567708333333334 0.5260416666666666
3 0.5807291666666666 0.4322916666666667 0.5846354166666666 0.4427083333333333 0.5807291666666666 0.4505208333333333 0.5755208333333334 0.44921875 0.5755208333333334 0.4361979166666667 0.5794270833333334 0.4322916666666667
3 0.5182291666666666 0.8411458333333334 0.5221354166666666 0.84375 0.5234375 0.8528645833333334 0.5182291666666666 0.87109375 0.5143229166666666 0.87109375 0.51171875 0.86328125 0.5130208333333334 0.84765625 0.5169270833333334 0.8424479166666666