1 0.48515625 0.5833333333333334 0.48359375 0.5763888893229167 0.48046875 0.5791666666666667 0.48125 0.58472222265625 0.48515625 0.5833333333333334
3 0.3678385416666667 0.2578125 0.011067708333333334 0.0234375
3 0.3619791666666667 0.5299479166666666 0.3658854166666667 0.5364583333333334 0.3658854166666667 0.5442708333333334 0.3619791666666667 0.55078125 0.3567708333333333 0.5481770833333334 0.35546875 0.5442708333333334 0.35546875 0.53515625 0.3606770833333333 0.53125
3 0.5 0.32421875 0.4973958333333333 0.3125 0.5026041666666666 0.3033854166666667 0.5065104166666666 0.3072916666666667 0.5065104166666666 0.3190104166666667 0.50390625 0.32421875 0.5013020833333334 0.32421875
3 0.5520833333333334 0.23958333333333334 0.5546875 0.24348958333333334 0.5546875 0.2526041666666667 0.5533854166666666 0.2565104166666667 0.5494791666666666 0.2591145833333333 0.546875 0.2552083333333333 0.546875 0.24479166666666666 0.55078125 0.23958333333333334
3 0.5182291666666666 0.3854166666666667 0.51953125 0.4010416666666667 0.5143229166666666 0.40625 0.5078125 0.40625 0.5078125 0.3893229166666667 0.51171875 0.3841145833333333 0.5169270833333334 0.3854166666666667
3 0.4244791666666667 0.62109375 0.4270833333333333 0.625 0.4270833333333333 0.63671875 0.4244791666666667 0.6419270833333334 0.421875 0.6419270833333334 0.4192708333333333 0.63671875 0.4192708333333333 0.6276041666666666 0.4231770833333333 0.6223958333333334
3 0.5703125 0.52734375 0.5755208333333334 0.5325520833333334 0.5703125 0.5481770833333334 0.56640625 0.5494791666666666 0.5625 0.54296875 0.5625 0.5364583333333334 0.5690104166666666 0.5286458333333334
3 0.47265625 0.6927083333333334 0.4765625 0.7018229166666666 0.4752604166666667 0.7109375 0.4713541666666667 0.7122395833333334 0.4674479166666667 0.703125 0.4713541666666667 0.6940104166666666
3 0.548828125 0.45703125 0.01171875 0.022135416666666668
3 0.2526041666666667 0.5455729166666666 0.25390625 0.55078125 0.24479166666666666 0.5572916666666666 0.23697916666666666 0.5533854166666666 0.23958333333333334 0.5390625 0.24479166666666666 0.5364583333333334 0.2513020833333333 0.5455729166666666
3 0.6080729166666666 0.3385416666666667 0.6080729166666666 0.3515625 0.6015625 0.359375 0.59765625 0.3528645833333333 0.59765625 0.3450520833333333 0.6015625 0.3385416666666667 0.6067708333333334 0.3385416666666667
3 0.52734375 0.8372395833333334 0.53125 0.8411458333333334 0.53125 0.8502604166666666 0.5260416666666666 0.8658854166666666 0.5247395833333334 0.8671875 0.5208333333333334 0.86328125 0.5208333333333334 0.8489583333333334 0.5260416666666666 0.8385416666666666
2 0.5208333333333334 0.140625 0.5247395833333334 0.3958333333333333 0.5247395833333334 0.5859375 0.52734375 0.6432291666666666 0.5260416666666666 0.7447916666666666 0.5286458333333334 0.8372395833333334 0.5247395833333334 0.8385416666666666 0.5221354166666666 0.6432291666666666 0.5234375 0.6197916666666666 0.5208333333333334 0.5481770833333334 0.51953125 0.14192708333333334
0 1 0.4319444440104167 0.9460937500000001 0.4319444440104167 0.9015624999999999 0.43472222265625 0.884375 0.4458333333333333 0.86953125 0.46527777734375 0.859375 0.48888888932291663 0.853125 0.5263888893229166 0.853125 0.55972222265625 0.8585937499999999 0.5875 0.8757812500000001 0.6236111106770833 0.9015624999999999 0.6444444440104167 1 0.6430555559895833 1 0.6361111106770834 0.90859375 0.64027777734375 0.89609375 0.6361111106770834 0.87109375 0.6083333333333333 0.8585937499999999 0.5694444440104166 0.8578125 0.5111111106770834 0.8671875 0.4805555559895833 0.884375 0.45277777734375 0.90859375 0.43888888932291664 1 0.4375 1 0.4319444440104167
0 0.15312499999999998 0.46249999999999997 0.028906249999999998 0.46249999999999997 0.028906249999999998 0.4666666666666666 0.03671875 0.4680555559895833 0.14765625000000002 0.46527777734375 0.1640625 0.4763888893229167 0.17734375 0.4944444440104167 0.1875 0.5194444440104167 0.19296875 0.5499999999999999 0.19218749999999998 0.5875 0.18828124999999998 0.6083333333333333 0.18203125 0.6263888893229167 0.16640625 0.6513888893229166 0.14453125 0.66527777734375 0.040625 0.6694444440104167 0.03515625 0.6736111106770833 0.049687499999999996 0.6749999999999999 0.051562500000000004 0.6694444440104167 0.057812499999999996 0.6749999999999999 0.14453125 0.6708333333333334 0.1640625 0.6611111106770834 0.18437499999999998 0.6333333333333333 0.19296875 0.6069444440104167 0.196875 0.58472222265625 0.19609374999999998 0.5430555559895833 0.18359375 0.49583333333333335 0.16874999999999998 0.47361111067708334 0.15312499999999998 0.46249999999999997