1 0.51171875 0.8125 0.5125000000000001 0.8138888893229167 0.515625 0.8125 0.515625 0.8069444440104167 0.5148437499999999 0.8055555559895833 0.5125000000000001 0.8041666666666667 0.51171875 0.8055555559895833 0.51171875 0.8125
0 0.9986979166666666 0.4127604166666667 0.9986979166666666 0.4192708333333333 0.9114583333333334 0.421875 0.8984375 0.4270833333333333 0.88671875 0.4375 0.8776041666666666 0.4505208333333333 0.86328125 0.4895833333333333 0.8619791666666666 0.5442708333333334 0.8658854166666666 0.5638020833333334 0.875 0.58984375 0.8854166666666666 0.6028645833333334 0.8854166666666666 0.60546875 0.8958333333333334 0.6158854166666666 0.9088541666666666 0.6223958333333334 0.9986979166666666 0.62109375 0.9986979166666666 0.6263020833333334 0.9921875 0.6276041666666666 0.9466145833333334 0.62890625 0.91015625 0.62890625 0.90234375 0.6263020833333334 0.8932291666666666 0.6197916666666666 0.8763020833333334 0.6002604166666666 0.8684895833333334 0.5859375 0.859375 0.5481770833333334 0.8580729166666666 0.5182291666666666 0.8619791666666666 0.4830729166666667 0.8723958333333334 0.4518229166666667 0.8828125 0.4348958333333333 0.8919270833333334 0.42578125 0.9049479166666666 0.4192708333333333 0.90625 0.4166666666666667 0.9973958333333334 0.4127604166666667
0 0.15104166666666666 0.4466145833333333 0.16666666666666666 0.4557291666666667 0.1796875 0.4713541666666667 0.19010416666666666 0.4934895833333333 0.1953125 0.51171875 0.1953125 0.5221354166666666 0.19791666666666666 0.52734375 0.19791666666666666 0.5768229166666666 0.19140625 0.6067708333333334 0.18359375 0.62109375 0.18229166666666666 0.6276041666666666 0.16666666666666666 0.6471354166666666 0.15885416666666666 0.65234375 0.14713541666666666 0.65625 0.125 0.6588541666666666 0.1171875 0.6575520833333334 0.0390625 0.6614583333333334 0.03515625 0.66015625 0.03515625 0.65625 0.1484375 0.6510416666666666 0.16666666666666666 0.6393229166666666 0.17708333333333334 0.6276041666666666 0.1875 0.6067708333333334 0.19140625 0.59375 0.1953125 0.5729166666666666 0.1953125 0.5533854166666666 0.19270833333333334 0.5494791666666666 0.19401041666666666 0.5247395833333334 0.19140625 0.5091145833333334 0.18489583333333334 0.4895833333333333 0.17578125 0.47265625 0.16015625 0.45703125 0.14713541666666666 0.4505208333333333 0.03125 0.453125 0.032552083333333336 0.44921875 0.05078125 0.4479166666666667 0.14973958333333334 0.4466145833333333
2 0.5234375 0.12239583333333333 0.5260416666666666 0.13671875 0.5286458333333334 0.4466145833333333 0.52734375 0.51953125 0.5299479166666666 0.56640625 0.5299479166666666 0.7018229166666666 0.5325520833333334 0.8098958333333334 0.53125 0.8359375 0.5338541666666666 0.8645833333333334 0.5338541666666666 0.9466145833333334 0.53125 0.9479166666666666 0.53125 0.86328125 0.5286458333333334 0.8528645833333334 0.52734375 0.6119791666666666 0.5247395833333334 0.55078125 0.5247395833333334 0.2942708333333333 0.5221354166666666 0.24479166666666666 0.5234375 0.12369791666666667
3 0.4140625 0.703125 0.4166666666666667 0.7135416666666666 0.4127604166666667 0.7252604166666666 0.41015625 0.7278645833333334 0.40625 0.7252604166666666 0.40625 0.70703125 0.4127604166666667 0.7044270833333334
3 0.5794270833333334 0.41796875 0.5755208333333334 0.4140625 0.5755208333333334 0.4075520833333333 0.58203125 0.4049479166666667 0.5911458333333334 0.39453125 0.59375 0.3958333333333333 0.5950520833333334 0.4075520833333333 0.5872395833333334 0.4205729166666667 0.5807291666666666 0.41796875
3 0.359375 0.546875 0.3645833333333333 0.55078125 0.3619791666666667 0.5651041666666666 0.3580729166666667 0.5690104166666666 0.35546875 0.5677083333333334 0.3528645833333333 0.5611979166666666 0.3528645833333333 0.5546875 0.35546875 0.5520833333333334 0.35546875 0.5481770833333334 0.3580729166666667 0.546875
3 0.5104166666666666 0.22526041666666666 0.5143229166666666 0.22916666666666666 0.515625 0.23567708333333334 0.5104166666666666 0.25390625 0.5078125 0.25390625 0.50390625 0.24739583333333334 0.50390625 0.22786458333333334 0.5091145833333334 0.22526041666666666
3 0.66796875 0.8372395833333334 0.671875 0.8463541666666666 0.6705729166666666 0.85546875 0.6640625 0.85546875 0.66015625 0.8489583333333334 0.6588541666666666 0.8385416666666666 0.6666666666666666 0.8372395833333334
3 0.7330729166666666 0.4166666666666667 0.7369791666666666 0.4166666666666667 0.7421875 0.42578125 0.73828125 0.43359375 0.7369791666666666 0.4427083333333333 0.7291666666666666 0.4401041666666667 0.7278645833333334 0.4283854166666667 0.7330729166666666 0.41796875
3 0.5104166666666666 0.8229166666666666 0.51171875 0.8294270833333334 0.5052083333333334 0.8424479166666666 0.5065104166666666 0.8489583333333334 0.50390625 0.8528645833333334 0.5026041666666666 0.86328125 0.4973958333333333 0.8658854166666666 0.49609375 0.8463541666666666 0.4973958333333333 0.8411458333333334 0.5078125 0.8294270833333334 0.5091145833333334 0.82421875
3 0.5807291666666666 0.6484375 0.58203125 0.66796875 0.578125 0.671875 0.57421875 0.6692708333333334 0.57421875 0.65625 0.5794270833333334 0.6497395833333334
3 0.7721354166666666 0.20833333333333334 0.7760416666666666 0.20833333333333334 0.7760416666666666 0.22005208333333334 0.7721354166666666 0.22526041666666666 0.765625 0.2265625 0.7669270833333334 0.21484375 0.7721354166666666 0.20963541666666666
3 0.9251302083333334 0.53125 0.020182291666666668 0.018229166666666668
3 0.21744791666666666 0.5377604166666666 0.22265625 0.5442708333333334 0.21875 0.5494791666666666 0.21875 0.5533854166666666 0.21484375 0.5559895833333334 0.20833333333333334 0.5533854166666666 0.20572916666666666 0.5455729166666666 0.20963541666666666 0.53515625 0.21354166666666666 0.53515625 0.21614583333333334 0.5377604166666666
3 0.4088541666666667 0.2916666666666667 0.4127604166666667 0.2916666666666667 0.4140625 0.2981770833333333 0.4192708333333333 0.3059895833333333 0.4114583333333333 0.3177083333333333 0.4075520833333333 0.31640625 0.40625 0.2981770833333333 0.4088541666666667 0.29296875