1 0.54921875 0.49722222265625 0.55078125 0.49861111067708336 0.55234375 0.49722222265625 0.55234375 0.4916666666666667 0.5515625000000001 0.49027777734375005 0.5499999999999999 0.49027777734375005 0.54921875 0.4916666666666667 0.54921875 0.49722222265625
3 0.3658854166666667 0.24869791666666666 0.010416666666666666 0.027994791666666668
3 0.3515625 0.5390625 0.359375 0.5403645833333334 0.3580729166666667 0.5559895833333334 0.3515625 0.5559895833333334 0.3515625 0.5403645833333334
3 0.4934895833333333 0.2994791666666667 0.5013020833333334 0.3033854166666667 0.5 0.3229166666666667 0.4934895833333333 0.32421875 0.4908854166666667 0.31640625 0.4934895833333333 0.30078125
3 0.552734375 0.24934895833333334 0.010416666666666666 0.020833333333333332
3 0.50390625 0.4088541666666667 0.5013020833333334 0.4049479166666667 0.5 0.39453125 0.5013020833333334 0.3880208333333333 0.5065104166666666 0.3815104166666667 0.5104166666666666 0.3815104166666667 0.51171875 0.3841145833333333 0.51171875 0.3997395833333333 0.5078125 0.4088541666666667 0.5052083333333334 0.4088541666666667
3 0.4212239583333333 0.6282552083333334 0.009114583333333334 0.020833333333333332
3 0.5716145833333334 0.5169270833333334 0.5768229166666666 0.5169270833333334 0.5768229166666666 0.5286458333333334 0.57421875 0.53515625 0.5716145833333334 0.5364583333333334 0.5690104166666666 0.5338541666666666 0.5716145833333334 0.5182291666666666
3 0.59765625 0.3333333333333333 0.6028645833333334 0.33984375 0.6002604166666666 0.3502604166666667 0.5950520833333334 0.3528645833333333 0.5924479166666666 0.3385416666666667 0.59765625 0.3346354166666667
3 0.24153645833333334 0.5390625 0.015625 0.024739583333333332
3 0.5716145833333334 0.4375 0.578125 0.4427083333333333 0.578125 0.44921875 0.56640625 0.4635416666666667 0.56640625 0.4518229166666667 0.5716145833333334 0.4388020833333333
3 0.5221354166666666 0.8359375 0.5247395833333334 0.8567708333333334 0.5182291666666666 0.8697916666666666 0.5143229166666666 0.8619791666666666 0.5143229166666666 0.8567708333333334 0.5208333333333334 0.8372395833333334
3 0.46796875 0.7180555559895834 0.47421874999999997 0.70277777734375 0.46718750000000003 0.6958333333333333 0.46328125000000003 0.6986111106770833 0.4640625 0.7194444440104166 0.46796875 0.7180555559895834
2 0.5208333333333334 0.140625 0.5234375 0.22395833333333334 0.5247395833333334 0.5651041666666666 0.52734375 0.625 0.52734375 0.83984375 0.53125 0.84765625 0.52734375 0.8606770833333334 0.5299479166666666 0.9635416666666666 0.52734375 0.96484375 0.5260416666666666 0.9505208333333334 0.52734375 0.9270833333333334 0.5247395833333334 0.8671875 0.5221354166666666 0.86328125 0.52734375 0.8450520833333334 0.5247395833333334 0.8424479166666666 0.5247395833333334 0.69921875 0.5208333333333334 0.4778645833333333 0.5208333333333334 0.14192708333333334
0 1 0.4319444440104167 0.97265625 0.4319444440104167 0.90078125 0.43611111067708336 0.8734375 0.45972222265625 0.859375 0.49305555598958334 0.853125 0.5388888893229167 0.8562500000000001 0.5736111106770834 0.865625 0.6055555559895833 0.8835937500000001 0.6319444440104166 0.90390625 0.6458333333333334 1 0.6430555559895833 1 0.6361111106770834 0.90078125 0.6388888893229167 0.88671875 0.6291666666666667 0.86875 0.60277777734375 0.8578125 0.5611111106770833 0.8578125 0.5194444440104167 0.8609375 0.50277777734375 0.8718750000000001 0.47222222265625 0.88515625 0.45277777734375 0.91171875 0.43888888932291664 1 0.4375 1 0.4319444440104167
0 0.16796875 0.47361111067708334 0.15234375 0.46249999999999997 0.029687500000000002 0.46388888932291666 0.029687500000000002 0.4680555559895833 0.042187499999999996 0.4694444440104167 0.14453125 0.46527777734375 0.1546875 0.4694444440104167 0.17734375 0.4944444440104167 0.18671875000000002 0.5166666666666667 0.19296875 0.5499999999999999 0.19218749999999998 0.59027777734375 0.1875 0.6138888893229166 0.1734375 0.6430555559895833 0.15859375 0.6583333333333333 0.14296875 0.6666666666666666 0.03046875 0.6708333333333334 0.03046875 0.6749999999999999 0.14296875 0.67222222265625 0.16328125000000002 0.6625 0.1859375 0.6305555559895833 0.19296875 0.6083333333333333 0.196875 0.58472222265625 0.19609374999999998 0.5430555559895833 0.19296875 0.5236111106770833 0.18359375 0.49722222265625 0.16796875 0.47361111067708334