1 0.6023437500000001 0.7194444440104166 0.603125 0.7180555559895834 0.603125 0.7125 0.6023437500000001 0.7111111106770833 0.6 0.7111111106770833 0.5984375000000001 0.7138888893229166 0.5984375000000001 0.7166666666666667 0.59921875 0.7194444440104166 0.6023437500000001 0.7194444440104166
0 0 0.4114583333333333 0.08854166666666667 0.4140625 0.10416666666666667 0.421875 0.11588541666666667 0.4322916666666667 0.12760416666666666 0.4544270833333333 0.13020833333333334 0.4557291666666667 0.13932291666666666 0.4895833333333333 0.14192708333333334 0.5169270833333334 0.13932291666666666 0.5546875 0.13020833333333334 0.5872395833333334 0.11848958333333333 0.6067708333333334 0.10677083333333333 0.6184895833333334 0.08854166666666667 0.6276041666666666 0.0078125 0.6263020833333334 0.006510416666666667 0.6236979166666666 0 0.6236979166666666 0 0.6197916666666666 0.09114583333333333 0.62109375 0.1015625 0.6158854166666666 0.11197916666666667 0.6067708333333334 0.11197916666666667 0.6041666666666666 0.125 0.5872395833333334 0.13541666666666666 0.5572916666666666 0.13671875 0.5364583333333334 0.13932291666666666 0.5299479166666666 0.13932291666666666 0.51171875 0.13671875 0.5065104166666666 0.13671875 0.4908854166666667 0.1328125 0.4752604166666667 0.12369791666666667 0.4518229166666667 0.11067708333333333 0.43359375 0.09635416666666667 0.4231770833333333 0.08854166666666667 0.4205729166666667 0.057291666666666664 0.4205729166666667 0.032552083333333336 0.41796875 0.01171875 0.4192708333333333 0 0.41796875 0 0.4127604166666667
0 0.9505208333333334 0.4453125 0.9661458333333334 0.4466145833333333 0.9674479166666666 0.4505208333333333 0.8541666666666666 0.4479166666666667 0.8385416666666666 0.4544270833333333 0.8229166666666666 0.4713541666666667 0.8098958333333334 0.4986979166666667 0.8033854166666666 0.5247395833333334 0.8033854166666666 0.5703125 0.8059895833333334 0.57421875 0.8072916666666666 0.58984375 0.8138020833333334 0.609375 0.8229166666666666 0.6263020833333334 0.8359375 0.6393229166666666 0.8489583333333334 0.6458333333333334 0.8502604166666666 0.6484375 0.9505208333333334 0.65234375 0.9635416666666666 0.6536458333333334 0.9635416666666666 0.6575520833333334 0.8606770833333334 0.6549479166666666 0.8385416666666666 0.6484375 0.82421875 0.6354166666666666 0.8125 0.6158854166666666 0.8072916666666666 0.5963541666666666 0.8046875 0.59375 0.80078125 0.5716145833333334 0.80078125 0.5260416666666666 0.8046875 0.5052083333333334 0.81640625 0.4739583333333333 0.83203125 0.453125 0.8450520833333334 0.4453125 0.8541666666666666 0.4427083333333333 0.94921875 0.4453125
2 0.4739583333333333 0.12239583333333333 0.4765625 0.12239583333333333 0.4778645833333333 0.16536458333333334 0.4752604166666667 0.203125 0.4739583333333333 0.33203125 0.4752604166666667 0.4739583333333333 0.47265625 0.4830729166666667 0.4739583333333333 0.6302083333333334 0.4713541666666667 0.6458333333333334 0.4700520833333333 0.9127604166666666 0.46875 0.9440104166666666 0.4661458333333333 0.9466145833333334 0.46484375 0.9309895833333334 0.4674479166666667 0.9049479166666666 0.4674479166666667 0.6822916666666666 0.4713541666666667 0.5611979166666666 0.4713541666666667 0.4947916666666667 0.46875 0.4791666666666667 0.4713541666666667 0.4739583333333333 0.47265625 0.4114583333333333 0.4713541666666667 0.3229166666666667 0.4739583333333333 0.12369791666666667
3 0.671875 0.5611979166666666 0.67578125 0.5598958333333334 0.6783854166666666 0.5625 0.6809895833333334 0.5716145833333334 0.6783854166666666 0.5807291666666666 0.67578125 0.5794270833333334 0.6705729166666666 0.5716145833333334 0.671875 0.5625
3 0.6028645833333334 0.8815104166666666 0.6067708333333334 0.89453125 0.6067708333333334 0.9114583333333334 0.6002604166666666 0.9140625 0.59765625 0.9127604166666666 0.5963541666666666 0.90625 0.5963541666666666 0.8880208333333334 0.5989583333333334 0.8880208333333334 0.6015625 0.8828125
3 0.4752604166666667 0.4518229166666667 0.4817708333333333 0.453125 0.4817708333333333 0.46484375 0.484375 0.4713541666666667 0.484375 0.4908854166666667 0.48046875 0.4908854166666667 0.4739583333333333 0.4635416666666667 0.4752604166666667 0.453125
3 0.6158854166666666 0.17447916666666666 0.6197916666666666 0.17708333333333334 0.62109375 0.18098958333333334 0.6184895833333334 0.19791666666666666 0.6145833333333334 0.20052083333333334 0.6119791666666666 0.19921875 0.6106770833333334 0.19401041666666666 0.6119791666666666 0.17838541666666666 0.6145833333333334 0.17578125
3 0.44921875 0.6536458333333334 0.4544270833333333 0.6588541666666666 0.4557291666666667 0.6640625 0.4544270833333333 0.67578125 0.4479166666666667 0.6744791666666666 0.44921875 0.6549479166666666
3 0.38671875 0.8502604166666666 0.3893229166666667 0.8515625 0.3893229166666667 0.8567708333333334 0.3919270833333333 0.8606770833333334 0.390625 0.8776041666666666 0.38671875 0.8776041666666666 0.38671875 0.8736979166666666 0.3828125 0.8697916666666666 0.3815104166666667 0.8645833333333334 0.3828125 0.859375 0.38671875 0.85546875 0.38671875 0.8515625
3 0.662109375 0.7565104166666666 0.014973958333333334 0.037760416666666664
3 0.4908854166666667 0.15104166666666666 0.4973958333333333 0.16145833333333334 0.49609375 0.17578125 0.4921875 0.18098958333333334 0.48828125 0.1796875 0.4830729166666667 0.171875 0.4830729166666667 0.15755208333333334 0.4895833333333333 0.15104166666666666
3 0.203125 0.17317708333333334 0.203125 0.16015625 0.20703125 0.16015625 0.21223958333333334 0.16536458333333334 0.21354166666666666 0.17317708333333334 0.21744791666666666 0.1796875 0.21744791666666666 0.18359375 0.21223958333333334 0.18619791666666666 0.20442708333333334 0.17317708333333334
3 0.25390625 0.3333333333333333 0.26171875 0.3307291666666667 0.265625 0.34375 0.265625 0.3502604166666667 0.26171875 0.359375 0.2591145833333333 0.3567708333333333 0.2565104166666667 0.3463541666666667 0.25390625 0.3450520833333333 0.25390625 0.3346354166666667
3 0.08984375 0.4817708333333333 0.09505208333333333 0.48828125 0.08463541666666667 0.4934895833333333 0.08072916666666667 0.4934895833333333 0.078125 0.4908854166666667 0.078125 0.4791666666666667 0.08072916666666667 0.4765625 0.08463541666666667 0.4765625 0.08854166666666667 0.4817708333333333
3 0.8411458333333334 0.5403645833333334 0.8450520833333334 0.5494791666666666 0.8372395833333334 0.5559895833333334 0.8294270833333334 0.5533854166666666 0.828125 0.5442708333333334 0.8346354166666666 0.5377604166666666 0.8385416666666666 0.5377604166666666 0.83984375 0.5403645833333334