1 0.1171875 0.6833333333333332 0.11640625 0.67777777734375 0.11171874999999999 0.6791666666666667 0.11171874999999999 0.68472222265625 0.1171875 0.6833333333333332
0 0 0.41527777734375 0.07656249999999999 0.4180555559895833 0.10312500000000001 0.4319444440104167 0.12109375 0.4611111106770833 0.13515625 0.5166666666666667 0.13125 0.5208333333333334 0.12968749999999998 0.55277777734375 0.12265625000000001 0.57777777734375 0.10078125 0.6124999999999999 0.08359375000000001 0.62222222265625 0.00390625 0.6194444440104167 0 0.625 0.08828124999999999 0.6263888893229167 0.10703125000000001 0.6124999999999999 0.1203125 0.5930555559895833 0.13359374999999998 0.5541666666666667 0.13671875 0.52222222265625 0.12968749999999998 0.47222222265625 0.1125 0.43472222265625 0.0859375 0.4138888893229167 0.01015625 0.40972222265625 0 0.40972222265625 0 0.41527777734375
0 0.96640625 0.44861111067708337 0.84140625 0.44861111067708337 0.8281085520833332 0.4629385963541666 0.8429687499999999 0.45277777734375 0.9671875 0.45277777734375 0.96640625 0.44861111067708337
0 0.821875 0.4763888893229167 0.8224674166666667 0.46901658723958334 0.8156249999999999 0.4763888893229167 0.803125 0.5083333333333333 0.7999999999999999 0.52777777734375 0.79921875 0.5694444440104166 0.803125 0.5944444440104167 0.81640625 0.6291666666666667 0.8312499999999999 0.64722222265625 0.8523437500000001 0.6569444440104167 0.8577245989583333 0.6514781861979166 0.8406250000000001 0.64722222265625 0.8296875 0.6388888893229167 0.8117187499999999 0.6083333333333333 0.8039062499999999 0.57777777734375 0.8015625000000001 0.5375 0.80859375 0.50277777734375 0.821875 0.4763888893229167
0 0.8629460937500001 0.65277777734375 0.8578534622395834 0.6515102591145833 0.8601562500000001 0.6583333333333333 0.96484375 0.6583333333333333 0.9640624999999999 0.6541666666666667 0.8629460937500001 0.65277777734375
2 0.47031249999999997 0.5180555559895833 0.47109375000000003 0.45277777734375 0.46796875 0.4513888893229167 0.46718750000000003 0.5013888893229167 0.47031249999999997 0.5180555559895833
2 0.46875 0.6166666666666667 0.47031249999999997 0.5236111106770833 0.46640624999999997 0.56527777734375 0.465625 0.6124999999999999 0.46875 0.6166666666666667
2 0.46328125000000003 0.8736111106770833 0.46249999999999997 0.9458333333333333 0.46484375 0.9444444440104167 0.46640624999999997 0.92222222265625 0.46640624999999997 0.8736111106770833 0.46328125000000003 0.8736111106770833
2 0.4734375 0.29722222265625003 0.4734375 0.12361111067708334 0.47031249999999997 0.14444444401041667 0.46953125 0.44722222265624995 0.4734375 0.29722222265625003
2 0.46718750000000003 0.8611111106770833 0.47031249999999997 0.6263888893229167 0.465625 0.62777777734375 0.46328125000000003 0.8638888893229167 0.46718750000000003 0.8611111106770833
3 0.37578125 0.33749999999999997 0.37265624999999997 0.34861111067708334 0.3859375 0.35972222265625 0.3875 0.3444444440104167 0.38203125 0.3361111106770833 0.37578125 0.33749999999999997
3 0.42890625 0.37361111067708336 0.4296875 0.35972222265625 0.42109375 0.3541666666666667 0.42031250000000003 0.3694444440104167 0.42890625 0.37361111067708336
3 0.45234375 0.5125000000000001 0.45390625 0.5055555559895833 0.4484375 0.5 0.4484375 0.5111111106770834 0.45234375 0.5125000000000001
3 0.203125 0.4569444440104167 0.19609374999999998 0.4375 0.19062500000000002 0.43888888932291664 0.18828124999999998 0.4430555559895833 0.18984375 0.44861111067708337 0.19921875 0.45972222265625 0.203125 0.4569444440104167
3 0.33125 0.6444444440104167 0.33125 0.6513888893229166 0.33984375 0.6569444440104167 0.340625 0.6486111106770833 0.3359375 0.63472222265625 0.33125 0.6444444440104167
3 0.41484375 0.68472222265625 0.41640625000000003 0.6708333333333334 0.4109375 0.66527777734375 0.40781249999999997 0.6763888893229167 0.41484375 0.68472222265625
3 0.36562500000000003 0.82222222265625 0.3671875 0.82777777734375 0.36953125000000003 0.8250000000000001 0.36874999999999997 0.80972222265625 0.36015625 0.80277777734375 0.35781250000000003 0.80277777734375 0.35859375 0.8208333333333333 0.36562500000000003 0.82222222265625
3 0.17109375000000002 0.8555555559895834 0.171875 0.8611111106770833 0.1796875 0.85972222265625 0.18281250000000002 0.8527777773437499 0.18203125 0.8430555559895834 0.17109375000000002 0.8555555559895834
3 0.09296875 0.67777777734375 0.09453125 0.6888888893229167 0.1015625 0.6875 0.10078125 0.6708333333333334 0.09765625 0.6694444440104167 0.09296875 0.67777777734375
3 0.039843750000000004 0.5611111106770833 0.03671875 0.5638888893229167 0.02265625 0.5569444440104167 0.021093749999999998 0.5638888893229167 0.024999999999999998 0.57222222265625 0.03671875 0.5736111106770834 0.039843750000000004 0.5611111106770833
3 0.73671875 0.5291666666666667 0.7351562500000001 0.5333333333333333 0.7390625000000001 0.5444444440104167 0.74765625 0.5416666666666666 0.74453125 0.5263888893229166 0.73671875 0.5291666666666667
3 0.22421875 0.21111111067708332 0.22343749999999998 0.21666666666666667 0.22734374999999998 0.2236111106770833 0.23671875 0.22638888932291668 0.228125 0.21111111067708332 0.22421875 0.21111111067708332