1 0.553125 0.43472222265625 0.5539062499999999 0.43333333333333335 0.5539062499999999 0.4291666666666667 0.553125 0.42777777734375005 0.5499999999999999 0.42777777734375005 0.54921875 0.43055555598958334 0.5499999999999999 0.43472222265625 0.553125 0.43472222265625
0 0 0.4153645833333333 0.06510416666666667 0.4166666666666667 0.06640625 0.4192708333333333 0.09244791666666667 0.4192708333333333 0.1015625 0.421875 0.11458333333333333 0.4296875 0.13020833333333334 0.4505208333333333 0.13802083333333334 0.46875 0.14322916666666666 0.48828125 0.14713541666666666 0.5182291666666666 0.14583333333333334 0.5481770833333334 0.14322916666666666 0.5533854166666666 0.14322916666666666 0.5638020833333334 0.13802083333333334 0.5846354166666666 0.12369791666666667 0.6106770833333334 0.10807291666666667 0.6263020833333334 0.09635416666666667 0.6315104166666666 0 0.62890625 0 0.6223958333333334 0.09635416666666667 0.625 0.10546875 0.62109375 0.11979166666666667 0.6080729166666666 0.13151041666666666 0.5885416666666666 0.13932291666666666 0.5651041666666666 0.14322916666666666 0.5377604166666666 0.14322916666666666 0.5065104166666666 0.13541666666666666 0.4713541666666667 0.12890625 0.4609375 0.12760416666666666 0.4544270833333333 0.11067708333333333 0.43359375 0.10286458333333333 0.4283854166666667 0.09114583333333333 0.4244791666666667 0 0.421875 0 0.4166666666666667
0 0.91796875 0.44921875 0.9752604166666666 0.4518229166666667 0.9778645833333334 0.453125 0.9765625 0.4557291666666667 0.9479166666666666 0.45703125 0.8619791666666666 0.453125 0.8515625 0.45703125 0.8294270833333334 0.4791666666666667 0.8190104166666666 0.5 0.8111979166666666 0.5338541666666666 0.8111979166666666 0.5755208333333334 0.8151041666666666 0.5963541666666666 0.8229166666666666 0.6184895833333334 0.8333333333333334 0.6354166666666666 0.84765625 0.6497395833333334 0.8580729166666666 0.6549479166666666 0.9544270833333334 0.6588541666666666 0.9700520833333334 0.66015625 0.9739583333333334 0.6614583333333334 0.9739583333333334 0.6640625 0.8671875 0.6614583333333334 0.8541666666666666 0.6588541666666666 0.8359375 0.6471354166666666 0.828125 0.63671875 0.8203125 0.6223958333333334 0.8125 0.6002604166666666 0.8072916666666666 0.55859375 0.80859375 0.5325520833333334 0.81640625 0.4973958333333333 0.828125 0.47265625 0.83984375 0.4609375 0.83984375 0.4583333333333333 0.8567708333333334 0.44921875 0.9166666666666666 0.44921875
2 0.48046875 0.12369791666666667 0.4830729166666667 0.12760416666666666 0.48046875 0.3294270833333333 0.4817708333333333 0.3893229166666667 0.4791666666666667 0.4713541666666667 0.48046875 0.5716145833333334 0.4778645833333333 0.6236979166666666 0.4752604166666667 0.9361979166666666 0.4739583333333333 0.953125 0.4713541666666667 0.953125 0.48046875 0.125
3 0.3971354166666667 0.5572916666666666 0.4010416666666667 0.5716145833333334 0.4010416666666667 0.5755208333333334 0.3984375 0.578125 0.390625 0.5690104166666666 0.390625 0.5611979166666666 0.3958333333333333 0.5572916666666666
3 0.4635416666666667 0.5208333333333334 0.4661458333333333 0.5208333333333334 0.4713541666666667 0.5338541666666666 0.4700520833333333 0.5455729166666666 0.4674479166666667 0.5481770833333334 0.4635416666666667 0.546875 0.4609375 0.54296875 0.4609375 0.5260416666666666 0.4635416666666667 0.5221354166666666
3 0.5260416666666666 0.22135416666666666 0.5325520833333334 0.22786458333333334 0.5299479166666666 0.24479166666666666 0.5260416666666666 0.24609375 0.5234375 0.23958333333333334 0.5221354166666666 0.2265625 0.5247395833333334 0.22265625
3 0.5026041666666666 0.39453125 0.5052083333333334 0.3958333333333333 0.5065104166666666 0.40234375 0.5052083333333334 0.41796875 0.5 0.41015625 0.5026041666666666 0.3958333333333333
3 0.2799479166666667 0.7174479166666666 0.013020833333333334 0.0234375
3 0.4895833333333333 0.7473958333333334 0.4895833333333333 0.765625 0.484375 0.7591145833333334 0.484375 0.7486979166666666 0.48828125 0.7473958333333334
3 0.36328125 0.24609375 0.3658854166666667 0.24609375 0.3658854166666667 0.25390625 0.3697916666666667 0.2591145833333333 0.3697916666666667 0.265625 0.3658854166666667 0.26953125 0.359375 0.2630208333333333 0.36328125 0.24739583333333334
3 0.42578125 0.58203125 0.4322916666666667 0.5807291666666666 0.43359375 0.5859375 0.4322916666666667 0.5963541666666666 0.4283854166666667 0.5963541666666666 0.4244791666666667 0.58984375 0.42578125 0.5833333333333334
3 0.5846354166666666 0.43359375 0.5885416666666666 0.4348958333333333 0.58984375 0.4427083333333333 0.5885416666666666 0.45703125 0.5859375 0.45703125 0.5846354166666666 0.4596354166666667 0.58203125 0.4544270833333333 0.5846354166666666 0.4348958333333333
3 0.5807291666666666 0.69140625 0.5859375 0.69140625 0.5885416666666666 0.6966145833333334 0.5859375 0.7096354166666666 0.5807291666666666 0.7096354166666666 0.5807291666666666 0.7044270833333334 0.578125 0.7018229166666666 0.578125 0.6953125 0.5807291666666666 0.6927083333333334
3 0.17838541666666666 0.5625 0.18489583333333334 0.5625 0.1875 0.5716145833333334 0.19270833333333334 0.5768229166666666 0.17838541666666666 0.578125 0.17838541666666666 0.5638020833333334
3 0.4518229166666667 0.8359375 0.4544270833333333 0.85546875 0.44921875 0.8580729166666666 0.4466145833333333 0.8528645833333334 0.4466145833333333 0.8450520833333334 0.4505208333333333 0.8372395833333334