1 0.28984375 0.46388888932291666 0.29375 0.46388888932291666 0.29453124999999997 0.46249999999999997 0.29453124999999997 0.4583333333333333 0.29375 0.4569444440104167 0.28984375 0.4569444440104167 0.2890625 0.4611111106770833 0.28984375 0.46388888932291666
0 0.8880208333333334 0.4427083333333333 0.8958333333333334 0.4348958333333333 0.9140625 0.4283854166666667 0.9986979166666666 0.4270833333333333 0.9986979166666666 0.4309895833333333 0.99609375 0.4322916666666667 0.9192708333333334 0.43359375 0.9049479166666666 0.4361979166666667 0.8958333333333334 0.4427083333333333 0.87890625 0.4622395833333333 0.8658854166666666 0.4934895833333333 0.8619791666666666 0.5169270833333334 0.86328125 0.56640625 0.8671875 0.5807291666666666 0.8697916666666666 0.5833333333333334 0.87109375 0.59375 0.8828125 0.6145833333333334 0.8984375 0.6315104166666666 0.91015625 0.63671875 0.9986979166666666 0.6354166666666666 0.9986979166666666 0.640625 0.91015625 0.6419270833333334 0.8932291666666666 0.6341145833333334 0.875 0.6119791666666666 0.8684895833333334 0.5989583333333334 0.8606770833333334 0.5703125 0.859375 0.515625 0.8619791666666666 0.49609375 0.8684895833333334 0.4739583333333333 0.8763020833333334 0.4583333333333333 0.8880208333333334 0.4440104166666667
0 0.078125 0.4583333333333333 0.14713541666666666 0.4583333333333333 0.1484375 0.4609375 0.16276041666666666 0.4674479166666667 0.171875 0.4765625 0.18619791666666666 0.5026041666666666 0.19401041666666666 0.5325520833333334 0.19661458333333334 0.55859375 0.1953125 0.5885416666666666 0.19010416666666666 0.6145833333333334 0.17838541666666666 0.6419270833333334 0.17057291666666666 0.6536458333333334 0.16276041666666666 0.66015625 0.1484375 0.6692708333333334 0.13671875 0.671875 0.03125 0.6744791666666666 0.03125 0.6705729166666666 0.05859375 0.6692708333333334 0.059895833333333336 0.6666666666666666 0.10546875 0.6666666666666666 0.1484375 0.6627604166666666 0.16276041666666666 0.6536458333333334 0.171875 0.6432291666666666 0.18489583333333334 0.6184895833333334 0.19140625 0.5950520833333334 0.19140625 0.53125 0.18098958333333334 0.5 0.16796875 0.4791666666666667 0.15494791666666666 0.46875 0.14322916666666666 0.4635416666666667 0.029947916666666668 0.4674479166666667 0.02734375 0.4635416666666667 0.036458333333333336 0.4609375 0.078125 0.4596354166666667
2 0.5221354166666666 0.13671875 0.5247395833333334 0.13671875 0.52734375 0.6119791666666666 0.5299479166666666 0.62890625 0.5286458333333334 0.6588541666666666 0.5325520833333334 0.8802083333333334 0.53125 0.9244791666666666 0.5338541666666666 0.93359375 0.5325520833333334 0.9635416666666666 0.53125 0.96484375 0.5299479166666666 0.9622395833333334 0.52734375 0.8828125 0.5286458333333334 0.8203125 0.52734375 0.67578125 0.5247395833333334 0.6510416666666666 0.5234375 0.27734375 0.5208333333333334 0.16276041666666666 0.5221354166666666 0.13802083333333334
3 0.2565104166666667 0.4479166666666667 0.2604166666666667 0.453125 0.2604166666666667 0.46875 0.25390625 0.4765625 0.25 0.4700520833333333 0.24869791666666666 0.4583333333333333 0.2513020833333333 0.4505208333333333 0.2552083333333333 0.4479166666666667
3 0.2747395833333333 0.5026041666666666 0.2786458333333333 0.5078125 0.28515625 0.5078125 0.28125 0.5221354166666666 0.27734375 0.5221354166666666 0.2708333333333333 0.51171875 0.2747395833333333 0.50390625
3 0.14583333333333334 0.4856770833333333 0.15364583333333334 0.48828125 0.15104166666666666 0.5026041666666666 0.14713541666666666 0.5065104166666666 0.14322916666666666 0.5052083333333334 0.14192708333333334 0.4986979166666667 0.13802083333333334 0.4947916666666667 0.13802083333333334 0.48828125 0.14192708333333334 0.484375 0.14453125 0.4856770833333333
3 0.33203125 0.7486979166666666 0.3346354166666667 0.75 0.3372395833333333 0.7591145833333334 0.3307291666666667 0.7786458333333334 0.328125 0.77734375 0.328125 0.7669270833333334 0.3255208333333333 0.7630208333333334 0.3268229166666667 0.7486979166666666 0.3307291666666667 0.7486979166666666
3 0.06640625 0.5299479166666666 0.0703125 0.53125 0.078125 0.5403645833333334 0.07682291666666667 0.5481770833333334 0.0703125 0.55078125 0.06380208333333333 0.55078125 0.05859375 0.546875 0.059895833333333336 0.5325520833333334 0.06510416666666667 0.5299479166666666
3 0.8307291666666666 0.4765625 0.8346354166666666 0.4817708333333333 0.8346354166666666 0.4947916666666667 0.8216145833333334 0.4921875 0.8203125 0.484375 0.8268229166666666 0.4817708333333333 0.8294270833333334 0.4778645833333333
3 0.24609375 0.6276041666666666 0.24609375 0.6315104166666666 0.23697916666666666 0.6497395833333334 0.23307291666666666 0.6497395833333334 0.23046875 0.6471354166666666 0.22786458333333334 0.6432291666666666 0.22786458333333334 0.6380208333333334 0.23177083333333334 0.6315104166666666 0.23697916666666666 0.6315104166666666 0.24479166666666666 0.6276041666666666
3 0.453125 0.4583333333333333 0.4596354166666667 0.4583333333333333 0.4635416666666667 0.4635416666666667 0.4583333333333333 0.47265625 0.4544270833333333 0.4700520833333333 0.453125 0.4596354166666667
3 0.5891927083333334 0.25 0.008463541666666666 0.01953125
3 0.16015625 0.7890625 0.15755208333333334 0.7760416666666666 0.15234375 0.765625 0.15364583333333334 0.76171875 0.16015625 0.7565104166666666 0.16276041666666666 0.7447916666666666 0.16666666666666666 0.7591145833333334 0.16666666666666666 0.7864583333333334 0.16145833333333334 0.7890625
3 0.3203125 0.5260416666666666 0.3268229166666667 0.53125 0.3268229166666667 0.5442708333333334 0.3203125 0.5442708333333334 0.3177083333333333 0.5390625 0.3190104166666667 0.52734375
3 0.24531250000000002 0.9319444440104167 0.25234375000000003 0.9263888893229167 0.253125 0.9125 0.25078125 0.9097222226562499 0.24375 0.9166666666666666 0.24531250000000002 0.9319444440104167