1 0.62109375 0.6986111106770833 0.6218750000000001 0.69722222265625 0.6218750000000001 0.6916666666666668 0.6203124999999999 0.6888888893229167 0.6179687500000001 0.6916666666666668 0.6179687500000001 0.6986111106770833 0.62109375 0.6986111106770833
0 0.9544270833333334 0.4166666666666667 0.9986979166666666 0.4166666666666667 0.9986979166666666 0.4231770833333333 0.90234375 0.42578125 0.8919270833333334 0.4296875 0.8828125 0.4361979166666667 0.8736979166666666 0.4479166666666667 0.86328125 0.4661458333333333 0.85546875 0.4908854166666667 0.8528645833333334 0.5169270833333334 0.85546875 0.55859375 0.8671875 0.5924479166666666 0.8815104166666666 0.61328125 0.8919270833333334 0.62109375 0.9088541666666666 0.625 0.9986979166666666 0.6223958333333334 0.9986979166666666 0.6276041666666666 0.97265625 0.6302083333333334 0.90234375 0.6315104166666666 0.8893229166666666 0.6263020833333334 0.87109375 0.609375 0.8606770833333334 0.58984375 0.8528645833333334 0.5651041666666666 0.8489583333333334 0.5299479166666666 0.8515625 0.4947916666666667 0.8567708333333334 0.47265625 0.8645833333333334 0.4544270833333333 0.875 0.4375 0.8880208333333334 0.42578125 0.9010416666666666 0.4205729166666667 0.9544270833333334 0.41796875
0 0.15494791666666666 0.453125 0.16276041666666666 0.4583333333333333 0.17838541666666666 0.4791666666666667 0.17838541666666666 0.4830729166666667 0.18619791666666666 0.4986979166666667 0.19140625 0.51953125 0.19401041666666666 0.5520833333333334 0.19140625 0.5885416666666666 0.18619791666666666 0.609375 0.17838541666666666 0.6263020833333334 0.16015625 0.6497395833333334 0.14453125 0.6575520833333334 0.036458333333333336 0.6627604166666666 0.028645833333333332 0.6614583333333334 0.029947916666666668 0.6575520833333334 0.13932291666666666 0.6536458333333334 0.15234375 0.6484375 0.16796875 0.6341145833333334 0.17708333333333334 0.6158854166666666 0.1796875 0.6145833333333334 0.18880208333333334 0.5859375 0.19140625 0.56640625 0.19140625 0.5390625 0.18359375 0.5026041666666666 0.17317708333333334 0.4791666666666667 0.1640625 0.4674479166666667 0.14713541666666666 0.4544270833333333 0.09895833333333333 0.453125 0.02734375 0.4557291666666667 0.024739583333333332 0.4544270833333333 0.024739583333333332 0.4518229166666667 0.0546875 0.44921875 0.14322916666666666 0.4479166666666667 0.15364583333333334 0.453125
2 0.5182291666666666 0.125 0.5221354166666666 0.2799479166666667 0.5221354166666666 0.515625 0.5247395833333334 0.6002604166666666 0.5234375 0.64453125 0.5260416666666666 0.65625 0.5247395833333334 0.7252604166666666 0.52734375 0.84765625 0.52734375 0.9479166666666666 0.5247395833333334 0.94921875 0.5234375 0.9270833333333334 0.5247395833333334 0.86328125 0.5208333333333334 0.6888020833333334 0.51953125 0.4127604166666667 0.5169270833333334 0.3190104166666667 0.5182291666666666 0.2916666666666667 0.515625 0.2799479166666667 0.5182291666666666 0.2760416666666667 0.5182291666666666 0.12630208333333334
3 0.6145833333333334 0.5520833333333334 0.6171875 0.5533854166666666 0.62109375 0.5625 0.6197916666666666 0.5677083333333334 0.6145833333333334 0.5703125 0.6106770833333334 0.5677083333333334 0.6106770833333334 0.5611979166666666 0.6145833333333334 0.5533854166666666
3 0.4661458333333333 0.49609375 0.46875 0.49609375 0.47265625 0.5052083333333334 0.4713541666666667 0.5130208333333334 0.4661458333333333 0.5130208333333334 0.4661458333333333 0.4973958333333333
3 0.5104166666666666 0.26953125 0.5143229166666666 0.27734375 0.51171875 0.28125 0.5104166666666666 0.30859375 0.5078125 0.3111979166666667 0.5078125 0.3151041666666667 0.50390625 0.3177083333333333 0.5026041666666666 0.3046875 0.5052083333333334 0.296875 0.5052083333333334 0.2760416666666667 0.5091145833333334 0.2708333333333333
3 0.3841145833333333 0.515625 0.38671875 0.5182291666666666 0.3880208333333333 0.5260416666666666 0.3854166666666667 0.53515625 0.3828125 0.5364583333333334 0.37890625 0.53515625 0.3776041666666667 0.53125 0.37890625 0.5182291666666666 0.3828125 0.515625
3 0.5904947916666666 0.451171875 0.013020833333333334 0.041666666666666664
3 0.6809895833333334 0.3489583333333333 0.6875 0.34765625 0.6901041666666666 0.3502604166666667 0.6901041666666666 0.359375 0.68359375 0.3684895833333333 0.6822916666666666 0.3841145833333333 0.6783854166666666 0.3893229166666667 0.67578125 0.37890625 0.67578125 0.36328125 0.6809895833333334 0.3502604166666667
3 0.6184895833333334 0.6901041666666666 0.62109375 0.6966145833333334 0.6197916666666666 0.7044270833333334 0.6263020833333334 0.7213541666666666 0.625 0.7317708333333334 0.6197916666666666 0.7356770833333334 0.6171875 0.7356770833333334 0.6145833333333334 0.7317708333333334 0.61328125 0.703125 0.6171875 0.69140625
3 0.5455729166666666 0.22005208333333334 0.546875 0.234375 0.5403645833333334 0.2669270833333333 0.5390625 0.2682291666666667 0.5364583333333334 0.265625 0.53515625 0.2565104166666667 0.5390625 0.2265625 0.5442708333333334 0.22135416666666666
3 0.6588541666666666 0.6067708333333334 0.6744791666666666 0.6158854166666666 0.6705729166666666 0.6263020833333334 0.6640625 0.6341145833333334 0.66015625 0.6276041666666666 0.6588541666666666 0.6080729166666666
3 0.5437500000000001 0.7083333333333334 0.5453125 0.7208333333333333 0.5546875 0.7083333333333334 0.5539062499999999 0.7013888893229167 0.5515625000000001 0.6958333333333333 0.5460937499999999 0.7000000000000001 0.5437500000000001 0.7083333333333334
3 0.53359375 0.6361111106770834 0.5343749999999999 0.6236111106770833 0.52890625 0.6263888893229167 0.5296875 0.6388888893229167 0.53359375 0.6361111106770834
3 0.5390625 0.48333333333333334 0.5437500000000001 0.4875 0.5515625000000001 0.47361111067708334 0.55078125 0.4666666666666666 0.540625 0.45972222265625 0.5382812499999999 0.46527777734375 0.5390625 0.48333333333333334