1 0.496875 0.4180555559895833 0.496875 0.4166666666666667 0.4953125 0.41250000000000003 0.49374999999999997 0.41250000000000003 0.49296875 0.4138888893229167 0.49296875 0.41944444401041664 0.4953125 0.42083333333333334 0.496875 0.4180555559895833
0 0 0.4140625 0.09114583333333333 0.4166666666666667 0.09244791666666667 0.4192708333333333 0.10416666666666667 0.421875 0.11458333333333333 0.4283854166666667 0.13020833333333334 0.44921875 0.13802083333333334 0.4674479166666667 0.14322916666666666 0.4856770833333333 0.14322916666666666 0.4947916666666667 0.14583333333333334 0.4986979166666667 0.14713541666666666 0.515625 0.14583333333333334 0.5494791666666666 0.13802083333333334 0.5846354166666666 0.12630208333333334 0.6067708333333334 0.11458333333333333 0.6197916666666666 0.09635416666666667 0.6302083333333334 0.037760416666666664 0.6302083333333334 0 0.6276041666666666 0 0.6223958333333334 0.09635416666666667 0.6236979166666666 0.10546875 0.6197916666666666 0.12109375 0.60546875 0.13151041666666666 0.5885416666666666 0.14322916666666666 0.5442708333333334 0.14322916666666666 0.5052083333333334 0.13932291666666666 0.4830729166666667 0.13671875 0.48046875 0.13671875 0.4752604166666667 0.12760416666666666 0.453125 0.11067708333333333 0.4322916666666667 0.09114583333333333 0.4231770833333333 0.0026041666666666665 0.4205729166666667 0 0.4192708333333333 0 0.4153645833333333
0 0.9088541666666666 0.4479166666666667 0.9739583333333334 0.4505208333333333 0.9765625 0.4518229166666667 0.9765625 0.4544270833333333 0.9440104166666666 0.4557291666666667 0.9075520833333334 0.453125 0.8580729166666666 0.453125 0.84375 0.4622395833333333 0.8294270833333334 0.4778645833333333 0.8190104166666666 0.4986979166666667 0.8111979166666666 0.53125 0.8111979166666666 0.5755208333333334 0.8190104166666666 0.6080729166666666 0.8333333333333334 0.6341145833333334 0.8463541666666666 0.6484375 0.8541666666666666 0.65234375 0.8645833333333334 0.6549479166666666 0.8958333333333334 0.6549479166666666 0.91015625 0.6575520833333334 0.96875 0.6588541666666666 0.9739583333333334 0.66015625 0.9739583333333334 0.6627604166666666 0.8802083333333334 0.6614583333333334 0.86328125 0.66015625 0.8502604166666666 0.65625 0.83984375 0.6497395833333334 0.828125 0.6354166666666666 0.8151041666666666 0.6080729166666666 0.8111979166666666 0.5924479166666666 0.8111979166666666 0.5833333333333334 0.80859375 0.5794270833333334 0.8072916666666666 0.5455729166666666 0.8125 0.5091145833333334 0.82421875 0.4778645833333333 0.83203125 0.4661458333333333 0.8424479166666666 0.4557291666666667 0.8541666666666666 0.44921875 0.9075520833333334 0.4479166666666667
2 0.4778645833333333 0.44140625 0.4817708333333333 0.4479166666666667 0.4817708333333333 0.4596354166666667 0.4791666666666667 0.49609375 0.48046875 0.5494791666666666 0.4752604166666667 0.796875 0.4752604166666667 0.9348958333333334 0.4739583333333333 0.9518229166666666 0.4713541666666667 0.94921875 0.4778645833333333 0.4427083333333333
3 0.390625 0.5729166666666666 0.3932291666666667 0.5729166666666666 0.3932291666666667 0.5950520833333334 0.390625 0.5963541666666666 0.38671875 0.59375 0.3854166666666667 0.58984375 0.3854166666666667 0.5833333333333334 0.390625 0.57421875
3 0.55859375 0.6666666666666666 0.5651041666666666 0.6653645833333334 0.56640625 0.671875 0.5651041666666666 0.6822916666666666 0.5598958333333334 0.68359375 0.55859375 0.66796875
3 0.4322916666666667 0.6106770833333334 0.4361979166666667 0.6145833333333334 0.4361979166666667 0.6276041666666666 0.4322916666666667 0.62890625 0.4283854166666667 0.62109375 0.4283854166666667 0.6119791666666666 0.4309895833333333 0.6119791666666666
3 0.5182291666666666 0.25 0.5208333333333334 0.25 0.5221354166666666 0.2526041666666667 0.5208333333333334 0.2682291666666667 0.5182291666666666 0.2721354166666667 0.515625 0.2721354166666667 0.51171875 0.265625 0.5143229166666666 0.25390625 0.5182291666666666 0.2513020833333333
3 0.2682291666666667 0.71875 0.2760416666666667 0.7174479166666666 0.2786458333333333 0.7200520833333334 0.2786458333333333 0.7317708333333334 0.2760416666666667 0.7356770833333334 0.26953125 0.734375 0.265625 0.73046875 0.265625 0.72265625 0.2682291666666667 0.7200520833333334
3 0.4635416666666667 0.7552083333333334 0.4635416666666667 0.77734375 0.4609375 0.77734375 0.4544270833333333 0.7682291666666666 0.4557291666666667 0.76171875 0.4635416666666667 0.7565104166666666
3 0.19401041666666666 0.5611979166666666 0.1953125 0.5625 0.19921875 0.55859375 0.203125 0.5611979166666666 0.20182291666666666 0.5755208333333334 0.19140625 0.57421875 0.19010416666666666 0.5625 0.19270833333333334 0.5611979166666666
3 0.3723958333333333 0.25390625 0.375 0.26953125 0.375 0.2760416666666667 0.3723958333333333 0.2786458333333333 0.3697916666666667 0.2786458333333333 0.3671875 0.2734375 0.3645833333333333 0.26171875 0.3645833333333333 0.2578125 0.37109375 0.25390625
3 0.5846354166666666 0.4361979166666667 0.5846354166666666 0.4557291666666667 0.5794270833333334 0.45703125 0.5729166666666666 0.4466145833333333 0.5833333333333334 0.4375
3 0.4817708333333333 0.4147135416666667 0.011067708333333334 0.031901041666666664
3 0.453125 0.52777777734375 0.45234375 0.5458333333333333 0.46328125000000003 0.5486111106770833 0.46249999999999997 0.5291666666666667 0.453125 0.52777777734375
3 0.440625 0.8513888893229167 0.440625 0.8736111106770833 0.44609375 0.8805555559895833 0.44687499999999997 0.8680555559895833 0.440625 0.8513888893229167