1 0.49062500000000003 0.8069444440104167 0.49062500000000003 0.80277777734375 0.48984374999999997 0.8013888893229167 0.48671875000000003 0.8013888893229167 0.48593749999999997 0.80277777734375 0.48593749999999997 0.8069444440104167 0.4875 0.80972222265625 0.49062500000000003 0.8069444440104167
0 0 0.4127604166666667 0.09244791666666667 0.4166666666666667 0.09375 0.4192708333333333 0.10546875 0.4231770833333333 0.11458333333333333 0.4296875 0.13020833333333334 0.453125 0.13411458333333334 0.46875 0.13802083333333334 0.4739583333333333 0.13932291666666666 0.48828125 0.14453125 0.50390625 0.14322916666666666 0.5455729166666666 0.13802083333333334 0.5729166666666666 0.13020833333333334 0.59375 0.11458333333333333 0.6158854166666666 0.10677083333333333 0.6223958333333334 0.1015625 0.6236979166666666 0.09895833333333333 0.6276041666666666 0.09375 0.62890625 0 0.6263020833333334 0 0.6197916666666666 0.09375 0.6223958333333334 0.10286458333333333 0.6184895833333334 0.11067708333333333 0.6119791666666666 0.12760416666666666 0.5885416666666666 0.13671875 0.5638020833333334 0.13671875 0.5559895833333334 0.140625 0.5442708333333334 0.140625 0.5026041666666666 0.14322916666666666 0.4973958333333333 0.13671875 0.4908854166666667 0.13541666666666666 0.4739583333333333 0.12890625 0.4674479166666667 0.12760416666666666 0.45703125 0.12369791666666667 0.4505208333333333 0.11328125 0.4388020833333333 0.11328125 0.4361979166666667 0.09895833333333333 0.42578125 0.09244791666666667 0.4231770833333333 0.009114583333333334 0.4205729166666667 0 0.4192708333333333 0 0.4140625
0 0.9661458333333334 0.453125 0.9700520833333334 0.4544270833333333 0.9700520833333334 0.4609375 0.9375 0.4596354166666667 0.9361979166666666 0.45703125 0.8880208333333334 0.45703125 0.8671875 0.4544270833333333 0.85546875 0.4544270833333333 0.84765625 0.45703125 0.8450520833333334 0.4609375 0.8307291666666666 0.4700520833333333 0.8138020833333334 0.4986979166666667 0.8072916666666666 0.5208333333333334 0.8046875 0.5520833333333334 0.8072916666666666 0.5911458333333334 0.8111979166666666 0.60546875 0.8255208333333334 0.6341145833333334 0.8424479166666666 0.6510416666666666 0.8580729166666666 0.65625 0.9635416666666666 0.66015625 0.9661458333333334 0.6614583333333334 0.9635416666666666 0.6640625 0.8580729166666666 0.6614583333333334 0.84765625 0.6588541666666666 0.8307291666666666 0.6484375 0.8307291666666666 0.6458333333333334 0.81640625 0.6276041666666666 0.8033854166666666 0.58984375 0.8020833333333334 0.5416666666666666 0.8046875 0.51953125 0.8125 0.4921875 0.828125 0.4661458333333333 0.8411458333333334 0.4544270833333333 0.85546875 0.44921875 0.96484375 0.453125
2 0.4778645833333333 0.125 0.4791666666666667 0.22395833333333334 0.4752604166666667 0.4348958333333333 0.4752604166666667 0.4557291666666667 0.4778645833333333 0.4635416666666667 0.4752604166666667 0.46875 0.4739583333333333 0.6380208333333334 0.4700520833333333 0.6315104166666666 0.47265625 0.5651041666666666 0.4713541666666667 0.5299479166666666 0.4739583333333333 0.43359375 0.4752604166666667 0.19140625 0.4778645833333333 0.12630208333333334
3 0.3072916666666667 0.8229166666666666 0.3098958333333333 0.82421875 0.3072916666666667 0.8411458333333334 0.296875 0.8411458333333334 0.296875 0.828125 0.30078125 0.82421875 0.3059895833333333 0.82421875
3 0.4635416666666667 0.6302083333333334 0.4713541666666667 0.63671875 0.4752604166666667 0.6484375 0.4739583333333333 0.65625 0.4700520833333333 0.6575520833333334 0.4674479166666667 0.6549479166666666 0.4609375 0.63671875 0.4635416666666667 0.6315104166666666
3 0.41796875 0.4361979166666667 0.4231770833333333 0.4466145833333333 0.4231770833333333 0.453125 0.4205729166666667 0.4557291666666667 0.4205729166666667 0.4596354166666667 0.4166666666666667 0.4622395833333333 0.4088541666666667 0.4544270833333333 0.4088541666666667 0.4440104166666667 0.4127604166666667 0.4361979166666667 0.4166666666666667 0.4361979166666667
3 0.4283854166666667 0.234375 0.4309895833333333 0.23828125 0.4322916666666667 0.2565104166666667 0.42578125 0.2591145833333333 0.41796875 0.2526041666666667 0.41796875 0.24609375 0.4270833333333333 0.23567708333333334
3 0.41015625 0.7174479166666666 0.4205729166666667 0.7174479166666666 0.4244791666666667 0.7252604166666666 0.4244791666666667 0.7317708333333334 0.4166666666666667 0.7330729166666666 0.4140625 0.7317708333333334 0.41015625 0.71875
3 0.4401041666666667 0.5208333333333334 0.4427083333333333 0.5208333333333334 0.4466145833333333 0.52734375 0.4466145833333333 0.5377604166666666 0.4453125 0.5403645833333334 0.4427083333333333 0.5403645833333334 0.4375 0.5338541666666666 0.4375 0.5260416666666666 0.4401041666666667 0.5221354166666666
3 0.48046875 0.7916666666666666 0.4830729166666667 0.796875 0.4908854166666667 0.8033854166666666 0.4908854166666667 0.8072916666666666 0.48828125 0.8098958333333334 0.4778645833333333 0.80859375 0.47265625 0.8033854166666666 0.47265625 0.7994791666666666 0.48046875 0.79296875
3 0.2552083333333333 0.23958333333333334 0.2604166666666667 0.24479166666666666 0.26171875 0.2578125 0.2552083333333333 0.2591145833333333 0.2526041666666667 0.2552083333333333 0.2513020833333333 0.24479166666666666 0.25390625 0.24088541666666666
3 0.7838541666666666 0.57421875 0.8020833333333334 0.5807291666666666 0.8020833333333334 0.5859375 0.7955729166666666 0.5924479166666666 0.7903645833333334 0.5924479166666666 0.78515625 0.5846354166666666 0.7838541666666666 0.5755208333333334
3 0.12630208333333334 0.4661458333333333 0.13151041666666666 0.4700520833333333 0.13151041666666666 0.484375 0.11979166666666667 0.4817708333333333 0.11848958333333333 0.4700520833333333 0.12109375 0.4661458333333333 0.125 0.4661458333333333
3 0.4010416666666667 0.8098958333333334 0.4049479166666667 0.8098958333333334 0.4049479166666667 0.8138020833333334 0.41015625 0.8229166666666666 0.4075520833333333 0.8346354166666666 0.4010416666666667 0.828125 0.4010416666666667 0.8111979166666666
3 0.4908854166666667 0.4401041666666667 0.4973958333333333 0.4505208333333333 0.4973958333333333 0.4622395833333333 0.4947916666666667 0.4674479166666667 0.4895833333333333 0.4635416666666667 0.48828125 0.4518229166666667 0.4908854166666667 0.4479166666666667 0.4908854166666667 0.44140625