1 0.5421874999999999 0.33055555598958336 0.5421874999999999 0.33888888932291666 0.5453125 0.33888888932291666 0.5460937499999999 0.33055555598958336 0.5421874999999999 0.33055555598958336
0 0 0.4296875 0.06901041666666667 0.4309895833333333 0.08463541666666667 0.4322916666666667 0.09765625 0.4375 0.11588541666666667 0.45703125 0.12630208333333334 0.4778645833333333 0.13411458333333334 0.5065104166666666 0.13671875 0.5338541666666666 0.13411458333333334 0.5729166666666666 0.13020833333333334 0.5833333333333334 0.13020833333333334 0.58984375 0.12369791666666667 0.6067708333333334 0.11458333333333333 0.6223958333333334 0.10026041666666667 0.6380208333333334 0.08723958333333333 0.64453125 0.07682291666666667 0.64453125 0.07552083333333333 0.6471354166666666 0.06770833333333333 0.6471354166666666 0.06640625 0.64453125 0 0.6432291666666666 0 0.6380208333333334 0.08072916666666667 0.640625 0.09895833333333333 0.6328125 0.11979166666666667 0.60546875 0.12760416666666666 0.5846354166666666 0.1328125 0.5559895833333334 0.1328125 0.5182291666666666 0.12760416666666666 0.4934895833333333 0.12109375 0.4752604166666667 0.11197916666666667 0.4583333333333333 0.09895833333333333 0.4453125 0.08072916666666667 0.4388020833333333 0.07942708333333333 0.4361979166666667 0 0.4348958333333333 0 0.4309895833333333
0 0.9205729166666666 0.4622395833333333 0.9635416666666666 0.4635416666666667 0.9661458333333334 0.46484375 0.9661458333333334 0.46875 0.8502604166666666 0.4661458333333333 0.8346354166666666 0.4739583333333333 0.8268229166666666 0.4817708333333333 0.8151041666666666 0.4986979166666667 0.8033854166666666 0.5338541666666666 0.8033854166666666 0.59765625 0.8059895833333334 0.6002604166666666 0.8072916666666666 0.6145833333333334 0.8229166666666666 0.6471354166666666 0.84375 0.6640625 0.8515625 0.6666666666666666 0.8619791666666666 0.6666666666666666 0.86328125 0.6692708333333334 0.9635416666666666 0.671875 0.9635416666666666 0.67578125 0.8684895833333334 0.6744791666666666 0.84375 0.6705729166666666 0.83203125 0.6627604166666666 0.8203125 0.6510416666666666 0.80859375 0.62890625 0.80078125 0.6015625 0.80078125 0.5338541666666666 0.8033854166666666 0.5286458333333334 0.8046875 0.515625 0.8111979166666666 0.4986979166666667 0.82421875 0.4765625 0.83984375 0.46484375 0.8515625 0.4609375 0.9192708333333334 0.4622395833333333
2 0.4635416666666667 0.96484375 0.4622395833333333 0.9361979166666666 0.46484375 0.6940104166666666 0.4674479166666667 0.6627604166666666 0.46875 0.30078125 0.4713541666666667 0.23828125 0.4700520833333333 0.15755208333333334 0.4713541666666667 0.13932291666666666 0.4739583333333333 0.13802083333333334 0.4739583333333333 0.26953125 0.4713541666666667 0.3294270833333333 0.4700520833333333 0.4921875 0.4713541666666667 0.6380208333333334 0.4674479166666667 0.7330729166666666 0.46875 0.7552083333333334 0.4661458333333333 0.9609375 0.4635416666666667 0.9661458333333334
3 0.5911458333333334 0.43359375 0.59375 0.4401041666666667 0.58984375 0.4505208333333333 0.5859375 0.44921875 0.5859375 0.4375 0.58984375 0.43359375
3 0.6901041666666666 0.5807291666666666 0.69140625 0.5911458333333334 0.6888020833333334 0.59765625 0.6861979166666666 0.5989583333333334 0.6822916666666666 0.5989583333333334 0.67578125 0.5859375 0.6770833333333334 0.5833333333333334 0.6888020833333334 0.5807291666666666
3 0.2552083333333333 0.42578125 0.2591145833333333 0.4296875 0.26171875 0.4270833333333333 0.265625 0.4270833333333333 0.26171875 0.4440104166666667 0.2552083333333333 0.4440104166666667 0.25 0.4388020833333333 0.25 0.4270833333333333 0.25390625 0.42578125
3 0.67578125 0.4127604166666667 0.6809895833333334 0.4140625 0.6822916666666666 0.4192708333333333 0.6822916666666666 0.4309895833333333 0.6783854166666666 0.4388020833333333 0.6731770833333334 0.44140625 0.6705729166666666 0.4361979166666667 0.6705729166666666 0.42578125 0.67578125 0.4140625
3 0.5559895833333334 0.3125 0.5598958333333334 0.31640625 0.5598958333333334 0.3346354166666667 0.5572916666666666 0.3359375 0.5533854166666666 0.328125 0.5559895833333334 0.3138020833333333
3 0.66796875 0.7278645833333334 0.6705729166666666 0.7317708333333334 0.6783854166666666 0.7356770833333334 0.6770833333333334 0.7434895833333334 0.671875 0.7486979166666666 0.66796875 0.7408854166666666 0.66796875 0.7291666666666666
3 0.86328125 0.5325520833333334 0.8658854166666666 0.5364583333333334 0.8658854166666666 0.5442708333333334 0.8580729166666666 0.5520833333333334 0.8515625 0.5494791666666666 0.8489583333333334 0.5338541666666666 0.8619791666666666 0.5325520833333334
3 0.4427083333333333 0.23958333333333334 0.4453125 0.24869791666666666 0.4453125 0.2565104166666667 0.4427083333333333 0.26171875 0.4375 0.2604166666666667 0.4375 0.24348958333333334 0.44140625 0.23958333333333334
3 0.7447916666666666 0.6380208333333334 0.7565104166666666 0.64453125 0.7565104166666666 0.6549479166666666 0.7526041666666666 0.66015625 0.74609375 0.65625 0.7408854166666666 0.640625 0.7434895833333334 0.6380208333333334
3 0.6744791666666666 0.33984375 0.6848958333333334 0.3450520833333333 0.6848958333333334 0.3502604166666667 0.6783854166666666 0.36328125 0.67578125 0.3606770833333333 0.6744791666666666 0.3411458333333333
3 0.79296875 0.3580729166666667 0.7942708333333334 0.3684895833333333 0.7890625 0.37890625 0.7838541666666666 0.37890625 0.78125 0.3763020833333333 0.78125 0.3723958333333333 0.7760416666666666 0.3671875 0.7760416666666666 0.36328125 0.7825520833333334 0.36328125 0.7890625 0.3567708333333333 0.7916666666666666 0.3580729166666667
3 0.640859375 0.8812819440104166 0.63031171875 0.88084722265625 0.6327453125 0.89461527734375 0.63619375 0.8996611106770834 0.6447132812499999 0.8910125 0.640859375 0.8812819440104166