1 0.45859374999999997 0.6041666666666666 0.45937500000000003 0.60277777734375 0.45937500000000003 0.5986111106770834 0.45859374999999997 0.59722222265625 0.45546875000000003 0.59722222265625 0.45468749999999997 0.5986111106770834 0.45468749999999997 0.60277777734375 0.45625 0.6055555559895833 0.45859374999999997 0.6041666666666666
0 0 0.4114583333333333 0.08463541666666667 0.4140625 0.09635416666666667 0.4166666666666667 0.09765625 0.4192708333333333 0.10677083333333333 0.4231770833333333 0.11979166666666667 0.4361979166666667 0.13151041666666666 0.45703125 0.13932291666666666 0.4830729166666667 0.14322916666666666 0.5169270833333334 0.14192708333333334 0.5494791666666666 0.13802083333333334 0.5677083333333334 0.12760416666666666 0.5950520833333334 0.11067708333333333 0.6171875 0.09244791666666667 0.6276041666666666 0 0.6263020833333334 0 0.6197916666666666 0.08854166666666667 0.6223958333333334 0.1015625 0.6171875 0.11458333333333333 0.60546875 0.12760416666666666 0.5859375 0.13671875 0.5559895833333334 0.13671875 0.5481770833333334 0.13932291666666666 0.5442708333333334 0.13932291666666666 0.4986979166666667 0.13671875 0.4947916666666667 0.13541666666666666 0.4791666666666667 0.12760416666666666 0.45703125 0.11458333333333333 0.4375 0.10677083333333333 0.4296875 0.09635416666666667 0.4231770833333333 0.07942708333333333 0.4205729166666667 0 0.4192708333333333 0 0.4127604166666667
0 0.8723958333333334 0.4427083333333333 0.9622395833333334 0.4453125 0.96875 0.4466145833333333 0.9700520833333334 0.44921875 0.9244791666666666 0.4505208333333333 0.8541666666666666 0.4479166666666667 0.84375 0.4518229166666667 0.8346354166666666 0.4583333333333333 0.8229166666666666 0.47265625 0.8111979166666666 0.4973958333333333 0.8033854166666666 0.5442708333333334 0.8072916666666666 0.5846354166666666 0.8177083333333334 0.6145833333333334 0.8307291666666666 0.6341145833333334 0.8515625 0.6484375 0.9557291666666666 0.65234375 0.9661458333333334 0.6536458333333334 0.9661458333333334 0.6575520833333334 0.8645833333333334 0.6549479166666666 0.8489583333333334 0.65234375 0.83984375 0.6484375 0.8268229166666666 0.63671875 0.8125 0.6119791666666666 0.8046875 0.5885416666666666 0.8020833333333334 0.56640625 0.8020833333333334 0.5325520833333334 0.80859375 0.4947916666666667 0.8203125 0.46875 0.8346354166666666 0.4518229166666667 0.8489583333333334 0.4440104166666667 0.87109375 0.4427083333333333
2 0.4739583333333333 0.5390625 0.4752604166666667 0.5611979166666666 0.4739583333333333 0.6901041666666666 0.4713541666666667 0.7408854166666666 0.4700520833333333 0.9453125 0.4674479166666667 0.9466145833333334 0.4674479166666667 0.8411458333333334 0.47265625 0.5403645833333334
3 0.6223958333333334 0.16276041666666666 0.6263020833333334 0.16666666666666666 0.6263020833333334 0.17447916666666666 0.6197916666666666 0.18619791666666666 0.6145833333333334 0.18489583333333334 0.6145833333333334 0.1796875 0.6171875 0.1640625 0.62109375 0.16276041666666666
3 0.59765625 0.8815104166666666 0.6028645833333334 0.8828125 0.6067708333333334 0.8932291666666666 0.6067708333333334 0.90625 0.6041666666666666 0.9114583333333334 0.6002604166666666 0.9127604166666666 0.59765625 0.91015625 0.59765625 0.8828125
3 0.1953125 0.14583333333333334 0.19921875 0.14583333333333334 0.20703125 0.15494791666666666 0.21223958333333334 0.15755208333333334 0.21223958333333334 0.16145833333333334 0.20963541666666666 0.1640625 0.203125 0.1640625 0.1953125 0.15885416666666666 0.1953125 0.14713541666666666
3 0.4752604166666667 0.5130208333333334 0.4778645833333333 0.5130208333333334 0.48046875 0.5169270833333334 0.48046875 0.5338541666666666 0.4791666666666667 0.5377604166666666 0.4752604166666667 0.5390625 0.47265625 0.53515625 0.4752604166666667 0.5143229166666666
3 0.44140625 0.6380208333333334 0.4440104166666667 0.6497395833333334 0.4427083333333333 0.65625 0.4401041666666667 0.65625 0.4361979166666667 0.6471354166666666 0.4375 0.6393229166666666 0.4401041666666667 0.6380208333333334
3 0.3958333333333333 0.8606770833333334 0.3932291666666667 0.87890625 0.390625 0.8828125 0.38671875 0.8828125 0.3841145833333333 0.87890625 0.3828125 0.8684895833333334 0.38671875 0.86328125 0.39453125 0.8606770833333334
3 0.2591145833333333 0.2890625 0.2669270833333333 0.2890625 0.2708333333333333 0.2981770833333333 0.2708333333333333 0.3033854166666667 0.2682291666666667 0.3059895833333333 0.26171875 0.3033854166666667 0.2578125 0.2994791666666667 0.2591145833333333 0.2903645833333333
3 0.4869791666666667 0.14322916666666666 0.4895833333333333 0.14453125 0.4921875 0.15234375 0.4908854166666667 0.17317708333333334 0.48828125 0.17447916666666666 0.484375 0.17447916666666666 0.4791666666666667 0.16536458333333334 0.4791666666666667 0.14583333333333334 0.4817708333333333 0.14322916666666666 0.4856770833333333 0.14322916666666666
3 0.7057291666666666 0.7083333333333334 0.7083333333333334 0.7083333333333334 0.71484375 0.71875 0.7135416666666666 0.7317708333333334 0.7096354166666666 0.734375 0.703125 0.72265625 0.7057291666666666 0.7096354166666666
3 0.09895833333333333 0.4765625 0.09895833333333333 0.4921875 0.09244791666666667 0.4921875 0.08854166666666667 0.4947916666666667 0.08463541666666667 0.4947916666666667 0.08203125 0.4921875 0.08203125 0.4817708333333333 0.0859375 0.4778645833333333 0.09244791666666667 0.4791666666666667 0.09765625 0.4765625
3 0.6783854166666666 0.57421875 0.6744791666666666 0.5690104166666666 0.6744791666666666 0.5572916666666666 0.6783854166666666 0.5533854166666666 0.6822916666666666 0.5572916666666666 0.6822916666666666 0.5690104166666666 0.6796875 0.5729166666666666
3 0.8372395833333334 0.5143229166666666 0.83984375 0.5299479166666666 0.8346354166666666 0.5390625 0.82421875 0.53125 0.82421875 0.5169270833333334 0.8307291666666666 0.5182291666666666 0.8359375 0.5143229166666666