1 0.14140624999999998 0.6861111106770833 0.1421875 0.68472222265625 0.1421875 0.6805555559895833 0.14140624999999998 0.6791666666666667 0.13671875 0.6791666666666667 0.13593750000000002 0.6819444440104167 0.13749999999999998 0.6861111106770833 0.14140624999999998 0.6861111106770833
3 0.203125 0.4427083333333333 0.20572916666666666 0.4427083333333333 0.21223958333333334 0.453125 0.21614583333333334 0.46484375 0.21614583333333334 0.484375 0.20963541666666666 0.48046875 0.20703125 0.4713541666666667 0.20703125 0.45703125 0.19921875 0.4544270833333333 0.19921875 0.44921875 0.203125 0.4440104166666667
3 0.41796875 0.3580729166666667 0.4244791666666667 0.3671875 0.4244791666666667 0.37890625 0.421875 0.3828125 0.41796875 0.3815104166666667 0.41796875 0.359375
3 0.73828125 0.5325520833333334 0.7434895833333334 0.5442708333333334 0.7421875 0.55078125 0.73828125 0.5546875 0.73046875 0.5520833333333334 0.7291666666666666 0.5481770833333334 0.7291666666666666 0.5390625 0.7369791666666666 0.5325520833333334
3 0.18359375 0.8515625 0.18880208333333334 0.8463541666666666 0.19270833333333334 0.8567708333333334 0.19010416666666666 0.8684895833333334 0.18880208333333334 0.87109375 0.18619791666666666 0.87109375 0.1796875 0.86328125 0.1796875 0.8567708333333334 0.18359375 0.8528645833333334
3 0.3997395833333333 0.6692708333333334 0.4088541666666667 0.67578125 0.4088541666666667 0.6809895833333334 0.4049479166666667 0.68359375 0.39453125 0.6822916666666666 0.3919270833333333 0.6744791666666666 0.39453125 0.6705729166666666 0.3984375 0.6692708333333334
3 0.4453125 0.5065104166666666 0.4479166666666667 0.5091145833333334 0.4479166666666667 0.5234375 0.4440104166666667 0.5247395833333334 0.4427083333333333 0.5221354166666666 0.44140625 0.5104166666666666 0.4440104166666667 0.5078125
3 0.22786458333333334 0.2109375 0.23828125 0.22395833333333334 0.23697916666666666 0.23046875 0.23307291666666666 0.23046875 0.22526041666666666 0.22135416666666666 0.22395833333333334 0.21223958333333334 0.2265625 0.2109375
3 0.33203125 0.6315104166666666 0.3372395833333333 0.6354166666666666 0.33984375 0.6419270833333334 0.3385416666666667 0.6471354166666666 0.3346354166666667 0.6497395833333334 0.33203125 0.6484375 0.3268229166666667 0.640625 0.3307291666666667 0.6328125
3 0.04296875 0.5416666666666666 0.04296875 0.5598958333333334 0.037760416666666664 0.5598958333333334 0.033854166666666664 0.5638020833333334 0.029947916666666668 0.5638020833333334 0.026041666666666668 0.5572916666666666 0.02734375 0.5494791666666666 0.033854166666666664 0.5494791666666666 0.04296875 0.54296875
3 0.3515625 0.8020833333333334 0.3606770833333333 0.8020833333333334 0.359375 0.82421875 0.3515625 0.8216145833333334 0.3489583333333333 0.81640625 0.3515625 0.8033854166666666
3 0.1265625 0.6819444440104167 0.12421875 0.6736111106770833 0.11875000000000001 0.67777777734375 0.11796875 0.6875 0.1265625 0.6819444440104167
3 0.3703125 0.35277777734375 0.37265624999999997 0.36527777734375005 0.38359375 0.3666666666666667 0.38203125 0.34861111067708334 0.37578125 0.3458333333333334 0.3703125 0.35277777734375
2 0.4739583333333333 0.11979166666666667 0.4739583333333333 0.3098958333333333 0.4713541666666667 0.3372395833333333 0.47265625 0.4427083333333333 0.4700520833333333 0.5494791666666666 0.4713541666666667 0.6263020833333334 0.4674479166666667 0.74609375 0.4661458333333333 0.9466145833333334 0.4635416666666667 0.94921875 0.4635416666666667 0.8177083333333334 0.46484375 0.7057291666666666 0.4674479166666667 0.6731770833333334 0.4661458333333333 0.6223958333333334 0.46875 0.5403645833333334 0.46875 0.3216145833333333 0.4713541666666667 0.2799479166666667 0.47265625 0.12109375
0 0 0.625 0.0859375 0.6263888893229167 0.09921875000000001 0.6194444440104167 0.11562499999999999 0.6013888893229167 0.13046875 0.5666666666666667 0.13671875 0.52222222265625 0.13359374999999998 0.4861111106770833 0.12109375 0.44861111067708337 0.10312500000000001 0.4236111106770833 0.08828124999999999 0.4138888893229167 0.0203125 0.40972222265625 0 0.40972222265625 0 0.4166666666666667 0.08671875 0.41944444401041664 0.09999999999999999 0.42638888932291663 0.11640625 0.44861111067708337 0.125 0.4680555559895833 0.1328125 0.5111111106770834 0.13125 0.5458333333333333 0.121875 0.5805555559895833 0.09765625 0.61527777734375 0.0828125 0.62222222265625 0 0.6194444440104167 0 0.625
0 0.7999999999999999 0.5625 0.8039062499999999 0.525 0.8117187499999999 0.4944444440104167 0.8273437499999999 0.4666666666666666 0.8421875 0.45416666666666666 0.8515625 0.45 0.9671875 0.45416666666666666 0.9671875 0.44861111067708337 0.8585937499999999 0.44444444401041666 0.8406250000000001 0.44861111067708337 0.81640625 0.47500000000000003 0.80703125 0.49583333333333335 0.7999999999999999 0.52777777734375 0.79921875 0.5611111106770833 0.803125 0.5930555559895833 0.8132812500000001 0.62222222265625 0.83203125 0.64722222265625 0.8585937499999999 0.6583333333333333 0.9640624999999999 0.6583333333333333 0.8429687499999999 0.6486111106770833 0.83046875 0.6388888893229167 0.8140625 0.6138888893229166 0.7999999999999999 0.5625