1 0.49921875 0.8333333333333334 0.49921875 0.8291666666666666 0.49843750000000003 0.82777777734375 0.496875 0.82777777734375 0.4953125 0.8305555559895833 0.4953125 0.8347222226562501 0.49765624999999997 0.8361111106770833 0.49921875 0.8333333333333334
0 0 0.4127604166666667 0.08854166666666667 0.4153645833333333 0.1015625 0.421875 0.11588541666666667 0.4348958333333333 0.12760416666666666 0.4544270833333333 0.13802083333333334 0.48828125 0.140625 0.515625 0.13932291666666666 0.55078125 0.13020833333333334 0.5859375 0.11979166666666667 0.60546875 0.10416666666666667 0.62109375 0.08854166666666667 0.62890625 0 0.6263020833333334 0 0.62109375 0.08984375 0.6223958333333334 0.09895833333333333 0.6184895833333334 0.11328125 0.60546875 0.11328125 0.6028645833333334 0.12369791666666667 0.58984375 0.125 0.58203125 0.1328125 0.5651041666666666 0.13671875 0.5455729166666666 0.13671875 0.5026041666666666 0.1328125 0.4791666666666667 0.12369791666666667 0.4544270833333333 0.10546875 0.4309895833333333 0.08854166666666667 0.421875 0 0.4192708333333333 0 0.4140625
0 0.9153645833333334 0.4466145833333333 0.9661458333333334 0.44921875 0.9674479166666666 0.453125 0.8515625 0.4505208333333333 0.8385416666666666 0.45703125 0.8216145833333334 0.4752604166666667 0.8111979166666666 0.49609375 0.8046875 0.5260416666666666 0.8033854166666666 0.55859375 0.8072916666666666 0.59375 0.8111979166666666 0.6067708333333334 0.8229166666666666 0.62890625 0.84375 0.6484375 0.859375 0.65234375 0.9518229166666666 0.6549479166666666 0.9635416666666666 0.65625 0.9635416666666666 0.66015625 0.87890625 0.6588541666666666 0.8580729166666666 0.6575520833333334 0.84375 0.6536458333333334 0.8346354166666666 0.6484375 0.8203125 0.6328125 0.80859375 0.609375 0.8033854166666666 0.5911458333333334 0.8033854166666666 0.58203125 0.7994791666666666 0.5690104166666666 0.8033854166666666 0.5130208333333334 0.8125 0.484375 0.82421875 0.46484375 0.83203125 0.4557291666666667 0.84765625 0.4466145833333333 0.9140625 0.4466145833333333
2 0.4739583333333333 0.12239583333333333 0.4765625 0.125 0.4739583333333333 0.2916666666666667 0.4739583333333333 0.6197916666666666 0.4713541666666667 0.6315104166666666 0.4700520833333333 0.8671875 0.4674479166666667 0.9479166666666666 0.46484375 0.9466145833333334 0.46484375 0.8658854166666666 0.4674479166666667 0.85546875 0.46875 0.5651041666666666 0.4713541666666667 0.5299479166666666 0.4700520833333333 0.4505208333333333 0.4739583333333333 0.12369791666666667
3 0.5885416666666666 0.7109375 0.5963541666666666 0.7122395833333334 0.6002604166666666 0.7200520833333334 0.5963541666666666 0.73046875 0.5924479166666666 0.73046875 0.58984375 0.7252604166666666 0.5885416666666666 0.7122395833333334
3 0.421875 0.3932291666666667 0.4244791666666667 0.3932291666666667 0.42578125 0.3971354166666667 0.4348958333333333 0.4036458333333333 0.43359375 0.4127604166666667 0.4283854166666667 0.4140625 0.421875 0.4114583333333333 0.41796875 0.4075520833333333 0.421875 0.39453125
3 0.6354166666666666 0.55078125 0.6471354166666666 0.5520833333333334 0.6458333333333334 0.5677083333333334 0.6419270833333334 0.5677083333333334 0.6393229166666666 0.5651041666666666 0.6354166666666666 0.5520833333333334
3 0.4908854166666667 0.22265625 0.4947916666666667 0.22395833333333334 0.4973958333333333 0.22916666666666666 0.4947916666666667 0.2526041666666667 0.4908854166666667 0.25390625 0.48828125 0.2421875 0.484375 0.23567708333333334 0.4856770833333333 0.22786458333333334 0.4895833333333333 0.22395833333333334
3 0.2591145833333333 0.4283854166666667 0.2578125 0.4192708333333333 0.26171875 0.4140625 0.2669270833333333 0.4153645833333333 0.2708333333333333 0.43359375 0.265625 0.4361979166666667 0.2604166666666667 0.4283854166666667
3 0.4205729166666667 0.65625 0.4244791666666667 0.65625 0.4283854166666667 0.66015625 0.4283854166666667 0.671875 0.421875 0.6744791666666666 0.41796875 0.6692708333333334 0.4205729166666667 0.6575520833333334
3 0.2265625 0.22395833333333334 0.22135416666666666 0.21744791666666666 0.22265625 0.20703125 0.2265625 0.20703125 0.23177083333333334 0.21484375 0.23307291666666666 0.2265625 0.22786458333333334 0.22395833333333334
3 0.07552083333333333 0.5234375 0.08854166666666667 0.5338541666666666 0.08463541666666667 0.5403645833333334 0.07942708333333333 0.5377604166666666 0.07161458333333333 0.5390625 0.06901041666666667 0.5364583333333334 0.06770833333333333 0.52734375 0.0703125 0.5234375 0.07421875 0.5234375
3 0.7916666666666666 0.5364583333333334 0.7955729166666666 0.5416666666666666 0.7955729166666666 0.5481770833333334 0.7890625 0.5572916666666666 0.78515625 0.5572916666666666 0.7760416666666666 0.5442708333333334 0.7786458333333334 0.5416666666666666 0.7825520833333334 0.5416666666666666 0.7864583333333334 0.5364583333333334 0.7903645833333334 0.5364583333333334
3 0.5885416666666666 0.2903645833333333 0.5924479166666666 0.2903645833333333 0.5950520833333334 0.2942708333333333 0.5950520833333334 0.3072916666666667 0.5911458333333334 0.31640625 0.5872395833333334 0.3138020833333333 0.5859375 0.30859375 0.5859375 0.296875 0.5885416666666666 0.2916666666666667
3 0.49691640625 0.8613472226562501 0.5091984374999999 0.8626 0.5096015625 0.8499 0.5044671875 0.8375583333333334 0.49379609375000005 0.8371875000000001 0.49601093749999997 0.8448916666666667 0.49832578125 0.8536569440104166 0.49691640625 0.8613472226562501
3 0.34122734374999997 0.8504375 0.33911328125 0.8463236106770834 0.34626093750000003 0.84131527734375 0.34334140625 0.8373805559895833 0.33246875000000004 0.8347263893229168 0.32944921875 0.8477541666666667 0.33166406249999997 0.8568763893229167 0.33649609374999995 0.8552666666666666 0.34122734374999997 0.8504375