1 0.55625 0.65 0.5539062499999999 0.6486111106770833 0.553125 0.65 0.553125 0.6555555559895833 0.55625 0.6541666666666667 0.55625 0.65
0 0 0.4309895833333333 0.09114583333333333 0.4322916666666667 0.10677083333333333 0.4361979166666667 0.12630208333333334 0.4544270833333333 0.13802083333333334 0.4765625 0.14583333333333334 0.50390625 0.1484375 0.5260416666666666 0.14713541666666666 0.5690104166666666 0.14322916666666666 0.5794270833333334 0.14192708333333334 0.5911458333333334 0.13020833333333334 0.6171875 0.11458333333333333 0.6354166666666666 0.09895833333333333 0.6432291666666666 0.0859375 0.64453125 0 0.640625 0 0.63671875 0.0546875 0.63671875 0.08854166666666667 0.6393229166666666 0.09895833333333333 0.6380208333333334 0.10677083333333333 0.6341145833333334 0.11588541666666667 0.6276041666666666 0.11588541666666667 0.625 0.125 0.6158854166666666 0.13151041666666666 0.60546875 0.13671875 0.5885416666666666 0.13932291666666666 0.5859375 0.14453125 0.5598958333333334 0.14453125 0.5169270833333334 0.13932291666666666 0.4921875 0.13151041666666666 0.47265625 0.11458333333333333 0.44921875 0.09635416666666667 0.4401041666666667 0.040364583333333336 0.4388020833333333 0.0390625 0.4361979166666667 0 0.4361979166666667 0 0.4322916666666667
0 0.8541666666666666 0.4583333333333333 0.9153645833333334 0.4583333333333333 0.9166666666666666 0.4609375 0.9739583333333334 0.4622395833333333 0.9739583333333334 0.46484375 0.9713541666666666 0.4661458333333333 0.8580729166666666 0.4635416666666667 0.84765625 0.4674479166666667 0.8333333333333334 0.4791666666666667 0.8333333333333334 0.4817708333333333 0.8229166666666666 0.4947916666666667 0.8151041666666666 0.5130208333333334 0.8098958333333334 0.5325520833333334 0.8098958333333334 0.5442708333333334 0.8072916666666666 0.5520833333333334 0.8098958333333334 0.5950520833333334 0.8216145833333334 0.6302083333333334 0.8333333333333334 0.6471354166666666 0.84375 0.6575520833333334 0.859375 0.6640625 0.9596354166666666 0.6666666666666666 0.9609375 0.6692708333333334 0.9700520833333334 0.6692708333333334 0.9700520833333334 0.6731770833333334 0.9283854166666666 0.6731770833333334 0.8828125 0.671875 0.8515625 0.66796875 0.828125 0.6497395833333334 0.8125 0.6184895833333334 0.8072916666666666 0.59765625 0.8046875 0.5716145833333334 0.8072916666666666 0.53125 0.8125 0.5091145833333334 0.828125 0.4778645833333333 0.8424479166666666 0.46484375 0.8541666666666666 0.4596354166666667
2 0.4778645833333333 0.4192708333333333 0.4791666666666667 0.515625 0.4739583333333333 0.9622395833333334 0.4713541666666667 0.9609375 0.4713541666666667 0.8229166666666666 0.4765625 0.4205729166666667
3 0.453125 0.24348958333333334 0.4583333333333333 0.24479166666666666 0.45703125 0.2630208333333333 0.453125 0.2604166666666667 0.4518229166666667 0.2565104166666667 0.453125 0.24479166666666666
3 0.6197916666666666 0.2591145833333333 0.6223958333333334 0.2591145833333333 0.625 0.2643229166666667 0.6236979166666666 0.27734375 0.6223958333333334 0.2799479166666667 0.6184895833333334 0.2799479166666667 0.6171875 0.265625 0.6197916666666666 0.2604166666666667
3 0.6354166666666666 0.5247395833333334 0.63671875 0.5364583333333334 0.6341145833333334 0.5403645833333334 0.62890625 0.5377604166666666 0.62890625 0.5260416666666666 0.6341145833333334 0.5247395833333334
3 0.48046875 0.3177083333333333 0.484375 0.3190104166666667 0.4895833333333333 0.3255208333333333 0.4869791666666667 0.3385416666666667 0.48046875 0.3385416666666667 0.48046875 0.3190104166666667
3 0.5182291666666666 0.69921875 0.5221354166666666 0.7044270833333334 0.5221354166666666 0.72265625 0.5182291666666666 0.7239583333333334 0.5182291666666666 0.7161458333333334 0.5143229166666666 0.70703125 0.5143229166666666 0.703125 0.5169270833333334 0.7005208333333334
3 0.4830729166666667 0.39453125 0.4869791666666667 0.40234375 0.4869791666666667 0.4140625 0.4856770833333333 0.41796875 0.4817708333333333 0.4205729166666667 0.4752604166666667 0.4127604166666667 0.4765625 0.3984375 0.4817708333333333 0.39453125
3 0.5677083333333334 0.6315104166666666 0.5690104166666666 0.65625 0.56640625 0.6575520833333334 0.5611979166666666 0.6510416666666666 0.5572916666666666 0.6536458333333334 0.5572916666666666 0.65625 0.5533854166666666 0.6549479166666666 0.5546875 0.6497395833333334 0.5611979166666666 0.64453125 0.5625 0.6380208333333334 0.56640625 0.6328125
3 0.4505208333333333 0.5494791666666666 0.453125 0.5572916666666666 0.453125 0.5651041666666666 0.4505208333333333 0.5677083333333334 0.4453125 0.5651041666666666 0.4440104166666667 0.5598958333333334 0.4440104166666667 0.55078125 0.44921875 0.5494791666666666
3 0.3932291666666667 0.33984375 0.3971354166666667 0.33984375 0.4010416666666667 0.34375 0.4010416666666667 0.3645833333333333 0.3997395833333333 0.3671875 0.3971354166666667 0.3671875 0.390625 0.35546875 0.390625 0.34375 0.3932291666666667 0.3411458333333333
3 0.7513020833333334 0.5598958333333334 0.7591145833333334 0.5677083333333334 0.7591145833333334 0.57421875 0.75390625 0.58203125 0.75 0.58203125 0.7447916666666666 0.578125 0.7447916666666666 0.5651041666666666 0.74609375 0.5611979166666666 0.75 0.5598958333333334
3 0.4947916666666667 0.4453125 0.4973958333333333 0.4505208333333333 0.5026041666666666 0.4518229166666667 0.4973958333333333 0.47265625 0.4947916666666667 0.47265625 0.48828125 0.4635416666666667 0.48828125 0.4518229166666667 0.4934895833333333 0.4453125
3 0.4615885416666667 0.8404947916666666 0.012369791666666666 0.033203125