1 0.73828125 0.49722222265625 0.7390625000000001 0.4944444440104167 0.7390625000000001 0.49027777734375005 0.73828125 0.4875 0.7359375 0.4875 0.734375 0.49027777734375005 0.734375 0.4944444440104167 0.7351562500000001 0.49722222265625 0.73828125 0.49722222265625
0 0.14322916666666666 0.49609375 0.14583333333333334 0.5130208333333334 0.14583333333333334 0.5442708333333334 0.14322916666666666 0.5494791666666666 0.14192708333333334 0.5677083333333334 0.13671875 0.5859375 0.12630208333333334 0.6067708333333334 0.10677083333333333 0.6276041666666666 0.09244791666666667 0.6328125 0 0.6302083333333334 0 0.6223958333333334 0.09635416666666667 0.625 0.10677083333333333 0.6197916666666666 0.12109375 0.60546875 0.13151041666666666 0.5872395833333334 0.1328125 0.578125 0.13541666666666666 0.5755208333333334 0.140625 0.5546875 0.140625 0.5403645833333334 0.14322916666666666 0.53125 0.14322916666666666 0.5169270833333334 0.140625 0.51171875 0.14322916666666666 0.4973958333333333
0 0.8736979166666666 0.4518229166666667 0.9700520833333334 0.4557291666666667 0.9700520833333334 0.4622395833333333 0.8763020833333334 0.4596354166666667 0.875 0.45703125 0.85546875 0.45703125 0.8541666666666666 0.4596354166666667 0.8502604166666666 0.4596354166666667 0.8359375 0.46875 0.8294270833333334 0.4752604166666667 0.8151041666666666 0.4986979166666667 0.8072916666666666 0.5286458333333334 0.8059895833333334 0.5729166666666666 0.8072916666666666 0.5872395833333334 0.8151041666666666 0.6145833333333334 0.8268229166666666 0.63671875 0.84375 0.6536458333333334 0.8502604166666666 0.65625 0.859375 0.6588541666666666 0.8854166666666666 0.66015625 0.9557291666666666 0.6614583333333334 0.9661458333333334 0.6627604166666666 0.9661458333333334 0.66796875 0.953125 0.66796875 0.9518229166666666 0.6653645833333334 0.8606770833333334 0.6640625 0.8489583333333334 0.6614583333333334 0.8372395833333334 0.6549479166666666 0.8294270833333334 0.6471354166666666 0.81640625 0.6276041666666666 0.80859375 0.6080729166666666 0.8033854166666666 0.5794270833333334 0.8033854166666666 0.5364583333333334 0.8072916666666666 0.5130208333333334 0.8229166666666666 0.4765625 0.83984375 0.4583333333333333 0.8502604166666666 0.453125 0.8723958333333334 0.4518229166666667
2 0.4778645833333333 0.13020833333333334 0.48046875 0.13151041666666666 0.4778645833333333 0.5078125 0.4739583333333333 0.671875 0.4739583333333333 0.8098958333333334 0.4700520833333333 0.8177083333333334 0.4739583333333333 0.8424479166666666 0.4713541666666667 0.8502604166666666 0.4713541666666667 0.9518229166666666 0.46875 0.953125 0.4674479166666667 0.9270833333333334 0.4674479166666667 0.8151041666666666 0.4700520833333333 0.8020833333333334 0.47265625 0.6744791666666666 0.47265625 0.4635416666666667 0.4765625 0.45703125 0.4739583333333333 0.453125 0.4739583333333333 0.4309895833333333 0.4778645833333333 0.13151041666666666
3 0.6080729166666666 0.7578125 0.6119791666666666 0.7578125 0.6197916666666666 0.765625 0.6223958333333334 0.77734375 0.6223958333333334 0.7825520833333334 0.6158854166666666 0.7916666666666666 0.6158854166666666 0.796875 0.6119791666666666 0.7942708333333334 0.6080729166666666 0.7591145833333334
3 0.6145833333333334 0.640625 0.6158854166666666 0.6471354166666666 0.6119791666666666 0.66015625 0.6015625 0.6549479166666666 0.6002604166666666 0.6484375 0.6080729166666666 0.6393229166666666 0.61328125 0.640625
3 0.4830729166666667 0.8125 0.4856770833333333 0.8151041666666666 0.4856770833333333 0.8450520833333334 0.4830729166666667 0.8450520833333334 0.4791666666666667 0.8294270833333334 0.47265625 0.8216145833333334 0.47265625 0.8151041666666666 0.4765625 0.8111979166666666 0.4817708333333333 0.8125
3 0.8776041666666666 0.5286458333333334 0.8841145833333334 0.5286458333333334 0.88671875 0.5338541666666666 0.8854166666666666 0.5481770833333334 0.8802083333333334 0.5520833333333334 0.87109375 0.5442708333333334 0.8776041666666666 0.5299479166666666
3 0.6588541666666666 0.3072916666666667 0.6614583333333334 0.31640625 0.6588541666666666 0.3203125 0.6575520833333334 0.3307291666666667 0.6484375 0.3294270833333333 0.6471354166666666 0.3268229166666667 0.65234375 0.3125 0.6575520833333334 0.3072916666666667
3 0.3515625 0.74609375 0.3567708333333333 0.7604166666666666 0.3567708333333333 0.78125 0.3515625 0.7760416666666666 0.3502604166666667 0.7669270833333334 0.34375 0.7578125 0.34375 0.7473958333333334 0.34765625 0.7447916666666666 0.3502604166666667 0.74609375
3 0.30078125 0.2591145833333333 0.3059895833333333 0.26171875 0.3098958333333333 0.26953125 0.3098958333333333 0.2799479166666667 0.3072916666666667 0.2825520833333333 0.3046875 0.28125 0.30078125 0.2760416666666667 0.30078125 0.2604166666666667
3 0.7434895833333334 0.453125 0.74609375 0.453125 0.7473958333333334 0.45703125 0.7604166666666666 0.4674479166666667 0.7513020833333334 0.4752604166666667 0.74609375 0.4739583333333333 0.7434895833333334 0.4544270833333333
3 0.5572916666666666 0.5208333333333334 0.5638020833333334 0.52734375 0.5638020833333334 0.546875 0.5625 0.5572916666666666 0.5598958333333334 0.55859375 0.5572916666666666 0.5559895833333334 0.5572916666666666 0.5455729166666666 0.5533854166666666 0.5377604166666666 0.5533854166666666 0.5286458333333334 0.5572916666666666 0.5221354166666666
3 0.7447916666666666 0.59375 0.7473958333333334 0.59375 0.7473958333333334 0.59765625 0.7513020833333334 0.6028645833333334 0.7513020833333334 0.6119791666666666 0.7473958333333334 0.6171875 0.7473958333333334 0.62890625 0.7447916666666666 0.6315104166666666 0.7421875 0.6302083333333334 0.73828125 0.6184895833333334 0.7408854166666666 0.6145833333333334 0.7408854166666666 0.6028645833333334 0.7447916666666666 0.5950520833333334
3 0.4921875 0.44921875 0.4947916666666667 0.4518229166666667 0.49609375 0.46875 0.4947916666666667 0.47265625 0.4908854166666667 0.4752604166666667 0.484375 0.46875 0.4817708333333333 0.4596354166666667 0.484375 0.453125 0.4908854166666667 0.44921875
3 0.12760416666666666 0.46875 0.13411458333333334 0.47265625 0.13411458333333334 0.4869791666666667 0.12890625 0.4869791666666667 0.12109375 0.4817708333333333 0.12109375 0.4700520833333333 0.12630208333333334 0.46875