1 0.45859374999999997 0.43055555598958334 0.45937500000000003 0.4319444440104167 0.46171875 0.4319444440104167 0.46249999999999997 0.43055555598958334 0.46249999999999997 0.42638888932291663 0.4609375 0.4236111106770833 0.45937500000000003 0.4236111106770833 0.45859374999999997 0.425 0.45859374999999997 0.43055555598958334
0 0.9986979166666666 0.4153645833333333 0.9986979166666666 0.4205729166666667 0.99609375 0.421875 0.9075520833333334 0.4244791666666667 0.890625 0.4309895833333333 0.8828125 0.4375 0.87109375 0.4544270833333333 0.86328125 0.4713541666666667 0.8580729166666666 0.4895833333333333 0.85546875 0.50390625 0.85546875 0.5481770833333334 0.86328125 0.5807291666666666 0.8776041666666666 0.6067708333333334 0.8893229166666666 0.6184895833333334 0.90234375 0.625 0.9986979166666666 0.6223958333333334 0.9986979166666666 0.62890625 0.95703125 0.6315104166666666 0.90234375 0.6315104166666666 0.8919270833333334 0.6276041666666666 0.875 0.6119791666666666 0.8606770833333334 0.5872395833333334 0.859375 0.5768229166666666 0.85546875 0.5677083333333334 0.85546875 0.5598958333333334 0.8528645833333334 0.5559895833333334 0.8528645833333334 0.49609375 0.8645833333333334 0.4557291666666667 0.8763020833333334 0.4375 0.890625 0.4244791666666667 0.90625 0.4192708333333333 0.9296875 0.4192708333333333 0.9309895833333334 0.4166666666666667 0.93359375 0.4192708333333333 0.9348958333333334 0.4166666666666667 0.9973958333333334 0.4153645833333333
0 0.14453125 0.4505208333333333 0.15494791666666666 0.4557291666666667 0.16796875 0.4700520833333333 0.1796875 0.4921875 0.18619791666666666 0.5130208333333334 0.1875 0.53125 0.19010416666666666 0.5390625 0.19010416666666666 0.5716145833333334 0.18229166666666666 0.6106770833333334 0.17447916666666666 0.625 0.17447916666666666 0.62890625 0.16145833333333334 0.6471354166666666 0.14322916666666666 0.6588541666666666 0.13151041666666666 0.6614583333333334 0.0859375 0.6614583333333334 0.06770833333333333 0.6640625 0.024739583333333332 0.6640625 0.024739583333333332 0.66015625 0.13932291666666666 0.6549479166666666 0.15234375 0.6484375 0.16927083333333334 0.62890625 0.1796875 0.6067708333333334 0.1875 0.5690104166666666 0.1875 0.5377604166666666 0.18489583333333334 0.53125 0.18359375 0.5130208333333334 0.17708333333333334 0.5013020833333334 0.17578125 0.4921875 0.1640625 0.47265625 0.140625 0.4544270833333333 0.10677083333333333 0.453125 0.08854166666666667 0.4557291666666667 0.03125 0.45703125 0.020833333333333332 0.4557291666666667 0.020833333333333332 0.4518229166666667 0.10546875 0.4479166666666667 0.1328125 0.4479166666666667 0.14322916666666666 0.4505208333333333
2 0.515625 0.125 0.5182291666666666 0.125 0.51953125 0.3880208333333333 0.5234375 0.53515625 0.5221354166666666 0.5455729166666666 0.51953125 0.5494791666666666 0.51953125 0.55859375 0.5169270833333334 0.5572916666666666 0.51953125 0.5 0.5169270833333334 0.46484375 0.515625 0.12630208333333334
3 0.6015625 0.5572916666666666 0.60546875 0.5651041666666666 0.60546875 0.5768229166666666 0.6015625 0.5794270833333334 0.5989583333333334 0.5794270833333334 0.59765625 0.5768229166666666 0.6002604166666666 0.55859375
3 0.5338541666666666 0.53515625 0.013020833333333334 0.026692708333333332
3 0.46875 0.22526041666666666 0.4752604166666667 0.22526041666666666 0.4752604166666667 0.2421875 0.47265625 0.24739583333333334 0.46875 0.24609375 0.46875 0.23958333333333334 0.4661458333333333 0.23567708333333334 0.46875 0.2265625
3 0.71875 0.7057291666666666 0.7252604166666666 0.7174479166666666 0.7239583333333334 0.7252604166666666 0.7213541666666666 0.7278645833333334 0.7161458333333334 0.7278645833333334 0.7122395833333334 0.7213541666666666 0.7174479166666666 0.70703125
3 0.5091145833333334 0.7473958333333334 0.5130208333333334 0.7473958333333334 0.5182291666666666 0.75390625 0.5182291666666666 0.7578125 0.5104166666666666 0.7669270833333334 0.5078125 0.7643229166666666 0.5091145833333334 0.7486979166666666
3 0.6328125 0.24739583333333334 0.6393229166666666 0.26171875 0.6328125 0.26953125 0.6302083333333334 0.26953125 0.62890625 0.2565104166666667 0.6328125 0.2526041666666667 0.6328125 0.24869791666666666
3 0.56640625 0.5833333333333334 0.5703125 0.5833333333333334 0.5729166666666666 0.5885416666666666 0.5716145833333334 0.5950520833333334 0.56640625 0.6002604166666666 0.5638020833333334 0.59765625 0.5638020833333334 0.5872395833333334 0.56640625 0.5846354166666666
3 0.41015625 0.4322916666666667 0.4127604166666667 0.4322916666666667 0.4140625 0.4466145833333333 0.4166666666666667 0.4505208333333333 0.4166666666666667 0.453125 0.4140625 0.4544270833333333 0.4114583333333333 0.4544270833333333 0.4088541666666667 0.4505208333333333 0.41015625 0.43359375
3 0.41796875 0.6901041666666666 0.42578125 0.6927083333333334 0.42578125 0.6966145833333334 0.41796875 0.7096354166666666 0.4140625 0.7096354166666666 0.4127604166666667 0.7057291666666666 0.4127604166666667 0.6927083333333334 0.4166666666666667 0.6901041666666666
3 0.8177083333333334 0.56640625 0.8190104166666666 0.5794270833333334 0.81640625 0.58203125 0.8046875 0.5807291666666666 0.8046875 0.5768229166666666 0.8098958333333334 0.5690104166666666 0.8125 0.56640625 0.81640625 0.56640625
3 0.4934895833333333 0.3932291666666667 0.49609375 0.39453125 0.49609375 0.3997395833333333 0.4986979166666667 0.4036458333333333 0.4986979166666667 0.4114583333333333 0.4934895833333333 0.41796875 0.4895833333333333 0.41796875 0.48828125 0.4114583333333333 0.4921875 0.4049479166666667 0.4934895833333333 0.39453125
3 0.5455729166666666 0.8372395833333334 0.5520833333333334 0.8463541666666666 0.55078125 0.859375 0.546875 0.8619791666666666 0.5442708333333334 0.8606770833333334 0.5455729166666666 0.8385416666666666