1 0.33852109375 0.5231694440104167 0.33582265625 0.52285972265625 0.335996875 0.5267625 0.33669296875 0.5315208333333333 0.3392171875 0.5313652773437499 0.34017499999999995 0.5265708333333333 0.33852109375 0.5231694440104167
0 0 0.4140625 0.09244791666666667 0.4166666666666667 0.09375 0.4192708333333333 0.10286458333333333 0.4205729166666667 0.11197916666666667 0.42578125 0.12369791666666667 0.4375 0.13411458333333334 0.4544270833333333 0.14192708333333334 0.4765625 0.14713541666666666 0.5078125 0.14713541666666666 0.5403645833333334 0.14192708333333334 0.5716145833333334 0.13411458333333334 0.59375 0.12630208333333334 0.6067708333333334 0.11458333333333333 0.6197916666666666 0.09635416666666667 0.6302083333333334 0 0.6276041666666666 0 0.62109375 0.0703125 0.6236979166666666 0.09635416666666667 0.6236979166666666 0.10286458333333333 0.62109375 0.12109375 0.60546875 0.1328125 0.5859375 0.140625 0.5611979166666666 0.14453125 0.5338541666666666 0.14322916666666666 0.5 0.13671875 0.47265625 0.12760416666666666 0.4518229166666667 0.11067708333333333 0.4309895833333333 0.09375 0.4231770833333333 0.0026041666666666665 0.4205729166666667 0 0.4192708333333333 0 0.4153645833333333
0 0.8802083333333334 0.4466145833333333 0.9739583333333334 0.4505208333333333 0.9752604166666666 0.4544270833333333 0.9479166666666666 0.4557291666666667 0.8658854166666666 0.4518229166666667 0.8541666666666666 0.4544270833333333 0.8411458333333334 0.4635416666666667 0.8333333333333334 0.4713541666666667 0.8255208333333334 0.4869791666666667 0.8229166666666666 0.48828125 0.8177083333333334 0.5065104166666666 0.8151041666666666 0.5091145833333334 0.8111979166666666 0.52734375 0.8098958333333334 0.5690104166666666 0.8190104166666666 0.609375 0.8307291666666666 0.6315104166666666 0.8515625 0.6510416666666666 0.8684895833333334 0.6549479166666666 0.9596354166666666 0.6575520833333334 0.9713541666666666 0.6588541666666666 0.9739583333333334 0.6614583333333334 0.9700520833333334 0.6627604166666666 0.8984375 0.6614583333333334 0.8541666666666666 0.6575520833333334 0.8372395833333334 0.6471354166666666 0.82421875 0.6302083333333334 0.8229166666666666 0.6236979166666666 0.81640625 0.61328125 0.8072916666666666 0.5729166666666666 0.8072916666666666 0.5364583333333334 0.81640625 0.4934895833333333 0.82421875 0.4765625 0.8411458333333334 0.4557291666666667 0.8619791666666666 0.4466145833333333 0.87890625 0.4466145833333333
2 0.48046875 0.12239583333333333 0.4830729166666667 0.12760416666666666 0.4830729166666667 0.15104166666666666 0.4791666666666667 0.6302083333333334 0.4752604166666667 0.7825520833333334 0.4752604166666667 0.9283854166666666 0.4739583333333333 0.9505208333333334 0.4713541666666667 0.94921875 0.48046875 0.12369791666666667
3 0.4010416666666667 0.19791666666666666 0.4075520833333333 0.20833333333333334 0.4075520833333333 0.21354166666666666 0.4049479166666667 0.21744791666666666 0.4010416666666667 0.21875 0.3984375 0.21223958333333334 0.3997395833333333 0.19921875
3 0.59375 0.4270833333333333 0.5963541666666666 0.4348958333333333 0.5950520833333334 0.4427083333333333 0.5924479166666666 0.4440104166666667 0.5885416666666666 0.4440104166666667 0.5859375 0.4401041666666667 0.5859375 0.4296875 0.5885416666666666 0.4270833333333333 0.5924479166666666 0.4270833333333333
3 0.4518229166666667 0.24609375 0.4544270833333333 0.24739583333333334 0.4557291666666667 0.2578125 0.4596354166666667 0.2643229166666667 0.4583333333333333 0.2682291666666667 0.453125 0.26953125 0.44921875 0.26171875 0.44921875 0.25 0.4518229166666667 0.24739583333333334
3 0.5364583333333334 0.6041666666666666 0.5403645833333334 0.609375 0.5403645833333334 0.6223958333333334 0.53515625 0.6223958333333334 0.5338541666666666 0.6197916666666666 0.53125 0.6041666666666666 0.53515625 0.6041666666666666
3 0.34765625 0.578125 0.3502604166666667 0.5833333333333334 0.3502604166666667 0.5924479166666666 0.3450520833333333 0.5963541666666666 0.3385416666666667 0.5872395833333334 0.3385416666666667 0.5807291666666666 0.3463541666666667 0.578125
3 0.2109375 0.6536458333333334 0.22005208333333334 0.64453125 0.22135416666666666 0.6575520833333334 0.22135416666666666 0.6640625 0.2109375 0.6705729166666666 0.2109375 0.6549479166666666
3 0.4361979166666667 0.7395833333333334 0.4427083333333333 0.7447916666666666 0.4453125 0.7565104166666666 0.4440104166666667 0.7604166666666666 0.4361979166666667 0.76171875 0.4361979166666667 0.7408854166666666
3 0.2578125 0.44140625 0.2591145833333333 0.4505208333333333 0.2552083333333333 0.4609375 0.25 0.4596354166666667 0.24348958333333334 0.4440104166666667 0.24609375 0.4401041666666667 0.25 0.4427083333333333 0.2565104166666667 0.44140625
3 0.3385416666666667 0.5091145833333334 0.3411458333333333 0.51171875 0.3411458333333333 0.5299479166666666 0.3385416666666667 0.5325520833333334 0.3333333333333333 0.5286458333333334 0.33203125 0.5247395833333334 0.33203125 0.515625 0.3372395833333333 0.5091145833333334
3 0.4322916666666667 0.375 0.4388020833333333 0.3828125 0.4388020833333333 0.3932291666666667 0.4348958333333333 0.39453125 0.4296875 0.390625 0.4270833333333333 0.3854166666666667 0.4322916666666667 0.3763020833333333
3 0.38671875 0.8359375 0.3893229166666667 0.8411458333333334 0.3880208333333333 0.8489583333333334 0.3841145833333333 0.8528645833333334 0.3776041666666667 0.8515625 0.3776041666666667 0.8411458333333334 0.3854166666666667 0.8359375
3 0.38437499999999997 0.5236111106770833 0.38671875 0.52777777734375 0.38671875 0.5291666666666667 0.38984375 0.525 0.39140625 0.5083333333333333 0.390625 0.5055555559895833 0.38671875 0.49861111067708336 0.38203125 0.49722222265625 0.37890625 0.5 0.37656249999999997 0.5041666666666667 0.37578125 0.5069444440104166 0.37656249999999997 0.51527777734375 0.37890625 0.5194444440104167 0.38437499999999997 0.5236111106770833