1 0.84375 0.6861111106770833 0.8453125 0.6888888893229167 0.84765625 0.6888888893229167 0.84921875 0.6861111106770833 0.8484375000000001 0.67777777734375 0.85 0.6749999999999999 0.84921875 0.6749999999999999 0.84609375 0.67777777734375 0.84375 0.6819444440104167 0.84375 0.6861111106770833
0 0.9986979166666666 0.41015625 0.9986979166666666 0.4153645833333333 0.91796875 0.4192708333333333 0.8997395833333334 0.4270833333333333 0.890625 0.4361979166666667 0.87890625 0.4557291666666667 0.8736979166666666 0.4739583333333333 0.87109375 0.4765625 0.8658854166666666 0.51171875 0.8671875 0.54296875 0.87109375 0.5638020833333334 0.8828125 0.5924479166666666 0.8997395833333334 0.61328125 0.9140625 0.62109375 0.93359375 0.6223958333333334 0.9986979166666666 0.6197916666666666 0.9986979166666666 0.6263020833333334 0.99609375 0.6236979166666666 0.9791666666666666 0.6236979166666666 0.9778645833333334 0.6263020833333334 0.9544270833333334 0.6276041666666666 0.9140625 0.6276041666666666 0.8958333333333334 0.6171875 0.88671875 0.6067708333333334 0.8763020833333334 0.58984375 0.8645833333333334 0.5494791666666666 0.8645833333333334 0.4934895833333333 0.8684895833333334 0.4739583333333333 0.8841145833333334 0.4375 0.8958333333333334 0.4244791666666667 0.90625 0.4166666666666667 0.91796875 0.4127604166666667 0.9973958333333334 0.41015625
0 0.15234375 0.4466145833333333 0.16666666666666666 0.4544270833333333 0.17838541666666666 0.4674479166666667 0.19140625 0.4934895833333333 0.1953125 0.5078125 0.19921875 0.53125 0.19921875 0.5716145833333334 0.19791666666666666 0.5859375 0.19010416666666666 0.61328125 0.17838541666666666 0.6354166666666666 0.16666666666666666 0.6484375 0.15234375 0.65625 0.13932291666666666 0.6588541666666666 0.07421875 0.6614583333333334 0.03515625 0.6614583333333334 0.03515625 0.6575520833333334 0.14713541666666666 0.65234375 0.15755208333333334 0.6484375 0.17317708333333334 0.6341145833333334 0.1875 0.609375 0.1953125 0.58203125 0.1953125 0.5208333333333334 0.19270833333333334 0.5169270833333334 0.1875 0.4934895833333333 0.1796875 0.4778645833333333 0.17578125 0.4713541666666667 0.15494791666666666 0.453125 0.14713541666666666 0.4505208333333333 0.032552083333333336 0.453125 0.032552083333333336 0.44921875 0.125 0.4453125 0.15104166666666666 0.4466145833333333
2 0.52734375 0.12239583333333333 0.52734375 0.2265625 0.5299479166666666 0.2682291666666667 0.53125 0.61328125 0.53515625 0.7565104166666666 0.53515625 0.9505208333333334 0.5325520833333334 0.92578125 0.53125 0.69140625 0.5286458333333334 0.64453125 0.52734375 0.296875 0.5247395833333334 0.2513020833333333 0.5260416666666666 0.12239583333333333
3 0.5807291666666666 0.3606770833333333 0.5846354166666666 0.3658854166666667 0.58203125 0.3815104166666667 0.578125 0.3815104166666667 0.5755208333333334 0.3723958333333333 0.5794270833333334 0.3619791666666667
3 0.6080729166666666 0.6731770833333334 0.6171875 0.6692708333333334 0.62109375 0.6731770833333334 0.6197916666666666 0.6848958333333334 0.6158854166666666 0.6848958333333334 0.6106770833333334 0.6796875 0.6080729166666666 0.6796875 0.6080729166666666 0.6744791666666666
3 0.6510416666666666 0.8151041666666666 0.011067708333333334 0.022135416666666668
3 0.6223958333333334 0.3528645833333333 0.62890625 0.359375 0.62890625 0.3723958333333333 0.6236979166666666 0.3802083333333333 0.6197916666666666 0.3815104166666667 0.6158854166666666 0.3763020833333333 0.6158854166666666 0.36328125 0.62109375 0.3541666666666667
3 0.6640625 0.6315104166666666 0.66796875 0.6328125 0.6692708333333334 0.6419270833333334 0.6640625 0.6497395833333334 0.66015625 0.6497395833333334 0.6575520833333334 0.64453125 0.6575520833333334 0.63671875 0.6640625 0.6328125
3 0.7890625 0.4375 0.79296875 0.4544270833333333 0.78515625 0.4622395833333333 0.7786458333333334 0.4596354166666667 0.77734375 0.453125 0.77734375 0.44921875 0.7838541666666666 0.4466145833333333 0.7890625 0.4388020833333333
3 0.80859375 0.861328125 0.018880208333333332 0.022135416666666668
3 0.5559895833333334 0.5065104166666666 0.55859375 0.5065104166666666 0.5611979166666666 0.5143229166666666 0.55859375 0.5221354166666666 0.5559895833333334 0.5247395833333334 0.5533854166666666 0.5221354166666666 0.5520833333333334 0.5143229166666666 0.5559895833333334 0.5078125
3 0.7623697916666666 0.21940104166666666 0.029947916666666668 0.01953125
3 0.85546875 0.6666666666666666 0.859375 0.6666666666666666 0.8645833333333334 0.67578125 0.8619791666666666 0.6848958333333334 0.85546875 0.6888020833333334 0.8528645833333334 0.68359375 0.8528645833333334 0.671875 0.85546875 0.66796875
3 0.2682291666666667 0.5364583333333334 0.2734375 0.5442708333333334 0.2734375 0.5494791666666666 0.2682291666666667 0.5572916666666666 0.265625 0.5572916666666666 0.26171875 0.5520833333333334 0.26171875 0.5403645833333334 0.2669270833333333 0.5364583333333334
3 0.953125 0.5377604166666666 0.96875 0.5390625 0.9700520833333334 0.5442708333333334 0.96875 0.5520833333333334 0.9622395833333334 0.5572916666666666 0.9544270833333334 0.5598958333333334 0.9518229166666666 0.5546875 0.953125 0.5390625