1 0.5320312500000001 0.525 0.5281250000000001 0.5263888893229166 0.5296875 0.5333333333333333 0.5320312500000001 0.525
0 0.9986979166666666 0.42578125 0.9986979166666666 0.4309895833333333 0.9557291666666666 0.4309895833333333 0.9322916666666666 0.43359375 0.91015625 0.4322916666666667 0.89453125 0.4361979166666667 0.8736979166666666 0.4544270833333333 0.859375 0.484375 0.8541666666666666 0.5078125 0.85546875 0.56640625 0.86328125 0.5924479166666666 0.8697916666666666 0.6015625 0.8697916666666666 0.60546875 0.87890625 0.6171875 0.8919270833333334 0.62890625 0.8984375 0.6315104166666666 0.91796875 0.6328125 0.9986979166666666 0.6302083333333334 0.9986979166666666 0.6354166666666666 0.9296875 0.6380208333333334 0.8958333333333334 0.63671875 0.8841145833333334 0.6302083333333334 0.8645833333333334 0.60546875 0.8567708333333334 0.5872395833333334 0.85546875 0.5755208333333334 0.8515625 0.56640625 0.8489583333333334 0.5377604166666666 0.8515625 0.50390625 0.8567708333333334 0.4817708333333333 0.87109375 0.4505208333333333 0.8854166666666666 0.4348958333333333 0.8984375 0.4283854166666667 0.9973958333333334 0.42578125
0 0.14973958333333334 0.4544270833333333 0.1640625 0.4635416666666667 0.17578125 0.4765625 0.18619791666666666 0.49609375 0.19140625 0.51171875 0.1953125 0.5338541666666666 0.19661458333333334 0.56640625 0.19401041666666666 0.5950520833333334 0.1875 0.6171875 0.17057291666666666 0.6471354166666666 0.16015625 0.65625 0.14973958333333334 0.6614583333333334 0.13020833333333334 0.6640625 0.07682291666666667 0.6653645833333334 0.032552083333333336 0.6653645833333334 0.032552083333333336 0.6627604166666666 0.036458333333333336 0.6614583333333334 0.14453125 0.6575520833333334 0.15885416666666666 0.6510416666666666 0.17317708333333334 0.6354166666666666 0.18359375 0.6158854166666666 0.19140625 0.5911458333333334 0.19401041666666666 0.5559895833333334 0.19010416666666666 0.5208333333333334 0.18359375 0.4986979166666667 0.16927083333333334 0.4752604166666667 0.14973958333333334 0.4609375 0.10286458333333333 0.4596354166666667 0.03125 0.4622395833333333 0.028645833333333332 0.4609375 0.028645833333333332 0.45703125 0.09114583333333333 0.453125 0.1484375 0.4544270833333333
2 0.5247395833333334 0.46875 0.5260416666666666 0.484375 0.5234375 0.5091145833333334 0.5286458333333334 0.8606770833333334 0.52734375 0.953125 0.5247395833333334 0.953125 0.5234375 0.6484375 0.5208333333333334 0.6276041666666666 0.5208333333333334 0.4700520833333333 0.5234375 0.46875
3 0.48828125 0.7135416666666666 0.4895833333333333 0.734375 0.4869791666666667 0.7421875 0.484375 0.7395833333333334 0.484375 0.7239583333333334 0.48828125 0.71484375
3 0.4635416666666667 0.2591145833333333 0.009114583333333334 0.0234375
3 0.50390625 0.640625 0.5 0.6380208333333334 0.5 0.6236979166666666 0.50390625 0.62109375 0.5065104166666666 0.6276041666666666 0.5065104166666666 0.6354166666666666 0.50390625 0.6393229166666666
3 0.5403645833333334 0.23958333333333334 0.5494791666666666 0.2421875 0.5455729166666666 0.2591145833333333 0.5416666666666666 0.26171875 0.5390625 0.2604166666666667 0.5377604166666666 0.2552083333333333 0.5403645833333334 0.24088541666666666
3 0.4348958333333333 0.5572916666666666 0.4401041666666667 0.5598958333333334 0.4361979166666667 0.57421875 0.4309895833333333 0.5755208333333334 0.4296875 0.5703125 0.4309895833333333 0.5598958333333334 0.43359375 0.55859375
3 0.5807291666666666 0.5859375 0.58203125 0.59765625 0.578125 0.6028645833333334 0.5755208333333334 0.6015625 0.5755208333333334 0.58984375 0.5794270833333334 0.5859375
3 0.5625 0.4010416666666667 0.56640625 0.4049479166666667 0.56640625 0.41015625 0.5625 0.41796875 0.5598958333333334 0.41796875 0.55859375 0.4153645833333333 0.55859375 0.4036458333333333 0.5611979166666666 0.40234375
3 0.6328125 0.3151041666666667 0.63671875 0.3216145833333333 0.63671875 0.328125 0.6328125 0.3346354166666667 0.62890625 0.3294270833333333 0.62890625 0.3190104166666667 0.6315104166666666 0.31640625
3 0.5950520833333334 0.78515625 0.59765625 0.78515625 0.5989583333333334 0.79296875 0.6028645833333334 0.7981770833333334 0.6028645833333334 0.8033854166666666 0.59765625 0.8138020833333334 0.5950520833333334 0.8138020833333334 0.5950520833333334 0.7864583333333334
3 0.3346354166666667 0.5794270833333334 0.3372395833333333 0.5807291666666666 0.3372395833333333 0.5859375 0.3333333333333333 0.6002604166666666 0.3294270833333333 0.6002604166666666 0.3255208333333333 0.5924479166666666 0.328125 0.5807291666666666 0.3333333333333333 0.5794270833333334
3 0.4765625 0.4583333333333333 0.4791666666666667 0.4583333333333333 0.48046875 0.4609375 0.4791666666666667 0.48046875 0.4765625 0.48046875 0.4739583333333333 0.4752604166666667 0.4739583333333333 0.4622395833333333 0.4765625 0.4596354166666667
3 0.51796875 0.45972222265625 0.52890625 0.45972222265625 0.5296875 0.4430555559895833 0.52578125 0.43888888932291664 0.5203125000000001 0.44166666666666665 0.51796875 0.45972222265625