1 0.5968749999999999 0.62777777734375 0.59765625 0.6291666666666667 0.6 0.6291666666666667 0.6007812499999999 0.62777777734375 0.6007812499999999 0.6208333333333333 0.6 0.6194444440104167 0.5984375000000001 0.6194444440104167 0.5968749999999999 0.62222222265625 0.5968749999999999 0.62777777734375
0 0.9986979166666666 0.4140625 0.9986979166666666 0.4205729166666667 0.90625 0.4231770833333333 0.8919270833333334 0.4296875 0.8828125 0.4375 0.87109375 0.453125 0.8580729166666666 0.4895833333333333 0.85546875 0.5065104166666666 0.85546875 0.5390625 0.8580729166666666 0.55859375 0.8658854166666666 0.5846354166666666 0.8776041666666666 0.6015625 0.87890625 0.6067708333333334 0.8880208333333334 0.6158854166666666 0.90234375 0.6236979166666666 0.9986979166666666 0.6223958333333334 0.9986979166666666 0.6276041666666666 0.9609375 0.6302083333333334 0.90234375 0.6302083333333334 0.8932291666666666 0.6263020833333334 0.8802083333333334 0.6158854166666666 0.8645833333333334 0.5924479166666666 0.8567708333333334 0.5703125 0.8515625 0.52734375 0.8528645833333334 0.5 0.8606770833333334 0.4674479166666667 0.8684895833333334 0.44921875 0.8802083333333334 0.4322916666666667 0.8919270833333334 0.4231770833333333 0.90625 0.4192708333333333 0.9075520833333334 0.4166666666666667 0.9973958333333334 0.4140625
0 0.15104166666666666 0.4518229166666667 0.16015625 0.4583333333333333 0.17447916666666666 0.4765625 0.17447916666666666 0.48046875 0.18229166666666666 0.4947916666666667 0.1875 0.5143229166666666 0.19140625 0.5390625 0.19140625 0.5690104166666666 0.18229166666666666 0.61328125 0.16796875 0.6393229166666666 0.15885416666666666 0.6497395833333334 0.1484375 0.65625 0.13411458333333334 0.66015625 0.0703125 0.6627604166666666 0.026041666666666668 0.6627604166666666 0.024739583333333332 0.66015625 0.028645833333333332 0.6588541666666666 0.140625 0.6536458333333334 0.15234375 0.6484375 0.16796875 0.6315104166666666 0.1796875 0.609375 0.1875 0.578125 0.18880208333333334 0.5481770833333334 0.18489583333333334 0.5143229166666666 0.18098958333333334 0.5078125 0.1796875 0.4973958333333333 0.16796875 0.4752604166666667 0.15885416666666666 0.46484375 0.140625 0.453125 0.09765625 0.453125 0.06901041666666667 0.4557291666666667 0.024739583333333332 0.4557291666666667 0.022135416666666668 0.453125 0.02734375 0.4505208333333333 0.08723958333333333 0.4479166666666667 0.140625 0.4479166666666667 0.14973958333333334 0.4518229166666667
2 0.5169270833333334 0.12369791666666667 0.51953125 0.15104166666666666 0.51953125 0.30078125 0.5221354166666666 0.359375 0.5234375 0.515625 0.5221354166666666 0.5520833333333334 0.5247395833333334 0.6197916666666666 0.5234375 0.6731770833333334 0.5260416666666666 0.7447916666666666 0.5260416666666666 0.8880208333333334 0.5286458333333334 0.9231770833333334 0.52734375 0.9505208333333334 0.5247395833333334 0.9518229166666666 0.5234375 0.9309895833333334 0.5247395833333334 0.8893229166666666 0.51953125 0.6328125 0.515625 0.15234375 0.5169270833333334 0.125
3 0.5540364583333334 0.2591145833333333 0.008463541666666666 0.026692708333333332
3 0.60546875 0.19661458333333334 0.60546875 0.20572916666666666 0.6015625 0.21614583333333334 0.59765625 0.21614583333333334 0.5950520833333334 0.21354166666666666 0.5950520833333334 0.20833333333333334 0.5963541666666666 0.203125 0.6041666666666666 0.19661458333333334
3 0.4557291666666667 0.6158854166666666 0.45703125 0.6263020833333334 0.4544270833333333 0.6380208333333334 0.4505208333333333 0.6393229166666666 0.44921875 0.6341145833333334 0.4505208333333333 0.6223958333333334 0.4544270833333333 0.6171875
3 0.6536458333333334 0.5911458333333334 0.65625 0.5911458333333334 0.6588541666666666 0.5963541666666666 0.6588541666666666 0.6080729166666666 0.65625 0.6106770833333334 0.6497395833333334 0.6067708333333334 0.6497395833333334 0.6002604166666666 0.6536458333333334 0.5924479166666666
3 0.78125 0.65625 0.7877604166666666 0.6614583333333334 0.7877604166666666 0.6744791666666666 0.7799479166666666 0.6731770833333334 0.77734375 0.67578125 0.7747395833333334 0.67578125 0.7747395833333334 0.6705729166666666 0.77734375 0.66796875 0.77734375 0.6575520833333334 0.7799479166666666 0.65625
3 0.5598958333333334 0.7526041666666666 0.5625 0.7591145833333334 0.5572916666666666 0.7708333333333334 0.5559895833333334 0.78125 0.5520833333333334 0.78125 0.5481770833333334 0.77734375 0.5481770833333334 0.7708333333333334 0.55078125 0.7643229166666666 0.55078125 0.7486979166666666 0.5533854166666666 0.7473958333333334 0.5546875 0.7513020833333334 0.55859375 0.7526041666666666
3 0.5520833333333334 0.7473958333333334 0.5559895833333334 0.7526041666666666 0.5611979166666666 0.75390625 0.5611979166666666 0.7630208333333334 0.5559895833333334 0.7669270833333334 0.5533854166666666 0.765625 0.5520833333333334 0.7486979166666666
3 0.75390625 0.4778645833333333 0.7526041666666666 0.4661458333333333 0.7552083333333334 0.4635416666666667 0.765625 0.46484375 0.765625 0.47265625 0.7604166666666666 0.4778645833333333 0.7552083333333334 0.4778645833333333
3 0.6536458333333334 0.5078125 0.6588541666666666 0.5091145833333334 0.66015625 0.51171875 0.66015625 0.5234375 0.6536458333333334 0.5247395833333334 0.6510416666666666 0.51953125 0.6536458333333334 0.5091145833333334
3 0.4244791666666667 0.41015625 0.4244791666666667 0.4192708333333333 0.4205729166666667 0.4296875 0.4166666666666667 0.4296875 0.4140625 0.4270833333333333 0.4140625 0.4127604166666667 0.4166666666666667 0.4075520833333333 0.4231770833333333 0.41015625
3 0.5755208333333334 0.3815104166666667 0.5768229166666666 0.3919270833333333 0.5729166666666666 0.3984375 0.5703125 0.3971354166666667 0.5677083333333334 0.38671875 0.5703125 0.3828125 0.57421875 0.3815104166666667
3 0.6126302083333334 0.84765625 0.010416666666666666 0.0234375
3 0.61328125 0.5138888893229167 0.61953125 0.5236111106770833 0.6281249999999999 0.51527777734375 0.6242187499999999 0.5013888893229167 0.6171875 0.5013888893229167 0.6140625000000001 0.5083333333333333 0.61328125 0.5138888893229167