3 0.7434895833333334 0.7213541666666666 0.7486979166666666 0.7330729166666666 0.7473958333333334 0.73828125 0.7447916666666666 0.7408854166666666 0.7408854166666666 0.73828125 0.7356770833333334 0.73828125 0.7356770833333334 0.7317708333333334 0.7421875 0.72265625
3 0.5 0.2552083333333333 0.50390625 0.2643229166666667 0.5013020833333334 0.2786458333333333 0.4973958333333333 0.2799479166666667 0.49609375 0.27734375 0.49609375 0.2630208333333333 0.4986979166666667 0.2565104166666667
3 0.54296875 0.4401041666666667 0.5494791666666666 0.4440104166666667 0.5494791666666666 0.44921875 0.5455729166666666 0.4557291666666667 0.54296875 0.45703125 0.54296875 0.4596354166666667 0.5390625 0.4596354166666667 0.5377604166666666 0.4557291666666667 0.54296875 0.44140625
3 0.54296875 0.7473958333333334 0.5455729166666666 0.7473958333333334 0.5494791666666666 0.75390625 0.5494791666666666 0.7604166666666666 0.5455729166666666 0.765625 0.5416666666666666 0.765625 0.54296875 0.7486979166666666
3 0.6145833333333334 0.5611979166666666 0.6197916666666666 0.5625 0.6197916666666666 0.5794270833333334 0.6145833333333334 0.58203125 0.6106770833333334 0.5794270833333334 0.6145833333333334 0.5625
3 0.4375 0.4518229166666667 0.44140625 0.45703125 0.44140625 0.46484375 0.4361979166666667 0.4713541666666667 0.4322916666666667 0.4713541666666667 0.4296875 0.4661458333333333 0.4309895833333333 0.4544270833333333 0.4361979166666667 0.4518229166666667
3 0.5611979166666666 0.5390625 0.014322916666666666 0.027994791666666668
3 0.4388020833333333 0.6341145833333334 0.4401041666666667 0.6432291666666666 0.4375 0.6484375 0.4361979166666667 0.6640625 0.4270833333333333 0.6640625 0.42578125 0.6549479166666666 0.4270833333333333 0.6510416666666666 0.4309895833333333 0.6510416666666666 0.43359375 0.6484375 0.4375 0.6354166666666666
3 0.5846354166666666 0.6302083333333334 0.5885416666666666 0.640625 0.5807291666666666 0.6497395833333334 0.5755208333333334 0.6432291666666666 0.5755208333333334 0.6315104166666666 0.5833333333333334 0.6302083333333334
3 0.5654859375 0.8516097226562499 0.5696796875 0.8562416666666667 0.5703125 0.8541666666666666 0.57578125 0.8513888893229167 0.5750000000000001 0.8347222226562501 0.571875 0.8333333333333334 0.5656249999999999 0.8444444440104166 0.5654859375 0.8516097226562499
3 0.77653125 0.5463375 0.77513984375 0.55113472265625 0.7812773437499999 0.5553513893229166 0.77923203125 0.5586958333333333 0.78217734375 0.5655291666666666 0.7847960937499999 0.5605861106770833 0.7885609374999999 0.5623305559895834 0.7943914062499999 0.5512347226562501 0.78806953125 0.5427027773437499 0.7838140625 0.5473541666666667 0.77653125 0.5463375
3 0.6179687500000001 0.24444444401041665 0.6179687500000001 0.24861111067708333 0.61875 0.25 0.61875 0.25972222265625 0.61953125 0.2611111106770833 0.6203124999999999 0.2611111106770833 0.6218750000000001 0.25833333333333336 0.6218750000000001 0.25694444401041666 0.6257812500000001 0.24722222265625002 0.62734375 0.24583333333333335 0.62734375 0.23888888932291666 0.6257812500000001 0.23888888932291666 0.625 0.24027777734375 0.6203124999999999 0.24166666666666667 0.6179687500000001 0.24444444401041665
0 0.9114583333333334 0.4166666666666667 0.9986979166666666 0.4140625 0.9986979166666666 0.4205729166666667 0.9908854166666666 0.421875 0.9088541666666666 0.4231770833333333 0.8919270833333334 0.4296875 0.8828125 0.4375 0.87109375 0.453125 0.8697916666666666 0.4596354166666667 0.8619791666666666 0.4739583333333333 0.85546875 0.5026041666666666 0.85546875 0.5481770833333334 0.8580729166666666 0.5533854166666666 0.859375 0.56640625 0.8658854166666666 0.5859375 0.87890625 0.6080729166666666 0.8919270833333334 0.6197916666666666 0.90234375 0.6236979166666666 0.9986979166666666 0.6223958333333334 0.9986979166666666 0.62890625 0.97265625 0.6302083333333334 0.8997395833333334 0.6302083333333334 0.88671875 0.6223958333333334 0.875 0.6106770833333334 0.8606770833333334 0.5859375 0.8606770833333334 0.5794270833333334 0.85546875 0.56640625 0.85546875 0.5572916666666666 0.8528645833333334 0.5533854166666666 0.8515625 0.53515625 0.8528645833333334 0.49609375 0.85546875 0.4921875 0.8606770833333334 0.4661458333333333 0.8684895833333334 0.44921875 0.8841145833333334 0.4283854166666667 0.89453125 0.421875 0.9114583333333334 0.41796875
0 0.14322916666666666 0.44921875 0.15885416666666666 0.4583333333333333 0.17057291666666666 0.4713541666666667 0.18619791666666666 0.5091145833333334 0.1875 0.5260416666666666 0.19010416666666666 0.5325520833333334 0.19140625 0.5638020833333334 0.18619791666666666 0.5989583333333334 0.17838541666666666 0.62109375 0.16145833333333334 0.6471354166666666 0.14192708333333334 0.6588541666666666 0.12239583333333333 0.6614583333333334 0.07421875 0.6614583333333334 0.040364583333333336 0.6640625 0.024739583333333332 0.6627604166666666 0.024739583333333332 0.66015625 0.03125 0.6588541666666666 0.12369791666666667 0.65625 0.140625 0.6536458333333334 0.15234375 0.6484375 0.16796875 0.6315104166666666 0.1796875 0.6080729166666666 0.1875 0.57421875 0.1875 0.5338541666666666 0.18489583333333334 0.52734375 0.18359375 0.51171875 0.18098958333333334 0.5091145833333334 0.1796875 0.5 0.171875 0.4830729166666667 0.1640625 0.4713541666666667 0.14322916666666666 0.4544270833333333 0.11067708333333333 0.453125 0.07421875 0.4557291666666667 0.0234375 0.4557291666666667 0.022135416666666668 0.453125 0.03125 0.4505208333333333 0.09765625 0.4479166666666667 0.14192708333333334 0.44921875
2 0.5169270833333334 0.12369791666666667 0.51953125 0.19140625 0.5234375 0.5859375 0.5221354166666666 0.6276041666666666 0.5234375 0.7135416666666666 0.5260416666666666 0.7473958333333334 0.5247395833333334 0.80859375 0.52734375 0.9205729166666666 0.52734375 0.94921875 0.5247395833333334 0.9518229166666666 0.5234375 0.9401041666666666 0.51953125 0.515625 0.5169270833333334 0.4635416666666667 0.5169270833333334 0.125
1 0.4421875 0.6194444440104167 0.44375000000000003 0.6194444440104167 0.44453125 0.6180555559895834 0.44453125 0.6138888893229166 0.44296874999999997 0.6111111106770833 0.440625 0.6138888893229166 0.440625 0.6166666666666667 0.4421875 0.6194444440104167