1 0.45390625 0.31666666666666665 0.45390625 0.3125 0.453125 0.31111111067708336 0.45 0.31111111067708336 0.45 0.31805555598958335 0.453125 0.31944444401041666 0.45390625 0.31666666666666665
0 0 0.4296875 0.08333333333333333 0.4322916666666667 0.09895833333333333 0.4375 0.11067708333333333 0.4479166666666667 0.11848958333333333 0.4583333333333333 0.12760416666666666 0.4765625 0.13411458333333334 0.49609375 0.13802083333333334 0.5247395833333334 0.13802083333333334 0.5572916666666666 0.13020833333333334 0.5963541666666666 0.11458333333333333 0.6263020833333334 0.10286458333333333 0.6380208333333334 0.09505208333333333 0.6432291666666666 0.08723958333333333 0.64453125 0.0859375 0.6471354166666666 0.052083333333333336 0.6471354166666666 0.05078125 0.64453125 0 0.64453125 0 0.6380208333333334 0.08463541666666667 0.640625 0.09765625 0.6354166666666666 0.10807291666666667 0.6263020833333334 0.12369791666666667 0.6015625 0.13151041666666666 0.5768229166666666 0.13541666666666666 0.5533854166666666 0.13541666666666666 0.5260416666666666 0.13151041666666666 0.5 0.12369791666666667 0.4765625 0.11197916666666667 0.45703125 0.10286458333333333 0.4479166666666667 0.08854166666666667 0.4401041666666667 0.05078125 0.4388020833333333 0.049479166666666664 0.4361979166666667 0 0.4361979166666667 0 0.4309895833333333
0 0.8997395833333334 0.4622395833333333 0.9661458333333334 0.46484375 0.9674479166666666 0.46875 0.9388020833333334 0.4700520833333333 0.8541666666666666 0.4661458333333333 0.8411458333333334 0.4713541666666667 0.83203125 0.4778645833333333 0.8151041666666666 0.5026041666666666 0.8033854166666666 0.5403645833333334 0.8033854166666666 0.5885416666666666 0.8072916666666666 0.6015625 0.8072916666666666 0.609375 0.8151041666666666 0.6315104166666666 0.8255208333333334 0.6484375 0.84375 0.6640625 0.8580729166666666 0.6666666666666666 0.859375 0.6692708333333334 0.9635416666666666 0.6731770833333334 0.9661458333333334 0.67578125 0.96484375 0.6770833333333334 0.9244791666666666 0.6770833333333334 0.8971354166666666 0.6744791666666666 0.8841145833333334 0.67578125 0.8463541666666666 0.671875 0.8385416666666666 0.66796875 0.8203125 0.6497395833333334 0.8046875 0.61328125 0.8033854166666666 0.6002604166666666 0.80078125 0.5950520833333334 0.80078125 0.5416666666666666 0.8046875 0.5208333333333334 0.81640625 0.4908854166666667 0.8307291666666666 0.47265625 0.8450520833333334 0.4635416666666667 0.8984375 0.4622395833333333
2 0.47265625 0.13932291666666666 0.4752604166666667 0.15755208333333334 0.47265625 0.4010416666666667 0.4739583333333333 0.47265625 0.4713541666666667 0.4791666666666667 0.47265625 0.54296875 0.4674479166666667 0.9661458333333334 0.46484375 0.9661458333333334 0.4635416666666667 0.9557291666666666 0.46484375 0.8190104166666666 0.4674479166666667 0.765625 0.4661458333333333 0.7473958333333334 0.47265625 0.140625
3 0.6458333333333334 0.40625 0.6497395833333334 0.4127604166666667 0.6497395833333334 0.4231770833333333 0.6458333333333334 0.43359375 0.640625 0.4322916666666667 0.63671875 0.421875 0.640625 0.4088541666666667 0.64453125 0.40625
3 0.6575520833333334 0.5807291666666666 0.6653645833333334 0.5716145833333334 0.6692708333333334 0.5716145833333334 0.671875 0.5755208333333334 0.6705729166666666 0.5859375 0.66796875 0.5885416666666666 0.6640625 0.5885416666666666 0.6588541666666666 0.58203125
3 0.5625 0.453125 0.5677083333333334 0.4479166666666667 0.5716145833333334 0.4479166666666667 0.5729166666666666 0.4518229166666667 0.5716145833333334 0.46875 0.56640625 0.4674479166666667 0.5611979166666666 0.45703125 0.5625 0.4544270833333333
3 0.2760416666666667 0.4036458333333333 0.28125 0.4088541666666667 0.2864583333333333 0.41015625 0.2864583333333333 0.4205729166666667 0.2838541666666667 0.4244791666666667 0.2799479166666667 0.42578125 0.2734375 0.41796875 0.2721354166666667 0.4075520833333333 0.2747395833333333 0.4049479166666667
3 0.65234375 0.3177083333333333 0.6588541666666666 0.3177083333333333 0.6614583333333334 0.3203125 0.6614583333333334 0.3359375 0.6588541666666666 0.33984375 0.6549479166666666 0.33984375 0.6497395833333334 0.33203125 0.65234375 0.3268229166666667 0.65234375 0.3190104166666667
3 0.65625 0.71484375 0.6653645833333334 0.7135416666666666 0.6666666666666666 0.7174479166666666 0.6653645833333334 0.7317708333333334 0.6614583333333334 0.7408854166666666 0.65625 0.7161458333333334
3 0.6119791666666666 0.8736979166666666 0.6145833333333334 0.87890625 0.6106770833333334 0.8854166666666666 0.6080729166666666 0.8971354166666666 0.60546875 0.8971354166666666 0.6015625 0.8880208333333334 0.6015625 0.8802083333333334 0.6106770833333334 0.875
3 0.7721354166666666 0.34375 0.7721354166666666 0.3567708333333333 0.7669270833333334 0.3619791666666667 0.76171875 0.3619791666666667 0.7565104166666666 0.34765625 0.7630208333333334 0.3463541666666667 0.7682291666666666 0.3424479166666667 0.7708333333333334 0.34375
3 0.5299479166666666 0.3125 0.5325520833333334 0.3125 0.53515625 0.3268229166666667 0.5338541666666666 0.3359375 0.5299479166666666 0.3372395833333333 0.5286458333333334 0.3346354166666667 0.5260416666666666 0.3203125 0.5299479166666666 0.3138020833333333
3 0.44140625 0.2421875 0.4466145833333333 0.24348958333333334 0.4466145833333333 0.26171875 0.4440104166666667 0.26171875 0.44140625 0.2578125 0.44140625 0.24348958333333334
3 0.8385416666666666 0.5065104166666666 0.8450520833333334 0.5091145833333334 0.8463541666666666 0.51171875 0.8463541666666666 0.5234375 0.8411458333333334 0.5299479166666666 0.8359375 0.5299479166666666 0.828125 0.515625 0.828125 0.51171875 0.8346354166666666 0.5130208333333334 0.8385416666666666 0.5078125
3 0.71484375 0.6341145833333334 0.72265625 0.6341145833333334 0.7252604166666666 0.63671875 0.7252604166666666 0.6497395833333334 0.7239583333333334 0.65234375 0.7174479166666666 0.65234375 0.7135416666666666 0.6497395833333334 0.71484375 0.6354166666666666