1 0.56640625 0.4458333333333333 0.5671875000000001 0.44722222265624995 0.571875 0.44722222265624995 0.57265625 0.4458333333333333 0.57265625 0.4430555559895833 0.5710937500000001 0.43888888932291664 0.5671875000000001 0.43888888932291664 0.56640625 0.44166666666666665 0.56640625 0.4458333333333333
0 0 0.4166666666666667 0.020833333333333332 0.4166666666666667 0.022135416666666668 0.4192708333333333 0.08854166666666667 0.4205729166666667 0.10546875 0.42578125 0.11979166666666667 0.4375 0.13151041666666666 0.4557291666666667 0.14192708333333334 0.4856770833333333 0.14322916666666666 0.50390625 0.14583333333333334 0.5091145833333334 0.14583333333333334 0.5481770833333334 0.13802083333333334 0.5859375 0.12760416666666666 0.6067708333333334 0.109375 0.6276041666666666 0.09635416666666667 0.6341145833333334 0 0.6315104166666666 0 0.625 0.06510416666666667 0.62890625 0.09765625 0.6276041666666666 0.11979166666666667 0.609375 0.13151041666666666 0.58984375 0.13671875 0.5690104166666666 0.13932291666666666 0.56640625 0.14322916666666666 0.5377604166666666 0.14322916666666666 0.5143229166666666 0.13541666666666666 0.4752604166666667 0.12760416666666666 0.45703125 0.10677083333333333 0.4322916666666667 0.08984375 0.42578125 0 0.4231770833333333 0 0.41796875
0 0.8932291666666666 0.4505208333333333 0.9778645833333334 0.453125 0.9791666666666666 0.45703125 0.9778645833333334 0.4596354166666667 0.9375 0.4596354166666667 0.9361979166666666 0.45703125 0.8619791666666666 0.4557291666666667 0.84375 0.4661458333333333 0.8268229166666666 0.48828125 0.8151041666666666 0.51953125 0.8111979166666666 0.5572916666666666 0.8138020833333334 0.5859375 0.8190104166666666 0.6080729166666666 0.8268229166666666 0.6263020833333334 0.8346354166666666 0.6380208333333334 0.8424479166666666 0.64453125 0.84375 0.6484375 0.859375 0.6575520833333334 0.9635416666666666 0.6614583333333334 0.9752604166666666 0.6627604166666666 0.9752604166666666 0.6653645833333334 0.96875 0.6653645833333334 0.9674479166666666 0.66796875 0.9635416666666666 0.66796875 0.9622395833333334 0.6653645833333334 0.9036458333333334 0.6653645833333334 0.85546875 0.6614583333333334 0.8359375 0.6484375 0.82421875 0.6302083333333334 0.81640625 0.6119791666666666 0.8111979166666666 0.58984375 0.80859375 0.546875 0.8125 0.5169270833333334 0.8203125 0.4921875 0.83203125 0.4713541666666667 0.84765625 0.4557291666666667 0.8619791666666666 0.4505208333333333 0.8919270833333334 0.4505208333333333
2 0.48046875 0.125 0.4830729166666667 0.125 0.484375 0.1484375 0.4817708333333333 0.24609375 0.4817708333333333 0.46484375 0.4791666666666667 0.5143229166666666 0.48046875 0.57421875 0.4778645833333333 0.62890625 0.4791666666666667 0.6536458333333334 0.4752604166666667 0.8359375 0.4752604166666667 0.9453125 0.4739583333333333 0.9544270833333334 0.47265625 0.953125 0.47265625 0.8151041666666666 0.4765625 0.6302083333333334 0.4752604166666667 0.6080729166666666 0.4765625 0.5677083333333334 0.48046875 0.5638020833333334 0.4791666666666667 0.5481770833333334 0.4752604166666667 0.5377604166666666 0.4778645833333333 0.4440104166666667 0.4765625 0.40234375 0.4791666666666667 0.3723958333333333 0.4778645833333333 0.3489583333333333 0.48046875 0.12630208333333334
3 0.3971354166666667 0.53515625 0.4010416666666667 0.5494791666666666 0.4010416666666667 0.5611979166666666 0.3984375 0.5611979166666666 0.3932291666666667 0.5533854166666666 0.3958333333333333 0.5364583333333334
3 0.5989583333333334 0.7005208333333334 0.6041666666666666 0.7044270833333334 0.6028645833333334 0.71875 0.5963541666666666 0.71875 0.58984375 0.70703125 0.58984375 0.7044270833333334 0.5950520833333334 0.7044270833333334 0.59765625 0.7018229166666666
3 0.4557291666666667 0.8098958333333334 0.4583333333333333 0.828125 0.453125 0.83203125 0.44921875 0.8268229166666666 0.44921875 0.8216145833333334 0.4544270833333333 0.8111979166666666
3 0.5006510416666666 0.7571614583333334 0.013020833333333334 0.035807291666666664
3 0.17838541666666666 0.55859375 0.18098958333333334 0.56640625 0.18098958333333334 0.5950520833333334 0.17838541666666666 0.5950520833333334 0.17447916666666666 0.58984375 0.17447916666666666 0.5755208333333334 0.17057291666666666 0.5716145833333334 0.1640625 0.5716145833333334 0.16666666666666666 0.5598958333333334 0.17708333333333334 0.55859375
3 0.3619791666666667 0.2526041666666667 0.3645833333333333 0.2526041666666667 0.3658854166666667 0.2565104166666667 0.3697916666666667 0.2591145833333333 0.3697916666666667 0.2981770833333333 0.3671875 0.2981770833333333 0.36328125 0.2942708333333333 0.3619791666666667 0.2747395833333333 0.359375 0.265625 0.35546875 0.26171875 0.3619791666666667 0.25390625
3 0.5260416666666666 0.23046875 0.5234375 0.22265625 0.5234375 0.20572916666666666 0.5286458333333334 0.20442708333333334 0.5325520833333334 0.21223958333333334 0.5299479166666666 0.2265625 0.5260416666666666 0.23177083333333334
3 0.4947916666666667 0.40234375 0.5 0.4036458333333333 0.5013020833333334 0.4192708333333333 0.4986979166666667 0.4231770833333333 0.4947916666666667 0.421875 0.4947916666666667 0.4166666666666667 0.4921875 0.4140625 0.4921875 0.40625 0.4947916666666667 0.4036458333333333
3 0.2799479166666667 0.7317708333333334 0.2825520833333333 0.7317708333333334 0.2838541666666667 0.7395833333333334 0.2877604166666667 0.7434895833333334 0.2864583333333333 0.75390625 0.2825520833333333 0.7552083333333334 0.2760416666666667 0.7513020833333334 0.2747395833333333 0.7434895833333334 0.2799479166666667 0.7369791666666666 0.2799479166666667 0.7330729166666666
3 0.4322916666666667 0.58984375 0.4348958333333333 0.6002604166666666 0.43359375 0.61328125 0.4283854166666667 0.6119791666666666 0.42578125 0.6080729166666666 0.42578125 0.5989583333333334 0.4283854166666667 0.5911458333333334 0.4309895833333333 0.58984375
3 0.5703125 0.4375 0.57421875 0.4375 0.5755208333333334 0.4401041666666667 0.5833333333333334 0.4375 0.5859375 0.4518229166666667 0.5833333333333334 0.4596354166666667 0.5794270833333334 0.4596354166666667 0.5768229166666666 0.453125 0.56640625 0.4453125 0.5677083333333334 0.4401041666666667 0.5703125 0.4388020833333333
3 0.4635416666666667 0.5247395833333334 0.4700520833333333 0.5260416666666666 0.4713541666666667 0.5299479166666666 0.4713541666666667 0.546875 0.4661458333333333 0.55078125 0.4609375 0.54296875 0.4609375 0.5299479166666666 0.4635416666666667 0.5260416666666666