1 0.46796875 0.5416666666666666 0.47031249999999997 0.54027777734375 0.47109375000000003 0.5375 0.47109375000000003 0.5361111106770834 0.46953125 0.5333333333333333 0.46718750000000003 0.5333333333333333 0.46640624999999997 0.5361111106770834 0.46796875 0.5416666666666666
0 0.9075520833333334 0.4166666666666667 0.9986979166666666 0.4140625 0.9986979166666666 0.4205729166666667 0.90625 0.4231770833333333 0.8958333333333334 0.4270833333333333 0.8828125 0.4361979166666667 0.8828125 0.4388020833333333 0.87109375 0.453125 0.8619791666666666 0.4739583333333333 0.85546875 0.5026041666666666 0.85546875 0.5481770833333334 0.859375 0.5651041666666666 0.8671875 0.5885416666666666 0.8776041666666666 0.60546875 0.8893229166666666 0.6171875 0.90234375 0.6236979166666666 0.9986979166666666 0.62109375 0.9986979166666666 0.6276041666666666 0.9921875 0.62890625 0.8984375 0.62890625 0.8802083333333334 0.6158854166666666 0.8606770833333334 0.5846354166666666 0.859375 0.57421875 0.85546875 0.5651041666666666 0.8515625 0.53515625 0.8528645833333334 0.49609375 0.85546875 0.4921875 0.8567708333333334 0.4791666666666667 0.8645833333333334 0.4557291666666667 0.87890625 0.43359375 0.8919270833333334 0.4231770833333333 0.9075520833333334 0.41796875
0 0.140625 0.4479166666666667 0.15625 0.4557291666666667 0.17057291666666666 0.4713541666666667 0.18229166666666666 0.4947916666666667 0.18359375 0.5052083333333334 0.18619791666666666 0.5091145833333334 0.19140625 0.5416666666666666 0.19140625 0.56640625 0.19010416666666666 0.5807291666666666 0.18229166666666666 0.61328125 0.17057291666666666 0.6354166666666666 0.16145833333333334 0.6471354166666666 0.15104166666666666 0.6549479166666666 0.1328125 0.66015625 0.06770833333333333 0.6627604166666666 0.02734375 0.6627604166666666 0.024739583333333332 0.66015625 0.028645833333333332 0.6588541666666666 0.13932291666666666 0.6536458333333334 0.15104166666666666 0.6484375 0.16796875 0.6315104166666666 0.1796875 0.609375 0.1875 0.5768229166666666 0.18880208333333334 0.546875 0.18489583333333334 0.515625 0.17578125 0.4895833333333333 0.1640625 0.4700520833333333 0.14713541666666666 0.4557291666666667 0.140625 0.453125 0.09114583333333333 0.453125 0.05859375 0.4557291666666667 0.0234375 0.4557291666666667 0.022135416666666668 0.453125 0.024739583333333332 0.4505208333333333 0.052083333333333336 0.44921875 0.13932291666666666 0.4479166666666667
2 0.5169270833333334 0.4557291666666667 0.5182291666666666 0.38671875 0.515625 0.125 0.5182291666666666 0.12369791666666667 0.51953125 0.19270833333333334 0.5182291666666666 0.22395833333333334 0.5234375 0.5716145833333334 0.5221354166666666 0.6276041666666666 0.5260416666666666 0.76171875 0.52734375 0.9205729166666666 0.52734375 0.94921875 0.5247395833333334 0.9518229166666666 0.51953125 0.6315104166666666 0.51953125 0.49609375 0.5169270833333334 0.4674479166666667 0.5182291666666666 0.45703125
3 0.6145833333333334 0.5703125 0.6158854166666666 0.5794270833333334 0.609375 0.5872395833333334 0.6067708333333334 0.5872395833333334 0.60546875 0.5807291666666666 0.6067708333333334 0.5716145833333334 0.6106770833333334 0.5690104166666666 0.61328125 0.5703125
3 0.4947916666666667 0.25390625 0.4973958333333333 0.2630208333333333 0.49609375 0.2747395833333333 0.4921875 0.2747395833333333 0.4921875 0.26953125 0.4895833333333333 0.265625 0.4895833333333333 0.2565104166666667 0.4934895833333333 0.25390625
3 0.5481770833333334 0.5559895833333334 0.546875 0.5364583333333334 0.5520833333333334 0.5299479166666666 0.5572916666666666 0.53125 0.55859375 0.546875 0.5572916666666666 0.5520833333333334 0.5520833333333334 0.5572916666666666 0.5494791666666666 0.5559895833333334
3 0.7825520833333334 0.58984375 0.7825520833333334 0.5572916666666666 0.7916666666666666 0.5494791666666666 0.7955729166666666 0.5520833333333334 0.796875 0.5598958333333334 0.7955729166666666 0.5651041666666666 0.7877604166666666 0.5703125 0.7838541666666666 0.58984375
3 0.5325520833333334 0.4361979166666667 0.5377604166666666 0.4375 0.5416666666666666 0.4440104166666667 0.5416666666666666 0.4557291666666667 0.5390625 0.4609375 0.53515625 0.4609375 0.53125 0.4375
3 0.7291666666666666 0.7200520833333334 0.7330729166666666 0.72265625 0.7395833333333334 0.72265625 0.7421875 0.7265625 0.7421875 0.7356770833333334 0.7369791666666666 0.7395833333333334 0.7317708333333334 0.7395833333333334 0.7291666666666666 0.7213541666666666
3 0.5455729166666666 0.7526041666666666 0.5546875 0.7643229166666666 0.5494791666666666 0.7838541666666666 0.5442708333333334 0.7864583333333334 0.54296875 0.7799479166666666 0.5442708333333334 0.75390625
3 0.6263020833333334 0.255859375 0.014322916666666666 0.022135416666666668
3 0.578125 0.6236979166666666 0.5807291666666666 0.6276041666666666 0.5807291666666666 0.6341145833333334 0.5755208333333334 0.6419270833333334 0.5716145833333334 0.640625 0.5703125 0.6197916666666666 0.5768229166666666 0.6236979166666666
3 0.4290364583333333 0.4557291666666667 0.01171875 0.022135416666666668
3 0.4375 0.6458333333333334 0.4427083333333333 0.6549479166666666 0.4401041666666667 0.6705729166666666 0.4348958333333333 0.6705729166666666 0.43359375 0.65234375 0.4375 0.6471354166666666
3 0.5625 0.8624999999999999 0.5695312499999999 0.8611111106770833 0.5703125 0.8444444440104166 0.56640625 0.8388888893229166 0.5617187499999999 0.8416666666666667 0.5625 0.8624999999999999