1 0.61446875 0.7146750000000001 0.61809375 0.714 0.61884609375 0.7101194440104166 0.6173125 0.7056666666666667 0.61465625 0.70689722265625 0.6141875 0.7098333333333334 0.61446875 0.7146750000000001
0 0.9583333333333334 0.4166666666666667 0.9609375 0.4166666666666667 0.9622395833333334 0.4192708333333333 0.9674479166666666 0.4192708333333333 0.96875 0.4166666666666667 0.9986979166666666 0.4166666666666667 0.9986979166666666 0.4231770833333333 0.9036458333333334 0.42578125 0.8828125 0.4361979166666667 0.8815104166666666 0.4401041666666667 0.87109375 0.4505208333333333 0.86328125 0.4661458333333333 0.85546875 0.4895833333333333 0.8528645833333334 0.5143229166666666 0.85546875 0.5598958333333334 0.86328125 0.5846354166666666 0.875 0.60546875 0.8828125 0.6145833333333334 0.89453125 0.6223958333333334 0.90625 0.625 0.9986979166666666 0.6223958333333334 0.9986979166666666 0.62890625 0.90234375 0.6315104166666666 0.890625 0.6276041666666666 0.87109375 0.609375 0.8606770833333334 0.58984375 0.8528645833333334 0.5651041666666666 0.8489583333333334 0.53125 0.8515625 0.4934895833333333 0.8567708333333334 0.47265625 0.8645833333333334 0.453125 0.875 0.4401041666666667 0.875 0.4375 0.8841145833333334 0.4283854166666667 0.8958333333333334 0.421875 0.91015625 0.4192708333333333 0.9583333333333334 0.41796875
0 0.5416666666666666 0.8645833333333334 0.5533854166666666 0.8736979166666666 0.56640625 0.89453125 0.5729166666666666 0.9127604166666666 0.5768229166666666 0.9466145833333334 0.57421875 0.9466145833333334 0.5703125 0.9166666666666666 0.55859375 0.8880208333333334 0.54296875 0.87109375 0.5338541666666666 0.8671875 0.5208333333333334 0.8671875 0.5091145833333334 0.8723958333333334 0.4986979166666667 0.8828125 0.4921875 0.8932291666666666 0.484375 0.9114583333333334 0.4791666666666667 0.9505208333333334 0.4765625 0.9505208333333334 0.4778645833333333 0.9231770833333334 0.48046875 0.9205729166666666 0.48046875 0.9140625 0.4869791666666667 0.89453125 0.4934895833333333 0.8828125 0.50390625 0.8697916666666666 0.5143229166666666 0.86328125 0.53515625 0.8619791666666666 0.5403645833333334 0.8645833333333334
0 0.14322916666666666 0.4479166666666667 0.16276041666666666 0.4583333333333333 0.17447916666666666 0.47265625 0.18619791666666666 0.4986979166666667 0.19140625 0.5182291666666666 0.19401041666666666 0.5638020833333334 0.19010416666666666 0.5950520833333334 0.18229166666666666 0.6184895833333334 0.17578125 0.6315104166666666 0.16666666666666666 0.6432291666666666 0.15625 0.65234375 0.14453125 0.6575520833333334 0.037760416666666664 0.6627604166666666 0.028645833333333332 0.6614583333333334 0.028645833333333332 0.6588541666666666 0.03125 0.6575520833333334 0.13932291666666666 0.6536458333333334 0.14713541666666666 0.6510416666666666 0.16796875 0.6341145833333334 0.17708333333333334 0.6158854166666666 0.1796875 0.6145833333333334 0.18880208333333334 0.5859375 0.18880208333333334 0.5755208333333334 0.19140625 0.5677083333333334 0.19140625 0.5377604166666666 0.18359375 0.5026041666666666 0.16927083333333334 0.4739583333333333 0.15625 0.4609375 0.14322916666666666 0.453125 0.1015625 0.453125 0.078125 0.4557291666666667 0.024739583333333332 0.4544270833333333 0.024739583333333332 0.4518229166666667 0.028645833333333332 0.4505208333333333 0.14192708333333334 0.4479166666666667
2 0.5182291666666666 0.125 0.5221354166666666 0.2591145833333333 0.5221354166666666 0.5234375 0.5247395833333334 0.6028645833333334 0.5247395833333334 0.62109375 0.5221354166666666 0.6236979166666666 0.5208333333333334 0.6223958333333334 0.51953125 0.5638020833333334 0.51953125 0.4049479166666667 0.5169270833333334 0.31640625 0.5182291666666666 0.12630208333333334
3 0.61328125 0.5533854166666666 0.6158854166666666 0.5533854166666666 0.6197916666666666 0.5611979166666666 0.6197916666666666 0.5690104166666666 0.6158854166666666 0.5716145833333334 0.6106770833333334 0.5703125 0.6106770833333334 0.5598958333333334 0.61328125 0.5546875
3 0.46875 0.4986979166666667 0.46875 0.5143229166666666 0.4661458333333333 0.51953125 0.4609375 0.5182291666666666 0.4609375 0.5078125 0.4674479166666667 0.4986979166666667
3 0.5104166666666666 0.2669270833333333 0.5130208333333334 0.2747395833333333 0.5091145833333334 0.2903645833333333 0.5052083333333334 0.2890625 0.5026041666666666 0.2760416666666667 0.5052083333333334 0.2682291666666667 0.5091145833333334 0.2669270833333333
3 0.5299479166666666 0.6236979166666666 0.53125 0.6341145833333334 0.5299479166666666 0.6380208333333334 0.5260416666666666 0.640625 0.5234375 0.6380208333333334 0.5234375 0.625 0.5286458333333334 0.6236979166666666
3 0.5416666666666666 0.4557291666666667 0.546875 0.4635416666666667 0.546875 0.4752604166666667 0.5455729166666666 0.48046875 0.54296875 0.4817708333333333 0.5390625 0.4817708333333333 0.53515625 0.4765625 0.53515625 0.4609375 0.5403645833333334 0.4557291666666667
3 0.5494791666666666 0.6953125 0.5520833333333334 0.7057291666666666 0.55078125 0.7096354166666666 0.546875 0.7122395833333334 0.54296875 0.7122395833333334 0.5416666666666666 0.6953125 0.5481770833333334 0.6953125
3 0.3763020833333333 0.5325520833333334 0.375 0.5234375 0.3763020833333333 0.5143229166666666 0.37890625 0.51171875 0.3854166666666667 0.5182291666666666 0.38671875 0.52734375 0.3828125 0.5338541666666666 0.3776041666666667 0.5325520833333334
3 0.6276041666666666 0.7265625 0.6302083333333334 0.7317708333333334 0.6184895833333334 0.7421875 0.6158854166666666 0.7369791666666666 0.6171875 0.71875 0.61328125 0.7135416666666666 0.6145833333333334 0.7057291666666666 0.6171875 0.70703125 0.6171875 0.7109375 0.6263020833333334 0.7265625
3 0.58984375 0.4407552083333333 0.009114583333333334 0.020833333333333332
3 0.5455729166666666 0.22135416666666666 0.5455729166666666 0.23697916666666666 0.5390625 0.2421875 0.5364583333333334 0.23828125 0.5364583333333334 0.2265625 0.5442708333333334 0.22265625
3 0.66015625 0.6041666666666666 0.6627604166666666 0.6041666666666666 0.66796875 0.609375 0.6666666666666666 0.6197916666666666 0.6627604166666666 0.6263020833333334 0.66015625 0.6263020833333334 0.6575520833333334 0.62109375 0.6575520833333334 0.6067708333333334 0.66015625 0.60546875
3 0.6890625 0.35972222265625 0.6875 0.3513888893229167 0.6796875 0.35277777734375 0.68125 0.3694444440104167 0.6890625 0.35972222265625