1 0.578125 0.8444444440104166 0.578125 0.8416666666666667 0.5773437499999999 0.8388888893229166 0.57421875 0.8388888893229166 0.5734374999999999 0.8444444440104166 0.57421875 0.8472222226562499 0.5765625 0.8472222226562499 0.578125 0.8444444440104166
0 0 0.4114583333333333 0.08723958333333333 0.4140625 0.09635416666666667 0.4166666666666667 0.11067708333333333 0.4270833333333333 0.13020833333333334 0.45703125 0.13802083333333334 0.484375 0.140625 0.5078125 0.13932291666666666 0.55078125 0.13411458333333334 0.57421875 0.12369791666666667 0.59765625 0.10677083333333333 0.6184895833333334 0.08854166666666667 0.6276041666666666 0.006510416666666667 0.6263020833333334 0.005208333333333333 0.6236979166666666 0 0.6236979166666666 0 0.6197916666666666 0.09114583333333333 0.62109375 0.10286458333333333 0.6145833333333334 0.11197916666666667 0.6067708333333334 0.11197916666666667 0.6041666666666666 0.12369791666666667 0.58984375 0.13541666666666666 0.5559895833333334 0.13802083333333334 0.5299479166666666 0.13671875 0.4934895833333333 0.1328125 0.4765625 0.12369791666666667 0.453125 0.10546875 0.4296875 0.08723958333333333 0.4205729166666667 0 0.41796875 0 0.4127604166666667
0 0.9166666666666666 0.4453125 0.9609375 0.4466145833333333 0.9661458333333334 0.4479166666666667 0.9661458333333334 0.4518229166666667 0.8528645833333334 0.44921875 0.8359375 0.45703125 0.8229166666666666 0.4713541666666667 0.8111979166666666 0.4934895833333333 0.8033854166666666 0.5247395833333334 0.8020833333333334 0.5638020833333334 0.8059895833333334 0.5690104166666666 0.8046875 0.578125 0.8072916666666666 0.5833333333333334 0.8072916666666666 0.59375 0.8229166666666666 0.6276041666666666 0.8359375 0.640625 0.8463541666666666 0.6458333333333334 0.84765625 0.6484375 0.8580729166666666 0.6510416666666666 0.9557291666666666 0.6536458333333334 0.9635416666666666 0.6549479166666666 0.9635416666666666 0.6588541666666666 0.921875 0.6588541666666666 0.9010416666666666 0.65625 0.8815104166666666 0.6575520833333334 0.84375 0.65234375 0.8346354166666666 0.6471354166666666 0.8203125 0.6315104166666666 0.8046875 0.5963541666666666 0.7994791666666666 0.5638020833333334 0.80078125 0.5260416666666666 0.8072916666666666 0.4947916666666667 0.8203125 0.4674479166666667 0.8346354166666666 0.4518229166666667 0.84765625 0.4453125 0.9153645833333334 0.4453125
2 0.4739583333333333 0.44921875 0.4739583333333333 0.56640625 0.4713541666666667 0.6302083333333334 0.46875 0.859375 0.4700520833333333 0.90625 0.4674479166666667 0.921875 0.4674479166666667 0.9466145833333334 0.46484375 0.9453125 0.46484375 0.8658854166666666 0.4674479166666667 0.85546875 0.46875 0.7395833333333334 0.46875 0.7174479166666666 0.4661458333333333 0.7083333333333334 0.46875 0.6848958333333334 0.46875 0.5885416666666666 0.4713541666666667 0.53125 0.4700520833333333 0.4505208333333333 0.47265625 0.44921875
3 0.26171875 0.3606770833333333 0.2643229166666667 0.3658854166666667 0.2643229166666667 0.3802083333333333 0.26171875 0.3841145833333333 0.2565104166666667 0.375 0.2526041666666667 0.3723958333333333 0.2526041666666667 0.3658854166666667 0.2604166666666667 0.3606770833333333
3 0.60546875 0.22786458333333334 0.6106770833333334 0.22786458333333334 0.61328125 0.234375 0.6106770833333334 0.2513020833333333 0.609375 0.25390625 0.60546875 0.25390625 0.60546875 0.22916666666666666
3 0.5716145833333334 0.8697916666666666 0.57421875 0.8697916666666666 0.5794270833333334 0.875 0.5833333333333334 0.8854166666666666 0.5794270833333334 0.9010416666666666 0.57421875 0.8971354166666666 0.5703125 0.8723958333333334 0.5716145833333334 0.87109375
3 0.4973958333333333 0.18098958333333334 0.5013020833333334 0.18489583333333334 0.5026041666666666 0.1953125 0.5013020833333334 0.203125 0.49609375 0.2109375 0.4895833333333333 0.1953125 0.4908854166666667 0.18229166666666666 0.49609375 0.18098958333333334
3 0.8177083333333334 0.5572916666666666 0.8216145833333334 0.5651041666666666 0.8216145833333334 0.5716145833333334 0.8151041666666666 0.578125 0.80859375 0.57421875 0.8072916666666666 0.5651041666666666 0.8111979166666666 0.5572916666666666 0.81640625 0.5572916666666666
3 0.6710937499999999 0.5611111106770833 0.6671874999999999 0.55972222265625 0.6640625 0.56527777734375 0.6648437500000001 0.5763888893229167 0.6710937499999999 0.5791666666666667 0.6710937499999999 0.5611111106770833
3 0.62890625 0.75972222265625 0.62890625 0.7694444440104166 0.63671875 0.7736111106770833 0.6359374999999999 0.7569444440104167 0.62890625 0.75972222265625
3 0.45468749999999997 0.6791666666666667 0.45078124999999997 0.6819444440104167 0.44921875 0.6930555559895833 0.453125 0.6986111106770833 0.4578125 0.6875 0.45468749999999997 0.6791666666666667
3 0.375 0.8416666666666667 0.37343750000000003 0.8541666666666666 0.38046874999999997 0.8569444440104167 0.3828125 0.8388888893229166 0.375 0.8416666666666667
3 0.48203124999999997 0.42222222265625 0.4765625 0.42222222265625 0.47500000000000003 0.4319444440104167 0.48046875 0.45 0.48359375 0.44722222265624995 0.48203124999999997 0.42222222265625
3 0.08515625 0.49305555598958334 0.07421875 0.49305555598958334 0.07421875 0.50277777734375 0.07734375 0.5069444440104166 0.0890625 0.50277777734375 0.08515625 0.49305555598958334
3 0.21953124999999998 0.19166666666666665 0.21406250000000002 0.18333333333333335 0.209375 0.18472222265625002 0.21015625000000002 0.19583333333333333 0.22109375 0.20972222265624998 0.22343749999999998 0.20555555598958333 0.21953124999999998 0.19166666666666665