1 0.6265625 0.15416666666666667 0.6234375 0.15972222265625 0.62734375 0.15972222265625 0.6265625 0.15416666666666667
0 0.97265625 0.4166666666666667 0.9986979166666666 0.4166666666666667 0.9986979166666666 0.4231770833333333 0.9140625 0.42578125 0.9010416666666666 0.4283854166666667 0.88671875 0.4375 0.8736979166666666 0.453125 0.86328125 0.4765625 0.85546875 0.51171875 0.85546875 0.5403645833333334 0.8528645833333334 0.5377604166666666 0.8528645833333334 0.5091145833333334 0.85546875 0.50390625 0.85546875 0.4934895833333333 0.859375 0.4778645833333333 0.8684895833333334 0.4544270833333333 0.8841145833333334 0.4322916666666667 0.90234375 0.421875 0.97265625 0.41796875
0 0.016927083333333332 0.4557291666666667 0.08984375 0.4518229166666667 0.1328125 0.4518229166666667 0.14322916666666666 0.4544270833333333 0.15494791666666666 0.4635416666666667 0.16796875 0.4791666666666667 0.18229166666666666 0.5143229166666666 0.18359375 0.5338541666666666 0.18619791666666666 0.5403645833333334 0.18619791666666666 0.578125 0.18229166666666666 0.6028645833333334 0.17057291666666666 0.6341145833333334 0.15494791666666666 0.6549479166666666 0.14453125 0.6614583333333334 0.12890625 0.6653645833333334 0.08984375 0.6653645833333334 0.08854166666666667 0.66796875 0.020833333333333332 0.6705729166666666 0.018229166666666668 0.66796875 0.020833333333333332 0.6640625 0.10807291666666667 0.66015625 0.11848958333333333 0.6614583333333334 0.13541666666666666 0.6588541666666666 0.15104166666666666 0.6510416666666666 0.16796875 0.62890625 0.17708333333333334 0.6067708333333334 0.18359375 0.57421875 0.18359375 0.5416666666666666 0.18098958333333334 0.5364583333333334 0.1796875 0.5182291666666666 0.17317708333333334 0.4986979166666667 0.16536458333333334 0.484375 0.15104166666666666 0.4674479166666667 0.13541666666666666 0.4596354166666667 0.13411458333333334 0.45703125 0.11328125 0.45703125 0.11197916666666667 0.4596354166666667 0.05859375 0.4609375 0.016927083333333332 0.4609375 0.016927083333333332 0.45703125
2 0.5169270833333334 0.5885416666666666 0.5169270833333334 0.5299479166666666 0.5208333333333334 0.5260416666666666 0.51953125 0.5559895833333334 0.5221354166666666 0.6119791666666666 0.5234375 0.8723958333333334 0.5260416666666666 0.8776041666666666 0.5260416666666666 0.9453125 0.5234375 0.9596354166666666 0.5208333333333334 0.94140625 0.5221354166666666 0.88671875 0.5182291666666666 0.58984375
3 0.47265625 0.1875 0.4752604166666667 0.19010416666666666 0.4752604166666667 0.21223958333333334 0.4700520833333333 0.21223958333333334 0.46875 0.20182291666666666 0.47265625 0.18880208333333334
3 0.3958333333333333 0.6783854166666666 0.4049479166666667 0.6770833333333334 0.4010416666666667 0.6848958333333334 0.4010416666666667 0.6979166666666666 0.3958333333333333 0.6979166666666666 0.3958333333333333 0.6796875
3 0.73046875 0.7018229166666666 0.7421875 0.7057291666666666 0.74609375 0.7044270833333334 0.74609375 0.7174479166666666 0.7356770833333334 0.7200520833333334 0.7317708333333334 0.7161458333333334 0.73046875 0.703125
3 0.54296875 0.3919270833333333 0.54296875 0.4088541666666667 0.5390625 0.4088541666666667 0.5364583333333334 0.4049479166666667 0.5390625 0.3932291666666667 0.5416666666666666 0.3919270833333333
3 0.515625 0.4856770833333333 0.5221354166666666 0.4934895833333333 0.5208333333333334 0.5052083333333334 0.515625 0.5130208333333334 0.51171875 0.51171875 0.5078125 0.4973958333333333 0.5091145833333334 0.4895833333333333 0.5143229166666666 0.4856770833333333
3 0.5703125 0.6028645833333334 0.57421875 0.6067708333333334 0.5755208333333334 0.6171875 0.5703125 0.62109375 0.56640625 0.62109375 0.5651041666666666 0.609375 0.5690104166666666 0.6041666666666666
3 0.62890625 0.14973958333333334 0.6328125 0.14973958333333334 0.6354166666666666 0.15364583333333334 0.6354166666666666 0.16015625 0.6315104166666666 0.16927083333333334 0.62890625 0.17057291666666666 0.6276041666666666 0.1640625 0.6223958333333334 0.16145833333333334 0.6223958333333334 0.15494791666666666 0.62890625 0.15104166666666666
3 0.3997395833333333 0.3802083333333333 0.40234375 0.3854166666666667 0.4010416666666667 0.3984375 0.3984375 0.3997395833333333 0.3932291666666667 0.3919270833333333 0.3932291666666667 0.38671875 0.3984375 0.3815104166666667
3 0.5703125 0.7369791666666666 0.5716145833333334 0.7604166666666666 0.5690104166666666 0.7630208333333334 0.5638020833333334 0.7604166666666666 0.5638020833333334 0.7486979166666666 0.5703125 0.73828125
3 0.60703125 0.5458333333333333 0.60703125 0.54027777734375 0.6 0.5361111106770834 0.5984375000000001 0.5513888893229166 0.60703125 0.5458333333333333
3 0.85433515625 0.5630291666666667 0.8671875 0.5541666666666667 0.86875 0.5458333333333333 0.86328125 0.54027777734375 0.8472703125000001 0.5496388893229166 0.85433515625 0.5630291666666667
3 0.5046875000000001 0.7833333333333333 0.509375 0.7666666666666666 0.5085937500000001 0.7541666666666668 0.5007812500000001 0.7569444440104167 0.50234375 0.7819444440104166 0.5046875000000001 0.7833333333333333