1 0.4921875 0.4138888893229167 0.4921875 0.4180555559895833 0.49453125000000003 0.42083333333333334 0.49609375 0.41944444401041664 0.496875 0.41527777734375 0.49609375 0.41111111067708334 0.4953125 0.40972222265625 0.49296875 0.4138888893229167 0.4921875 0.4138888893229167
0 0.91796875 0.4166666666666667 0.9986979166666666 0.4153645833333333 0.9986979166666666 0.4205729166666667 0.9934895833333334 0.421875 0.90625 0.4244791666666667 0.8932291666666666 0.4296875 0.8841145833333334 0.4375 0.8697916666666666 0.45703125 0.8697916666666666 0.4609375 0.86328125 0.4713541666666667 0.8619791666666666 0.4817708333333333 0.859375 0.484375 0.85546875 0.5065104166666666 0.85546875 0.5364583333333334 0.86328125 0.578125 0.8776041666666666 0.60546875 0.890625 0.6184895833333334 0.9075520833333334 0.625 0.9986979166666666 0.6223958333333334 0.9986979166666666 0.62890625 0.9869791666666666 0.6302083333333334 0.9791666666666666 0.62890625 0.9036458333333334 0.6315104166666666 0.8958333333333334 0.62890625 0.8763020833333334 0.6119791666666666 0.8606770833333334 0.58203125 0.8528645833333334 0.5481770833333334 0.8515625 0.5182291666666666 0.8567708333333334 0.4817708333333333 0.8645833333333334 0.45703125 0.87890625 0.4348958333333333 0.8854166666666666 0.4283854166666667 0.9036458333333334 0.4192708333333333 0.91796875 0.41796875
0 0.1015625 0.4479166666666667 0.13671875 0.4479166666666667 0.15625 0.4557291666666667 0.17447916666666666 0.4778645833333333 0.17447916666666666 0.4817708333333333 0.18229166666666666 0.49609375 0.19010416666666666 0.53125 0.19010416666666666 0.5807291666666666 0.18229166666666666 0.61328125 0.17578125 0.6236979166666666 0.17447916666666666 0.6302083333333334 0.16145833333333334 0.6471354166666666 0.15104166666666666 0.6549479166666666 0.13671875 0.66015625 0.044270833333333336 0.6640625 0.024739583333333332 0.6627604166666666 0.024739583333333332 0.66015625 0.033854166666666664 0.6588541666666666 0.12239583333333333 0.65625 0.14192708333333334 0.6536458333333334 0.15234375 0.6484375 0.16536458333333334 0.6354166666666666 0.1796875 0.609375 0.1875 0.5768229166666666 0.1875 0.5325520833333334 0.1796875 0.4986979166666667 0.16796875 0.4765625 0.15755208333333334 0.46484375 0.13932291666666666 0.453125 0.022135416666666668 0.4557291666666667 0.0234375 0.4518229166666667 0.03125 0.4505208333333333 0.10026041666666667 0.44921875
2 0.5182291666666666 0.12239583333333333 0.5234375 0.52734375 0.5208333333333334 0.5651041666666666 0.5234375 0.5755208333333334 0.5260416666666666 0.7526041666666666 0.5208333333333334 0.7526041666666666 0.5221354166666666 0.703125 0.5182291666666666 0.5690104166666666 0.5208333333333334 0.5651041666666666 0.5208333333333334 0.5598958333333334 0.5182291666666666 0.55859375 0.51953125 0.4713541666666667 0.5169270833333334 0.4427083333333333 0.5169270833333334 0.12369791666666667
3 0.412109375 0.4388020833333333 0.010416666666666666 0.024739583333333332
3 0.53125 0.55078125 0.52734375 0.5442708333333334 0.5286458333333334 0.5286458333333334 0.5325520833333334 0.5247395833333334 0.5364583333333334 0.5247395833333334 0.5390625 0.52734375 0.5377604166666666 0.5455729166666666 0.5325520833333334 0.5494791666666666
3 0.4778645833333333 0.23307291666666666 0.4791666666666667 0.2552083333333333 0.4765625 0.2578125 0.47265625 0.2578125 0.4713541666666667 0.2552083333333333 0.4713541666666667 0.23828125 0.4765625 0.23307291666666666
3 0.71875 0.7057291666666666 0.7239583333333334 0.7109375 0.7291666666666666 0.7122395833333334 0.7291666666666666 0.71875 0.7265625 0.72265625 0.71875 0.7265625 0.71875 0.7239583333333334 0.71484375 0.7213541666666666 0.71875 0.70703125
3 0.56640625 0.5872395833333334 0.5729166666666666 0.59765625 0.5716145833333334 0.60546875 0.56640625 0.6106770833333334 0.5638020833333334 0.6080729166666666 0.5651041666666666 0.5885416666666666
3 0.6048177083333334 0.5774739583333334 0.011067708333333334 0.016927083333333332
3 0.4270833333333333 0.7083333333333334 0.421875 0.7005208333333334 0.421875 0.6875 0.4322916666666667 0.6783854166666666 0.4283854166666667 0.70703125
3 0.8138020833333334 0.5690104166666666 0.81640625 0.5729166666666666 0.81640625 0.58203125 0.8138020833333334 0.5846354166666666 0.8046875 0.5859375 0.8020833333333334 0.5846354166666666 0.8020833333333334 0.5755208333333334 0.7981770833333334 0.5716145833333334 0.80078125 0.5690104166666666 0.8125 0.5690104166666666
3 0.5494791666666666 0.8515625 0.5533854166666666 0.8515625 0.5572916666666666 0.859375 0.5533854166666666 0.87109375 0.5494791666666666 0.8736979166666666 0.546875 0.8684895833333334 0.5494791666666666 0.8528645833333334
3 0.5187499999999999 0.7555555559895833 0.51953125 0.7569444440104167 0.51953125 0.76527777734375 0.5187499999999999 0.7666666666666666 0.5187499999999999 0.7708333333333334 0.51953125 0.7777777773437501 0.52734375 0.7611111106770833 0.52734375 0.7569444440104167 0.52578125 0.7541666666666668 0.51953125 0.75 0.5187499999999999 0.7513888893229167 0.5187499999999999 0.7555555559895833
3 0.63125 0.25694444401041666 0.6296875000000001 0.25833333333333336 0.62890625 0.2611111106770833 0.6296875000000001 0.2625 0.6296875000000001 0.26666666666666666 0.63046875 0.2694444440104167 0.6335937500000001 0.2708333333333333 0.6414062500000001 0.26527777734374997 0.6414062500000001 0.2625 0.63828125 0.25694444401041666 0.63828125 0.25555555598958335 0.63671875 0.25277777734375 0.634375 0.25138888932291664 0.63125 0.25694444401041666
3 0.494215625 0.40943888932291667 0.5051203125 0.4142819440104167 0.51241640625 0.39429722265625 0.500375 0.39419027734375 0.49482109375 0.40477500000000005 0.494215625 0.40943888932291667