1 0.40234375 0.39027777734375 0.40468750000000003 0.39305555598958336 0.40625 0.39166666666666666 0.40625 0.38472222265624995 0.40546875 0.3833333333333333 0.403125 0.3833333333333333 0.40234375 0.38472222265624995 0.40234375 0.39027777734375
0 0.8841145833333334 0.6236979166666666 0.8684895833333334 0.59375 0.86328125 0.5729166666666666 0.8606770833333334 0.546875 0.8606770833333334 0.52734375 0.8645833333333334 0.49609375 0.87109375 0.4765625 0.8802083333333334 0.4583333333333333 0.8997395833333334 0.4361979166666667 0.91015625 0.4322916666666667 0.984375 0.4283854166666667 0.9986979166666666 0.4283854166666667 0.9986979166666666 0.43359375 0.9153645833333334 0.4361979166666667 0.9140625 0.4388020833333333 0.9036458333333334 0.44140625 0.8958333333333334 0.4466145833333333 0.88671875 0.4557291666666667 0.87109375 0.4869791666666667 0.8645833333333334 0.5169270833333334 0.86328125 0.5455729166666666 0.8671875 0.57421875 0.8736979166666666 0.5950520833333334 0.8828125 0.61328125 0.8997395833333334 0.6328125 0.91015625 0.6380208333333334 0.9231770833333334 0.6393229166666666 0.9986979166666666 0.63671875 0.9986979166666666 0.6419270833333334 0.9166666666666666 0.64453125 0.8984375 0.6380208333333334 0.8880208333333334 0.62890625 0.8854166666666666 0.6236979166666666
0 0.032552083333333336 0.4635416666666667 0.14973958333333334 0.4609375 0.15885416666666666 0.46484375 0.171875 0.4739583333333333 0.18619791666666666 0.49609375 0.19401041666666666 0.5169270833333334 0.19921875 0.5520833333333334 0.19921875 0.5807291666666666 0.1953125 0.609375 0.18619791666666666 0.6354166666666666 0.1796875 0.6471354166666666 0.16666666666666666 0.6614583333333334 0.15755208333333334 0.66796875 0.14713541666666666 0.671875 0.03515625 0.67578125 0.03515625 0.671875 0.06640625 0.6692708333333334 0.10677083333333333 0.6692708333333334 0.10807291666666667 0.6666666666666666 0.140625 0.6666666666666666 0.15494791666666666 0.6627604166666666 0.16666666666666666 0.6549479166666666 0.18359375 0.6315104166666666 0.19140625 0.6106770833333334 0.19661458333333334 0.5794270833333334 0.19661458333333334 0.55078125 0.19140625 0.5208333333333334 0.18359375 0.5 0.16927083333333334 0.4791666666666667 0.15625 0.46875 0.14322916666666666 0.46484375 0.036458333333333336 0.46875 0.03125 0.4674479166666667 0.032552083333333336 0.46484375
2 0.5247395833333334 0.13671875 0.52734375 0.15755208333333334 0.53125 0.7239583333333334 0.5338541666666666 0.76171875 0.53515625 0.8828125 0.53515625 0.96484375 0.5325520833333334 0.96484375 0.53125 0.9479166666666666 0.53125 0.8359375 0.5286458333333334 0.7643229166666666 0.52734375 0.4622395833333333 0.5247395833333334 0.4127604166666667 0.5247395833333334 0.13802083333333334
3 0.17838541666666666 0.4036458333333333 0.18619791666666666 0.4049479166666667 0.18359375 0.41015625 0.18229166666666666 0.4244791666666667 0.17708333333333334 0.4244791666666667 0.171875 0.4140625 0.17057291666666666 0.4088541666666667 0.17317708333333334 0.4049479166666667 0.17708333333333334 0.4036458333333333
3 0.3515625 0.44921875 0.3541666666666667 0.44921875 0.359375 0.4557291666666667 0.3580729166666667 0.4700520833333333 0.3515625 0.4700520833333333 0.3489583333333333 0.4661458333333333 0.3515625 0.4596354166666667 0.3515625 0.4505208333333333
3 0.2109375 0.67578125 0.20572916666666666 0.6927083333333334 0.20182291666666666 0.6953125 0.1953125 0.6901041666666666 0.1953125 0.6796875 0.19791666666666666 0.67578125 0.20182291666666666 0.67578125 0.20442708333333334 0.6783854166666666 0.20963541666666666 0.67578125
3 0.27734375 0.4127604166666667 0.2864583333333333 0.421875 0.28515625 0.4388020833333333 0.2786458333333333 0.4401041666666667 0.2734375 0.4322916666666667 0.2734375 0.4166666666666667 0.2760416666666667 0.4140625
3 0.2838541666666667 0.6119791666666666 0.2838541666666667 0.6223958333333334 0.2786458333333333 0.6276041666666666 0.2747395833333333 0.6263020833333334 0.2721354166666667 0.6145833333333334 0.2747395833333333 0.6106770833333334 0.2825520833333333 0.6119791666666666
3 0.4453125 0.3802083333333333 0.44921875 0.37890625 0.4518229166666667 0.3815104166666667 0.4518229166666667 0.3971354166666667 0.44921875 0.3997395833333333 0.4453125 0.3997395833333333 0.4453125 0.3815104166666667
3 0.7994791666666666 0.4635416666666667 0.8020833333333334 0.4635416666666667 0.8033854166666666 0.4674479166666667 0.8033854166666666 0.48046875 0.796875 0.4817708333333333 0.79296875 0.4908854166666667 0.7916666666666666 0.50390625 0.7877604166666666 0.5052083333333334 0.78515625 0.5026041666666666 0.7890625 0.4934895833333333 0.7890625 0.4817708333333333 0.78515625 0.47265625 0.7890625 0.4700520833333333 0.7955729166666666 0.4700520833333333 0.7994791666666666 0.46484375
3 0.3255208333333333 0.7291666666666666 0.328125 0.7317708333333334 0.3268229166666667 0.7434895833333334 0.3190104166666667 0.7447916666666666 0.31640625 0.7421875 0.3177083333333333 0.7369791666666666 0.3255208333333333 0.73046875
3 0.5729166666666666 0.2421875 0.5729166666666666 0.2591145833333333 0.5677083333333334 0.2578125 0.5677083333333334 0.24609375 0.5716145833333334 0.2421875
3 0.109375 0.53515625 0.11458333333333333 0.5403645833333334 0.12109375 0.5416666666666666 0.11979166666666667 0.5481770833333334 0.109375 0.5559895833333334 0.10546875 0.5546875 0.1015625 0.5494791666666666 0.1015625 0.5416666666666666 0.10807291666666667 0.53515625
3 0.3033854166666667 0.4231770833333333 0.3033854166666667 0.4361979166666667 0.2981770833333333 0.4361979166666667 0.2942708333333333 0.4283854166666667 0.2942708333333333 0.4244791666666667 0.2981770833333333 0.4205729166666667 0.3020833333333333 0.4231770833333333
3 0.31093750000000003 0.9166666666666666 0.31484375000000003 0.8875000000000001 0.30703125000000003 0.8861111106770833 0.30546875 0.89027777734375 0.31093750000000003 0.9166666666666666