1 0.6085937499999999 0.7236111106770834 0.6101562500000001 0.7263888893229167 0.61328125 0.7236111106770834 0.61328125 0.7208333333333333 0.61171875 0.7180555559895834 0.609375 0.7180555559895834 0.6085937499999999 0.7194444440104166 0.6085937499999999 0.7236111106770834
0 0.9986979166666666 0.421875 0.9986979166666666 0.4270833333333333 0.9869791666666666 0.42578125 0.93359375 0.4296875 0.9010416666666666 0.4296875 0.8919270833333334 0.4322916666666667 0.88671875 0.4348958333333333 0.87109375 0.4505208333333333 0.859375 0.47265625 0.8515625 0.5026041666666666 0.8502604166666666 0.5481770833333334 0.859375 0.5859375 0.875 0.6119791666666666 0.88671875 0.6223958333333334 0.8997395833333334 0.62890625 0.94921875 0.6276041666666666 0.9505208333333334 0.625 0.9635416666666666 0.625 0.9661458333333334 0.6276041666666666 0.9674479166666666 0.625 0.9986979166666666 0.6236979166666666 0.9986979166666666 0.6315104166666666 0.9348958333333334 0.6341145833333334 0.8958333333333334 0.6341145833333334 0.8828125 0.6276041666666666 0.8645833333333334 0.6067708333333334 0.8515625 0.57421875 0.84765625 0.5533854166666666 0.84765625 0.5065104166666666 0.8515625 0.4856770833333333 0.8567708333333334 0.46875 0.8671875 0.4479166666666667 0.8802083333333334 0.4322916666666667 0.8919270833333334 0.42578125 0.90625 0.4231770833333333 0.984375 0.4205729166666667 0.9973958333333334 0.421875
0 0.14453125 0.4518229166666667 0.15625 0.45703125 0.16796875 0.46875 0.17447916666666666 0.4778645833333333 0.18619791666666666 0.5052083333333334 0.19270833333333334 0.5455729166666666 0.19140625 0.5859375 0.18619791666666666 0.609375 0.17057291666666666 0.640625 0.1640625 0.6458333333333334 0.1640625 0.6484375 0.15104166666666666 0.6575520833333334 0.13932291666666666 0.6614583333333334 0.08463541666666667 0.6640625 0.028645833333333332 0.6640625 0.029947916666666668 0.66015625 0.13932291666666666 0.65625 0.15364583333333334 0.6497395833333334 0.171875 0.6302083333333334 0.18098958333333334 0.6119791666666666 0.18880208333333334 0.58203125 0.19010416666666666 0.546875 0.1875 0.5208333333333334 0.18098958333333334 0.5052083333333334 0.1796875 0.49609375 0.17708333333333334 0.4947916666666667 0.16927083333333334 0.4778645833333333 0.15885416666666666 0.4661458333333333 0.14453125 0.4596354166666667 0.14322916666666666 0.45703125 0.08072916666666667 0.45703125 0.07942708333333333 0.4596354166666667 0.03125 0.4609375 0.024739583333333332 0.4596354166666667 0.024739583333333332 0.4544270833333333 0.109375 0.4505208333333333 0.14322916666666666 0.4518229166666667
2 0.5208333333333334 0.4752604166666667 0.5234375 0.7877604166666666 0.5260416666666666 0.8580729166666666 0.5260416666666666 0.9505208333333334 0.5234375 0.94921875 0.5208333333333334 0.8697916666666666 0.5208333333333334 0.671875 0.5182291666666666 0.6380208333333334 0.51953125 0.6002604166666666 0.5169270833333334 0.4986979166666667 0.5169270833333334 0.4895833333333333 0.5208333333333334 0.4817708333333333 0.5208333333333334 0.4765625
3 0.43359375 0.5716145833333334 0.43359375 0.5520833333333334 0.4388020833333333 0.5481770833333334 0.4388020833333333 0.56640625 0.4348958333333333 0.5716145833333334
3 0.46875 0.2552083333333333 0.4713541666666667 0.2591145833333333 0.4700520833333333 0.2682291666666667 0.47265625 0.27734375 0.46875 0.2799479166666667 0.4661458333333333 0.2799479166666667 0.46484375 0.27734375 0.46484375 0.26171875 0.4674479166666667 0.2565104166666667
3 0.515625 0.6692708333333334 0.51953125 0.6692708333333334 0.5221354166666666 0.6731770833333334 0.5221354166666666 0.6809895833333334 0.5182291666666666 0.6888020833333334 0.5130208333333334 0.6783854166666666 0.515625 0.6705729166666666
3 0.4973958333333333 0.6028645833333334 0.5026041666666666 0.6067708333333334 0.4986979166666667 0.6197916666666666 0.4934895833333333 0.62109375 0.4921875 0.6184895833333334 0.4921875 0.609375 0.49609375 0.6041666666666666
3 0.5364583333333334 0.23697916666666666 0.5455729166666666 0.23828125 0.5455729166666666 0.24348958333333334 0.5390625 0.2578125 0.53515625 0.2565104166666667 0.5338541666666666 0.2526041666666667 0.5364583333333334 0.23828125
3 0.57421875 0.55078125 0.5703125 0.5481770833333334 0.5677083333333334 0.5390625 0.5703125 0.5364583333333334 0.5807291666666666 0.53515625 0.5807291666666666 0.5455729166666666 0.5755208333333334 0.5494791666666666
3 0.3580729166666667 0.4817708333333333 0.359375 0.49609375 0.3541666666666667 0.5026041666666666 0.3515625 0.5026041666666666 0.3489583333333333 0.49609375 0.3489583333333333 0.484375 0.3567708333333333 0.4817708333333333
3 0.5559895833333334 0.4401041666666667 0.5572916666666666 0.4505208333333333 0.5520833333333334 0.4596354166666667 0.546875 0.4518229166666667 0.546875 0.44140625 0.5546875 0.4401041666666667
3 0.6510416666666666 0.3854166666666667 0.014322916666666666 0.0234375
3 0.6119791666666666 0.7486979166666666 0.61328125 0.7630208333333334 0.6080729166666666 0.7682291666666666 0.6041666666666666 0.765625 0.6041666666666666 0.7591145833333334 0.6080729166666666 0.75 0.6106770833333334 0.7486979166666666
3 0.5520833333333334 0.5546875 0.5559895833333334 0.5546875 0.5651041666666666 0.5611979166666666 0.5651041666666666 0.5690104166666666 0.5598958333333334 0.578125 0.5559895833333334 0.5729166666666666 0.5520833333333334 0.5559895833333334
3 0.515625 0.4583333333333333 0.52109375 0.45972222265625 0.52734375 0.45277777734375 0.5265624999999999 0.43888888932291664 0.51953125 0.43611111067708336 0.5148437499999999 0.4430555559895833 0.515625 0.4583333333333333