1 0.615625 0.7194444440104166 0.6179687500000001 0.7194444440104166 0.61875 0.7180555559895834 0.61875 0.7138888893229166 0.6179687500000001 0.7125 0.615625 0.7125 0.61484375 0.7166666666666667 0.615625 0.7194444440104166
0 0.9479166666666666 0.4166666666666667 0.9986979166666666 0.4166666666666667 0.9986979166666666 0.421875 0.90234375 0.42578125 0.8841145833333334 0.4348958333333333 0.87109375 0.44921875 0.859375 0.4739583333333333 0.8515625 0.5130208333333334 0.8515625 0.5403645833333334 0.85546875 0.5651041666666666 0.86328125 0.5872395833333334 0.875 0.6067708333333334 0.88671875 0.6184895833333334 0.89453125 0.6223958333333334 0.9401041666666666 0.6236979166666666 0.9986979166666666 0.62109375 0.9986979166666666 0.62890625 0.9036458333333334 0.6315104166666666 0.8880208333333334 0.6263020833333334 0.8684895833333334 0.6067708333333334 0.8580729166666666 0.5859375 0.8515625 0.5638020833333334 0.8489583333333334 0.5455729166666666 0.8489583333333334 0.5078125 0.8528645833333334 0.4830729166666667 0.85546875 0.48046875 0.85546875 0.4739583333333333 0.8619791666666666 0.45703125 0.8736979166666666 0.4375 0.8828125 0.4283854166666667 0.89453125 0.421875 0.9075520833333334 0.4192708333333333 0.9479166666666666 0.41796875
0 0.13671875 0.4466145833333333 0.14713541666666666 0.44921875 0.15885416666666666 0.4557291666666667 0.17447916666666666 0.4739583333333333 0.18229166666666666 0.4895833333333333 0.19010416666666666 0.5169270833333334 0.19270833333333334 0.5390625 0.19140625 0.58203125 0.18619791666666666 0.6067708333333334 0.17447916666666666 0.6315104166666666 0.16666666666666666 0.6419270833333334 0.15885416666666666 0.6497395833333334 0.14713541666666666 0.65625 0.13541666666666666 0.6588541666666666 0.07421875 0.6614583333333334 0.028645833333333332 0.6614583333333334 0.029947916666666668 0.6575520833333334 0.09375 0.6536458333333334 0.13541666666666666 0.6536458333333334 0.15104166666666666 0.6484375 0.16796875 0.6328125 0.17708333333333334 0.6145833333333334 0.1796875 0.61328125 0.1875 0.5872395833333334 0.19010416666666666 0.56640625 0.19010416666666666 0.5377604166666666 0.1875 0.5169270833333334 0.1796875 0.4934895833333333 0.171875 0.4778645833333333 0.15755208333333334 0.4622395833333333 0.14583333333333334 0.4544270833333333 0.08984375 0.453125 0.06770833333333333 0.4557291666666667 0.02734375 0.4557291666666667 0.024739583333333332 0.4544270833333333 0.024739583333333332 0.4518229166666667 0.13541666666666666 0.4466145833333333
2 0.5182291666666666 0.125 0.5234375 0.5833333333333334 0.5234375 0.6184895833333334 0.5221354166666666 0.62109375 0.51953125 0.6184895833333334 0.51953125 0.5052083333333334 0.5169270833333334 0.4908854166666667 0.51953125 0.4778645833333333 0.51953125 0.453125 0.5169270833333334 0.3984375 0.5182291666666666 0.3619791666666667 0.515625 0.13151041666666666 0.5182291666666666 0.12630208333333334
3 0.6184895833333334 0.7317708333333334 0.625 0.7317708333333334 0.6276041666666666 0.7408854166666666 0.625 0.74609375 0.6184895833333334 0.7513020833333334 0.6184895833333334 0.7330729166666666
3 0.4635416666666667 0.5130208333333334 0.4583333333333333 0.5325520833333334 0.453125 0.53125 0.453125 0.51953125 0.45703125 0.51171875 0.4622395833333333 0.5130208333333334
3 0.4973958333333333 0.2838541666666667 0.49609375 0.2682291666666667 0.5013020833333334 0.2604166666666667 0.50390625 0.26171875 0.5052083333333334 0.2760416666666667 0.5026041666666666 0.2825520833333333 0.5 0.28515625 0.4986979166666667 0.2838541666666667
3 0.5169270833333334 0.6197916666666666 0.5221354166666666 0.62109375 0.5234375 0.6276041666666666 0.5221354166666666 0.6328125 0.5169270833333334 0.63671875 0.5169270833333334 0.62109375
3 0.54296875 0.6861979166666666 0.5455729166666666 0.6979166666666666 0.5390625 0.7096354166666666 0.5364583333333334 0.703125 0.5364583333333334 0.6940104166666666 0.5390625 0.69140625 0.5390625 0.6875 0.5416666666666666 0.6861979166666666
3 0.37109375 0.5 0.3776041666666667 0.5078125 0.3763020833333333 0.5234375 0.375 0.5247395833333334 0.37109375 0.51953125 0.3684895833333333 0.51953125 0.3671875 0.5078125 0.3684895833333333 0.5026041666666666 0.37109375 0.5013020833333334
3 0.6471354166666666 0.5911458333333334 0.6471354166666666 0.6080729166666666 0.6432291666666666 0.6119791666666666 0.63671875 0.6015625 0.63671875 0.5963541666666666 0.6458333333333334 0.5924479166666666
3 0.6770833333333334 0.3580729166666667 0.6809895833333334 0.3619791666666667 0.6783854166666666 0.3697916666666667 0.67578125 0.3723958333333333 0.6705729166666666 0.37109375 0.671875 0.36328125 0.67578125 0.359375
3 0.5442708333333334 0.22526041666666666 0.54296875 0.24609375 0.5403645833333334 0.2513020833333333 0.53515625 0.24479166666666666 0.53515625 0.2265625 0.54296875 0.22526041666666666
3 0.609375 0.55859375 0.61328125 0.5611979166666666 0.61328125 0.5677083333333334 0.6080729166666666 0.5755208333333334 0.6028645833333334 0.57421875 0.6028645833333334 0.5598958333333334 0.6080729166666666 0.55859375
3 0.5794270833333334 0.4361979166666667 0.5846354166666666 0.4375 0.5846354166666666 0.4479166666666667 0.5807291666666666 0.453125 0.5768229166666666 0.4466145833333333 0.5794270833333334 0.4375
3 0.52890625 0.4666666666666666 0.53671875 0.47361111067708334 0.54296875 0.46527777734375 0.54296875 0.45555555598958336 0.5398437500000001 0.45 0.5328125 0.4513888893229167 0.52890625 0.4666666666666666