1 0.52890625 0.5194444440104167 0.5296875 0.5208333333333334 0.53125 0.5208333333333334 0.53359375 0.5180555559895833 0.53359375 0.51527777734375 0.5320312500000001 0.5125000000000001 0.5296875 0.5125000000000001 0.52890625 0.5138888893229167 0.52890625 0.5194444440104167
0 0.9986979166666666 0.4231770833333333 0.9986979166666666 0.4296875 0.984375 0.4283854166666667 0.9088541666666666 0.4309895833333333 0.8880208333333334 0.4348958333333333 0.875 0.4466145833333333 0.86328125 0.4635416666666667 0.8515625 0.4973958333333333 0.8489583333333334 0.5208333333333334 0.8502604166666666 0.5572916666666666 0.859375 0.58984375 0.8619791666666666 0.5911458333333334 0.8697916666666666 0.6080729166666666 0.8802083333333334 0.6197916666666666 0.8958333333333334 0.6302083333333334 0.9986979166666666 0.6276041666666666 0.9986979166666666 0.6328125 0.9466145833333334 0.6354166666666666 0.89453125 0.6354166666666666 0.8815104166666666 0.62890625 0.8684895833333334 0.6158854166666666 0.8567708333333334 0.5950520833333334 0.84765625 0.5638020833333334 0.8450520833333334 0.5325520833333334 0.8489583333333334 0.4921875 0.8567708333333334 0.4674479166666667 0.8645833333333334 0.4518229166666667 0.8802083333333334 0.43359375 0.8893229166666666 0.4283854166666667 0.8971354166666666 0.42578125 0.9973958333333334 0.4231770833333333
0 0.15494791666666666 0.4583333333333333 0.17057291666666666 0.4739583333333333 0.17578125 0.4856770833333333 0.17838541666666666 0.4869791666666667 0.18880208333333334 0.5182291666666666 0.19270833333333334 0.5611979166666666 0.19140625 0.5859375 0.18619791666666666 0.609375 0.17838541666666666 0.625 0.17838541666666666 0.62890625 0.16666666666666666 0.6471354166666666 0.15364583333333334 0.6575520833333334 0.140625 0.6627604166666666 0.09635416666666667 0.6653645833333334 0.02734375 0.6640625 0.03125 0.6614583333333334 0.12890625 0.6588541666666666 0.13932291666666666 0.6575520833333334 0.15364583333333334 0.6510416666666666 0.17317708333333334 0.62890625 0.1796875 0.6158854166666666 0.1875 0.58984375 0.19010416666666666 0.5533854166666666 0.1875 0.5260416666666666 0.18359375 0.5104166666666666 0.17578125 0.4921875 0.16536458333333334 0.4752604166666667 0.14583333333333334 0.4609375 0.13541666666666666 0.4596354166666667 0.13411458333333334 0.45703125 0.13151041666666666 0.45703125 0.13020833333333334 0.4596354166666667 0.024739583333333332 0.4609375 0.024739583333333332 0.4557291666666667 0.14322916666666666 0.453125 0.15364583333333334 0.4583333333333333
2 0.5182291666666666 0.5260416666666666 0.5221354166666666 0.5325520833333334 0.5221354166666666 0.74609375 0.5260416666666666 0.9205729166666666 0.5247395833333334 0.9518229166666666 0.5221354166666666 0.94921875 0.5208333333333334 0.9270833333333334 0.51953125 0.65234375 0.5169270833333334 0.5677083333333334 0.5182291666666666 0.52734375
3 0.4348958333333333 0.5546875 0.4388020833333333 0.5598958333333334 0.4361979166666667 0.5729166666666666 0.4309895833333333 0.5703125 0.4309895833333333 0.55859375 0.43359375 0.5559895833333334
3 0.5130208333333334 0.5 0.5182291666666666 0.5 0.5182291666666666 0.515625 0.515625 0.5182291666666666 0.51171875 0.5169270833333334 0.5091145833333334 0.5091145833333334 0.5091145833333334 0.5052083333333334 0.5130208333333334 0.5013020833333334
3 0.4934895833333333 0.625 0.4895833333333333 0.6184895833333334 0.4895833333333333 0.6028645833333334 0.4934895833333333 0.6002604166666666 0.49609375 0.6067708333333334 0.4973958333333333 0.6197916666666666 0.4947916666666667 0.6236979166666666
3 0.54296875 0.23958333333333334 0.5455729166666666 0.24088541666666666 0.5455729166666666 0.24348958333333334 0.5390625 0.2630208333333333 0.5338541666666666 0.2565104166666667 0.5338541666666666 0.24739583333333334 0.53515625 0.23958333333333334 0.5416666666666666 0.23958333333333334
3 0.5703125 0.5416666666666666 0.5768229166666666 0.55078125 0.5729166666666666 0.55859375 0.5703125 0.5611979166666666 0.56640625 0.5611979166666666 0.56640625 0.5455729166666666 0.5703125 0.54296875
3 0.4609375 0.2630208333333333 0.4635416666666667 0.2643229166666667 0.46484375 0.26953125 0.4635416666666667 0.28125 0.4609375 0.28515625 0.45703125 0.2838541666666667 0.4544270833333333 0.2747395833333333 0.4544270833333333 0.2682291666666667 0.4596354166666667 0.2630208333333333
3 0.3411458333333333 0.5208333333333334 0.3515625 0.51953125 0.3502604166666667 0.5377604166666666 0.34765625 0.54296875 0.3411458333333333 0.53515625 0.3411458333333333 0.5221354166666666
3 0.5807291666666666 0.7473958333333334 0.5833333333333334 0.7473958333333334 0.58984375 0.7552083333333334 0.58984375 0.76171875 0.5833333333333334 0.7682291666666666 0.5794270833333334 0.7630208333333334 0.5807291666666666 0.7486979166666666
3 0.5572916666666666 0.4153645833333333 0.5611979166666666 0.4192708333333333 0.5611979166666666 0.4231770833333333 0.5546875 0.4348958333333333 0.5520833333333334 0.4348958333333333 0.5520833333333334 0.4192708333333333 0.5559895833333334 0.4153645833333333
3 0.6354166666666666 0.3606770833333333 0.6354166666666666 0.37890625 0.6328125 0.3815104166666667 0.62890625 0.3802083333333333 0.62890625 0.3671875 0.6341145833333334 0.3619791666666667
3 0.5140625 0.45972222265625 0.5234375 0.45972222265625 0.52734375 0.45277777734375 0.5265624999999999 0.44722222265624995 0.5226562499999999 0.43888888932291664 0.5164062500000001 0.44027777734375 0.5140625 0.45972222265625
3 0.50234375 0.7180555559895834 0.5085937500000001 0.6986111106770833 0.5078125 0.6888888893229167 0.50234375 0.6875 0.5 0.7111111106770833 0.50234375 0.7180555559895834