1 0.540625 0.60277777734375 0.54140625 0.6041666666666666 0.5437500000000001 0.6055555559895833 0.5453125 0.60277777734375 0.5453125 0.5986111106770834 0.54453125 0.59722222265625 0.54140625 0.59722222265625 0.540625 0.5986111106770834 0.540625 0.60277777734375
0 0.90234375 0.4166666666666667 0.9140625 0.4140625 0.9986979166666666 0.4114583333333333 0.9986979166666666 0.4192708333333333 0.9192708333333334 0.4205729166666667 0.90625 0.421875 0.8958333333333334 0.4270833333333333 0.8841145833333334 0.4375 0.87109375 0.45703125 0.86328125 0.4791666666666667 0.8619791666666666 0.4947916666666667 0.859375 0.4986979166666667 0.859375 0.5442708333333334 0.8619791666666666 0.5481770833333334 0.8619791666666666 0.5559895833333334 0.8671875 0.5755208333333334 0.875 0.5924479166666666 0.8932291666666666 0.6145833333333334 0.91015625 0.6223958333333334 0.9986979166666666 0.6197916666666666 0.9986979166666666 0.6263020833333334 0.90625 0.6276041666666666 0.8958333333333334 0.6223958333333334 0.8828125 0.6119791666666666 0.8671875 0.5872395833333334 0.8567708333333334 0.5494791666666666 0.85546875 0.5299479166666666 0.8567708333333334 0.4973958333333333 0.8606770833333334 0.4765625 0.8671875 0.45703125 0.87890625 0.4361979166666667 0.8919270833333334 0.4231770833333333 0.90234375 0.41796875
0 0.14453125 0.4427083333333333 0.1640625 0.4518229166666667 0.17838541666666666 0.46875 0.19010416666666666 0.4947916666666667 0.19401041666666666 0.5104166666666666 0.19661458333333334 0.5325520833333334 0.19661458333333334 0.56640625 0.19401041666666666 0.5885416666666666 0.18619791666666666 0.6119791666666666 0.171875 0.63671875 0.15364583333333334 0.6510416666666666 0.13411458333333334 0.6549479166666666 0.053385416666666664 0.6575520833333334 0.032552083333333336 0.6575520833333334 0.032552083333333336 0.6536458333333334 0.13932291666666666 0.6497395833333334 0.14713541666666666 0.6484375 0.1484375 0.6458333333333334 0.15885416666666666 0.6419270833333334 0.17317708333333334 0.6276041666666666 0.18489583333333334 0.60546875 0.19140625 0.5846354166666666 0.1953125 0.5442708333333334 0.19140625 0.515625 0.18359375 0.4869791666666667 0.17317708333333334 0.46875 0.16276041666666666 0.45703125 0.15494791666666666 0.4518229166666667 0.14453125 0.4479166666666667 0.07421875 0.4505208333333333 0.029947916666666668 0.4505208333333333 0.028645833333333332 0.4479166666666667 0.036458333333333336 0.4453125 0.14322916666666666 0.4427083333333333
2 0.5247395833333334 0.5390625 0.52734375 0.5442708333333334 0.5260416666666666 0.5572916666666666 0.5286458333333334 0.6106770833333334 0.52734375 0.6484375 0.53125 0.8411458333333334 0.53125 0.9466145833333334 0.5286458333333334 0.9453125 0.52734375 0.92578125 0.5286458333333334 0.859375 0.52734375 0.7408854166666666 0.5247395833333334 0.6901041666666666 0.5247395833333334 0.5403645833333334
3 0.37890625 0.16276041666666666 0.3815104166666667 0.1640625 0.3828125 0.16927083333333334 0.3828125 0.18619791666666666 0.37890625 0.18619791666666666 0.3763020833333333 0.18359375 0.3723958333333333 0.17447916666666666 0.3723958333333333 0.16666666666666666 0.3776041666666667 0.16276041666666666
3 0.4010416666666667 0.8815104166666666 0.40234375 0.9036458333333334 0.3984375 0.9127604166666666 0.3958333333333333 0.9127604166666666 0.3919270833333333 0.90625 0.3919270833333333 0.8932291666666666 0.3958333333333333 0.8828125 0.3997395833333333 0.8815104166666666
3 0.7994791666666666 0.14583333333333334 0.8033854166666666 0.14583333333333334 0.8046875 0.14973958333333334 0.8033854166666666 0.15885416666666666 0.7916666666666666 0.16536458333333334 0.7864583333333334 0.16145833333333334 0.7864583333333334 0.15755208333333334 0.7994791666666666 0.14713541666666666
3 0.5234375 0.5130208333333334 0.5260416666666666 0.52734375 0.5260416666666666 0.53515625 0.5234375 0.5390625 0.5208333333333334 0.5390625 0.5182291666666666 0.5338541666666666 0.5182291666666666 0.5169270833333334 0.5221354166666666 0.5130208333333334
3 0.5598958333333334 0.6380208333333334 0.5625 0.6471354166666666 0.55859375 0.65625 0.5546875 0.6549479166666666 0.5559895833333334 0.6393229166666666 0.55859375 0.6380208333333334
3 0.6028645833333334 0.8606770833333334 0.6119791666666666 0.86328125 0.6158854166666666 0.8684895833333334 0.6145833333333334 0.87890625 0.6119791666666666 0.8828125 0.6080729166666666 0.8828125 0.60546875 0.87890625 0.6028645833333334 0.8619791666666666
3 0.7317708333333334 0.2890625 0.7356770833333334 0.2877604166666667 0.7408854166666666 0.2916666666666667 0.7408854166666666 0.2994791666666667 0.73046875 0.3059895833333333 0.7278645833333334 0.3033854166666667 0.7278645833333334 0.2981770833333333 0.7317708333333334 0.2903645833333333
3 0.5169270833333334 0.14322916666666666 0.51953125 0.14583333333333334 0.51953125 0.16536458333333334 0.5143229166666666 0.17447916666666666 0.5078125 0.17317708333333334 0.5065104166666666 0.15234375 0.5091145833333334 0.14453125 0.515625 0.14322916666666666
3 0.2903645833333333 0.7083333333333334 0.29296875 0.7083333333333334 0.2955729166666667 0.72265625 0.2890625 0.734375 0.28515625 0.7317708333333334 0.2838541666666667 0.7239583333333334 0.28515625 0.71484375 0.2903645833333333 0.7096354166666666
3 0.8997395833333334 0.4765625 0.90625 0.4791666666666667 0.9127604166666666 0.4778645833333333 0.9166666666666666 0.4817708333333333 0.9166666666666666 0.4921875 0.9140625 0.4947916666666667 0.91015625 0.4947916666666667 0.90625 0.4921875 0.8997395833333334 0.4921875 0.8997395833333334 0.4778645833333333
3 0.3203125 0.57421875 0.31640625 0.5690104166666666 0.3177083333333333 0.5546875 0.3203125 0.5533854166666666 0.32421875 0.5572916666666666 0.32421875 0.5690104166666666 0.3216145833333333 0.5729166666666666
3 0.16145833333333334 0.5143229166666666 0.16796875 0.5182291666666666 0.17447916666666666 0.5169270833333334 0.17447916666666666 0.53125 0.1640625 0.5390625 0.15885416666666666 0.5299479166666666 0.16145833333333334 0.515625