1 0.7796875 0.60277777734375 0.7796875 0.5958333333333333 0.77578125 0.5958333333333333 0.77578125 0.60277777734375 0.7796875 0.60277777734375
0 0 0.4231770833333333 0.08854166666666667 0.42578125 0.10677083333333333 0.4348958333333333 0.11979166666666667 0.4505208333333333 0.13020833333333334 0.4700520833333333 0.13802083333333334 0.4986979166666667 0.140625 0.5286458333333334 0.13932291666666666 0.5572916666666666 0.13411458333333334 0.5846354166666666 0.12239583333333333 0.6106770833333334 0.10677083333333333 0.6302083333333334 0.09114583333333333 0.6380208333333334 0 0.63671875 0 0.6315104166666666 0.08463541666666667 0.6341145833333334 0.09895833333333333 0.62890625 0.1171875 0.609375 0.12760416666666666 0.58984375 0.13541666666666666 0.5638020833333334 0.13671875 0.5520833333333334 0.13541666666666666 0.5 0.12760416666666666 0.4739583333333333 0.11979166666666667 0.4583333333333333 0.11067708333333333 0.4466145833333333 0.09895833333333333 0.4361979166666667 0.09114583333333333 0.4322916666666667 0 0.4283854166666667 0 0.4244791666666667
0 0.8645833333333334 0.4544270833333333 0.96875 0.4583333333333333 0.9700520833333334 0.46484375 0.85546875 0.4609375 0.8424479166666666 0.4661458333333333 0.8307291666666666 0.4752604166666667 0.8151041666666666 0.5 0.8059895833333334 0.5364583333333334 0.8059895833333334 0.5859375 0.8098958333333334 0.6067708333333334 0.8151041666666666 0.62109375 0.8307291666666666 0.6471354166666666 0.84375 0.6575520833333334 0.8528645833333334 0.6614583333333334 0.9609375 0.6653645833333334 0.9674479166666666 0.6666666666666666 0.9674479166666666 0.671875 0.859375 0.66796875 0.8580729166666666 0.6653645833333334 0.8424479166666666 0.6627604166666666 0.83203125 0.6549479166666666 0.82421875 0.6471354166666666 0.8151041666666666 0.6302083333333334 0.8046875 0.5989583333333334 0.8020833333333334 0.57421875 0.8020833333333334 0.5442708333333334 0.8072916666666666 0.5130208333333334 0.8125 0.4973958333333333 0.8268229166666666 0.47265625 0.84375 0.4583333333333333 0.86328125 0.4544270833333333
2 0.4739583333333333 0.1328125 0.4765625 0.1328125 0.4778645833333333 0.15364583333333334 0.4752604166666667 0.23828125 0.4739583333333333 0.640625 0.4713541666666667 0.6484375 0.4700520833333333 0.9192708333333334 0.4674479166666667 0.9322916666666666 0.46875 0.9557291666666666 0.4661458333333333 0.9609375 0.46484375 0.9505208333333334 0.4674479166666667 0.890625 0.4661458333333333 0.8619791666666666 0.46875 0.6184895833333334 0.4713541666666667 0.5859375 0.4739583333333333 0.13411458333333334
3 0.7063802083333334 0.47265625 0.018229166666666668 0.026692708333333332
3 0.7825520833333334 0.6536458333333334 0.7838541666666666 0.66015625 0.7903645833333334 0.6666666666666666 0.7903645833333334 0.6770833333333334 0.7799479166666666 0.6783854166666666 0.78125 0.6549479166666666
3 0.953125 0.5768229166666666 0.9583333333333334 0.5807291666666666 0.9596354166666666 0.5885416666666666 0.9544270833333334 0.5950520833333334 0.9505208333333334 0.5963541666666666 0.9453125 0.5950520833333334 0.9401041666666666 0.58984375 0.9361979166666666 0.5794270833333334 0.9518229166666666 0.5768229166666666
3 0.15494791666666666 0.4739583333333333 0.16536458333333334 0.4791666666666667 0.16276041666666666 0.4921875 0.15104166666666666 0.4869791666666667 0.15104166666666666 0.4765625 0.15364583333333334 0.4752604166666667
3 0.8346354166666666 0.8411458333333334 0.83984375 0.8463541666666666 0.8450520833333334 0.8463541666666666 0.8489583333333334 0.8489583333333334 0.8502604166666666 0.8528645833333334 0.8502604166666666 0.8606770833333334 0.8463541666666666 0.8645833333333334 0.8450520833333334 0.87109375 0.8424479166666666 0.8736979166666666 0.8385416666666666 0.8736979166666666 0.8346354166666666 0.8424479166666666
3 0.8489583333333334 0.5533854166666666 0.8515625 0.5559895833333334 0.85546875 0.5559895833333334 0.8606770833333334 0.5651041666666666 0.8567708333333334 0.57421875 0.8541666666666666 0.5755208333333334 0.84765625 0.57421875 0.8450520833333334 0.5677083333333334 0.8463541666666666 0.5598958333333334 0.84375 0.5533854166666666 0.84765625 0.5533854166666666
3 0.7994791666666666 0.9140625 0.8072916666666666 0.9166666666666666 0.8151041666666666 0.9231770833333334 0.8151041666666666 0.93359375 0.8098958333333334 0.9466145833333334 0.8072916666666666 0.9479166666666666 0.8059895833333334 0.9348958333333334 0.7994791666666666 0.9153645833333334
3 0.7157609374999999 0.5622416666666666 0.7152828125 0.54932777734375 0.70217890625 0.5524652773437501 0.7030398437500001 0.5649611106770833 0.7157609374999999 0.5622416666666666
3 0.7259953124999999 0.55391527734375 0.7211171875 0.5408305559895833 0.713465625 0.5469486106770833 0.7171 0.56122222265625 0.7259953124999999 0.55391527734375
3 0.52591328125 0.5479916666666667 0.52118828125 0.5395958333333334 0.512378125 0.5383166666666667 0.51362734375 0.5633430559895833 0.52591328125 0.5479916666666667
3 0.62106484375 0.7459375 0.6183640625 0.7515611106770833 0.62308984375 0.77099027734375 0.6288953125 0.7707513893229166 0.63267578125 0.7597166666666667 0.62106484375 0.7459375
3 0.38984375 0.23472222265625 0.38828124999999997 0.25 0.390625 0.25555555598958335 0.39687500000000003 0.25555555598958335 0.39687500000000003 0.24583333333333335 0.38984375 0.23472222265625