1 0.49062500000000003 0.5444444440104167 0.49062500000000003 0.5416666666666666 0.48828125 0.5388888893229167 0.48671875000000003 0.54027777734375 0.48593749999999997 0.5430555559895833 0.48671875000000003 0.54722222265625 0.4890625 0.54722222265625 0.49062500000000003 0.5444444440104167
0 0 0.4322916666666667 0.08333333333333333 0.43359375 0.10416666666666667 0.4375 0.11979166666666667 0.4505208333333333 0.13541666666666666 0.4752604166666667 0.14322916666666666 0.5 0.14713541666666666 0.5260416666666666 0.14713541666666666 0.5572916666666666 0.14192708333333334 0.5885416666666666 0.13932291666666666 0.5911458333333334 0.13541666666666666 0.6067708333333334 0.12630208333333334 0.6223958333333334 0.11197916666666667 0.6380208333333334 0.10026041666666667 0.64453125 0.09635416666666667 0.64453125 0.09505208333333333 0.6471354166666666 0 0.6432291666666666 0 0.63671875 0.018229166666666668 0.6393229166666666 0.044270833333333336 0.6380208333333334 0.09244791666666667 0.640625 0.10677083333333333 0.6354166666666666 0.11588541666666667 0.6276041666666666 0.11588541666666667 0.625 0.12760416666666666 0.6119791666666666 0.13541666666666666 0.5950520833333334 0.14322916666666666 0.5611979166666666 0.14453125 0.5364583333333334 0.13932291666666666 0.4973958333333333 0.13671875 0.4947916666666667 0.13151041666666666 0.4765625 0.11979166666666667 0.4583333333333333 0.11067708333333333 0.44921875 0.09244791666666667 0.44140625 0.009114583333333334 0.4401041666666667 0 0.4388020833333333 0 0.43359375
0 0.92578125 0.4622395833333333 0.96875 0.4635416666666667 0.9713541666666666 0.46484375 0.9700520833333334 0.46875 0.85546875 0.4661458333333333 0.84375 0.4713541666666667 0.8346354166666666 0.4791666666666667 0.8229166666666666 0.4947916666666667 0.8138020833333334 0.5143229166666666 0.8098958333333334 0.5286458333333334 0.8072916666666666 0.5455729166666666 0.8072916666666666 0.58984375 0.8190104166666666 0.6302083333333334 0.8294270833333334 0.6471354166666666 0.84765625 0.6627604166666666 0.859375 0.6666666666666666 0.9140625 0.6666666666666666 0.9153645833333334 0.6692708333333334 0.9244791666666666 0.6705729166666666 0.9322916666666666 0.6692708333333334 0.9479166666666666 0.671875 0.96875 0.671875 0.9674479166666666 0.67578125 0.86328125 0.6731770833333334 0.84765625 0.6692708333333334 0.8450520833333334 0.6653645833333334 0.8359375 0.6614583333333334 0.82421875 0.6484375 0.8125 0.6263020833333334 0.8111979166666666 0.6158854166666666 0.8072916666666666 0.6067708333333334 0.8033854166666666 0.5716145833333334 0.8072916666666666 0.5260416666666666 0.81640625 0.4973958333333333 0.8307291666666666 0.4752604166666667 0.84765625 0.4635416666666667 0.8567708333333334 0.4609375 0.9244791666666666 0.4622395833333333
2 0.4778645833333333 0.140625 0.48046875 0.15625 0.4778645833333333 0.3111979166666667 0.4778645833333333 0.5611979166666666 0.4752604166666667 0.6302083333333334 0.4739583333333333 0.8385416666666666 0.4713541666666667 0.8385416666666666 0.4713541666666667 0.6432291666666666 0.4739583333333333 0.5924479166666666 0.4739583333333333 0.4583333333333333 0.4765625 0.39453125 0.4752604166666667 0.2825520833333333 0.4778645833333333 0.14192708333333334
3 0.6341145833333334 0.24088541666666666 0.6380208333333334 0.24739583333333334 0.6380208333333334 0.2552083333333333 0.6341145833333334 0.2643229166666667 0.6302083333333334 0.2630208333333333 0.62890625 0.25390625 0.62890625 0.24479166666666666 0.6328125 0.24088541666666666
3 0.6419270833333334 0.53515625 0.64453125 0.5442708333333334 0.6419270833333334 0.5520833333333334 0.63671875 0.5520833333333334 0.6328125 0.5442708333333334 0.6328125 0.5390625 0.640625 0.53515625
3 0.4986979166666667 0.3020833333333333 0.5013020833333334 0.3020833333333333 0.5052083333333334 0.3098958333333333 0.5013020833333334 0.3216145833333333 0.4986979166666667 0.3203125 0.4986979166666667 0.3033854166666667
3 0.4895833333333333 0.3841145833333333 0.4947916666666667 0.390625 0.4934895833333333 0.40625 0.48828125 0.40625 0.4830729166666667 0.3971354166666667 0.4830729166666667 0.3854166666666667 0.48828125 0.3841145833333333
3 0.5755208333333334 0.6184895833333334 0.5807291666666666 0.6197916666666666 0.5807291666666666 0.6380208333333334 0.578125 0.6393229166666666 0.57421875 0.63671875 0.5755208333333334 0.6197916666666666
3 0.44921875 0.23958333333333334 0.4518229166666667 0.24348958333333334 0.4505208333333333 0.2578125 0.4479166666666667 0.2578125 0.4440104166666667 0.2513020833333333 0.4440104166666667 0.2421875 0.4479166666666667 0.23958333333333334
3 0.4283854166666667 0.5182291666666666 0.4283854166666667 0.5286458333333334 0.4309895833333333 0.5325520833333334 0.4283854166666667 0.54296875 0.42578125 0.54296875 0.4231770833333333 0.5364583333333334 0.4231770833333333 0.5286458333333334 0.4270833333333333 0.51953125
3 0.3997395833333333 0.3372395833333333 0.40234375 0.3424479166666667 0.3997395833333333 0.3580729166666667 0.3971354166666667 0.3580729166666667 0.3919270833333333 0.34765625 0.3932291666666667 0.3385416666666667 0.3984375 0.3372395833333333
3 0.7565104166666666 0.53125 0.7630208333333334 0.5390625 0.7630208333333334 0.5481770833333334 0.7591145833333334 0.5533854166666666 0.75390625 0.5520833333333334 0.75 0.5442708333333334 0.7526041666666666 0.5325520833333334 0.7552083333333334 0.53125
3 0.4375 0.4427083333333333 0.4401041666666667 0.4427083333333333 0.4466145833333333 0.4505208333333333 0.4466145833333333 0.45703125 0.4427083333333333 0.46484375 0.4388020833333333 0.46484375 0.4322916666666667 0.45703125 0.4322916666666667 0.44921875 0.4348958333333333 0.44921875 0.4375 0.4440104166666667
3 0.4739583333333333 0.8385416666666666 0.4817708333333333 0.8450520833333334 0.4778645833333333 0.85546875 0.47265625 0.85546875 0.4713541666666667 0.8528645833333334 0.47265625 0.83984375
3 0.52578125 0.6958333333333333 0.52578125 0.7097222226562501 0.52890625 0.7097222226562501 0.5328125 0.7000000000000001 0.52578125 0.6958333333333333