1 0.31484375000000003 0.33749999999999997 0.315625 0.33472222265625 0.31484375000000003 0.33055555598958336 0.31406249999999997 0.32916666666666666 0.31093750000000003 0.33055555598958336 0.31015624999999997 0.33472222265625 0.31171875 0.33749999999999997 0.31484375000000003 0.33749999999999997
0 0 0.4322916666666667 0.08072916666666667 0.43359375 0.09765625 0.4375 0.11458333333333333 0.453125 0.12760416666666666 0.4752604166666667 0.13151041666666666 0.4895833333333333 0.13411458333333334 0.4921875 0.13932291666666666 0.52734375 0.13932291666666666 0.55859375 0.13411458333333334 0.58984375 0.12630208333333334 0.6106770833333334 0.11588541666666667 0.6276041666666666 0.10546875 0.6380208333333334 0.09375 0.64453125 0.08984375 0.64453125 0.08854166666666667 0.6471354166666666 0.08203125 0.6484375 0.036458333333333336 0.6471354166666666 0.03515625 0.64453125 0 0.64453125 0 0.6393229166666666 0.08854166666666667 0.640625 0.09895833333333333 0.63671875 0.11588541666666667 0.6184895833333334 0.12369791666666667 0.60546875 0.13151041666666666 0.5846354166666666 0.13671875 0.5533854166666666 0.13541666666666666 0.515625 0.13151041666666666 0.4973958333333333 0.12369791666666667 0.4765625 0.10677083333333333 0.4518229166666667 0.08723958333333333 0.44140625 0 0.4388020833333333 0 0.43359375
0 0.921875 0.4635416666666667 0.96484375 0.46484375 0.9674479166666666 0.4661458333333333 0.9674479166666666 0.4700520833333333 0.8502604166666666 0.4674479166666667 0.8307291666666666 0.4791666666666667 0.8190104166666666 0.4947916666666667 0.8177083333333334 0.5013020833333334 0.8111979166666666 0.51171875 0.8033854166666666 0.5403645833333334 0.8033854166666666 0.5950520833333334 0.8151041666666666 0.6328125 0.8255208333333334 0.6497395833333334 0.83984375 0.6627604166666666 0.8489583333333334 0.6666666666666666 0.8619791666666666 0.6666666666666666 0.86328125 0.6692708333333334 0.8776041666666666 0.6705729166666666 0.9635416666666666 0.6731770833333334 0.9635416666666666 0.6770833333333334 0.875 0.67578125 0.84765625 0.6731770833333334 0.8372395833333334 0.66796875 0.8203125 0.6510416666666666 0.8111979166666666 0.6341145833333334 0.8033854166666666 0.6106770833333334 0.7994791666666666 0.578125 0.80078125 0.5390625 0.8072916666666666 0.51171875 0.82421875 0.4791666666666667 0.8346354166666666 0.4700520833333333 0.8463541666666666 0.4635416666666667 0.9205729166666666 0.4635416666666667
2 0.4739583333333333 0.13932291666666666 0.4739583333333333 0.41015625 0.4713541666666667 0.44921875 0.47265625 0.5091145833333334 0.4674479166666667 0.9661458333333334 0.4635416666666667 0.9661458333333334 0.4635416666666667 0.88671875 0.4674479166666667 0.7591145833333334 0.46875 0.4192708333333333 0.47265625 0.140625
3 0.5572916666666666 0.30078125 0.5611979166666666 0.3020833333333333 0.5625 0.3072916666666667 0.5611979166666666 0.3177083333333333 0.5572916666666666 0.3190104166666667 0.5572916666666666 0.3020833333333333
3 0.609375 0.640625 0.6158854166666666 0.6393229166666666 0.6184895833333334 0.6432291666666666 0.6184895833333334 0.6536458333333334 0.61328125 0.65625 0.609375 0.6419270833333334
3 0.5182291666666666 0.8684895833333334 0.5247395833333334 0.8697916666666666 0.5299479166666666 0.875 0.5286458333333334 0.8854166666666666 0.5260416666666666 0.8893229166666666 0.5221354166666666 0.8893229166666666 0.51953125 0.8841145833333334 0.5182291666666666 0.8697916666666666
3 0.4361979166666667 0.23828125 0.43359375 0.23307291666666666 0.4348958333333333 0.22135416666666666 0.4388020833333333 0.22135416666666666 0.44140625 0.22916666666666666 0.44140625 0.23567708333333334 0.4388020833333333 0.23958333333333334 0.4375 0.23828125
3 0.58203125 0.70703125 0.5872395833333334 0.7083333333333334 0.5911458333333334 0.7135416666666666 0.58984375 0.7265625 0.5846354166666666 0.7278645833333334 0.58203125 0.7083333333333334
3 0.6822916666666666 0.2760416666666667 0.6848958333333334 0.27734375 0.68359375 0.296875 0.6783854166666666 0.2981770833333333 0.671875 0.2838541666666667 0.6809895833333334 0.27734375
3 0.6614583333333334 0.5690104166666666 0.6640625 0.5768229166666666 0.6575520833333334 0.58203125 0.65234375 0.5807291666666666 0.6484375 0.57421875 0.65234375 0.5677083333333334 0.66015625 0.5690104166666666
3 0.48046875 0.4830729166666667 0.0078125 0.01953125
3 0.4596354166666667 0.32421875 0.4557291666666667 0.3190104166666667 0.4557291666666667 0.3046875 0.4583333333333333 0.3033854166666667 0.4635416666666667 0.3125 0.4635416666666667 0.3203125 0.4609375 0.3229166666666667
3 0.5364583333333334 0.3919270833333333 0.5377604166666666 0.40625 0.5325520833333334 0.4205729166666667 0.5299479166666666 0.4192708333333333 0.5260416666666666 0.41015625 0.5260416666666666 0.39453125 0.5299479166666666 0.390625 0.53515625 0.3919270833333333
3 0.7864583333333334 0.4583333333333333 0.7890625 0.4674479166666667 0.7838541666666666 0.4752604166666667 0.7747395833333334 0.4713541666666667 0.7734375 0.4661458333333333 0.78125 0.4544270833333333 0.78515625 0.4583333333333333
3 0.3020833333333333 0.3072916666666667 0.3020833333333333 0.32421875 0.296875 0.3229166666666667 0.29296875 0.3177083333333333 0.2955729166666667 0.30859375 0.30078125 0.3072916666666667