1 0.42421875000000003 0.44166666666666665 0.42578125 0.4458333333333333 0.42890625 0.4458333333333333 0.4296875 0.44027777734375 0.42890625 0.4375 0.42578125 0.4375 0.425 0.43888888932291664 0.42421875000000003 0.44166666666666665
0 0.97265625 0.4166666666666667 0.9986979166666666 0.4166666666666667 0.9986979166666666 0.4231770833333333 0.90625 0.42578125 0.8958333333333334 0.4296875 0.8854166666666666 0.4375 0.8697916666666666 0.4583333333333333 0.8697916666666666 0.4622395833333333 0.8619791666666666 0.4778645833333333 0.8619791666666666 0.4830729166666667 0.859375 0.4856770833333333 0.8580729166666666 0.5013020833333334 0.85546875 0.5065104166666666 0.85546875 0.546875 0.859375 0.5677083333333334 0.8658854166666666 0.5872395833333334 0.87890625 0.609375 0.890625 0.62109375 0.9010416666666666 0.625 0.90234375 0.6276041666666666 0.91015625 0.62890625 0.9427083333333334 0.6276041666666666 0.9440104166666666 0.625 0.9466145833333334 0.625 0.9479166666666666 0.6276041666666666 0.953125 0.6276041666666666 0.9544270833333334 0.625 0.95703125 0.6276041666666666 0.9752604166666666 0.6276041666666666 0.9765625 0.625 0.9986979166666666 0.6236979166666666 0.9986979166666666 0.6315104166666666 0.9036458333333334 0.6341145833333334 0.8893229166666666 0.6276041666666666 0.8723958333333334 0.609375 0.86328125 0.5924479166666666 0.85546875 0.56640625 0.8515625 0.5338541666666666 0.8528645833333334 0.5026041666666666 0.8606770833333334 0.4700520833333333 0.8684895833333334 0.453125 0.8841145833333334 0.4309895833333333 0.8997395833333334 0.421875 0.90625 0.4205729166666667 0.97265625 0.41796875
0 0.020833333333333332 0.453125 0.13932291666666666 0.4505208333333333 0.15104166666666666 0.4557291666666667 0.16666666666666666 0.4713541666666667 0.17838541666666666 0.4921875 0.18619791666666666 0.5169270833333334 0.19010416666666666 0.546875 0.19010416666666666 0.5677083333333334 0.18229166666666666 0.6119791666666666 0.17057291666666666 0.63671875 0.15494791666666666 0.6549479166666666 0.14192708333333334 0.6614583333333334 0.12239583333333333 0.6640625 0.03515625 0.6653645833333334 0.033854166666666664 0.66796875 0.03125 0.66796875 0.029947916666666668 0.6653645833333334 0.0234375 0.6653645833333334 0.0234375 0.6627604166666666 0.033854166666666664 0.6614583333333334 0.125 0.6588541666666666 0.13671875 0.6575520833333334 0.14713541666666666 0.6536458333333334 0.16796875 0.6328125 0.17578125 0.6171875 0.18359375 0.59375 0.1875 0.5572916666666666 0.18359375 0.5208333333333334 0.17578125 0.49609375 0.16145833333333334 0.47265625 0.14713541666666666 0.4609375 0.13671875 0.4557291666666667 0.020833333333333332 0.4596354166666667 0.020833333333333332 0.4544270833333333
2 0.515625 0.125 0.5182291666666666 0.125 0.51953125 0.3776041666666667 0.5234375 0.5338541666666666 0.5182291666666666 0.55859375 0.51953125 0.5208333333333334 0.5169270833333334 0.46484375 0.515625 0.12630208333333334
3 0.6015625 0.5494791666666666 0.60546875 0.5520833333333334 0.6041666666666666 0.5638020833333334 0.6015625 0.56640625 0.59765625 0.5651041666666666 0.5963541666666666 0.5546875 0.6002604166666666 0.55078125
3 0.53125 0.5234375 0.5338541666666666 0.5234375 0.5377604166666666 0.5286458333333334 0.5377604166666666 0.5403645833333334 0.53515625 0.5481770833333334 0.5286458333333334 0.5481770833333334 0.52734375 0.5299479166666666 0.53125 0.5247395833333334
3 0.47265625 0.20833333333333334 0.4752604166666667 0.21223958333333334 0.4739583333333333 0.23307291666666666 0.47265625 0.23697916666666666 0.46875 0.23307291666666666 0.4674479166666667 0.22395833333333334 0.46875 0.21223958333333334 0.47265625 0.20963541666666666
3 0.49609375 0.4010416666666667 0.5026041666666666 0.4075520833333333 0.5 0.4205729166666667 0.4934895833333333 0.4205729166666667 0.4921875 0.40625 0.4947916666666667 0.40234375
3 0.7161458333333334 0.7291666666666666 0.7252604166666666 0.73828125 0.7252604166666666 0.7421875 0.71875 0.7447916666666666 0.7161458333333334 0.7486979166666666 0.7122395833333334 0.7434895833333334 0.7109375 0.734375 0.7109375 0.7291666666666666 0.71484375 0.7291666666666666
3 0.4973958333333333 0.73828125 0.5026041666666666 0.7395833333333334 0.5052083333333334 0.7447916666666666 0.50390625 0.7552083333333334 0.4986979166666667 0.7578125 0.49609375 0.7552083333333334 0.4973958333333333 0.7395833333333334
3 0.6354166666666666 0.2591145833333333 0.01171875 0.026692708333333332
3 0.5703125 0.5833333333333334 0.5729166666666666 0.5859375 0.5729166666666666 0.6015625 0.56640625 0.6028645833333334 0.5677083333333334 0.5872395833333334 0.5703125 0.5846354166666666
3 0.41015625 0.44140625 0.4166666666666667 0.4427083333333333 0.4153645833333333 0.4622395833333333 0.41015625 0.4609375 0.41015625 0.4427083333333333
3 0.3997395833333333 0.7005208333333334 0.4049479166666667 0.7005208333333334 0.4088541666666667 0.703125 0.40625 0.7174479166666666 0.4036458333333333 0.7213541666666666 0.3997395833333333 0.7213541666666666 0.3997395833333333 0.7018229166666666
3 0.8138020833333334 0.5677083333333334 0.8190104166666666 0.5651041666666666 0.8216145833333334 0.5598958333333334 0.828125 0.5598958333333334 0.8307291666666666 0.5625 0.8307291666666666 0.5716145833333334 0.828125 0.5755208333333334 0.81640625 0.5768229166666666 0.8125 0.5716145833333334 0.8138020833333334 0.5690104166666666
3 0.5455729166666666 0.8216145833333334 0.5494791666666666 0.82421875 0.55078125 0.8294270833333334 0.5494791666666666 0.8385416666666666 0.5442708333333334 0.8411458333333334 0.5416666666666666 0.8372395833333334 0.5416666666666666 0.828125 0.5442708333333334 0.8229166666666666