1 0.38581249999999995 0.7098333333333334 0.38534375000000004 0.70689722265625 0.3826875 0.7056666666666667 0.38115390625 0.7101194440104166 0.38190624999999995 0.714 0.38553125000000005 0.7146750000000001 0.38581249999999995 0.7098333333333334
0 0 0.4166666666666667 0.029947916666666668 0.4166666666666667 0.03125 0.4192708333333333 0.036458333333333336 0.4192708333333333 0.037760416666666664 0.4166666666666667 0.040364583333333336 0.4166666666666667 0.041666666666666664 0.4192708333333333 0.08854166666666667 0.4192708333333333 0.10286458333333333 0.421875 0.11458333333333333 0.4283854166666667 0.13020833333333334 0.4466145833333333 0.14192708333333334 0.47265625 0.14713541666666666 0.4934895833333333 0.14973958333333334 0.5182291666666666 0.14713541666666666 0.55859375 0.13802083333333334 0.58984375 0.12760416666666666 0.609375 0.10807291666666667 0.6276041666666666 0.09635416666666667 0.6315104166666666 0 0.62890625 0 0.6223958333333334 0.09244791666666667 0.625 0.10416666666666667 0.6223958333333334 0.11067708333333333 0.6184895833333334 0.12369791666666667 0.60546875 0.13541666666666666 0.5846354166666666 0.14322916666666666 0.5598958333333334 0.14583333333333334 0.53125 0.14453125 0.4986979166666667 0.13932291666666666 0.4765625 0.12760416666666666 0.4505208333333333 0.1171875 0.4401041666666667 0.11588541666666667 0.4361979166666667 0.09505208333333333 0.42578125 0 0.4231770833333333 0 0.41796875
0 0.4869791666666667 0.8645833333333334 0.4973958333333333 0.8723958333333334 0.51171875 0.89453125 0.5169270833333334 0.9088541666666666 0.5182291666666666 0.9205729166666666 0.5208333333333334 0.9231770833333334 0.5221354166666666 0.9505208333333334 0.51953125 0.9505208333333334 0.5143229166666666 0.9114583333333334 0.5065104166666666 0.8932291666666666 0.5 0.8828125 0.4895833333333333 0.8723958333333334 0.4778645833333333 0.8671875 0.46484375 0.8671875 0.4557291666666667 0.87109375 0.4401041666666667 0.8880208333333334 0.4283854166666667 0.9166666666666666 0.4244791666666667 0.9466145833333334 0.421875 0.9466145833333334 0.42578125 0.9127604166666666 0.4322916666666667 0.89453125 0.4453125 0.8736979166666666 0.4635416666666667 0.8619791666666666 0.48046875 0.8619791666666666 0.4856770833333333 0.8645833333333334
0 0.9049479166666666 0.4479166666666667 0.9700520833333334 0.4505208333333333 0.9739583333333334 0.4518229166666667 0.9739583333333334 0.4544270833333333 0.9205729166666666 0.4557291666666667 0.8971354166666666 0.453125 0.85546875 0.453125 0.8424479166666666 0.4609375 0.8268229166666666 0.4778645833333333 0.8216145833333334 0.4908854166666667 0.8190104166666666 0.4921875 0.8111979166666666 0.5143229166666666 0.8072916666666666 0.5377604166666666 0.8072916666666666 0.5677083333333334 0.8111979166666666 0.5911458333333334 0.8190104166666666 0.6145833333333334 0.8216145833333334 0.6158854166666666 0.8307291666666666 0.6341145833333334 0.8515625 0.6510416666666666 0.859375 0.6536458333333334 0.9674479166666666 0.6575520833333334 0.9700520833333334 0.6588541666666666 0.9700520833333334 0.6614583333333334 0.9661458333333334 0.6627604166666666 0.8880208333333334 0.6588541666666666 0.8828125 0.66015625 0.8502604166666666 0.65625 0.8385416666666666 0.6497395833333334 0.83203125 0.6432291666666666 0.8229166666666666 0.6315104166666666 0.8125 0.609375 0.8072916666666666 0.5885416666666666 0.8046875 0.5520833333333334 0.8072916666666666 0.5182291666666666 0.8203125 0.4791666666666667 0.8359375 0.4583333333333333 0.84765625 0.4505208333333333 0.85546875 0.4479166666666667 0.9036458333333334 0.4479166666666667
2 0.48046875 0.125 0.4817708333333333 0.31640625 0.4791666666666667 0.4049479166666667 0.4791666666666667 0.5638020833333334 0.4778645833333333 0.6223958333333334 0.4765625 0.6236979166666666 0.4739583333333333 0.62109375 0.4778645833333333 0.34375 0.4765625 0.2591145833333333 0.48046875 0.12630208333333334
3 0.3828125 0.5533854166666666 0.3854166666666667 0.5533854166666666 0.3880208333333333 0.5598958333333334 0.3880208333333333 0.5703125 0.3802083333333333 0.5703125 0.37890625 0.5611979166666666 0.3828125 0.5546875
3 0.5299479166666666 0.4986979166666667 0.5338541666666666 0.5 0.5377604166666666 0.5078125 0.5377604166666666 0.5182291666666666 0.5325520833333334 0.51953125 0.5299479166666666 0.5143229166666666 0.5299479166666666 0.5
3 0.4908854166666667 0.2669270833333333 0.49609375 0.2734375 0.4921875 0.2903645833333333 0.48828125 0.2890625 0.4856770833333333 0.2747395833333333 0.4856770833333333 0.2708333333333333 0.4895833333333333 0.2669270833333333
3 0.46875 0.6236979166666666 0.4752604166666667 0.625 0.4739583333333333 0.640625 0.46875 0.6380208333333334 0.46875 0.625
3 0.4596354166666667 0.4557291666666667 0.4635416666666667 0.4609375 0.4635416666666667 0.4765625 0.4596354166666667 0.4817708333333333 0.453125 0.48046875 0.4518229166666667 0.4752604166666667 0.4518229166666667 0.4635416666666667 0.4583333333333333 0.4557291666666667
3 0.44921875 0.6953125 0.45703125 0.6953125 0.4557291666666667 0.7122395833333334 0.4479166666666667 0.7096354166666666 0.4466145833333333 0.703125 0.44921875 0.6966145833333334
3 0.6158854166666666 0.5338541666666666 0.6119791666666666 0.52734375 0.6119791666666666 0.5208333333333334 0.6184895833333334 0.51171875 0.6223958333333334 0.5143229166666666 0.6236979166666666 0.5234375 0.6223958333333334 0.5325520833333334 0.6171875 0.5338541666666666
3 0.37109375 0.7265625 0.3776041666666667 0.71875 0.3815104166666667 0.70703125 0.3854166666666667 0.70703125 0.3854166666666667 0.7135416666666666 0.3815104166666667 0.71875 0.3828125 0.7369791666666666 0.3802083333333333 0.7421875 0.3684895833333333 0.7317708333333334 0.37109375 0.7278645833333334
3 0.40625 0.4322916666666667 0.41015625 0.4322916666666667 0.4127604166666667 0.4348958333333333 0.4140625 0.44140625 0.4140625 0.4466145833333333 0.41015625 0.4505208333333333 0.40625 0.4440104166666667 0.40625 0.43359375
3 0.453125 0.22135416666666666 0.4622395833333333 0.2265625 0.4622395833333333 0.23828125 0.4596354166666667 0.2421875 0.4518229166666667 0.234375 0.453125 0.22265625
3 0.3359375 0.6041666666666666 0.3411458333333333 0.6067708333333334 0.3411458333333333 0.62109375 0.3385416666666667 0.6263020833333334 0.3359375 0.6263020833333334 0.3307291666666667 0.61328125 0.3307291666666667 0.609375 0.3359375 0.60546875
3 0.3125 0.3513888893229167 0.31093750000000003 0.35972222265625 0.31875000000000003 0.3694444440104167 0.3203125 0.35277777734375 0.3125 0.3513888893229167