1 0.31406249999999997 0.45972222265625 0.31484375000000003 0.4611111106770833 0.31796874999999997 0.4611111106770833 0.31875000000000003 0.4583333333333333 0.31796874999999997 0.45416666666666666 0.31484375000000003 0.45416666666666666 0.31406249999999997 0.45555555598958336 0.31406249999999997 0.45972222265625
0 0.8958333333333334 0.4375 0.91015625 0.4309895833333333 0.921875 0.4296875 0.9986979166666666 0.4283854166666667 0.9986979166666666 0.43359375 0.9231770833333334 0.4348958333333333 0.9114583333333334 0.4361979166666667 0.91015625 0.4388020833333333 0.8997395833333334 0.4427083333333333 0.890625 0.44921875 0.87890625 0.4661458333333333 0.8671875 0.4947916666666667 0.86328125 0.5143229166666666 0.86328125 0.5611979166666666 0.87109375 0.5924479166666666 0.8828125 0.6145833333333334 0.8997395833333334 0.6328125 0.9127604166666666 0.6380208333333334 0.9986979166666666 0.6354166666666666 0.9986979166666666 0.640625 0.99609375 0.6419270833333334 0.91015625 0.6432291666666666 0.8958333333333334 0.63671875 0.8841145833333334 0.6263020833333334 0.8684895833333334 0.59765625 0.8606770833333334 0.5651041666666666 0.859375 0.53125 0.8619791666666666 0.50390625 0.8723958333333334 0.46875 0.8828125 0.4518229166666667 0.8958333333333334 0.4388020833333333
0 0.16015625 0.4674479166666667 0.1640625 0.4674479166666667 0.17057291666666666 0.4739583333333333 0.18619791666666666 0.4986979166666667 0.19401041666666666 0.5247395833333334 0.19791666666666666 0.5494791666666666 0.19791666666666666 0.5794270833333334 0.19401041666666666 0.6080729166666666 0.1875 0.6276041666666666 0.17708333333333334 0.6471354166666666 0.1640625 0.6614583333333334 0.15234375 0.6692708333333334 0.14322916666666666 0.671875 0.044270833333333336 0.67578125 0.032552083333333336 0.6744791666666666 0.032552083333333336 0.671875 0.0390625 0.6705729166666666 0.14453125 0.6653645833333334 0.16276041666666666 0.65625 0.1796875 0.6354166666666666 0.19140625 0.6028645833333334 0.1953125 0.5768229166666666 0.1953125 0.546875 0.18489583333333334 0.5052083333333334 0.18098958333333334 0.5013020833333334 0.17708333333333334 0.4908854166666667 0.16145833333333334 0.4739583333333333 0.16015625 0.46875
2 0.5247395833333334 0.13541666666666666 0.5286458333333334 0.45703125 0.52734375 0.5026041666666666 0.53125 0.6328125 0.53125 0.8424479166666666 0.53515625 0.9348958333333334 0.5338541666666666 0.96484375 0.53125 0.96484375 0.5299479166666666 0.9348958333333334 0.53125 0.9127604166666666 0.5286458333333334 0.8880208333333334 0.52734375 0.6458333333333334 0.5247395833333334 0.640625 0.52734375 0.625 0.5247395833333334 0.5755208333333334 0.5260416666666666 0.5234375 0.5234375 0.13671875
3 0.265625 0.4544270833333333 0.26953125 0.4622395833333333 0.2747395833333333 0.4661458333333333 0.2682291666666667 0.4817708333333333 0.2643229166666667 0.4817708333333333 0.2591145833333333 0.4739583333333333 0.2591145833333333 0.4609375 0.2604166666666667 0.45703125 0.2643229166666667 0.4544270833333333
3 0.24739583333333334 0.6223958333333334 0.2526041666666667 0.62890625 0.2578125 0.6302083333333334 0.25390625 0.6393229166666666 0.24348958333333334 0.6419270833333334 0.2421875 0.62890625 0.24609375 0.6236979166666666
3 0.07552083333333333 0.53125 0.08072916666666667 0.53125 0.08463541666666667 0.53515625 0.08854166666666667 0.53515625 0.09375 0.5455729166666666 0.09375 0.55078125 0.09114583333333333 0.5520833333333334 0.07682291666666667 0.5520833333333334 0.07291666666666667 0.5455729166666666 0.07291666666666667 0.5364583333333334 0.07552083333333333 0.5325520833333334
3 0.16015625 0.4583333333333333 0.16015625 0.4765625 0.15755208333333334 0.4817708333333333 0.15234375 0.4830729166666667 0.15234375 0.4765625 0.14583333333333334 0.46875 0.14583333333333334 0.4635416666666667 0.15625 0.4622395833333333 0.16015625 0.4596354166666667
3 0.81640625 0.4817708333333333 0.8203125 0.484375 0.8268229166666666 0.4817708333333333 0.8307291666666666 0.48828125 0.8294270833333334 0.4934895833333333 0.8268229166666666 0.49609375 0.8203125 0.49609375 0.81640625 0.5013020833333334 0.8151041666666666 0.4830729166666667
3 0.28515625 0.4778645833333333 0.2877604166666667 0.484375 0.29296875 0.4869791666666667 0.2890625 0.5013020833333334 0.28515625 0.5026041666666666 0.2786458333333333 0.4908854166666667 0.2838541666666667 0.4791666666666667
3 0.16276041666666666 0.7291666666666666 0.16796875 0.7291666666666666 0.17447916666666666 0.7252604166666666 0.171875 0.7447916666666666 0.16796875 0.7473958333333334 0.16015625 0.7408854166666666 0.16015625 0.734375 0.16276041666666666 0.73046875
3 0.4583333333333333 0.4322916666666667 0.4609375 0.4361979166666667 0.4609375 0.453125 0.4557291666666667 0.4713541666666667 0.4518229166666667 0.47265625 0.4505208333333333 0.4674479166666667 0.453125 0.45703125 0.453125 0.4401041666666667 0.45703125 0.43359375
3 0.5833333333333334 0.2604166666666667 0.5794270833333334 0.2578125 0.58203125 0.23828125 0.5859375 0.23828125 0.5846354166666666 0.2591145833333333
3 0.328125 0.4947916666666667 0.3372395833333333 0.4947916666666667 0.3346354166666667 0.5169270833333334 0.328125 0.515625 0.328125 0.49609375
3 0.32957421875 0.7444041666666666 0.323403125 0.73553472265625 0.31896328125 0.74910277734375 0.32162734375 0.7655111106770834 0.32957421875 0.7444041666666666
3 0.27651796875 0.9085819440104167 0.2612890625 0.9095833333333333 0.2632421875 0.9294625 0.2685703125 0.9282 0.27651796875 0.9085819440104167