1 0.46246875 0.6479111106770833 0.46178125000000003 0.6443569440104167 0.45946875000000004 0.64280277734375 0.45742187500000003 0.6454444440104167 0.45771875 0.64990972265625 0.45946875000000004 0.6519083333333333 0.46084375 0.6510194440104167 0.46246875 0.6479111106770833
0 0 0.4114583333333333 0.08854166666666667 0.4140625 0.09765625 0.4166666666666667 0.11067708333333333 0.42578125 0.11848958333333333 0.43359375 0.13151041666666666 0.4557291666666667 0.14192708333333334 0.4947916666666667 0.14322916666666666 0.515625 0.14192708333333334 0.5481770833333334 0.13151041666666666 0.5872395833333334 0.11979166666666667 0.6067708333333334 0.10677083333333333 0.6197916666666666 0.09114583333333333 0.6276041666666666 0 0.6263020833333334 0 0.6184895833333334 0.055989583333333336 0.62109375 0.09114583333333333 0.62109375 0.09895833333333333 0.6184895833333334 0.11328125 0.6067708333333334 0.11328125 0.6041666666666666 0.12760416666666666 0.5846354166666666 0.13541666666666666 0.5611979166666666 0.13671875 0.546875 0.13932291666666666 0.54296875 0.13932291666666666 0.4973958333333333 0.13671875 0.4921875 0.13541666666666666 0.4778645833333333 0.12369791666666667 0.44921875 0.11067708333333333 0.4322916666666667 0.09895833333333333 0.4244791666666667 0.08854166666666667 0.4205729166666667 0 0.4192708333333333 0 0.4127604166666667
0 0.9322916666666666 0.4505208333333333 0.859375 0.4466145833333333 0.84765625 0.44921875 0.8346354166666666 0.4583333333333333 0.8190104166666666 0.4791666666666667 0.8111979166666666 0.49609375 0.8072916666666666 0.51171875 0.8059895833333334 0.53125 0.8033854166666666 0.5377604166666666 0.8072916666666666 0.5859375 0.8177083333333334 0.6145833333333334 0.8255208333333334 0.6276041666666666 0.8411458333333334 0.6419270833333334 0.8528645833333334 0.6458333333333334 0.8541666666666666 0.6484375 0.9635416666666666 0.65234375 0.9661458333333334 0.6536458333333334 0.9661458333333334 0.65625 0.9388020833333334 0.6575520833333334 0.91796875 0.6549479166666666 0.875 0.6549479166666666 0.8502604166666666 0.65234375 0.83984375 0.6484375 0.8203125 0.6276041666666666 0.8125 0.6119791666666666 0.8046875 0.5885416666666666 0.80078125 0.5546875 0.80078125 0.5377604166666666 0.8046875 0.5091145833333334 0.8151041666666666 0.4778645833333333 0.828125 0.45703125 0.83984375 0.4479166666666667 0.8515625 0.4427083333333333 0.96484375 0.4453125 0.96875 0.4466145833333333 0.96875 0.4505208333333333 0.93359375 0.44921875
2 0.4700520833333333 0.5325520833333334 0.4752604166666667 0.5325520833333334 0.4739583333333333 0.6822916666666666 0.4713541666666667 0.7265625 0.4700520833333333 0.9453125 0.4674479166666667 0.9453125 0.46875 0.70703125 0.47265625 0.5403645833333334 0.4700520833333333 0.5338541666666666
3 0.6197916666666666 0.16145833333333334 0.6236979166666666 0.16276041666666666 0.6263020833333334 0.16666666666666666 0.6263020833333334 0.17447916666666666 0.6223958333333334 0.18359375 0.6197916666666666 0.18619791666666666 0.6158854166666666 0.18619791666666666 0.61328125 0.18359375 0.6184895833333334 0.16276041666666666
3 0.19791666666666666 0.14583333333333334 0.20182291666666666 0.14583333333333334 0.20572916666666666 0.15234375 0.21223958333333334 0.15625 0.21223958333333334 0.16796875 0.20963541666666666 0.171875 0.20703125 0.17057291666666666 0.203125 0.16276041666666666 0.1953125 0.15494791666666666 0.19791666666666666 0.14713541666666666
3 0.44140625 0.6354166666666666 0.4518229166666667 0.6432291666666666 0.4466145833333333 0.6549479166666666 0.4375 0.6510416666666666 0.4375 0.63671875 0.4401041666666667 0.6354166666666666
3 0.2643229166666667 0.2916666666666667 0.2682291666666667 0.2955729166666667 0.2682291666666667 0.3072916666666667 0.2708333333333333 0.3125 0.2708333333333333 0.3151041666666667 0.2682291666666667 0.31640625 0.265625 0.3111979166666667 0.26171875 0.3098958333333333 0.2578125 0.3046875 0.2578125 0.2981770833333333 0.2643229166666667 0.29296875
3 0.3958333333333333 0.8606770833333334 0.3932291666666667 0.87890625 0.3893229166666667 0.8828125 0.38671875 0.8828125 0.3828125 0.8763020833333334 0.3828125 0.8684895833333334 0.38671875 0.8619791666666666 0.39453125 0.8606770833333334
3 0.4895833333333333 0.14322916666666666 0.4921875 0.15364583333333334 0.4908854166666667 0.17317708333333334 0.4869791666666667 0.17578125 0.4830729166666667 0.17317708333333334 0.4791666666666667 0.16536458333333334 0.4791666666666667 0.14583333333333334 0.4817708333333333 0.14322916666666666 0.48828125 0.14322916666666666
3 0.7057291666666666 0.7083333333333334 0.7083333333333334 0.7083333333333334 0.7083333333333334 0.7109375 0.71484375 0.7174479166666666 0.7135416666666666 0.73046875 0.7122395833333334 0.7330729166666666 0.7096354166666666 0.7330729166666666 0.703125 0.7213541666666666 0.7057291666666666 0.7096354166666666
3 0.09049479166666667 0.486328125 0.020182291666666668 0.01953125
3 0.6783854166666666 0.5520833333333334 0.6822916666666666 0.5572916666666666 0.6822916666666666 0.5690104166666666 0.6783854166666666 0.5729166666666666 0.6744791666666666 0.5677083333333334 0.6744791666666666 0.5572916666666666 0.6783854166666666 0.5533854166666666
3 0.8385416666666666 0.51171875 0.8424479166666666 0.51953125 0.8424479166666666 0.5299479166666666 0.8385416666666666 0.5364583333333334 0.82421875 0.5299479166666666 0.828125 0.5208333333333334 0.8372395833333334 0.5130208333333334
3 0.47451249999999995 0.5268041666666666 0.47521718749999997 0.5309180559895833 0.4771296875 0.5293083333333334 0.48014921875 0.5284138893229167 0.48145781249999997 0.5207236106770833 0.481659375 0.511425 0.47884062499999996 0.5051652773437499 0.47524218749999997 0.5055833333333334 0.47541796875 0.5151805559895833 0.47793515625 0.5187569440104166 0.47743125 0.5243013893229167 0.47451249999999995 0.5268041666666666
3 0.60912421875 0.8896000000000001 0.6041328125 0.8864333333333333 0.602528125 0.87851527734375 0.5998546875 0.88485 0.5961109375 0.8813666666666666 0.59584375 0.8814902773437501 0.59914140625 0.8943513893229166 0.59735859375 0.9041694440104168 0.60965859375 0.89498472265625 0.60912421875 0.8896000000000001