1 0.70546875 0.4611111106770833 0.70546875 0.4583333333333333 0.7039062500000001 0.45555555598958336 0.7015625 0.45555555598958336 0.70078125 0.4611111106770833 0.7023437499999999 0.46388888932291666 0.7046875 0.46249999999999997 0.70546875 0.4611111106770833
0 0 0.4270833333333333 0.07421875 0.4296875 0.08463541666666667 0.4283854166666667 0.1015625 0.4348958333333333 0.11979166666666667 0.4544270833333333 0.13020833333333334 0.4739583333333333 0.13671875 0.49609375 0.13932291666666666 0.515625 0.13932291666666666 0.5572916666666666 0.13411458333333334 0.5872395833333334 0.11848958333333333 0.6197916666666666 0.10546875 0.6341145833333334 0.08854166666666667 0.6419270833333334 0 0.640625 0 0.6354166666666666 0.08854166666666667 0.63671875 0.09895833333333333 0.6328125 0.11588541666666667 0.6145833333333334 0.125 0.5989583333333334 0.13541666666666666 0.56640625 0.13671875 0.5533854166666666 0.13671875 0.5169270833333334 0.1328125 0.4947916666666667 0.12109375 0.46484375 0.1171875 0.4609375 0.11588541666666667 0.4557291666666667 0.10677083333333333 0.4466145833333333 0.08854166666666667 0.4348958333333333 0.006510416666666667 0.4322916666666667 0 0.4309895833333333 0 0.4283854166666667
0 0.8515625 0.4583333333333333 0.9114583333333334 0.4583333333333333 0.9127604166666666 0.4609375 0.95703125 0.4609375 0.9713541666666666 0.4635416666666667 0.96875 0.4674479166666667 0.8658854166666666 0.4635416666666667 0.8515625 0.46484375 0.8346354166666666 0.4752604166666667 0.8190104166666666 0.4973958333333333 0.8111979166666666 0.515625 0.8059895833333334 0.5455729166666666 0.8059895833333334 0.5859375 0.8098958333333334 0.6080729166666666 0.8229166666666666 0.6380208333333334 0.83984375 0.6575520833333334 0.8580729166666666 0.6653645833333334 0.9192708333333334 0.6666666666666666 0.9205729166666666 0.6692708333333334 0.9674479166666666 0.6705729166666666 0.9661458333333334 0.67578125 0.9609375 0.67578125 0.8515625 0.6705729166666666 0.83203125 0.6575520833333334 0.82421875 0.6497395833333334 0.81640625 0.6354166666666666 0.8125 0.6276041666666666 0.8111979166666666 0.6184895833333334 0.80859375 0.6158854166666666 0.8033854166666666 0.5924479166666666 0.8020833333333334 0.5572916666666666 0.8046875 0.53125 0.8125 0.5026041666666666 0.8268229166666666 0.4765625 0.8346354166666666 0.46875 0.8515625 0.4596354166666667
2 0.4739583333333333 0.13671875 0.4765625 0.13671875 0.4778645833333333 0.13932291666666666 0.4752604166666667 0.2708333333333333 0.4739583333333333 0.6471354166666666 0.4713541666666667 0.6614583333333334 0.4700520833333333 0.9361979166666666 0.4674479166666667 0.96484375 0.46484375 0.9401041666666666 0.4674479166666667 0.9244791666666666 0.4661458333333333 0.87890625 0.4700520833333333 0.65625 0.46875 0.6276041666666666 0.4713541666666667 0.6106770833333334 0.4739583333333333 0.13802083333333334
3 0.8424479166666666 0.4778645833333333 0.8450520833333334 0.4778645833333333 0.8489583333333334 0.4830729166666667 0.85546875 0.4791666666666667 0.8606770833333334 0.4856770833333333 0.8606770833333334 0.48828125 0.8528645833333334 0.4973958333333333 0.8528645833333334 0.5026041666666666 0.8489583333333334 0.5026041666666666 0.84375 0.4869791666666667 0.84375 0.4791666666666667
3 0.7526041666666666 0.6276041666666666 0.7565104166666666 0.6302083333333334 0.765625 0.6302083333333334 0.7682291666666666 0.6393229166666666 0.7630208333333334 0.6471354166666666 0.7578125 0.6471354166666666 0.7513020833333334 0.62890625
3 0.5390625 0.44921875 0.5455729166666666 0.4505208333333333 0.5455729166666666 0.4622395833333333 0.5416666666666666 0.46875 0.5390625 0.46875 0.5377604166666666 0.46484375 0.5390625 0.4505208333333333
3 0.921875 0.5299479166666666 0.9348958333333334 0.53125 0.9388020833333334 0.5390625 0.9388020833333334 0.5455729166666666 0.9361979166666666 0.5494791666666666 0.9244791666666666 0.55078125 0.9205729166666666 0.5481770833333334 0.9205729166666666 0.53125
3 0.17057291666666666 0.4778645833333333 0.17838541666666666 0.484375 0.18098958333333334 0.4908854166666667 0.1796875 0.4947916666666667 0.17447916666666666 0.4921875 0.1640625 0.4947916666666667 0.16536458333333334 0.4830729166666667 0.16927083333333334 0.4778645833333333
3 0.7200520833333334 0.4973958333333333 0.7239583333333334 0.5 0.7252604166666666 0.5065104166666666 0.7213541666666666 0.5182291666666666 0.7161458333333334 0.5182291666666666 0.7135416666666666 0.5130208333333334 0.7135416666666666 0.5078125 0.71875 0.5026041666666666 0.71875 0.4986979166666667
3 0.83203125 0.7408854166666666 0.8346354166666666 0.7421875 0.8385416666666666 0.7513020833333334 0.8450520833333334 0.7565104166666666 0.8450520833333334 0.7630208333333334 0.8385416666666666 0.76953125 0.8385416666666666 0.7721354166666666 0.8346354166666666 0.7721354166666666 0.83203125 0.7669270833333334 0.83203125 0.7421875
3 0.671875 0.5182291666666666 0.67578125 0.5182291666666666 0.6796875 0.5260416666666666 0.6796875 0.5325520833333334 0.671875 0.5403645833333334 0.671875 0.51953125
3 0.73828125 0.4518229166666667 0.7421875 0.4505208333333333 0.7473958333333334 0.4557291666666667 0.7473958333333334 0.4713541666666667 0.7434895833333334 0.4765625 0.7356770833333334 0.4765625 0.7330729166666666 0.4739583333333333 0.73828125 0.453125
3 0.4109375 0.25972222265625 0.41250000000000003 0.2611111106770833 0.4140625 0.26388888932291665 0.4140625 0.26527777734374997 0.41484375 0.26527777734374997 0.41640625000000003 0.25555555598958335 0.41640625000000003 0.24722222265625002 0.4140625 0.2430555559895833 0.41250000000000003 0.24166666666666667 0.41015625 0.24166666666666667 0.40859375000000003 0.24444444401041665 0.40859375000000003 0.25 0.409375 0.25416666666666665 0.4109375 0.25972222265625
3 0.671875 0.74722222265625 0.6640625 0.7513888893229167 0.6625 0.7555555559895833 0.671875 0.7666666666666666 0.67421875 0.75972222265625 0.671875 0.74722222265625
3 0.75234375 0.9166666666666666 0.7484375 0.9111111106770834 0.7374999999999999 0.9083333333333333 0.74765625 0.9319444440104167 0.75234375 0.9263888893229167 0.75234375 0.9166666666666666