3 0.76015625 0.23611111067708335 0.759375 0.225 0.7507812500000001 0.23472222265625 0.7484375 0.24722222265625002 0.76015625 0.23611111067708335
3 0.6015625 0.23611111067708335 0.6015625 0.2430555559895833 0.603125 0.24861111067708333 0.6046874999999999 0.24861111067708333 0.6078125 0.24583333333333335 0.6101562500000001 0.24166666666666667 0.6109375 0.23888888932291666 0.6109375 0.23472222265625 0.61171875 0.2333333333333333 0.61171875 0.22916666666666666 0.6109375 0.22638888932291668 0.609375 0.2236111106770833 0.6007812499999999 0.23472222265625 0.6015625 0.23611111067708335
3 0.6062500000000001 0.4430555559895833 0.61171875 0.4319444440104167 0.6101562500000001 0.4236111106770833 0.6023437500000001 0.41944444401041664 0.59921875 0.43611111067708336 0.6062500000000001 0.4430555559895833
3 0.5929687499999999 0.4805555559895833 0.59140625 0.4708333333333334 0.5867187500000001 0.47222222265625 0.58828125 0.4861111106770833 0.5929687499999999 0.4805555559895833
3 0.5921875 0.5194444440104167 0.58984375 0.5069444440104166 0.58203125 0.5041666666666667 0.58359375 0.5236111106770833 0.5921875 0.5194444440104167
3 0.603125 0.6055555559895833 0.6023437500000001 0.61527777734375 0.6101562500000001 0.6166666666666667 0.6171875 0.6069444440104167 0.6171875 0.6013888893229167 0.6140625000000001 0.6041666666666666 0.6101562500000001 0.5944444440104167 0.603125 0.6055555559895833
3 0.6492187500000001 0.6763888893229167 0.65 0.6611111106770834 0.640625 0.6694444440104167 0.6414062500000001 0.6791666666666667 0.6492187500000001 0.6763888893229167
3 0.5773437499999999 0.7486111106770833 0.5851562499999999 0.74722222265625 0.5867187500000001 0.7236111106770834 0.5750000000000001 0.725 0.57265625 0.7374999999999999 0.5773437499999999 0.7486111106770833
3 0.6164062499999999 0.8083333333333332 0.6171875 0.7944444440104167 0.61328125 0.7902777773437499 0.6085937499999999 0.80277777734375 0.6164062499999999 0.8083333333333332
3 0.72109375 0.8513888893229167 0.7234375000000001 0.8402777773437501 0.7140624999999999 0.8375 0.71328125 0.8527777773437499 0.72109375 0.8513888893229167
0 1 0.61527777734375 0.96484375 0.6180555559895834 0.9539062500000001 0.6111111106770833 0.9523437499999999 0.6055555559895833 0.8976562499999999 0.6111111106770833 0.8718750000000001 0.5750000000000001 0.8718750000000001 0.5638888893229167 0.86484375 0.5458333333333333 0.86328125 0.5055555559895833 0.865625 0.4861111106770833 0.86328125 0.48194444401041664 0.8585937499999999 0.4916666666666667 0.8562500000000001 0.5111111106770834 0.8578125 0.5499999999999999 0.8703124999999999 0.5930555559895833 0.88515625 0.6138888893229166 0.9109375000000001 0.6291666666666667 1 0.6263888893229167 1 0.61527777734375
0 0.8718750000000001 0.45555555598958336 0.8742187499999999 0.4583333333333333 0.8859374999999999 0.43888888932291664 0.9031250000000001 0.4236111106770833 1 0.4166666666666667 0.9968750000000001 0.41111111067708334 0.90390625 0.4166666666666667 0.88671875 0.42777777734375005 0.8718750000000001 0.45555555598958336
3 0.8828125 0.4791666666666667 0.88125 0.46527777734375 0.86953125 0.46527777734375 0.86875 0.48194444401041664 0.8828125 0.4791666666666667
0 0.1578125 0.4513888893229167 0.13359374999999998 0.44722222265624995 0.032031250000000004 0.45277777734375 0.0390625 0.4569444440104167 0.15312499999999998 0.45416666666666666 0.17265624999999998 0.4694444440104167 0.18437499999999998 0.48888888932291663 0.19140625 0.5083333333333333 0.196875 0.5388888893229167 0.1953125 0.57777777734375 0.1875 0.60972222265625 0.16953125 0.64027777734375 0.15703124999999998 0.65 0.0375 0.6611111106770834 0.14296875 0.65972222265625 0.14531249999999998 0.65277777734375 0.15078125 0.6583333333333333 0.16874999999999998 0.64722222265625 0.18671875000000002 0.62222222265625 0.19609374999999998 0.5944444440104167 0.19999999999999998 0.5708333333333333 0.19843750000000002 0.5291666666666667 0.1859375 0.48333333333333334 0.171875 0.46249999999999997 0.1578125 0.4513888893229167
3 0.2359375 0.5625 0.23984375 0.5583333333333333 0.23906249999999998 0.5499999999999999 0.228125 0.54722222265625 0.22421875 0.5541666666666667 0.2359375 0.5625
2 0.5265624999999999 0.6375000000000001 0.5296875 0.8638888893229167 0.53359375 0.9458333333333333 0.5359375000000001 0.9416666666666668 0.53515625 0.85972222265625 0.5320312500000001 0.6305555559895833 0.5296875 0.6263888893229167 0.5265624999999999 0.6375000000000001
2 0.53359375 0.7680555559895833 0.5296875 0.7166666666666667 0.53359375 0.9194444440104167 0.53359375 0.7680555559895833
2 0.5234375 0.23888888932291666 0.5265624999999999 0.2430555559895833 0.52578125 0.20833333333333334 0.5234375 0.2041666666666667 0.5226562499999999 0.2236111106770833 0.5234375 0.23888888932291666
2 0.5226562499999999 0.125 0.52578125 0.5569444440104167 0.5265624999999999 0.6055555559895833 0.5296875 0.6180555559895834 0.5296875 0.44722222265624995 0.5265624999999999 0.14305555598958333 0.52578125 0.12638888932291667 0.5226562499999999 0.125
2 0.52578125 0.19861111067708334 0.52578125 0.16805555598958333 0.5226562499999999 0.14583333333333334 0.5234375 0.19999999999999998 0.52578125 0.19861111067708334
2 0.5296875 0.6180555559895834 0.5296875 0.4861111106770833 0.5265624999999999 0.38611111067708337 0.52578125 0.5875 0.5296875 0.6180555559895834