1 0.48281250000000003 0.6458333333333334 0.484375 0.6458333333333334 0.48515625 0.6444444440104167 0.48515625 0.6375000000000001 0.484375 0.6361111106770834 0.48125 0.6388888893229167 0.48125 0.6444444440104167 0.48281250000000003 0.6458333333333334
0 0.9986979166666666 0.4283854166666667 0.9986979166666666 0.43359375 0.9036458333333334 0.4361979166666667 0.90234375 0.4388020833333333 0.88671875 0.4440104166666667 0.8776041666666666 0.4518229166666667 0.8697916666666666 0.4661458333333333 0.8671875 0.4674479166666667 0.859375 0.484375 0.8515625 0.5234375 0.8515625 0.5494791666666666 0.8541666666666666 0.5559895833333334 0.8541666666666666 0.56640625 0.86328125 0.59765625 0.8736979166666666 0.6158854166666666 0.8828125 0.6263020833333334 0.88671875 0.6302083333333334 0.90234375 0.63671875 0.9986979166666666 0.6341145833333334 0.9986979166666666 0.6393229166666666 0.921875 0.6419270833333334 0.8971354166666666 0.640625 0.8854166666666666 0.6354166666666666 0.875 0.6263020833333334 0.875 0.6236979166666666 0.8684895833333334 0.6171875 0.8567708333333334 0.59375 0.8489583333333334 0.5559895833333334 0.8489583333333334 0.5169270833333334 0.8567708333333334 0.4817708333333333 0.8684895833333334 0.4557291666666667 0.88671875 0.4361979166666667 0.8919270833333334 0.43359375 0.8997395833333334 0.4309895833333333 0.92578125 0.4296875 0.9973958333333334 0.4283854166666667
0 0.13932291666666666 0.4544270833333333 0.15104166666666666 0.4583333333333333 0.17057291666666666 0.4765625 0.18229166666666666 0.4986979166666667 0.19010416666666666 0.52734375 0.19270833333333334 0.5625 0.19140625 0.5885416666666666 0.18619791666666666 0.6119791666666666 0.17838541666666666 0.6315104166666666 0.16796875 0.6484375 0.15885416666666666 0.6575520833333334 0.14583333333333334 0.6640625 0.12109375 0.6653645833333334 0.11979166666666667 0.66796875 0.07682291666666667 0.66796875 0.041666666666666664 0.6705729166666666 0.029947916666666668 0.6705729166666666 0.02734375 0.6692708333333334 0.028645833333333332 0.6640625 0.14322916666666666 0.66015625 0.15885416666666666 0.6510416666666666 0.17578125 0.6276041666666666 0.1875 0.59375 0.19010416666666666 0.5546875 0.18489583333333334 0.5169270833333334 0.17708333333333334 0.5013020833333334 0.17578125 0.4934895833333333 0.16666666666666666 0.4791666666666667 0.15625 0.46875 0.13932291666666666 0.4609375 0.05859375 0.4635416666666667 0.024739583333333332 0.4635416666666667 0.0234375 0.4609375 0.02734375 0.45703125 0.13802083333333334 0.4544270833333333
2 0.5208333333333334 0.4817708333333333 0.52734375 0.9401041666666666 0.5260416666666666 0.9596354166666666 0.5234375 0.9557291666666666 0.5221354166666666 0.8828125 0.5182291666666666 0.4921875 0.5208333333333334 0.4830729166666667
3 0.53515625 0.26953125 0.5325520833333334 0.2643229166666667 0.5325520833333334 0.2565104166666667 0.53515625 0.24479166666666666 0.5390625 0.2421875 0.54296875 0.24479166666666666 0.54296875 0.2552083333333333 0.5416666666666666 0.2630208333333333 0.5364583333333334 0.26953125
3 0.4895833333333333 0.7135416666666666 0.4934895833333333 0.72265625 0.4908854166666667 0.7291666666666666 0.4908854166666667 0.7434895833333334 0.4869791666666667 0.7473958333333334 0.4817708333333333 0.7473958333333334 0.4817708333333333 0.7395833333333334 0.48828125 0.71484375
3 0.48046875 0.63671875 0.4830729166666667 0.63671875 0.484375 0.6575520833333334 0.4765625 0.6705729166666666 0.47265625 0.66796875 0.47265625 0.6549479166666666 0.48046875 0.6419270833333334 0.48046875 0.6380208333333334
3 0.4010416666666667 0.5234375 0.40625 0.5364583333333334 0.3997395833333333 0.5403645833333334 0.3958333333333333 0.5377604166666666 0.39453125 0.5338541666666666 0.39453125 0.5260416666666666 0.3997395833333333 0.5234375
3 0.41796875 0.24479166666666666 0.4244791666666667 0.2526041666666667 0.41796875 0.2669270833333333 0.4140625 0.265625 0.4140625 0.24609375 0.4166666666666667 0.24479166666666666
3 0.6015625 0.3372395833333333 0.60546875 0.33984375 0.60546875 0.3528645833333333 0.6015625 0.36328125 0.59765625 0.3671875 0.5950520833333334 0.3580729166666667 0.5950520833333334 0.3489583333333333 0.59765625 0.33984375 0.6002604166666666 0.3385416666666667
3 0.5625 0.7955729166666666 0.5651041666666666 0.7955729166666666 0.5677083333333334 0.8151041666666666 0.5625 0.828125 0.5598958333333334 0.8307291666666666 0.5559895833333334 0.8268229166666666 0.5559895833333334 0.81640625 0.5625 0.796875
3 0.5494791666666666 0.3489583333333333 0.55078125 0.3580729166666667 0.54296875 0.390625 0.5403645833333334 0.390625 0.5403645833333334 0.3723958333333333 0.54296875 0.3645833333333333 0.54296875 0.3541666666666667 0.5481770833333334 0.3489583333333333
3 0.5442708333333334 0.5807291666666666 0.55078125 0.5833333333333334 0.5533854166666666 0.5911458333333334 0.5533854166666666 0.5950520833333334 0.5494791666666666 0.6002604166666666 0.5442708333333334 0.5989583333333334 0.5442708333333334 0.58203125
3 0.27734375 0.58984375 0.28125 0.59375 0.2825520833333333 0.6028645833333334 0.28125 0.6080729166666666 0.2760416666666667 0.6106770833333334 0.2708333333333333 0.6080729166666666 0.26953125 0.6028645833333334 0.2708333333333333 0.5963541666666666 0.2760416666666667 0.58984375
3 0.4674479166666667 0.4453125 0.4674479166666667 0.44921875 0.4596354166666667 0.4596354166666667 0.45703125 0.4596354166666667 0.4557291666666667 0.45703125 0.4544270833333333 0.4427083333333333 0.4622395833333333 0.43359375 0.4622395833333333 0.4388020833333333 0.4661458333333333 0.4453125
3 0.5171875 0.4569444440104167 0.52734375 0.4569444440104167 0.5281250000000001 0.44027777734375 0.51953125 0.43611111067708336 0.515625 0.4458333333333333 0.5171875 0.4569444440104167