1 0.5164062500000001 0.3888888893229167 0.51796875 0.38472222265624995 0.51796875 0.37916666666666665 0.5148437499999999 0.37638888932291664 0.51328125 0.37916666666666665 0.51328125 0.38472222265624995 0.5148437499999999 0.3888888893229167 0.5164062500000001 0.3888888893229167
0 0 0.4166666666666667 0.013020833333333334 0.4166666666666667 0.014322916666666666 0.4192708333333333 0.09375 0.421875 0.109375 0.4296875 0.12369791666666667 0.4466145833333333 0.13411458333333334 0.4661458333333333 0.14192708333333334 0.4947916666666667 0.14453125 0.5299479166666666 0.14192708333333334 0.5651041666666666 0.13411458333333334 0.5911458333333334 0.12369791666666667 0.6106770833333334 0.11067708333333333 0.6263020833333334 0.09244791666666667 0.6354166666666666 0 0.6328125 0 0.625 0.00390625 0.625 0.005208333333333333 0.6276041666666666 0.07291666666666667 0.6302083333333334 0.09114583333333333 0.6302083333333334 0.09765625 0.6276041666666666 0.11979166666666667 0.6080729166666666 0.12890625 0.5924479166666666 0.13541666666666666 0.57421875 0.140625 0.5481770833333334 0.140625 0.5130208333333334 0.13671875 0.4869791666666667 0.12369791666666667 0.4544270833333333 0.109375 0.4361979166666667 0.09114583333333333 0.4270833333333333 0.006510416666666667 0.4231770833333333 0 0.4244791666666667 0 0.41796875
0 0.9127604166666666 0.4518229166666667 0.9778645833333334 0.4544270833333333 0.9778645833333334 0.4596354166666667 0.8971354166666666 0.4596354166666667 0.8958333333333334 0.45703125 0.859375 0.45703125 0.8580729166666666 0.4596354166666667 0.84765625 0.4635416666666667 0.83984375 0.4700520833333333 0.8229166666666666 0.4947916666666667 0.8216145833333334 0.50390625 0.8151041666666666 0.5182291666666666 0.8111979166666666 0.5494791666666666 0.8111979166666666 0.5716145833333334 0.8151041666666666 0.5963541666666666 0.8268229166666666 0.62890625 0.8411458333333334 0.6471354166666666 0.8541666666666666 0.65625 0.8736979166666666 0.66015625 0.9466145833333334 0.6614583333333334 0.9661458333333334 0.6640625 0.9739583333333334 0.6627604166666666 0.9739583333333334 0.66796875 0.9700520833333334 0.6692708333333334 0.9375 0.66796875 0.9361979166666666 0.6653645833333334 0.86328125 0.6640625 0.8541666666666666 0.6614583333333334 0.84375 0.65625 0.8346354166666666 0.6471354166666666 0.82421875 0.6328125 0.8151041666666666 0.6106770833333334 0.80859375 0.57421875 0.80859375 0.5442708333333334 0.8125 0.515625 0.8203125 0.4908854166666667 0.828125 0.4765625 0.8463541666666666 0.45703125 0.8580729166666666 0.4518229166666667 0.9114583333333334 0.4518229166666667
2 0.48046875 0.125 0.4830729166666667 0.15234375 0.4817708333333333 0.33984375 0.4791666666666667 0.4036458333333333 0.4817708333333333 0.4140625 0.4791666666666667 0.4479166666666667 0.4791666666666667 0.5390625 0.4778645833333333 0.546875 0.4752604166666667 0.5390625 0.48046875 0.12630208333333334
3 0.4635416666666667 0.5260416666666666 0.4674479166666667 0.5260416666666666 0.4713541666666667 0.5338541666666666 0.4700520833333333 0.55078125 0.46484375 0.5520833333333334 0.4609375 0.5455729166666666 0.4609375 0.5299479166666666 0.4635416666666667 0.52734375
3 0.5221354166666666 0.19661458333333334 0.5286458333333334 0.19921875 0.5299479166666666 0.203125 0.5286458333333334 0.22005208333333334 0.5260416666666666 0.22265625 0.5234375 0.22135416666666666 0.51953125 0.20572916666666666 0.51953125 0.20052083333333334 0.5221354166666666 0.19791666666666666
3 0.4908854166666667 0.3919270833333333 0.4934895833333333 0.3932291666666667 0.4947916666666667 0.3997395833333333 0.4947916666666667 0.4127604166666667 0.4908854166666667 0.4153645833333333 0.4869791666666667 0.4114583333333333 0.4856770833333333 0.40234375 0.4895833333333333 0.3932291666666667
3 0.2734375 0.7526041666666666 0.2721354166666667 0.7434895833333334 0.2786458333333333 0.734375 0.28125 0.7408854166666666 0.2864583333333333 0.7447916666666666 0.2864583333333333 0.7486979166666666 0.2799479166666667 0.7565104166666666 0.2747395833333333 0.7526041666666666
3 0.5013020833333334 0.7408854166666666 0.5026041666666666 0.7565104166666666 0.5052083333333334 0.7604166666666666 0.5052083333333334 0.78125 0.4973958333333333 0.7799479166666666 0.4973958333333333 0.765625 0.4947916666666667 0.7630208333333334 0.5 0.7421875
3 0.390625 0.546875 0.3919270833333333 0.53515625 0.3971354166666667 0.5364583333333334 0.3997395833333333 0.546875 0.3971354166666667 0.55078125 0.39453125 0.55078125 0.3919270833333333 0.546875
3 0.4348958333333333 0.6002604166666666 0.4388020833333333 0.609375 0.4388020833333333 0.6171875 0.4361979166666667 0.6197916666666666 0.4309895833333333 0.6158854166666666 0.4309895833333333 0.6015625 0.43359375 0.6002604166666666
3 0.5703125 0.42578125 0.57421875 0.4375 0.5729166666666666 0.44921875 0.56640625 0.44921875 0.5651041666666666 0.4453125 0.5651041666666666 0.4309895833333333 0.5690104166666666 0.4270833333333333
3 0.60546875 0.7018229166666666 0.6080729166666666 0.7057291666666666 0.6080729166666666 0.71875 0.60546875 0.7213541666666666 0.6002604166666666 0.7200520833333334 0.59765625 0.7109375 0.59765625 0.7018229166666666 0.6041666666666666 0.7018229166666666
3 0.16145833333333334 0.5520833333333334 0.1640625 0.5559895833333334 0.17317708333333334 0.5611979166666666 0.17447916666666666 0.5690104166666666 0.171875 0.5716145833333334 0.15625 0.5677083333333334 0.15625 0.5533854166666666 0.16015625 0.5520833333333334
3 0.44921875 0.796875 0.4596354166666667 0.8203125 0.4583333333333333 0.8346354166666666 0.453125 0.8346354166666666 0.4479166666666667 0.8190104166666666 0.44921875 0.7981770833333334
3 0.35390625000000003 0.2694444440104167 0.359375 0.2694444440104167 0.359375 0.26805555598958336 0.36093749999999997 0.26527777734374997 0.36093749999999997 0.2611111106770833 0.35234375 0.2611111106770833 0.3515625 0.2625 0.3515625 0.26527777734374997 0.35234375 0.26805555598958336 0.35390625000000003 0.2694444440104167