1 0.5656249999999999 0.6111111106770833 0.56796875 0.60972222265625 0.56796875 0.6013888893229167 0.56484375 0.6013888893229167 0.5632812500000001 0.6041666666666666 0.5640625 0.60972222265625 0.5656249999999999 0.6111111106770833
0 0.9986979166666666 0.421875 0.9986979166666666 0.4283854166666667 0.98828125 0.4270833333333333 0.9635416666666666 0.4296875 0.9153645833333334 0.4296875 0.8932291666666666 0.4322916666666667 0.8880208333333334 0.4348958333333333 0.87109375 0.4518229166666667 0.859375 0.4739583333333333 0.8580729166666666 0.4830729166666667 0.8541666666666666 0.4908854166666667 0.8502604166666666 0.515625 0.8502604166666666 0.5481770833333334 0.859375 0.5859375 0.87109375 0.6080729166666666 0.8841145833333334 0.62109375 0.8958333333333334 0.62890625 0.9127604166666666 0.6302083333333334 0.9921875 0.6276041666666666 0.9934895833333334 0.625 0.9986979166666666 0.625 0.9986979166666666 0.6328125 0.9231770833333334 0.6354166666666666 0.8997395833333334 0.6354166666666666 0.8880208333333334 0.6315104166666666 0.8802083333333334 0.6263020833333334 0.8684895833333334 0.61328125 0.8567708333333334 0.5911458333333334 0.8489583333333334 0.5651041666666666 0.84765625 0.5520833333333334 0.8489583333333334 0.4973958333333333 0.8567708333333334 0.4700520833333333 0.8645833333333334 0.453125 0.8763020833333334 0.4375 0.89453125 0.42578125 0.9973958333333334 0.421875
0 0.13932291666666666 0.4518229166666667 0.15234375 0.4557291666666667 0.17057291666666666 0.47265625 0.18619791666666666 0.5052083333333334 0.19270833333333334 0.5442708333333334 0.19140625 0.5885416666666666 0.1875 0.5989583333333334 0.1875 0.60546875 0.17447916666666666 0.6354166666666666 0.16666666666666666 0.6471354166666666 0.15494791666666666 0.65625 0.14453125 0.6614583333333334 0.07161458333333333 0.6653645833333334 0.03125 0.6653645833333334 0.028645833333333332 0.6640625 0.029947916666666668 0.6614583333333334 0.13802083333333334 0.6575520833333334 0.15364583333333334 0.6510416666666666 0.16796875 0.63671875 0.18098958333333334 0.61328125 0.18880208333333334 0.5859375 0.19140625 0.5546875 0.1875 0.5208333333333334 0.1796875 0.4973958333333333 0.16927083333333334 0.4791666666666667 0.15885416666666666 0.4674479166666667 0.1484375 0.4609375 0.14192708333333334 0.4596354166666667 0.140625 0.45703125 0.11848958333333333 0.45703125 0.1171875 0.4596354166666667 0.024739583333333332 0.4609375 0.024739583333333332 0.4557291666666667 0.05859375 0.453125 0.13802083333333334 0.4518229166666667
2 0.5182291666666666 0.4661458333333333 0.5221354166666666 0.4765625 0.5221354166666666 0.7096354166666666 0.5260416666666666 0.8606770833333334 0.5260416666666666 0.9518229166666666 0.5234375 0.9505208333333334 0.5208333333333334 0.87109375 0.5221354166666666 0.8424479166666666 0.5182291666666666 0.6380208333333334 0.5182291666666666 0.4674479166666667
3 0.4361979166666667 0.5631510416666666 0.008463541666666666 0.018229166666666668
3 0.4635416666666667 0.26171875 0.4661458333333333 0.26953125 0.4635416666666667 0.2838541666666667 0.4583333333333333 0.2825520833333333 0.4557291666666667 0.2734375 0.4583333333333333 0.2630208333333333 0.4622395833333333 0.26171875
3 0.5143229166666666 0.6790364583333334 0.010416666666666666 0.022135416666666668
3 0.5325520833333334 0.5208333333333334 0.5377604166666666 0.5208333333333334 0.5416666666666666 0.52734375 0.5390625 0.5364583333333334 0.53515625 0.5390625 0.53125 0.53125 0.5325520833333334 0.5221354166666666
3 0.4934895833333333 0.5989583333333334 0.49609375 0.6015625 0.49609375 0.6158854166666666 0.4934895833333333 0.6184895833333334 0.4895833333333333 0.6158854166666666 0.4895833333333333 0.6015625 0.4921875 0.6002604166666666
3 0.56640625 0.5598958333333334 0.56640625 0.5377604166666666 0.5703125 0.53515625 0.5729166666666666 0.5390625 0.5729166666666666 0.5520833333333334 0.5677083333333334 0.55859375
3 0.34765625 0.5 0.35546875 0.5078125 0.3541666666666667 0.5182291666666666 0.3489583333333333 0.51953125 0.34375 0.51171875 0.34375 0.5052083333333334 0.34765625 0.5013020833333334
3 0.5494791666666666 0.4283854166666667 0.5533854166666666 0.4283854166666667 0.5572916666666666 0.4322916666666667 0.5572916666666666 0.44140625 0.5533854166666666 0.4479166666666667 0.5494791666666666 0.44921875 0.546875 0.4453125 0.5494791666666666 0.4296875
3 0.6471354166666666 0.3723958333333333 0.6471354166666666 0.37890625 0.640625 0.3893229166666667 0.6380208333333334 0.3893229166666667 0.6380208333333334 0.375 0.6458333333333334 0.3723958333333333
3 0.591796875 0.7623697916666666 0.01171875 0.01953125
3 0.5455729166666666 0.23958333333333334 0.5455729166666666 0.24609375 0.5390625 0.2578125 0.5364583333333334 0.2578125 0.5338541666666666 0.2526041666666667 0.5364583333333334 0.23828125 0.5390625 0.23697916666666666 0.5442708333333334 0.23958333333333334
3 0.515625 0.45972222265625 0.5234375 0.45972222265625 0.52734375 0.45416666666666666 0.5242187500000001 0.43888888932291664 0.51953125 0.4375 0.515625 0.4430555559895833 0.515625 0.45972222265625