1 0.8546874999999999 0.9708333333333333 0.85546875 0.9722222226562499 0.8578125 0.9722222226562499 0.8585937499999999 0.9708333333333333 0.8585937499999999 0.9652777773437501 0.8562500000000001 0.9652777773437501 0.85546875 0.9638888893229166 0.8546874999999999 0.9652777773437501 0.8546874999999999 0.9708333333333333
0 0.81484375 0.6208333333333333 0.8078124999999999 0.5916666666666667 0.80859375 0.5305555559895833 0.81640625 0.49861111067708336 0.8195312499999999 0.5 0.8375 0.47361111067708334 0.85390625 0.46388888932291666 0.9718749999999999 0.46527777734375 0.90078125 0.45972222265625 0.8468749999999999 0.46249999999999997 0.8312499999999999 0.47361111067708334 0.8171875000000001 0.4944444440104167 0.80625 0.5291666666666667 0.8039062499999999 0.5486111106770833 0.803125 0.5805555559895833 0.80703125 0.6055555559895833 0.81640625 0.6333333333333333 0.8351562499999999 0.65972222265625 0.85546875 0.6708333333333334 0.93203125 0.67222222265625 0.9226562500000001 0.6666666666666666 0.85703125 0.66527777734375 0.8289062500000001 0.6458333333333334 0.81484375 0.6208333333333333
0 0 0.43055555598958334 0.0984375 0.43611111067708336 0.11562499999999999 0.45 0.12812500000000002 0.4708333333333334 0.13203125000000002 0.4875 0.134375 0.4861111106770833 0.12578124999999998 0.4569444440104167 0.1015625 0.4319444440104167 0.021093749999999998 0.425 0 0.425 0 0.43055555598958334
0 0 0.6375000000000001 0.09140625000000001 0.64027777734375 0.11171874999999999 0.6291666666666667 0.13046875 0.60277777734375 0.13984375000000002 0.5763888893229167 0.14375000000000002 0.53472222265625 0.1421875 0.5083333333333333 0.13828125 0.5069444440104166 0.140625 0.54027777734375 0.13125 0.59027777734375 0.11015625 0.6236111106770833 0.09218749999999999 0.63472222265625 0 0.6319444440104166 0 0.6375000000000001
2 0.4734375 0.6305555559895833 0.47890625000000003 0.46388888932291666 0.47265625 0.46249999999999997 0.47109375000000003 0.6069444440104167 0.4734375 0.6305555559895833
2 0.47734375 0.14027777734375 0.4765625 0.15416666666666667 0.47421874999999997 0.3361111106770833 0.4734375 0.4569444440104167 0.4765625 0.4569444440104167 0.48046875 0.14027777734375 0.47734375 0.14027777734375
2 0.47031249999999997 0.64027777734375 0.46796875 0.9569444440104166 0.47109375000000003 0.9541666666666666 0.471875 0.9416666666666668 0.47578125 0.64027777734375 0.47031249999999997 0.64027777734375
3 0.5572916666666666 0.4674479166666667 0.5638020833333334 0.4700520833333333 0.5651041666666666 0.47265625 0.5638020833333334 0.4908854166666667 0.5572916666666666 0.4921875 0.55078125 0.4817708333333333 0.55078125 0.4765625 0.5559895833333334 0.46875
3 0.88046875 0.7236111106770834 0.8796875000000001 0.7166666666666667 0.86484375 0.7069444440104166 0.86953125 0.7277777773437499 0.88046875 0.7236111106770834
3 0.9359375 0.6319444440104166 0.93515625 0.64027777734375 0.9382812500000001 0.6458333333333334 0.9523437499999999 0.6430555559895833 0.9445312499999999 0.6333333333333333 0.9359375 0.6319444440104166
3 0.71875 0.5583333333333333 0.71640625 0.5499999999999999 0.7023437499999999 0.5541666666666667 0.7078125000000001 0.5680555559895833 0.71875 0.5583333333333333
3 0.68359375 0.65 0.6890625 0.6305555559895833 0.6789062499999999 0.6263888893229167 0.68359375 0.65
3 0.5484375 0.8430555559895834 0.5476562500000001 0.8180555559895833 0.5453125 0.8166666666666668 0.5390625 0.8250000000000001 0.5484375 0.8430555559895834
3 0.8453125 0.89027777734375 0.85 0.8986111106770833 0.84921875 0.9111111106770834 0.8523437500000001 0.9152777773437499 0.8601562500000001 0.9083333333333333 0.86171875 0.9013888893229166 0.8484375000000001 0.88472222265625 0.8453125 0.88472222265625 0.8453125 0.89027777734375
3 0.4171875 0.7236111106770834 0.41953124999999997 0.7069444440104166 0.4109375 0.7083333333333334 0.409375 0.7194444440104166 0.4171875 0.7236111106770834
3 0.13828125 0.4805555559895833 0.1390625 0.4944444440104167 0.1546875 0.49583333333333335 0.15703124999999998 0.4916666666666667 0.14531249999999998 0.4791666666666667 0.13828125 0.4805555559895833
3 0.6906249999999999 0.7999999999999999 0.68515625 0.7930555559895834 0.678125 0.7930555559895834 0.67734375 0.7986111106770833 0.6843750000000001 0.8138888893229167 0.6890625 0.8166666666666668 0.6906249999999999 0.7999999999999999
3 0.8125 0.39999999999999997 0.8117187499999999 0.4055555559895833 0.81640625 0.41527777734375 0.82578125 0.4055555559895833 0.82421875 0.39999999999999997 0.8125 0.39999999999999997
3 0.35859375 0.2736111106770833 0.3546875 0.2611111106770833 0.34921874999999997 0.2611111106770833 0.34921874999999997 0.27499999999999997 0.35859375 0.2736111106770833