1 0.5265624999999999 0.32777777734374997 0.5281250000000001 0.32916666666666666 0.5296875 0.32916666666666666 0.5304687499999999 0.32638888932291665 0.5304687499999999 0.32083333333333336 0.5296875 0.31944444401041666 0.5281250000000001 0.32083333333333336 0.5265624999999999 0.32638888932291665 0.5265624999999999 0.32777777734374997
0 0.9856770833333334 0.4166666666666667 0.9986979166666666 0.4166666666666667 0.9986979166666666 0.4244791666666667 0.9934895833333334 0.4231770833333333 0.9075520833333334 0.4270833333333333 0.8958333333333334 0.4309895833333333 0.8880208333333334 0.4375 0.875 0.453125 0.86328125 0.4791666666666667 0.8619791666666666 0.4908854166666667 0.859375 0.4947916666666667 0.8567708333333334 0.5208333333333334 0.8580729166666666 0.5520833333333334 0.859375 0.5638020833333334 0.8697916666666666 0.59375 0.8828125 0.61328125 0.8997395833333334 0.6276041666666666 0.90625 0.6302083333333334 0.9986979166666666 0.6276041666666666 0.9986979166666666 0.6328125 0.90625 0.6354166666666666 0.8893229166666666 0.6276041666666666 0.8763020833333334 0.61328125 0.8645833333333334 0.59375 0.8567708333333334 0.5677083333333334 0.85546875 0.5390625 0.8528645833333334 0.5338541666666666 0.85546875 0.4986979166666667 0.8606770833333334 0.4752604166666667 0.8684895833333334 0.4557291666666667 0.8841145833333334 0.43359375 0.8919270833333334 0.4270833333333333 0.9049479166666666 0.421875 0.9856770833333334 0.41796875
0 0.13932291666666666 0.4518229166666667 0.15104166666666666 0.45703125 0.1640625 0.4700520833333333 0.171875 0.484375 0.17447916666666666 0.4856770833333333 0.18359375 0.5104166666666666 0.18880208333333334 0.5416666666666666 0.18880208333333334 0.5729166666666666 0.18619791666666666 0.5963541666666666 0.17578125 0.6276041666666666 0.1640625 0.6471354166666666 0.15625 0.6549479166666666 0.13671875 0.6640625 0.0703125 0.6653645833333334 0.06901041666666667 0.66796875 0.048177083333333336 0.6692708333333334 0.0234375 0.6692708333333334 0.022135416666666668 0.6640625 0.12890625 0.66015625 0.14453125 0.65625 0.15104166666666666 0.65234375 0.16796875 0.6328125 0.1796875 0.6067708333333334 0.18619791666666666 0.5703125 0.18489583333333334 0.5325520833333334 0.17578125 0.4973958333333333 0.16536458333333334 0.4791666666666667 0.15494791666666666 0.4674479166666667 0.13932291666666666 0.4596354166666667 0.13802083333333334 0.45703125 0.020833333333333332 0.4609375 0.01953125 0.4557291666666667 0.049479166666666664 0.453125 0.13802083333333334 0.4518229166666667
2 0.5169270833333334 0.125 0.51953125 0.19921875 0.51953125 0.3072916666666667 0.5221354166666666 0.3229166666666667 0.51953125 0.3307291666666667 0.5221354166666666 0.39453125 0.5221354166666666 0.5442708333333334 0.5208333333333334 0.5455729166666666 0.51953125 0.54296875 0.5182291666666666 0.5078125 0.51953125 0.4856770833333333 0.5169270833333334 0.4192708333333333 0.51953125 0.4140625 0.51953125 0.4010416666666667 0.5169270833333334 0.3984375 0.5182291666666666 0.36328125 0.515625 0.24348958333333334 0.5169270833333334 0.12630208333333334
3 0.5286458333333334 0.5286458333333334 0.53515625 0.5286458333333334 0.5377604166666666 0.53515625 0.53515625 0.5481770833333334 0.53125 0.5520833333333334 0.52734375 0.5520833333333334 0.5247395833333334 0.546875 0.5247395833333334 0.53515625 0.5286458333333334 0.5299479166666666
3 0.4765625 0.19270833333333334 0.4778645833333333 0.20442708333333334 0.4752604166666667 0.21614583333333334 0.4713541666666667 0.21354166666666666 0.4700520833333333 0.20963541666666666 0.4700520833333333 0.19791666666666666 0.4752604166666667 0.19270833333333334
3 0.5598958333333334 0.6067708333333334 0.5625 0.6067708333333334 0.56640625 0.6119791666666666 0.5651041666666666 0.62109375 0.5625 0.6263020833333334 0.55859375 0.6276041666666666 0.5598958333333334 0.6080729166666666
3 0.5143229166666666 0.390625 0.515625 0.4036458333333333 0.5130208333333334 0.4088541666666667 0.5091145833333334 0.4088541666666667 0.5091145833333334 0.3932291666666667 0.5130208333333334 0.390625
3 0.71875 0.7513020833333334 0.7161458333333334 0.7473958333333334 0.7161458333333334 0.7239583333333334 0.71875 0.7239583333333334 0.7213541666666666 0.7330729166666666 0.7278645833333334 0.7408854166666666 0.7265625 0.7447916666666666 0.71875 0.75
3 0.60546875 0.53515625 0.6080729166666666 0.5377604166666666 0.6080729166666666 0.5442708333333334 0.6041666666666666 0.5494791666666666 0.6002604166666666 0.5494791666666666 0.5989583333333334 0.546875 0.5989583333333334 0.5416666666666666 0.6041666666666666 0.53515625
3 0.3932291666666667 0.7044270833333334 0.3984375 0.7083333333333334 0.3984375 0.7135416666666666 0.390625 0.7213541666666666 0.3841145833333333 0.7200520833333334 0.3841145833333333 0.7109375 0.3880208333333333 0.7044270833333334 0.3919270833333333 0.7044270833333334
3 0.43203125000000003 0.4430555559895833 0.43593750000000003 0.43472222265625 0.4328125 0.42777777734375005 0.42578125 0.425 0.42421875000000003 0.4375 0.43203125000000003 0.4430555559895833
3 0.6398437499999999 0.28750000000000003 0.6484375 0.27222222265625 0.6484375 0.26527777734374997 0.6414062500000001 0.25833333333333336 0.6375000000000001 0.2791666666666667 0.6398437499999999 0.28750000000000003
3 0.55078125 0.8125 0.5539062499999999 0.7986111106770833 0.55078125 0.7847222226562499 0.5453125 0.80972222265625 0.55078125 0.8125
3 0.5045164062499999 0.7731430559895833 0.5034734375 0.75136527734375 0.49590937500000004 0.7495111106770834 0.49121484374999996 0.76850972265625 0.5045164062499999 0.7731430559895833
3 0.8309171875 0.56875972265625 0.83073125 0.5710819440104167 0.845478125 0.5720763893229167 0.8499585937499999 0.5621875 0.8430515625 0.54786527734375 0.83054453125 0.555825 0.8309171875 0.56875972265625