1 0.553125 0.3416666666666666 0.5546875 0.33749999999999997 0.5546875 0.3319444440104167 0.553125 0.33055555598958336 0.5499999999999999 0.3333333333333333 0.54921875 0.33472222265625 0.5499999999999999 0.34027777734375 0.553125 0.3416666666666666
0 0 0.4296875 0.08463541666666667 0.4322916666666667 0.09505208333333333 0.4361979166666667 0.11197916666666667 0.4518229166666667 0.12630208333333334 0.4765625 0.1328125 0.4986979166666667 0.13671875 0.52734375 0.13541666666666666 0.5677083333333334 0.13020833333333334 0.5924479166666666 0.11458333333333333 0.6236979166666666 0.10286458333333333 0.63671875 0.09244791666666667 0.6432291666666666 0.08463541666666667 0.64453125 0.08333333333333333 0.6471354166666666 0.049479166666666664 0.6471354166666666 0.048177083333333336 0.64453125 0.016927083333333332 0.6432291666666666 0 0.64453125 0 0.6380208333333334 0.08203125 0.640625 0.10286458333333333 0.6302083333333334 0.11458333333333333 0.6145833333333334 0.12369791666666667 0.59765625 0.13151041666666666 0.5703125 0.13411458333333334 0.5442708333333334 0.1328125 0.5169270833333334 0.12760416666666666 0.4921875 0.11197916666666667 0.4583333333333333 0.1015625 0.4479166666666667 0.08333333333333333 0.4388020833333333 0.06640625 0.4388020833333333 0.06510416666666667 0.4361979166666667 0 0.4348958333333333 0 0.4309895833333333
0 0.9153645833333334 0.4622395833333333 0.9661458333333334 0.46484375 0.9674479166666666 0.4674479166666667 0.9635416666666666 0.4700520833333333 0.8515625 0.4661458333333333 0.83203125 0.4765625 0.8216145833333334 0.4895833333333333 0.8111979166666666 0.5091145833333334 0.8033854166666666 0.5377604166666666 0.8020833333333334 0.5794270833333334 0.8072916666666666 0.6119791666666666 0.8151041666666666 0.6328125 0.82421875 0.6471354166666666 0.84375 0.6640625 0.8580729166666666 0.6666666666666666 0.859375 0.6692708333333334 0.9635416666666666 0.671875 0.96484375 0.67578125 0.9622395833333334 0.6770833333333334 0.8671875 0.6744791666666666 0.84375 0.6705729166666666 0.8307291666666666 0.6614583333333334 0.8190104166666666 0.6484375 0.80859375 0.6276041666666666 0.8072916666666666 0.6184895833333334 0.8033854166666666 0.6106770833333334 0.7994791666666666 0.5807291666666666 0.80078125 0.5364583333333334 0.80859375 0.5065104166666666 0.82421875 0.4778645833333333 0.8359375 0.4674479166666667 0.8515625 0.4609375 0.9140625 0.4622395833333333
2 0.4739583333333333 0.13802083333333334 0.4700520833333333 0.5911458333333334 0.4713541666666667 0.64453125 0.4674479166666667 0.7760416666666666 0.4661458333333333 0.96484375 0.4635416666666667 0.9661458333333334 0.4635416666666667 0.8385416666666666 0.46484375 0.72265625 0.4674479166666667 0.6901041666666666 0.4661458333333333 0.6432291666666666 0.46875 0.5598958333333334 0.46875 0.3098958333333333 0.47265625 0.13932291666666666
3 0.7955729166666666 0.3619791666666667 0.80078125 0.3671875 0.7942708333333334 0.3802083333333333 0.7877604166666666 0.3802083333333333 0.7877604166666666 0.3723958333333333 0.78515625 0.3684895833333333 0.7942708333333334 0.36328125
3 0.59375 0.4270833333333333 0.5989583333333334 0.4283854166666667 0.59765625 0.4440104166666667 0.5963541666666666 0.4479166666666667 0.5924479166666666 0.4505208333333333 0.5885416666666666 0.44921875 0.5885416666666666 0.4440104166666667 0.59375 0.4283854166666667
3 0.8515625 0.53515625 0.8606770833333334 0.5377604166666666 0.8658854166666666 0.5364583333333334 0.8697916666666666 0.5390625 0.87109375 0.5442708333333334 0.8697916666666666 0.5533854166666666 0.8619791666666666 0.5559895833333334 0.85546875 0.55078125 0.8515625 0.54296875 0.8515625 0.5364583333333334
3 0.6822916666666666 0.5833333333333334 0.6940104166666666 0.5872395833333334 0.6953125 0.58984375 0.6927083333333334 0.6028645833333334 0.6875 0.6028645833333334 0.6822916666666666 0.5846354166666666
3 0.24479166666666666 0.4296875 0.2565104166666667 0.4375 0.2552083333333333 0.4453125 0.24479166666666666 0.4453125 0.2421875 0.4388020833333333 0.24479166666666666 0.4309895833333333
3 0.6861979166666666 0.4192708333333333 0.6888020833333334 0.421875 0.6888020833333334 0.4361979166666667 0.68359375 0.4466145833333333 0.6783854166666666 0.4427083333333333 0.671875 0.4296875 0.6848958333333334 0.4192708333333333
3 0.66796875 0.7317708333333334 0.6783854166666666 0.734375 0.6809895833333334 0.73828125 0.6809895833333334 0.7434895833333334 0.671875 0.7513020833333334 0.66796875 0.7330729166666666
3 0.640625 0.8802083333333334 0.6432291666666666 0.8802083333333334 0.6497395833333334 0.8880208333333334 0.6484375 0.9088541666666666 0.6471354166666666 0.9140625 0.64453125 0.9127604166666666 0.640625 0.9049479166666666 0.640625 0.8815104166666666
3 0.5598958333333334 0.3125 0.5625 0.3125 0.5677083333333334 0.3255208333333333 0.5651041666666666 0.3359375 0.5611979166666666 0.3372395833333333 0.55859375 0.3346354166666667 0.5572916666666666 0.3229166666666667 0.5598958333333334 0.3138020833333333
3 0.4388020833333333 0.24088541666666666 0.4466145833333333 0.25 0.4427083333333333 0.2630208333333333 0.4388020833333333 0.2630208333333333 0.4361979166666667 0.2565104166666667 0.4375 0.2421875
3 0.7486979166666666 0.6458333333333334 0.7591145833333334 0.64453125 0.7630208333333334 0.6497395833333334 0.7630208333333334 0.6575520833333334 0.7604166666666666 0.6627604166666666 0.7565104166666666 0.6640625 0.7473958333333334 0.6497395833333334 0.7486979166666666 0.6471354166666666
3 0.6848958333333334 0.3502604166666667 0.6875 0.3541666666666667 0.6848958333333334 0.3723958333333333 0.6796875 0.3697916666666667 0.67578125 0.3567708333333333 0.68359375 0.3502604166666667