1 0.62075 0.7338513893229166 0.62125 0.7293333333333334 0.6198125 0.72607777734375 0.6173125 0.7285208333333334 0.61725 0.7337402773437499 0.62075 0.7338513893229166
0 0.9869791666666666 0.4166666666666667 0.98828125 0.4192708333333333 0.9986979166666666 0.4192708333333333 0.9986979166666666 0.4231770833333333 0.9075520833333334 0.42578125 0.8919270833333334 0.4296875 0.8841145833333334 0.4348958333333333 0.8736979166666666 0.4453125 0.859375 0.4713541666666667 0.8515625 0.50390625 0.8502604166666666 0.5299479166666666 0.8515625 0.5520833333333334 0.8619791666666666 0.5872395833333334 0.8736979166666666 0.6067708333333334 0.88671875 0.6197916666666666 0.8997395833333334 0.625 0.9986979166666666 0.6223958333333334 0.9986979166666666 0.62890625 0.8958333333333334 0.6315104166666666 0.88671875 0.6276041666666666 0.8684895833333334 0.609375 0.8567708333333334 0.5872395833333334 0.84765625 0.5455729166666666 0.84765625 0.51171875 0.8528645833333334 0.4791666666666667 0.8606770833333334 0.45703125 0.8684895833333334 0.4440104166666667 0.8841145833333334 0.4270833333333333 0.90625 0.4205729166666667 0.9869791666666666 0.41796875
0 0.13932291666666666 0.4479166666666667 0.15364583333333334 0.453125 0.16666666666666666 0.46484375 0.18229166666666666 0.4908854166666667 0.1875 0.5078125 0.19140625 0.52734375 0.19270833333333334 0.5638020833333334 0.19010416666666666 0.58984375 0.18229166666666666 0.6171875 0.16276041666666666 0.6471354166666666 0.14453125 0.6575520833333334 0.125 0.66015625 0.037760416666666664 0.6627604166666666 0.02734375 0.6614583333333334 0.03125 0.6575520833333334 0.140625 0.6536458333333334 0.15234375 0.6484375 0.16796875 0.6328125 0.18098958333333334 0.609375 0.18880208333333334 0.5768229166666666 0.19010416666666666 0.5559895833333334 0.1875 0.51953125 0.1796875 0.4947916666666667 0.171875 0.4791666666666667 0.15625 0.4622395833333333 0.140625 0.453125 0.03515625 0.45703125 0.024739583333333332 0.4557291666666667 0.0234375 0.453125 0.03125 0.4505208333333333 0.13802083333333334 0.4479166666666667
2 0.5182291666666666 0.4830729166666667 0.5182291666666666 0.48828125 0.5221354166666666 0.4908854166666667 0.5221354166666666 0.6276041666666666 0.5247395833333334 0.6315104166666666 0.5221354166666666 0.640625 0.5234375 0.7747395833333334 0.52734375 0.921875 0.5260416666666666 0.9479166666666666 0.5247395833333334 0.94921875 0.5234375 0.9466145833333334 0.5234375 0.8893229166666666 0.5208333333333334 0.8671875 0.5221354166666666 0.7994791666666666 0.51953125 0.7135416666666666 0.5208333333333334 0.6223958333333334 0.5182291666666666 0.5703125 0.5182291666666666 0.484375
3 0.4518229166666667 0.52734375 0.4518229166666667 0.5390625 0.4479166666666667 0.5494791666666666 0.4440104166666667 0.5455729166666666 0.4440104166666667 0.53515625 0.4453125 0.53125 0.4505208333333333 0.52734375
3 0.6171875 0.7265625 0.6197916666666666 0.7278645833333334 0.62109375 0.7408854166666666 0.6276041666666666 0.7526041666666666 0.6263020833333334 0.7578125 0.62109375 0.7604166666666666 0.6158854166666666 0.7591145833333334 0.6171875 0.7278645833333334
3 0.4895833333333333 0.28125 0.4856770833333333 0.27734375 0.484375 0.2682291666666667 0.4869791666666667 0.2578125 0.4895833333333333 0.2552083333333333 0.4921875 0.2565104166666667 0.4921875 0.2643229166666667 0.49609375 0.2734375 0.49609375 0.2760416666666667 0.4908854166666667 0.2799479166666667
3 0.5104166666666666 0.6119791666666666 0.5104166666666666 0.6302083333333334 0.5065104166666666 0.6302083333333334 0.5052083333333334 0.6276041666666666 0.5052083333333334 0.6158854166666666 0.5091145833333334 0.6119791666666666
3 0.5690104166666666 0.44921875 0.011067708333333334 0.020833333333333332
3 0.3645833333333333 0.4895833333333333 0.37109375 0.5026041666666666 0.37109375 0.5065104166666666 0.3645833333333333 0.5091145833333334 0.3606770833333333 0.5091145833333334 0.3580729166666667 0.5052083333333334 0.3580729166666667 0.4947916666666667 0.36328125 0.4895833333333333
3 0.6119791666666666 0.5833333333333334 0.6158854166666666 0.58203125 0.6197916666666666 0.5885416666666666 0.6171875 0.5989583333333334 0.61328125 0.6028645833333334 0.6067708333333334 0.59765625 0.6067708333333334 0.58984375 0.6119791666666666 0.5846354166666666
3 0.6666666666666666 0.3756510416666667 0.013020833333333334 0.020833333333333332
3 0.5377604166666666 0.22916666666666666 0.5455729166666666 0.23567708333333334 0.5416666666666666 0.2526041666666667 0.5390625 0.2552083333333333 0.5364583333333334 0.25390625 0.53515625 0.2421875 0.5377604166666666 0.23046875
3 0.59765625 0.5481770833333334 0.6015625 0.5494791666666666 0.6002604166666666 0.5611979166666666 0.59375 0.56640625 0.5911458333333334 0.5533854166666666 0.59375 0.5494791666666666 0.5963541666666666 0.5494791666666666
3 0.5338541666666666 0.67578125 0.53515625 0.6927083333333334 0.53125 0.6966145833333334 0.5286458333333334 0.6953125 0.52734375 0.6770833333333334 0.5325520833333334 0.67578125
3 0.525 0.44027777734375 0.521875 0.4458333333333333 0.521875 0.45972222265625 0.5242187500000001 0.46249999999999997 0.5281250000000001 0.46249999999999997 0.5304687499999999 0.4611111106770833 0.5328125 0.4569444440104167 0.53359375 0.4569444440104167 0.53515625 0.45416666666666666 0.53515625 0.44722222265624995 0.53359375 0.44166666666666665 0.5296875 0.43888888932291664 0.5265624999999999 0.43888888932291664 0.525 0.44027777734375