1 0.5750000000000001 0.44722222265624995 0.5765625 0.4430555559895833 0.5765625 0.43888888932291664 0.5750000000000001 0.43611111067708336 0.57265625 0.4375 0.571875 0.44027777734375 0.571875 0.44444444401041666 0.5734374999999999 0.44722222265624995 0.5750000000000001 0.44722222265624995
0 0 0.4166666666666667 0.09375 0.4205729166666667 0.10677083333333333 0.42578125 0.11979166666666667 0.4375 0.13411458333333334 0.4609375 0.14322916666666666 0.4908854166666667 0.14322916666666666 0.5026041666666666 0.14583333333333334 0.5091145833333334 0.14583333333333334 0.5481770833333334 0.13802083333333334 0.5846354166666666 0.12630208333333334 0.6080729166666666 0.10807291666666667 0.6276041666666666 0.09114583333333333 0.6341145833333334 0 0.6302083333333334 0 0.6236979166666666 0.055989583333333336 0.625 0.057291666666666664 0.6276041666666666 0.09505208333333333 0.6276041666666666 0.09635416666666667 0.625 0.10286458333333333 0.6236979166666666 0.11588541666666667 0.61328125 0.13151041666666666 0.58984375 0.13932291666666666 0.5651041666666666 0.14322916666666666 0.5377604166666666 0.14322916666666666 0.5143229166666666 0.13541666666666666 0.4739583333333333 0.12369791666666667 0.4505208333333333 0.11067708333333333 0.4348958333333333 0.09244791666666667 0.42578125 0 0.4231770833333333 0 0.41796875
0 0.9557291666666666 0.4518229166666667 0.9765625 0.453125 0.9765625 0.4596354166666667 0.9427083333333334 0.4596354166666667 0.94140625 0.45703125 0.89453125 0.45703125 0.8658854166666666 0.4544270833333333 0.8580729166666666 0.4557291666666667 0.84375 0.46484375 0.8307291666666666 0.4791666666666667 0.8151041666666666 0.5143229166666666 0.8111979166666666 0.5377604166666666 0.8111979166666666 0.5729166666666666 0.8190104166666666 0.6106770833333334 0.8268229166666666 0.6276041666666666 0.84765625 0.6510416666666666 0.8645833333333334 0.6575520833333334 0.9674479166666666 0.6614583333333334 0.9739583333333334 0.6627604166666666 0.9739583333333334 0.6653645833333334 0.8828125 0.6640625 0.8580729166666666 0.6614583333333334 0.84375 0.6549479166666666 0.8359375 0.6484375 0.8359375 0.6458333333333334 0.82421875 0.6315104166666666 0.8151041666666666 0.609375 0.80859375 0.5768229166666666 0.80859375 0.5364583333333334 0.8111979166666666 0.5299479166666666 0.8125 0.5130208333333334 0.8203125 0.4895833333333333 0.828125 0.4752604166666667 0.84375 0.45703125 0.8645833333333334 0.44921875 0.9544270833333334 0.4518229166666667
2 0.48046875 0.12369791666666667 0.4830729166666667 0.13020833333333334 0.48046875 0.33203125 0.4817708333333333 0.4114583333333333 0.4791666666666667 0.4674479166666667 0.48046875 0.55859375 0.4778645833333333 0.5572916666666666 0.4791666666666667 0.5520833333333334 0.4765625 0.5494791666666666 0.4752604166666667 0.5390625 0.48046875 0.125
3 0.4010416666666667 0.55078125 0.4010416666666667 0.5677083333333334 0.39453125 0.5677083333333334 0.3919270833333333 0.55859375 0.3932291666666667 0.5520833333333334 0.3997395833333333 0.5520833333333334
3 0.4635416666666667 0.5234375 0.4674479166666667 0.5234375 0.4713541666666667 0.5299479166666666 0.4713541666666667 0.5442708333333334 0.4700520833333333 0.546875 0.4635416666666667 0.5481770833333334 0.4609375 0.5442708333333334 0.4609375 0.52734375 0.4635416666666667 0.5247395833333334
3 0.5286458333333334 0.21354166666666666 0.5299479166666666 0.23567708333333334 0.5260416666666666 0.23958333333333334 0.5234375 0.234375 0.5221354166666666 0.21484375 0.5247395833333334 0.21223958333333334 0.52734375 0.21354166666666666
3 0.2799479166666667 0.7311197916666666 0.014322916666666666 0.026692708333333332
3 0.36328125 0.24479166666666666 0.3684895833333333 0.2552083333333333 0.3684895833333333 0.2669270833333333 0.3658854166666667 0.2721354166666667 0.3619791666666667 0.2721354166666667 0.359375 0.2552083333333333 0.36328125 0.24609375
3 0.5846354166666666 0.4375 0.58984375 0.4427083333333333 0.5885416666666666 0.4596354166666667 0.5859375 0.4622395833333333 0.58203125 0.4609375 0.5807291666666666 0.4440104166666667 0.5846354166666666 0.4388020833333333
3 0.5911458333333334 0.6966145833333334 0.5963541666666666 0.703125 0.5950520833333334 0.71875 0.5924479166666666 0.71875 0.58984375 0.71484375 0.58984375 0.6979166666666666
3 0.1734375 0.5750000000000001 0.17578125 0.5750000000000001 0.17656249999999998 0.5736111106770834 0.18046874999999998 0.5736111106770834 0.18125 0.5750000000000001 0.18281250000000002 0.5750000000000001 0.18515625 0.5708333333333333 0.18515625 0.5680555559895833 0.18203125 0.5638888893229167 0.17656249999999998 0.55972222265625 0.171875 0.55972222265625 0.16953125 0.5638888893229167 0.16953125 0.5694444440104166 0.17109375000000002 0.5736111106770834 0.1734375 0.5750000000000001
3 0.42734374999999997 0.5986111106770834 0.43046875 0.5986111106770834 0.4296875 0.5958333333333333 0.4296875 0.5861111106770833 0.42890625 0.5833333333333334 0.425 0.5833333333333334 0.42421875000000003 0.58472222265625 0.42421875000000003 0.59027777734375 0.425 0.5944444440104167 0.42734374999999997 0.5986111106770834
3 0.5007812500000001 0.3986111106770833 0.49765624999999997 0.4055555559895833 0.49843750000000003 0.42083333333333334 0.50390625 0.4236111106770833 0.5046875000000001 0.40138888932291666 0.5007812500000001 0.3986111106770833
3 0.49374999999999997 0.7555555559895833 0.496875 0.7555555559895833 0.49843750000000003 0.75277777734375 0.49843750000000003 0.7458333333333332 0.49765624999999997 0.7416666666666667 0.49609375 0.7388888893229167 0.49374999999999997 0.7388888893229167 0.49296875 0.74027777734375 0.49296875 0.7416666666666667 0.49140625 0.7444444440104167 0.49140625 0.7513888893229167 0.49374999999999997 0.7555555559895833
3 0.453125 0.8472222226562499 0.45546875000000003 0.8472222226562499 0.45625 0.8458333333333333 0.45625 0.8361111106770833 0.453125 0.8208333333333333 0.45156250000000003 0.82222222265625 0.44765625000000003 0.8333333333333334 0.44765625000000003 0.8388888893229166 0.45078124999999997 0.8416666666666667 0.453125 0.8472222226562499