1 0.8429687499999999 0.9319444440104167 0.8445312500000001 0.9305555559895833 0.8453125 0.92777777734375 0.8453125 0.9236111106770833 0.8445312500000001 0.92222222265625 0.84140625 0.92222222265625 0.8406250000000001 0.9236111106770833 0.8406250000000001 0.92777777734375 0.84140625 0.9305555559895833 0.8429687499999999 0.9319444440104167
3 0.8606770833333334 0.5403645833333334 0.8645833333333334 0.5416666666666666 0.8684895833333334 0.546875 0.8684895833333334 0.5520833333333334 0.8658854166666666 0.5546875 0.8619791666666666 0.5546875 0.8567708333333334 0.5598958333333334 0.8515625 0.5598958333333334 0.8515625 0.5572916666666666 0.8541666666666666 0.5416666666666666 0.859375 0.5403645833333334
3 0.6666666666666666 0.484375 0.6705729166666666 0.4895833333333333 0.6705729166666666 0.5013020833333334 0.6653645833333334 0.51171875 0.66015625 0.5104166666666666 0.6549479166666666 0.5052083333333334 0.65625 0.4921875 0.6614583333333334 0.4856770833333333 0.6653645833333334 0.484375
3 0.7565104166666666 0.765625 0.7526041666666666 0.7578125 0.7526041666666666 0.7486979166666666 0.7578125 0.734375 0.765625 0.75390625 0.765625 0.7591145833333334 0.7578125 0.765625
3 0.7239583333333334 0.5520833333333334 0.7252604166666666 0.5611979166666666 0.7200520833333334 0.5729166666666666 0.7096354166666666 0.56640625 0.70703125 0.5546875 0.7096354166666666 0.5559895833333334 0.72265625 0.5520833333333334
3 0.8645833333333334 0.8841145833333334 0.8723958333333334 0.8932291666666666 0.8723958333333334 0.8997395833333334 0.8684895833333334 0.9036458333333334 0.8580729166666666 0.8984375 0.8580729166666666 0.8854166666666666 0.86328125 0.8841145833333334
3 0.4986979166666667 0.61328125 0.0078125 0.0234375
3 0.8424479166666666 0.9231770833333334 0.8450520833333334 0.9231770833333334 0.8463541666666666 0.9348958333333334 0.8567708333333334 0.9479166666666666 0.8567708333333334 0.9557291666666666 0.8528645833333334 0.9596354166666666 0.84765625 0.95703125 0.8411458333333334 0.92578125 0.8424479166666666 0.9244791666666666
3 0.15494791666666666 0.4791666666666667 0.16145833333333334 0.4778645833333333 0.16666666666666666 0.5052083333333334 0.17057291666666666 0.5130208333333334 0.16927083333333334 0.5234375 0.1640625 0.5221354166666666 0.16015625 0.49609375 0.15755208333333334 0.4934895833333333 0.15104166666666666 0.4934895833333333 0.15104166666666666 0.4830729166666667 0.15494791666666666 0.48046875
3 0.3893229166666667 0.24088541666666666 0.3958333333333333 0.2421875 0.3984375 0.2565104166666667 0.3984375 0.2630208333333333 0.3932291666666667 0.2630208333333333 0.3880208333333333 0.24869791666666666 0.3893229166666667 0.2421875
3 0.9388020833333334 0.625 0.9518229166666666 0.6276041666666666 0.9596354166666666 0.6341145833333334 0.9583333333333334 0.6419270833333334 0.9479166666666666 0.640625 0.9375 0.6302083333333334 0.9388020833333334 0.6263020833333334
3 0.15494791666666666 0.4791666666666667 0.16145833333333334 0.4778645833333333 0.16145833333333334 0.4921875 0.15885416666666666 0.4934895833333333 0.15104166666666666 0.4947916666666667 0.14973958333333334 0.4869791666666667 0.15104166666666666 0.4830729166666667 0.15494791666666666 0.48046875
3 0.5945312500000001 0.7541666666666668 0.5929687499999999 0.7611111106770833 0.6015625 0.7888888893229167 0.6015625 0.76527777734375 0.5945312500000001 0.7541666666666668
2 0.4765625 0.13411458333333334 0.4791666666666667 0.13671875 0.4791666666666667 0.24739583333333334 0.4765625 0.3671875 0.4778645833333333 0.40234375 0.4752604166666667 0.5065104166666666 0.4739583333333333 0.7760416666666666 0.4713541666666667 0.8255208333333334 0.4713541666666667 0.95703125 0.4700520833333333 0.9609375 0.4674479166666667 0.9596354166666666 0.46875 0.7903645833333334 0.4713541666666667 0.7486979166666666 0.4700520833333333 0.7265625 0.47265625 0.6497395833333334 0.4713541666666667 0.5872395833333334 0.4765625 0.13541666666666666
0 0 0.6361111106770834 0.0890625 0.6388888893229167 0.11171874999999999 0.6263888893229167 0.12343749999999999 0.6111111106770833 0.13828125 0.5750000000000001 0.14375000000000002 0.5361111106770834 0.140625 0.49722222265625 0.1265625 0.4569444440104167 0.1125 0.4375 0.0984375 0.42777777734375005 0.029687500000000002 0.42222222265625 0 0.42222222265625 0 0.42638888932291663 0.08671875 0.43055555598958334 0.10234375 0.43611111067708336 0.1140625 0.44722222265624995 0.13593750000000002 0.4944444440104167 0.1390625 0.5444444440104167 0.13515625 0.5708333333333333 0.12734375 0.5944444440104167 0.11328125 0.6166666666666667 0.09999999999999999 0.6291666666666667 0 0.6291666666666667 0 0.6361111106770834
0 0.93203125 0.46388888932291666 0.9703125 0.46388888932291666 0.97265625 0.45972222265625 0.8550666354166667 0.4584237864583333 0.8585937499999999 0.4611111106770833 0.93203125 0.46388888932291666
0 0.92421875 0.6638888893229167 0.8562500000000001 0.6625 0.8289062500000001 0.6430555559895833 0.8156249999999999 0.6166666666666667 0.80859375 0.59027777734375 0.8078124999999999 0.5361111106770834 0.81640625 0.50277777734375 0.8273437499999999 0.48194444401041664 0.8515625 0.46249999999999997 0.852716234375 0.45839783333333334 0.8468749999999999 0.4583333333333333 0.834375 0.4666666666666666 0.8203125 0.4861111106770833 0.81015625 0.5111111106770834 0.8039062499999999 0.5444444440104167 0.8039062499999999 0.5805555559895833 0.81015625 0.6124999999999999 0.82421875 0.6430555559895833 0.84140625 0.6611111106770834 0.8679687500000001 0.6680555559895834 0.9453125 0.6694444440104167 0.92421875 0.6638888893229167