1 0.278375 0.35280833333333333 0.2780625 0.34792361067708333 0.27525 0.3471458333333333 0.27390625 0.3518333333333334 0.27525 0.35614027734375003 0.27768750000000003 0.35658472265624996 0.278375 0.35280833333333333
0 0 0.4166666666666667 0.016927083333333332 0.4166666666666667 0.018229166666666668 0.4192708333333333 0.09244791666666667 0.4205729166666667 0.11067708333333333 0.42578125 0.12369791666666667 0.4375 0.13541666666666666 0.4557291666666667 0.14583333333333334 0.4856770833333333 0.14973958333333334 0.51171875 0.14713541666666666 0.5638020833333334 0.14322916666666666 0.5716145833333334 0.140625 0.5859375 0.13020833333333334 0.6080729166666666 0.11067708333333333 0.6276041666666666 0.09765625 0.6328125 0 0.6302083333333334 0 0.6223958333333334 0.09635416666666667 0.6276041666666666 0.09765625 0.625 0.1015625 0.625 0.11328125 0.6184895833333334 0.125 0.60546875 0.13671875 0.5846354166666666 0.13671875 0.5794270833333334 0.14322916666666666 0.5638020833333334 0.14713541666666666 0.53125 0.14453125 0.4947916666666667 0.13541666666666666 0.46484375 0.12760416666666666 0.4505208333333333 0.11458333333333333 0.4348958333333333 0.09375 0.42578125 0 0.4231770833333333 0 0.41796875
0 0.8997395833333334 0.44921875 0.9739583333333334 0.4518229166666667 0.9778645833333334 0.4557291666666667 0.9375 0.45703125 0.859375 0.4544270833333333 0.84375 0.46484375 0.8333333333333334 0.4752604166666667 0.8229166666666666 0.4921875 0.8216145833333334 0.5013020833333334 0.8151041666666666 0.515625 0.8111979166666666 0.5390625 0.8111979166666666 0.5703125 0.8190104166666666 0.6080729166666666 0.8307291666666666 0.6315104166666666 0.84765625 0.6497395833333334 0.85546875 0.6536458333333334 0.8671875 0.65625 0.9739583333333334 0.66015625 0.9739583333333334 0.6640625 0.92578125 0.6640625 0.8671875 0.6614583333333334 0.8541666666666666 0.6588541666666666 0.8372395833333334 0.6471354166666666 0.82421875 0.62890625 0.81640625 0.6119791666666666 0.80859375 0.5729166666666666 0.80859375 0.5390625 0.81640625 0.4986979166666667 0.828125 0.4739583333333333 0.84375 0.45703125 0.85546875 0.4505208333333333 0.8984375 0.44921875
2 0.48046875 0.5924479166666666 0.4765625 0.8541666666666666 0.4778645833333333 0.87109375 0.4752604166666667 0.9518229166666666 0.47265625 0.9518229166666666 0.47265625 0.8658854166666666 0.4752604166666667 0.81640625 0.4739583333333333 0.7916666666666666 0.4765625 0.5989583333333334 0.4791666666666667 0.59375
3 0.5716145833333334 0.5592447916666666 0.01171875 0.0234375
3 0.3815104166666667 0.8125 0.3841145833333333 0.8125 0.3880208333333333 0.8177083333333334 0.3880208333333333 0.8294270833333334 0.37890625 0.8294270833333334 0.3815104166666667 0.8138020833333334
3 0.4401041666666667 0.7317708333333334 0.4453125 0.7526041666666666 0.4427083333333333 0.765625 0.4375 0.7630208333333334 0.4361979166666667 0.75 0.43359375 0.7473958333333334 0.43359375 0.73828125 0.4388020833333333 0.7317708333333334
3 0.5013020833333334 0.2552083333333333 0.50390625 0.2630208333333333 0.5026041666666666 0.28125 0.4986979166666667 0.2799479166666667 0.5 0.2565104166666667
3 0.46875 0.5846354166666666 0.4635416666666667 0.5755208333333334 0.46484375 0.56640625 0.4713541666666667 0.56640625 0.4739583333333333 0.5690104166666666 0.4739583333333333 0.5846354166666666 0.4700520833333333 0.5846354166666666
3 0.2747395833333333 0.328125 0.2786458333333333 0.3333333333333333 0.28125 0.3450520833333333 0.28125 0.3489583333333333 0.2760416666666667 0.3541666666666667 0.2760416666666667 0.3567708333333333 0.2760416666666667 0.3528645833333333 0.2669270833333333 0.3359375 0.2682291666666667 0.3307291666666667 0.2734375 0.328125
3 0.3736979166666667 0.5598958333333334 0.3763020833333333 0.57421875 0.37109375 0.5755208333333334 0.3658854166666667 0.57421875 0.3658854166666667 0.56640625 0.3671875 0.5625 0.3723958333333333 0.5598958333333334
3 0.22916666666666666 0.6158854166666666 0.22786458333333334 0.6067708333333334 0.23046875 0.6028645833333334 0.23697916666666666 0.6028645833333334 0.24088541666666666 0.61328125 0.23697916666666666 0.6184895833333334 0.23046875 0.6158854166666666
3 0.4361979166666667 0.2109375 0.4388020833333333 0.21354166666666666 0.4401041666666667 0.22395833333333334 0.4427083333333333 0.22526041666666666 0.4427083333333333 0.23567708333333334 0.4388020833333333 0.23697916666666666 0.4361979166666667 0.23307291666666666 0.4361979166666667 0.22786458333333334 0.43359375 0.22395833333333334 0.4348958333333333 0.21223958333333334
3 0.38671875 0.40625 0.390625 0.4049479166666667 0.3958333333333333 0.4114583333333333 0.3932291666666667 0.4231770833333333 0.3971354166666667 0.43359375 0.3958333333333333 0.4440104166666667 0.3932291666666667 0.4440104166666667 0.390625 0.4388020833333333 0.3893229166666667 0.4231770833333333 0.3854166666666667 0.4153645833333333 0.38671875 0.4075520833333333
3 0.4830729166666667 0.39453125 0.4869791666666667 0.40234375 0.484375 0.4127604166666667 0.48046875 0.4127604166666667 0.4778645833333333 0.40625 0.4778645833333333 0.3997395833333333 0.4817708333333333 0.39453125
3 0.425 0.4944444440104167 0.42578125 0.49305555598958334 0.42890625 0.49305555598958334 0.43046875 0.49027777734375005 0.43046875 0.4791666666666667 0.42890625 0.47361111067708334 0.42734374999999997 0.4708333333333334 0.42578125 0.4694444440104167 0.42265625 0.4694444440104167 0.41875 0.47361111067708334 0.41796875 0.4763888893229167 0.41796875 0.4861111106770833 0.42109375 0.4916666666666667 0.425 0.4944444440104167