1 0.622790625 0.18473472265625002 0.6245062499999999 0.18359166666666668 0.62525625 0.18054444401041667 0.6248273437499999 0.17768611067708331 0.6224421875 0.17636944401041665 0.620753125 0.18035416666666668 0.621396875 0.18321111067708332 0.622790625 0.18473472265625002
0 0.99609375 0.4166666666666667 0.9986979166666666 0.4166666666666667 0.9986979166666666 0.4244791666666667 0.9140625 0.4270833333333333 0.90234375 0.4296875 0.8919270833333334 0.4348958333333333 0.8736979166666666 0.45703125 0.8736979166666666 0.4609375 0.8671875 0.47265625 0.859375 0.4986979166666667 0.8580729166666666 0.5364583333333334 0.85546875 0.5364583333333334 0.85546875 0.5078125 0.8606770833333334 0.4791666666666667 0.8684895833333334 0.4583333333333333 0.8841145833333334 0.4348958333333333 0.8958333333333334 0.42578125 0.9075520833333334 0.421875 0.99609375 0.41796875
0 0.1328125 0.453125 0.1484375 0.4583333333333333 0.1640625 0.47265625 0.17838541666666666 0.4973958333333333 0.17838541666666666 0.5026041666666666 0.18359375 0.5143229166666666 0.18880208333333334 0.5481770833333334 0.18880208333333334 0.5716145833333334 0.18619791666666666 0.5963541666666666 0.17708333333333334 0.6276041666666666 0.17057291666666666 0.640625 0.15625 0.6575520833333334 0.15104166666666666 0.6614583333333334 0.13671875 0.6653645833333334 0.13541666666666666 0.66796875 0.03125 0.6731770833333334 0.0234375 0.6731770833333334 0.0234375 0.6666666666666666 0.13541666666666666 0.6614583333333334 0.1484375 0.65625 0.15494791666666666 0.6510416666666666 0.17317708333333334 0.6263020833333334 0.18359375 0.59375 0.18619791666666666 0.5572916666666666 0.18489583333333334 0.5377604166666666 0.17578125 0.5026041666666666 0.16145833333333334 0.4778645833333333 0.15234375 0.46875 0.13671875 0.4609375 0.0859375 0.4609375 0.055989583333333336 0.4635416666666667 0.018229166666666668 0.4622395833333333 0.020833333333333332 0.45703125 0.13151041666666666 0.453125
2 0.5208333333333334 0.5052083333333334 0.5260416666666666 0.7552083333333334 0.5260416666666666 0.8841145833333334 0.5286458333333334 0.9348958333333334 0.52734375 0.9609375 0.5247395833333334 0.9609375 0.5234375 0.94140625 0.5247395833333334 0.890625 0.5234375 0.7981770833333334 0.5208333333333334 0.7747395833333334 0.5221354166666666 0.70703125 0.51953125 0.640625 0.5208333333333334 0.5065104166666666
3 0.6015625 0.5364583333333334 0.60546875 0.5364583333333334 0.6080729166666666 0.5390625 0.6080729166666666 0.546875 0.6041666666666666 0.5520833333333334 0.6002604166666666 0.5533854166666666 0.5989583333333334 0.5416666666666666 0.6015625 0.5377604166666666
3 0.47265625 0.21614583333333334 0.4700520833333333 0.19791666666666666 0.4739583333333333 0.19140625 0.4765625 0.19270833333333334 0.4778645833333333 0.19921875 0.4765625 0.21484375 0.4739583333333333 0.21614583333333334
3 0.7395833333333334 0.7044270833333334 0.7486979166666666 0.7161458333333334 0.7486979166666666 0.7200520833333334 0.7447916666666666 0.7252604166666666 0.7369791666666666 0.72265625 0.7395833333333334 0.7057291666666666
3 0.51171875 0.7421875 0.5143229166666666 0.74609375 0.515625 0.7591145833333334 0.51171875 0.7630208333333334 0.5091145833333334 0.7630208333333334 0.5078125 0.7604166666666666 0.5104166666666666 0.7434895833333334
3 0.56640625 0.390625 0.5690104166666666 0.3932291666666667 0.5690104166666666 0.4049479166666667 0.5625 0.4075520833333333 0.5625 0.3958333333333333 0.5651041666666666 0.3919270833333333
3 0.5807291666666666 0.6002604166666666 0.58203125 0.609375 0.5807291666666666 0.6145833333333334 0.578125 0.6158854166666666 0.5729166666666666 0.61328125 0.5729166666666666 0.609375 0.57421875 0.6015625 0.5768229166666666 0.5989583333333334 0.5794270833333334 0.6002604166666666
3 0.6263020833333334 0.14453125 0.6315104166666666 0.14583333333333334 0.6328125 0.15755208333333334 0.62890625 0.16666666666666666 0.6276041666666666 0.18098958333333334 0.625 0.18489583333333334 0.6184895833333334 0.18098958333333334 0.6263020833333334 0.14583333333333334
3 0.3997395833333333 0.3580729166666667 0.4049479166666667 0.37109375 0.4036458333333333 0.3776041666666667 0.3997395833333333 0.3815104166666667 0.3958333333333333 0.3723958333333333 0.3958333333333333 0.359375 0.3984375 0.3580729166666667
3 0.5182291666666666 0.4739583333333333 0.5221354166666666 0.4778645833333333 0.5234375 0.484375 0.5234375 0.4934895833333333 0.51953125 0.5013020833333334 0.5130208333333334 0.5013020833333334 0.51171875 0.49609375 0.51171875 0.484375 0.5130208333333334 0.4791666666666667 0.5169270833333334 0.4752604166666667
3 0.4088541666666667 0.6770833333333334 0.41015625 0.69140625 0.40625 0.69921875 0.40234375 0.6966145833333334 0.4010416666666667 0.6848958333333334 0.4036458333333333 0.6783854166666666 0.4075520833333333 0.6770833333333334
3 0.57421875 0.73828125 0.5807291666666666 0.7447916666666666 0.58203125 0.7578125 0.5768229166666666 0.7630208333333334 0.57421875 0.76171875 0.5716145833333334 0.7526041666666666 0.5729166666666666 0.7395833333333334
3 0.8597609374999999 0.5468638893229166 0.872075 0.5474541666666667 0.87623515625 0.5377527773437499 0.8707437499999999 0.5252805559895833 0.8589289062500001 0.5270555559895833 0.8597609374999999 0.5468638893229166