0 0 0.6263888893229167 0.09375 0.6291666666666667 0.1125 0.6166666666666667 0.13203125000000002 0.5875 0.13984375000000002 0.5625 0.14375000000000002 0.5361111106770834 0.13984375000000002 0.4944444440104167 0.13749999999999998 0.5041666666666667 0.13828125 0.54722222265625 0.13515625 0.5625 0.12968749999999998 0.5805555559895833 0.11015625 0.6111111106770833 0.0890625 0.6236111106770833 0 0.6194444440104167 0 0.6263888893229167
3 0.11875000000000001 0.4666666666666666 0.11953124999999999 0.48194444401041664 0.1328125 0.48333333333333334 0.13046875 0.4694444440104167 0.11875000000000001 0.4666666666666666
3 0.26718749999999997 0.27499999999999997 0.26171875 0.25 0.2546875 0.2430555559895833 0.25234375000000003 0.24722222265625002 0.25390625 0.25694444401041666 0.2625 0.27638888932291666 0.26718749999999997 0.27499999999999997
3 0.43124999999999997 0.23888888932291666 0.42734374999999997 0.25138888932291664 0.43515624999999997 0.25694444401041666 0.4375 0.24166666666666667 0.43124999999999997 0.23888888932291666
3 0.42109375 0.43888888932291664 0.41640625000000003 0.4375 0.41250000000000003 0.4430555559895833 0.41328125 0.4569444440104167 0.41796875 0.45972222265625 0.42265625 0.45416666666666666 0.42109375 0.43888888932291664
2 0.471875 0.46527777734375 0.47031249999999997 0.61527777734375 0.47421874999999997 0.6041666666666666 0.4734375 0.45555555598958336 0.471875 0.46527777734375
3 0.509375 0.4458333333333333 0.49921875 0.44861111067708337 0.49765624999999997 0.45416666666666666 0.5046875000000001 0.46388888932291666 0.5078125 0.46249999999999997 0.509375 0.4458333333333333
3 0.45 0.5388888893229167 0.45234375 0.5291666666666667 0.4421875 0.5194444440104167 0.43906249999999997 0.5319444440104167 0.44609375 0.55277777734375 0.45156250000000003 0.5583333333333333 0.45 0.5388888893229167
2 0.47031249999999997 0.6638888893229167 0.46640624999999997 0.7930555559895834 0.46718750000000003 0.9458333333333333 0.47109375000000003 0.9249999999999999 0.4734375 0.6708333333333334 0.47031249999999997 0.6638888893229167
3 0.48125 0.6375000000000001 0.47812499999999997 0.64027777734375 0.47734375 0.6541666666666667 0.48359375 0.6625 0.484375 0.6444444440104167 0.48125 0.6375000000000001
3 0.43203125000000003 0.725 0.42421875000000003 0.7222222226562499 0.421875 0.7291666666666666 0.42890625 0.7430555559895833 0.43203125000000003 0.7416666666666667 0.43203125000000003 0.725
3 0.41171874999999997 0.8166666666666668 0.40390624999999997 0.8194444440104167 0.40390624999999997 0.8319444440104166 0.4109375 0.8513888893229167 0.4140625 0.8513888893229167 0.41171874999999997 0.8166666666666668
3 0.48515625 0.7958333333333334 0.48359375 0.8041666666666667 0.49374999999999997 0.8166666666666668 0.4921875 0.7999999999999999 0.48515625 0.7958333333333334
1 0.50234375 0.7999999999999999 0.5015625 0.7958333333333334 0.5 0.7958333333333334 0.49843750000000003 0.79722222265625 0.49843750000000003 0.80277777734375 0.5015625 0.80277777734375 0.50234375 0.7999999999999999
3 0.8015625000000001 0.58472222265625 0.7898437500000001 0.5805555559895833 0.79140625 0.5958333333333333 0.796875 0.59722222265625 0.8039062499999999 0.59027777734375 0.8015625000000001 0.58472222265625
0 0 0.42083333333333334 0.09218749999999999 0.4236111106770833 0.11328125 0.4375 0.13125 0.46388888932291666 0.12578124999999998 0.4458333333333333 0.09999999999999999 0.41944444401041664 0.015625 0.41250000000000003 0 0.41250000000000003 0 0.42083333333333334
2 0.4734375 0.31944444401041666 0.4734375 0.33888888932291666 0.47578125 0.32083333333333336 0.4734375 0.31944444401041666
2 0.4734375 0.33888888932291666 0.4734375 0.4430555559895833 0.47578125 0.36388888932291663 0.4734375 0.33888888932291666
0 0.8367187500000001 0.6541666666666667 0.86328125 0.6625 0.96640625 0.6638888893229167 0.9640624999999999 0.65972222265625 0.8718750000000001 0.6569444440104167 0.8406250000000001 0.65 0.8289062500000001 0.64027777734375 0.8140625 0.6138888893229166 0.8039062499999999 0.5625 0.8039062499999999 0.5458333333333333 0.80859375 0.5138888893229167 0.8156249999999999 0.4944444440104167 0.83203125 0.4680555559895833 0.84375 0.45972222265625 0.8703124999999999 0.45555555598958336 0.9695312500000001 0.4611111106770833 0.9695312500000001 0.45555555598958336 0.8828125 0.45 0.84140625 0.45416666666666666 0.81640625 0.48194444401041664 0.80703125 0.5041666666666667 0.8015625000000001 0.5305555559895833 0.7999999999999999 0.5680555559895833 0.80625 0.6055555559895833 0.82421875 0.6416666666666667 0.8367187500000001 0.6541666666666667
2 0.47734375 0.12777777734374998 0.47265625 0.3333333333333333 0.47031249999999997 0.61527777734375 0.4734375 0.61527777734375 0.47421874999999997 0.59027777734375 0.47734375 0.12777777734374998
2 0.47421874999999997 0.2694444440104167 0.47734375 0.26527777734374997 0.47734375 0.24027777734375 0.47500000000000003 0.23750000000000002 0.47734375 0.23287083333333333 0.47734375 0.12916666666666668 0.47500000000000003 0.18194444401041665 0.4765625 0.21666666666666667 0.47421874999999997 0.24444444401041665 0.4765625 0.2611111106770833 0.47421874999999997 0.2694444440104167
3 0.3 0.8236111106770833 0.29843749999999997 0.8375 0.30546875 0.8388888893229166 0.3078125 0.8236111106770833 0.3 0.8236111106770833