1 0.40859375000000003 0.6388888893229167 0.41015625 0.6361111106770834 0.41015625 0.6333333333333333 0.40703125 0.6305555559895833 0.40546875 0.6333333333333333 0.40546875 0.6361111106770834 0.40703125 0.6388888893229167 0.40859375000000003 0.6388888893229167
3 0.4466145833333333 0.24479166666666666 0.4505208333333333 0.25390625 0.4479166666666667 0.26953125 0.4453125 0.26953125 0.4427083333333333 0.265625 0.4427083333333333 0.24609375 0.4453125 0.24479166666666666
3 0.3932291666666667 0.19661458333333334 0.4010416666666667 0.20052083333333334 0.4036458333333333 0.2109375 0.4036458333333333 0.21614583333333334 0.4010416666666667 0.21875 0.3971354166666667 0.21614583333333334 0.3932291666666667 0.20703125 0.3932291666666667 0.19791666666666666
3 0.5416666666666666 0.6171875 0.5455729166666666 0.6184895833333334 0.5494791666666666 0.6276041666666666 0.5494791666666666 0.6419270833333334 0.5455729166666666 0.6432291666666666 0.54296875 0.640625 0.5416666666666666 0.6184895833333334
3 0.21744791666666666 0.6673177083333334 0.013020833333333334 0.020833333333333332
3 0.3424479166666667 0.6119791666666666 0.3411458333333333 0.6041666666666666 0.3450520833333333 0.5950520833333334 0.3489583333333333 0.5950520833333334 0.3515625 0.609375 0.34375 0.6119791666666666
3 0.4466145833333333 0.74609375 0.453125 0.76953125 0.4518229166666667 0.7760416666666666 0.4440104166666667 0.7760416666666666 0.4440104166666667 0.7643229166666666 0.4388020833333333 0.7552083333333334 0.4401041666666667 0.75 0.4453125 0.7473958333333334
3 0.33984375 0.5182291666666666 0.3385416666666667 0.5091145833333334 0.3411458333333333 0.5026041666666666 0.3463541666666667 0.50390625 0.3489583333333333 0.515625 0.34765625 0.5221354166666666 0.34375 0.5221354166666666 0.3411458333333333 0.5182291666666666
3 0.57421875 0.4270833333333333 0.5690104166666666 0.4205729166666667 0.5690104166666666 0.4166666666666667 0.578125 0.40625 0.5807291666666666 0.4088541666666667 0.5833333333333334 0.42578125 0.5807291666666666 0.4296875 0.5755208333333334 0.4270833333333333
3 0.421875 0.3828125 0.4270833333333333 0.3828125 0.4296875 0.3880208333333333 0.4283854166666667 0.3997395833333333 0.4244791666666667 0.4010416666666667 0.4205729166666667 0.3919270833333333 0.421875 0.3841145833333333
3 0.24479166666666666 0.46484375 0.24479166666666666 0.4830729166666667 0.23828125 0.48828125 0.23697916666666666 0.4791666666666667 0.23046875 0.4752604166666667 0.22916666666666666 0.4700520833333333 0.23046875 0.4674479166666667 0.23828125 0.4674479166666667 0.24348958333333334 0.46484375
3 0.38671875 0.8606770833333334 0.3841145833333333 0.8528645833333334 0.3854166666666667 0.8372395833333334 0.3893229166666667 0.83984375 0.3932291666666667 0.84765625 0.39453125 0.8697916666666666 0.390625 0.8671875 0.3880208333333333 0.8606770833333334
3 0.38671875 0.5166666666666667 0.38437499999999997 0.5013888893229167 0.378125 0.5013888893229167 0.37421875 0.5083333333333333 0.37343750000000003 0.51527777734375 0.37734375000000003 0.52222222265625 0.38125000000000003 0.5236111106770833 0.38671875 0.5166666666666667
2 0.48046875 0.12239583333333333 0.4817708333333333 0.30078125 0.4791666666666667 0.6315104166666666 0.4752604166666667 0.76953125 0.4752604166666667 0.9322916666666666 0.4739583333333333 0.9518229166666666 0.4713541666666667 0.9505208333333334 0.4700520833333333 0.92578125 0.47265625 0.9127604166666666 0.4713541666666667 0.8697916666666666 0.47265625 0.7473958333333334 0.4752604166666667 0.6940104166666666 0.4739583333333333 0.6197916666666666 0.4765625 0.5533854166666666 0.4765625 0.3776041666666667 0.4791666666666667 0.30078125 0.4778645833333333 0.28125 0.48046875 0.12369791666666667
0 0 0.6263888893229167 0.096875 0.6291666666666667 0.11171874999999999 0.6208333333333333 0.125 0.6055555559895833 0.140625 0.57222222265625 0.146875 0.5305555559895833 0.14375000000000002 0.4875 0.13125 0.4513888893229167 0.11562499999999999 0.4291666666666667 0.09765625 0.4180555559895833 0.034374999999999996 0.4138888893229167 0 0.4138888893229167 0 0.41944444401041664 0.0984375 0.4236111106770833 0.11562499999999999 0.43611111067708336 0.1328125 0.46527777734375 0.13984375000000002 0.48888888932291663 0.1421875 0.5416666666666666 0.13125 0.5861111106770833 0.1171875 0.6083333333333333 0.10312500000000001 0.6208333333333333 0.0890625 0.625 0 0.6208333333333333 0 0.6263888893229167
0 0.84140625 0.65 0.86875 0.65972222265625 0.975 0.6611111106770834 0.85546875 0.65277777734375 0.83046875 0.6305555559895833 0.8156249999999999 0.5986111106770834 0.8109375 0.5708333333333333 0.8109375 0.53472222265625 0.8156249999999999 0.5069444440104166 0.83046875 0.47500000000000003 0.84375 0.45972222265625 0.8609375 0.4513888893229167 0.975 0.4513888893229167 0.85 0.45 0.8328125000000001 0.46388888932291666 0.8195312499999999 0.4861111106770833 0.8078124999999999 0.5319444440104167 0.80703125 0.5666666666666667 0.8140625 0.6055555559895833 0.82421875 0.6291666666666667 0.84140625 0.65