1 0.78125 0.6361111106770834 0.7820312500000001 0.6375000000000001 0.78359375 0.6375000000000001 0.7843749999999999 0.6361111106770834 0.7843749999999999 0.6333333333333333 0.78359375 0.6319444440104166 0.7820312500000001 0.6319444440104166 0.78125 0.6333333333333333 0.78125 0.6361111106770834
0 0.140625 0.4934895833333333 0.14322916666666666 0.4973958333333333 0.14583333333333334 0.5143229166666666 0.14583333333333334 0.5442708333333334 0.14322916666666666 0.55078125 0.14192708333333334 0.5690104166666666 0.13671875 0.5872395833333334 0.12760416666666666 0.6067708333333334 0.11067708333333333 0.6276041666666666 0.09244791666666667 0.6354166666666666 0 0.6328125 0 0.625 0.009114583333333334 0.625 0.010416666666666666 0.6276041666666666 0.055989583333333336 0.6276041666666666 0.09244791666666667 0.6302083333333334 0.11067708333333333 0.6184895833333334 0.12760416666666666 0.5963541666666666 0.13671875 0.5729166666666666 0.13671875 0.5677083333333334 0.13932291666666666 0.5651041666666666 0.14192708333333334 0.5390625 0.14192708333333334 0.5169270833333334 0.13932291666666666 0.5052083333333334 0.140625 0.4947916666666667
0 0.87109375 0.4544270833333333 0.9700520833333334 0.4583333333333333 0.9700520833333334 0.4635416666666667 0.9479166666666666 0.46484375 0.85546875 0.4609375 0.8424479166666666 0.4661458333333333 0.828125 0.4791666666666667 0.8177083333333334 0.49609375 0.8098958333333334 0.5169270833333334 0.8046875 0.5572916666666666 0.8072916666666666 0.5924479166666666 0.8190104166666666 0.6276041666666666 0.8333333333333334 0.6471354166666666 0.84375 0.65625 0.8502604166666666 0.6588541666666666 0.8671875 0.6614583333333334 0.9674479166666666 0.6640625 0.9661458333333334 0.6705729166666666 0.87890625 0.66796875 0.8776041666666666 0.6653645833333334 0.8502604166666666 0.6640625 0.8359375 0.65625 0.8268229166666666 0.6471354166666666 0.8268229166666666 0.64453125 0.81640625 0.6315104166666666 0.8072916666666666 0.6067708333333334 0.8033854166666666 0.5872395833333334 0.8033854166666666 0.53515625 0.8072916666666666 0.5221354166666666 0.8072916666666666 0.5143229166666666 0.8203125 0.4830729166666667 0.83203125 0.4674479166666667 0.8463541666666666 0.45703125 0.85546875 0.4544270833333333 0.8697916666666666 0.4544270833333333
2 0.4778645833333333 0.13541666666666666 0.48046875 0.13671875 0.48046875 0.17317708333333334 0.4778645833333333 0.4778645833333333 0.4739583333333333 0.6549479166666666 0.4739583333333333 0.80859375 0.4713541666666667 0.8372395833333334 0.4713541666666667 0.9544270833333334 0.46875 0.9557291666666666 0.4674479166666667 0.953125 0.46875 0.8229166666666666 0.4713541666666667 0.7864583333333334 0.4713541666666667 0.6106770833333334 0.4739583333333333 0.5247395833333334 0.47265625 0.453125 0.4752604166666667 0.4140625 0.4778645833333333 0.13671875
3 0.69140625 0.3229166666666667 0.6953125 0.3190104166666667 0.69921875 0.3190104166666667 0.7005208333333334 0.3216145833333333 0.7005208333333334 0.328125 0.6953125 0.3385416666666667 0.69140625 0.3385416666666667 0.6861979166666666 0.3307291666666667 0.6861979166666666 0.328125 0.69140625 0.32421875
3 0.765625 0.52734375 0.7669270833333334 0.4986979166666667 0.7708333333333334 0.50390625 0.77734375 0.5234375 0.7760416666666666 0.52734375 0.76953125 0.5260416666666666 0.765625 0.5286458333333334
3 0.6263020833333334 0.7760416666666666 0.6276041666666666 0.80078125 0.6263020833333334 0.8020833333333334 0.62109375 0.7994791666666666 0.6145833333333334 0.77734375 0.6158854166666666 0.7734375 0.6223958333333334 0.7786458333333334 0.625 0.77734375
3 0.4921875 0.8111979166666666 0.4973958333333333 0.8111979166666666 0.4986979166666667 0.8190104166666666 0.4986979166666667 0.8450520833333334 0.49609375 0.8450520833333334 0.4908854166666667 0.8268229166666666 0.4921875 0.8125
3 0.88671875 0.5377604166666666 0.8958333333333334 0.5559895833333334 0.8958333333333334 0.5638020833333334 0.8932291666666666 0.56640625 0.890625 0.56640625 0.8841145833333334 0.5572916666666666 0.8828125 0.5390625 0.8854166666666666 0.5377604166666666
3 0.6380208333333334 0.6171875 0.6432291666666666 0.6197916666666666 0.6380208333333334 0.6380208333333334 0.6276041666666666 0.62890625 0.62890625 0.6236979166666666 0.63671875 0.6171875
3 0.7760416666666666 0.5442708333333334 0.7799479166666666 0.546875 0.7838541666666666 0.55859375 0.7825520833333334 0.5677083333333334 0.77734375 0.5690104166666666 0.7708333333333334 0.5598958333333334 0.765625 0.55859375 0.7669270833333334 0.5533854166666666 0.7747395833333334 0.5455729166666666
3 0.36328125 0.7415364583333334 0.015625 0.024739583333333332
3 0.30859375 0.26171875 0.3125 0.26171875 0.3177083333333333 0.2682291666666667 0.3177083333333333 0.2786458333333333 0.3125 0.2786458333333333 0.30859375 0.2734375 0.30859375 0.2630208333333333
3 0.5911458333333334 0.5325520833333334 0.5924479166666666 0.5546875 0.5911458333333334 0.5638020833333334 0.5885416666666666 0.56640625 0.5859375 0.5651041666666666 0.5846354166666666 0.546875 0.5794270833333334 0.5364583333333334 0.5846354166666666 0.53125 0.58984375 0.5325520833333334
3 0.5026041666666666 0.453125 0.5091145833333334 0.45703125 0.5104166666666666 0.4635416666666667 0.5091145833333334 0.48046875 0.50390625 0.48046875 0.4986979166666667 0.47265625 0.4986979166666667 0.4622395833333333 0.5026041666666666 0.4544270833333333
3 0.1265625 0.4708333333333334 0.12265625000000001 0.4708333333333334 0.12109375 0.47361111067708334 0.1203125 0.4763888893229167 0.12109375 0.48333333333333334 0.12578124999999998 0.4875 0.12968749999999998 0.4875 0.13046875 0.48888888932291663 0.13359374999999998 0.49027777734375005 0.134375 0.4875 0.134375 0.4805555559895833 0.13359374999999998 0.4763888893229167 0.1265625 0.4708333333333334