1 0.5671875000000001 0.35694444401041664 0.5671875000000001 0.36527777734375005 0.5703125 0.36527777734375005 0.5710937500000001 0.35833333333333334 0.5671875000000001 0.35694444401041664
0 0 0.4283854166666667 0.08203125 0.4309895833333333 0.10026041666666667 0.4375 0.11848958333333333 0.4583333333333333 0.12630208333333334 0.4739583333333333 0.12760416666666666 0.4830729166666667 0.13411458333333334 0.4986979166666667 0.13802083333333334 0.5377604166666666 0.13541666666666666 0.5703125 0.13020833333333334 0.5924479166666666 0.11848958333333333 0.6171875 0.10026041666666667 0.6380208333333334 0.08333333333333333 0.64453125 0 0.6419270833333334 0 0.63671875 0.08203125 0.6393229166666666 0.09895833333333333 0.6328125 0.11328125 0.6158854166666666 0.125 0.59375 0.13151041666666666 0.5716145833333334 0.13411458333333334 0.55078125 0.13411458333333334 0.5234375 0.12890625 0.4934895833333333 0.11979166666666667 0.4700520833333333 0.10677083333333333 0.4505208333333333 0.09895833333333333 0.4440104166666667 0.08723958333333333 0.4388020833333333 0.08203125 0.4388020833333333 0.08072916666666667 0.4361979166666667 0.0078125 0.4348958333333333 0 0.43359375 0 0.4296875
0 0.9427083333333334 0.4622395833333333 0.96484375 0.4635416666666667 0.9661458333333334 0.4674479166666667 0.9596354166666666 0.46875 0.85546875 0.46484375 0.84375 0.4674479166666667 0.83203125 0.4752604166666667 0.8151041666666666 0.4986979166666667 0.8098958333333334 0.515625 0.8072916666666666 0.5182291666666666 0.8020833333333334 0.5455729166666666 0.8020833333333334 0.5859375 0.8072916666666666 0.61328125 0.8151041666666666 0.6328125 0.8255208333333334 0.6458333333333334 0.8255208333333334 0.6484375 0.8385416666666666 0.66015625 0.859375 0.6666666666666666 0.8893229166666666 0.6666666666666666 0.890625 0.6692708333333334 0.9322916666666666 0.6692708333333334 0.9635416666666666 0.671875 0.9635416666666666 0.67578125 0.8697916666666666 0.6731770833333334 0.8515625 0.671875 0.8411458333333334 0.66796875 0.82421875 0.6549479166666666 0.8125 0.63671875 0.8046875 0.6158854166666666 0.7994791666666666 0.5885416666666666 0.7994791666666666 0.5455729166666666 0.8046875 0.5143229166666666 0.8072916666666666 0.51171875 0.8125 0.4947916666666667 0.8203125 0.4817708333333333 0.8307291666666666 0.4700520833333333 0.84765625 0.4609375 0.94140625 0.4622395833333333
2 0.4739583333333333 0.13671875 0.4739583333333333 0.3072916666666667 0.4713541666666667 0.3307291666666667 0.4713541666666667 0.6432291666666666 0.4674479166666667 0.7760416666666666 0.4661458333333333 0.9635416666666666 0.4635416666666667 0.96484375 0.4635416666666667 0.8489583333333334 0.46484375 0.7083333333333334 0.4674479166666667 0.6705729166666666 0.4661458333333333 0.63671875 0.46875 0.5052083333333334 0.46875 0.33203125 0.4713541666666667 0.2903645833333333 0.47265625 0.13802083333333334
3 0.71484375 0.6041666666666666 0.7174479166666666 0.6041666666666666 0.7213541666666666 0.6106770833333334 0.7200520833333334 0.62109375 0.7135416666666666 0.6223958333333334 0.7057291666666666 0.6106770833333334 0.7057291666666666 0.6067708333333334 0.71484375 0.60546875
3 0.81640625 0.3958333333333333 0.8216145833333334 0.3958333333333333 0.8229166666666666 0.3997395833333333 0.8229166666666666 0.40625 0.8177083333333334 0.4153645833333333 0.8177083333333334 0.4192708333333333 0.8111979166666666 0.41796875 0.8046875 0.4049479166666667 0.8046875 0.4010416666666667 0.8111979166666666 0.4036458333333333 0.81640625 0.3971354166666667
3 0.69921875 0.4075520833333333 0.7005208333333334 0.4192708333333333 0.6966145833333334 0.4270833333333333 0.69140625 0.42578125 0.6901041666666666 0.4114583333333333 0.6953125 0.40625 0.6979166666666666 0.4075520833333333
3 0.6731770833333334 0.8802083333333334 0.68359375 0.8841145833333334 0.6875 0.890625 0.6861979166666666 0.90234375 0.6822916666666666 0.9114583333333334 0.6731770833333334 0.8815104166666666
3 0.7174479166666666 0.40625 0.7213541666666666 0.41015625 0.7213541666666666 0.4270833333333333 0.7174479166666666 0.43359375 0.7122395833333334 0.4348958333333333 0.7096354166666666 0.4322916666666667 0.7109375 0.4166666666666667 0.7161458333333334 0.4075520833333333
3 0.20572916666666666 0.4609375 0.21354166666666666 0.4661458333333333 0.21354166666666666 0.48046875 0.20963541666666666 0.4765625 0.203125 0.4778645833333333 0.20182291666666666 0.4622395833333333 0.20442708333333334 0.4609375
3 0.55078125 0.3606770833333333 0.5559895833333334 0.37109375 0.5572916666666666 0.3815104166666667 0.5559895833333334 0.3854166666666667 0.5533854166666666 0.3854166666666667 0.55078125 0.3815104166666667 0.55078125 0.3619791666666667
3 0.6705729166666666 0.7291666666666666 0.6731770833333334 0.7291666666666666 0.6809895833333334 0.73828125 0.6796875 0.7447916666666666 0.671875 0.7447916666666666 0.6705729166666666 0.73046875
3 0.6393229166666666 0.4427083333333333 0.6419270833333334 0.4453125 0.6419270833333334 0.4622395833333333 0.6393229166666666 0.46484375 0.6354166666666666 0.46484375 0.62890625 0.453125 0.62890625 0.44921875 0.6380208333333334 0.4440104166666667
3 0.7799479166666666 0.6666666666666666 0.7890625 0.671875 0.7942708333333334 0.671875 0.7981770833333334 0.6783854166666666 0.7942708333333334 0.6888020833333334 0.7903645833333334 0.6901041666666666 0.78515625 0.68359375 0.7799479166666666 0.66796875
3 0.4283854166666667 0.24088541666666666 0.4348958333333333 0.24739583333333334 0.4322916666666667 0.2591145833333333 0.4283854166666667 0.2591145833333333 0.42578125 0.25390625 0.4283854166666667 0.2421875
3 0.8880208333333334 0.5364583333333334 0.8919270833333334 0.5403645833333334 0.8932291666666666 0.5455729166666666 0.8919270833333334 0.5546875 0.8880208333333334 0.5572916666666666 0.875 0.55859375 0.87109375 0.5572916666666666 0.8723958333333334 0.55078125 0.8776041666666666 0.5416666666666666 0.88671875 0.5364583333333334