0 0 0.4296875 0.08333333333333333 0.4322916666666667 0.09765625 0.4375 0.11588541666666667 0.4557291666666667 0.12630208333333334 0.4752604166666667 0.13411458333333334 0.5 0.13802083333333334 0.5390625 0.13541666666666666 0.5716145833333334 0.13020833333333334 0.59375 0.11458333333333333 0.6263020833333334 0.09895833333333333 0.640625 0.0859375 0.64453125 0.08463541666666667 0.6471354166666666 0.0546875 0.6471354166666666 0.053385416666666664 0.64453125 0 0.64453125 0 0.6380208333333334 0.08333333333333333 0.640625 0.09895833333333333 0.6341145833333334 0.11197916666666667 0.6197916666666666 0.12109375 0.60546875 0.12760416666666666 0.5885416666666666 0.13411458333333334 0.5559895833333334 0.13411458333333334 0.5234375 0.12760416666666666 0.4908854166666667 0.12369791666666667 0.4791666666666667 0.11197916666666667 0.4583333333333333 0.1015625 0.4479166666666667 0.08723958333333333 0.4401041666666667 0.04296875 0.4388020833333333 0.041666666666666664 0.4361979166666667 0.009114583333333334 0.4361979166666667 0 0.4348958333333333 0 0.4309895833333333
0 0.8971354166666666 0.4622395833333333 0.9661458333333334 0.46484375 0.9674479166666666 0.4674479166666667 0.9622395833333334 0.4700520833333333 0.9375 0.4700520833333333 0.85546875 0.4661458333333333 0.84765625 0.4674479166666667 0.8359375 0.4739583333333333 0.8268229166666666 0.4830729166666667 0.8151041666666666 0.5 0.8033854166666666 0.5364583333333334 0.8020833333333334 0.578125 0.8033854166666666 0.5963541666666666 0.8059895833333334 0.6002604166666666 0.8072916666666666 0.6119791666666666 0.8151041666666666 0.6328125 0.82421875 0.6471354166666666 0.83203125 0.65625 0.84375 0.6640625 0.8567708333333334 0.6666666666666666 0.8580729166666666 0.6692708333333334 0.9557291666666666 0.6731770833333334 0.9635416666666666 0.671875 0.9635416666666666 0.6770833333333334 0.9244791666666666 0.6770833333333334 0.8463541666666666 0.671875 0.83203125 0.6627604166666666 0.8190104166666666 0.6484375 0.8046875 0.6158854166666666 0.80078125 0.5989583333333334 0.7994791666666666 0.5794270833333334 0.80078125 0.5364583333333334 0.8072916666666666 0.5104166666666666 0.8177083333333334 0.48828125 0.828125 0.4739583333333333 0.8450520833333334 0.4635416666666667 0.8958333333333334 0.4622395833333333
1 0.4765625 0.325 0.4765625 0.31805555598958335 0.47500000000000003 0.31666666666666665 0.4734375 0.31666666666666665 0.47265625 0.31805555598958335 0.471875 0.3236111106770833 0.4734375 0.32638888932291665 0.47578125 0.32638888932291665 0.4765625 0.325
2 0.4739583333333333 0.13802083333333334 0.4739583333333333 0.3190104166666667 0.4713541666666667 0.3229166666666667 0.4739583333333333 0.3268229166666667 0.4713541666666667 0.359375 0.4713541666666667 0.6484375 0.4700520833333333 0.73828125 0.4674479166666667 0.7760416666666666 0.4661458333333333 0.9635416666666666 0.4635416666666667 0.96484375 0.4635416666666667 0.8385416666666666 0.46484375 0.73828125 0.4674479166666667 0.703125 0.4661458333333333 0.6432291666666666 0.46875 0.5729166666666666 0.4674479166666667 0.5494791666666666 0.4700520833333333 0.3971354166666667 0.46875 0.3216145833333333 0.4713541666666667 0.30859375 0.4700520833333333 0.24609375 0.47265625 0.13932291666666666
3 0.5755208333333334 0.4440104166666667 0.5794270833333334 0.4544270833333333 0.5755208333333334 0.4583333333333333 0.57421875 0.4635416666666667 0.5703125 0.4635416666666667 0.5690104166666666 0.4609375 0.5703125 0.4466145833333333 0.57421875 0.4440104166666667
3 0.6705729166666666 0.5716145833333334 0.6744791666666666 0.57421875 0.67578125 0.578125 0.6731770833333334 0.5872395833333334 0.66796875 0.58984375 0.6640625 0.5859375 0.6627604166666666 0.578125 0.6640625 0.57421875 0.6692708333333334 0.5716145833333334
3 0.2734375 0.4127604166666667 0.2799479166666667 0.4127604166666667 0.2799479166666667 0.4322916666666667 0.27734375 0.4348958333333333 0.2734375 0.4322916666666667 0.2721354166666667 0.42578125 0.2682291666666667 0.4205729166666667 0.2682291666666667 0.4127604166666667 0.2721354166666667 0.4127604166666667
3 0.6510416666666666 0.4049479166666667 0.6536458333333334 0.40625 0.65625 0.4140625 0.6536458333333334 0.4322916666666667 0.6471354166666666 0.4348958333333333 0.6432291666666666 0.4296875 0.6432291666666666 0.4244791666666667 0.6471354166666666 0.41796875 0.6471354166666666 0.41015625 0.6497395833333334 0.40625
3 0.6653645833333334 0.3229166666666667 0.6653645833333334 0.3411458333333333 0.66015625 0.3411458333333333 0.65625 0.3307291666666667 0.6640625 0.3229166666666667
3 0.6653645833333334 0.7174479166666666 0.6692708333333334 0.72265625 0.6653645833333334 0.7356770833333334 0.6614583333333334 0.7356770833333334 0.66015625 0.7265625 0.65625 0.7200520833333334 0.6575520833333334 0.7174479166666666 0.6640625 0.7174479166666666
3 0.6139322916666666 0.8854166666666666 0.008463541666666666 0.0234375
3 0.8463541666666666 0.5143229166666666 0.8502604166666666 0.5169270833333334 0.8515625 0.5234375 0.8489583333333334 0.53125 0.8411458333333334 0.5338541666666666 0.8359375 0.5299479166666666 0.8359375 0.5182291666666666 0.8450520833333334 0.515625
3 0.53515625 0.3177083333333333 0.5377604166666666 0.3216145833333333 0.5377604166666666 0.3346354166666667 0.5338541666666666 0.3385416666666667 0.53125 0.3372395833333333 0.5299479166666666 0.33203125 0.53125 0.3190104166666667 0.5338541666666666 0.3177083333333333
3 0.4427083333333333 0.24088541666666666 0.4466145833333333 0.24609375 0.4466145833333333 0.26171875 0.44140625 0.2604166666666667 0.44140625 0.2421875
3 0.71484375 0.63671875 0.7291666666666666 0.6354166666666666 0.7317708333333334 0.6393229166666666 0.7317708333333334 0.6497395833333334 0.73046875 0.65234375 0.7252604166666666 0.6536458333333334 0.7213541666666666 0.64453125 0.71484375 0.6380208333333334
3 0.7747395833333334 0.3450520833333333 0.7760416666666666 0.359375 0.7708333333333334 0.3658854166666667 0.7669270833333334 0.3658854166666667 0.7604166666666666 0.3567708333333333 0.76953125 0.3463541666666667 0.7734375 0.3450520833333333