1 0.47421874999999997 0.5361111106770834 0.47500000000000003 0.5333333333333333 0.47500000000000003 0.5291666666666667 0.47421874999999997 0.52777777734375 0.471875 0.52777777734375 0.47031249999999997 0.5291666666666667 0.47031249999999997 0.5333333333333333 0.471875 0.5361111106770834 0.47421874999999997 0.5361111106770834
0 0 0.4140625 0.08723958333333333 0.4166666666666667 0.08854166666666667 0.4192708333333333 0.09765625 0.4205729166666667 0.11067708333333333 0.4283854166666667 0.12239583333333333 0.4427083333333333 0.13411458333333334 0.4661458333333333 0.14192708333333334 0.5 0.14322916666666666 0.51953125 0.13932291666666666 0.5638020833333334 0.13151041666666666 0.5885416666666666 0.11848958333333333 0.6106770833333334 0.09895833333333333 0.6276041666666666 0.08723958333333333 0.6302083333333334 0 0.6276041666666666 0 0.62109375 0.08854166666666667 0.6236979166666666 0.10286458333333333 0.6184895833333334 0.11588541666666667 0.60546875 0.12890625 0.5846354166666666 0.13932291666666666 0.5442708333333334 0.13932291666666666 0.50390625 0.13411458333333334 0.4778645833333333 0.12369791666666667 0.4518229166666667 0.11067708333333333 0.4348958333333333 0.1015625 0.4283854166666667 0.08854166666666667 0.4231770833333333 0.0078125 0.421875 0 0.4205729166666667 0 0.4153645833333333
0 0.828125 0.4583333333333333 0.8385416666666666 0.4505208333333333 0.8515625 0.4453125 0.9505208333333334 0.4466145833333333 0.96875 0.44921875 0.9661458333333334 0.453125 0.9010416666666666 0.4505208333333333 0.8502604166666666 0.4505208333333333 0.84375 0.453125 0.8255208333333334 0.4700520833333333 0.8151041666666666 0.48828125 0.8111979166666666 0.4973958333333333 0.8111979166666666 0.5052083333333334 0.8033854166666666 0.5325520833333334 0.8033854166666666 0.5690104166666666 0.8059895833333334 0.57421875 0.8098958333333334 0.5989583333333334 0.8229166666666666 0.6263020833333334 0.8359375 0.640625 0.8463541666666666 0.6484375 0.8541666666666666 0.6510416666666666 0.96484375 0.6549479166666666 0.9661458333333334 0.6588541666666666 0.9635416666666666 0.66015625 0.87109375 0.6575520833333334 0.8502604166666666 0.6549479166666666 0.8359375 0.6484375 0.8203125 0.6315104166666666 0.8046875 0.59375 0.80078125 0.5703125 0.80078125 0.5338541666666666 0.80859375 0.4947916666666667 0.81640625 0.4765625 0.828125 0.4596354166666667
2 0.4713541666666667 0.5338541666666666 0.4739583333333333 0.5325520833333334 0.4752604166666667 0.5377604166666666 0.4752604166666667 0.5520833333333334 0.4739583333333333 0.63671875 0.4713541666666667 0.6536458333333334 0.4700520833333333 0.9453125 0.4674479166666667 0.9479166666666666 0.4661458333333333 0.9166666666666666 0.4700520833333333 0.65234375 0.46875 0.6158854166666666 0.47265625 0.53515625
3 0.6881510416666666 0.5611979166666666 0.010416666666666666 0.022135416666666668
3 0.09765625 0.4765625 0.09895833333333333 0.4778645833333333 0.10416666666666667 0.4739583333333333 0.10807291666666667 0.4739583333333333 0.10677083333333333 0.4895833333333333 0.09895833333333333 0.4895833333333333 0.09505208333333333 0.4934895833333333 0.09244791666666667 0.4934895833333333 0.08984375 0.4830729166666667 0.09244791666666667 0.4778645833333333 0.09635416666666667 0.4765625
3 0.6197916666666666 0.16276041666666666 0.6236979166666666 0.16666666666666666 0.6236979166666666 0.17578125 0.6197916666666666 0.18489583333333334 0.6158854166666666 0.18489583333333334 0.61328125 0.17838541666666666 0.6158854166666666 0.16536458333333334 0.6184895833333334 0.1640625
3 0.4401041666666667 0.6588541666666666 0.4361979166666667 0.6536458333333334 0.4361979166666667 0.6419270833333334 0.4427083333333333 0.6419270833333334 0.44140625 0.6575520833333334
3 0.4075520833333333 0.8736979166666666 0.011067708333333334 0.024739583333333332
3 0.2721354166666667 0.21223958333333334 0.2825520833333333 0.22395833333333334 0.2825520833333333 0.23567708333333334 0.2799479166666667 0.23828125 0.2760416666666667 0.23697916666666666 0.2682291666666667 0.22135416666666666 0.2682291666666667 0.21354166666666666 0.2708333333333333 0.21223958333333334
3 0.6041666666666666 0.8268229166666666 0.6067708333333334 0.83203125 0.60546875 0.84765625 0.6028645833333334 0.84765625 0.59765625 0.8411458333333334 0.5989583333333334 0.8294270833333334 0.6028645833333334 0.8268229166666666
3 0.20963541666666666 0.13932291666666666 0.21614583333333334 0.14583333333333334 0.21614583333333334 0.16145833333333334 0.20703125 0.15625 0.20442708333333334 0.15104166666666666 0.20442708333333334 0.14453125 0.20833333333333334 0.13932291666666666
3 0.48046875 0.14583333333333334 0.48828125 0.14583333333333334 0.4908854166666667 0.15104166666666666 0.4908854166666667 0.17447916666666666 0.4869791666666667 0.1796875 0.484375 0.1796875 0.48046875 0.17447916666666666 0.4778645833333333 0.1640625 0.4778645833333333 0.15364583333333334 0.48046875 0.14713541666666666
3 0.703125 0.7018229166666666 0.7109375 0.7122395833333334 0.7083333333333334 0.7278645833333334 0.703125 0.73046875 0.7018229166666666 0.7200520833333334 0.69921875 0.7174479166666666 0.69921875 0.7083333333333334 0.7018229166666666 0.703125
3 0.82421875 0.5104166666666666 0.8294270833333334 0.5104166666666666 0.8333333333333334 0.5182291666666666 0.8333333333333334 0.5286458333333334 0.8294270833333334 0.5338541666666666 0.8190104166666666 0.53125 0.81640625 0.51953125 0.8216145833333334 0.5169270833333334 0.82421875 0.51171875
3 0.47265625 0.51171875 0.4778645833333333 0.5143229166666666 0.4778645833333333 0.5338541666666666 0.47265625 0.5364583333333334 0.47265625 0.5130208333333334