1 0.722271875 0.33694583333333333 0.71939765625 0.34205277734375 0.72088828125 0.3467819440104167 0.7229109375 0.34375555598958335 0.7238235507812499 0.339923 0.722271875 0.33694583333333333
0 0.9869791666666666 0.4166666666666667 0.9986979166666666 0.4166666666666667 0.9986979166666666 0.4231770833333333 0.9075520833333334 0.42578125 0.8958333333333334 0.4283854166666667 0.8841145833333334 0.4348958333333333 0.8671875 0.45703125 0.859375 0.4739583333333333 0.8580729166666666 0.484375 0.85546875 0.4869791666666667 0.8515625 0.51171875 0.8515625 0.5442708333333334 0.85546875 0.56640625 0.86328125 0.58984375 0.8736979166666666 0.6067708333333334 0.8880208333333334 0.62109375 0.9010416666666666 0.625 0.90234375 0.6276041666666666 0.9986979166666666 0.6223958333333334 0.9986979166666666 0.6302083333333334 0.8997395833333334 0.6328125 0.88671875 0.6276041666666666 0.8684895833333334 0.609375 0.8567708333333334 0.5846354166666666 0.85546875 0.57421875 0.8515625 0.56640625 0.84765625 0.5299479166666666 0.8515625 0.4895833333333333 0.85546875 0.48046875 0.8567708333333334 0.4700520833333333 0.8645833333333334 0.4518229166666667 0.8763020833333334 0.4348958333333333 0.8841145833333334 0.4283854166666667 0.8984375 0.421875 0.91015625 0.4205729166666667 0.9869791666666666 0.41796875
0 0.13671875 0.44921875 0.15104166666666666 0.4544270833333333 0.1640625 0.4661458333333333 0.17838541666666666 0.4895833333333333 0.18619791666666666 0.5130208333333334 0.1875 0.53125 0.19010416666666666 0.5390625 0.19010416666666666 0.5755208333333334 0.18229166666666666 0.6119791666666666 0.17447916666666666 0.6302083333333334 0.15625 0.65234375 0.140625 0.66015625 0.036458333333333336 0.6653645833333334 0.0234375 0.6640625 0.0234375 0.6614583333333334 0.032552083333333336 0.66015625 0.140625 0.6549479166666666 0.15104166666666666 0.6497395833333334 0.171875 0.6263020833333334 0.18359375 0.5950520833333334 0.1875 0.5703125 0.1875 0.5416666666666666 0.18359375 0.5143229166666666 0.18098958333333334 0.51171875 0.17578125 0.4934895833333333 0.16536458333333334 0.4752604166666667 0.15494791666666666 0.46484375 0.13671875 0.4544270833333333 0.020833333333333332 0.45703125 0.020833333333333332 0.453125 0.024739583333333332 0.4518229166666667 0.13541666666666666 0.44921875
2 0.515625 0.12890625 0.5182291666666666 0.13020833333333334 0.51953125 0.4088541666666667 0.5221354166666666 0.4140625 0.51953125 0.44140625 0.51953125 0.48828125 0.5221354166666666 0.5625 0.5234375 0.82421875 0.5260416666666666 0.8697916666666666 0.5260416666666666 0.9505208333333334 0.5234375 0.9518229166666666 0.5234375 0.9270833333333334 0.5208333333333334 0.9231770833333334 0.5208333333333334 0.7161458333333334 0.51953125 0.6432291666666666 0.5169270833333334 0.6302083333333334 0.5169270833333334 0.4244791666666667 0.51953125 0.421875 0.51953125 0.4140625 0.515625 0.4114583333333333 0.515625 0.13020833333333334
3 0.6158854166666666 0.8020833333333334 0.62109375 0.8111979166666666 0.62109375 0.8216145833333334 0.6145833333333334 0.82421875 0.6106770833333334 0.8203125 0.6106770833333334 0.8125 0.6145833333333334 0.8033854166666666
3 0.5364583333333334 0.5677083333333334 0.5390625 0.5716145833333334 0.5390625 0.5807291666666666 0.53515625 0.5859375 0.53125 0.5846354166666666 0.53125 0.57421875 0.5325520833333334 0.5690104166666666 0.53515625 0.5677083333333334
3 0.55859375 0.7330729166666666 0.5611979166666666 0.7330729166666666 0.5651041666666666 0.7395833333333334 0.5651041666666666 0.7473958333333334 0.5598958333333334 0.7513020833333334 0.5559895833333334 0.74609375 0.55859375 0.734375
3 0.5559895833333334 0.21484375 0.5611979166666666 0.22005208333333334 0.5611979166666666 0.22786458333333334 0.5559895833333334 0.23697916666666666 0.5559895833333334 0.21614583333333334
3 0.6236979166666666 0.5559895833333334 0.62890625 0.5611979166666666 0.62890625 0.5703125 0.6236979166666666 0.57421875 0.6184895833333334 0.5716145833333334 0.6184895833333334 0.55859375 0.6223958333333334 0.5559895833333334
3 0.60546875 0.40625 0.609375 0.4114583333333333 0.6080729166666666 0.421875 0.6015625 0.421875 0.6015625 0.4114583333333333 0.6041666666666666 0.4075520833333333
3 0.75 0.61328125 0.7486979166666666 0.6015625 0.75 0.59765625 0.75390625 0.5950520833333334 0.7578125 0.5950520833333334 0.7604166666666666 0.59765625 0.76171875 0.60546875 0.7604166666666666 0.609375 0.7513020833333334 0.61328125
3 0.5143229166666666 0.40625 0.515625 0.421875 0.51171875 0.4244791666666667 0.5091145833333334 0.4244791666666667 0.5078125 0.4205729166666667 0.5078125 0.41015625 0.5130208333333334 0.40625
3 0.4283854166666667 0.5572916666666666 0.4322916666666667 0.56640625 0.4322916666666667 0.57421875 0.4283854166666667 0.578125 0.4244791666666667 0.5755208333333334 0.4231770833333333 0.5690104166666666 0.4231770833333333 0.5625 0.4270833333333333 0.5572916666666666
3 0.5 0.26171875 0.5013020833333334 0.27734375 0.4973958333333333 0.2825520833333333 0.4947916666666667 0.2734375 0.49609375 0.2630208333333333 0.4986979166666667 0.26171875
3 0.5710937500000001 0.4611111106770833 0.5695312499999999 0.46388888932291666 0.56796875 0.47222222265625 0.56796875 0.48333333333333334 0.56875 0.48333333333333334 0.5710937500000001 0.4875 0.571875 0.4875 0.578125 0.48333333333333334 0.5812499999999999 0.4763888893229167 0.5812499999999999 0.4680555559895833 0.58046875 0.46527777734375 0.5765625 0.45972222265625 0.5710937500000001 0.45972222265625 0.5710937500000001 0.4611111106770833
3 0.7175375 0.33415972265625 0.7199664062500001 0.33415972265625 0.72016875 0.33901527734375003 0.7225984375 0.33775694401041667 0.7233070312500001 0.3354194440104166 0.7278617187499999 0.3352388893229166 0.730746875 0.32665833333333333 0.72634375 0.32157222265625 0.7162210937500001 0.32624722265625 0.7175375 0.33415972265625