1 0.37370703125 0.39769583333333336 0.37003125000000003 0.39802916666666666 0.3702390625 0.4050888893229167 0.3734296875 0.40607499999999996 0.3745390625 0.40311805598958333 0.37370703125 0.39769583333333336
0 0 0.43359375 0.08072916666666667 0.4348958333333333 0.09505208333333333 0.4375 0.09635416666666667 0.4401041666666667 0.10677083333333333 0.4453125 0.11848958333333333 0.4583333333333333 0.13411458333333334 0.4895833333333333 0.13802083333333334 0.5052083333333334 0.14192708333333334 0.5416666666666666 0.13932291666666666 0.57421875 0.13020833333333334 0.6080729166666666 0.11979166666666667 0.6263020833333334 0.10416666666666667 0.6419270833333334 0.09765625 0.64453125 0.09635416666666667 0.6471354166666666 0.08723958333333333 0.6497395833333334 0 0.6471354166666666 0 0.640625 0.08723958333333333 0.6432291666666666 0.1015625 0.63671875 0.11197916666666667 0.6276041666666666 0.12760416666666666 0.6015625 0.13541666666666666 0.5768229166666666 0.13802083333333334 0.5442708333333334 0.13671875 0.515625 0.13151041666666666 0.4947916666666667 0.11979166666666667 0.46875 0.11197916666666667 0.4596354166666667 0.11197916666666667 0.45703125 0.10286458333333333 0.44921875 0.0859375 0.4427083333333333 0 0.4401041666666667 0 0.4348958333333333
0 0.8802083333333334 0.4635416666666667 0.96484375 0.4661458333333333 0.9674479166666666 0.4674479166666667 0.9674479166666666 0.4713541666666667 0.8515625 0.46875 0.8346354166666666 0.4778645833333333 0.8216145833333334 0.4934895833333333 0.8151041666666666 0.5052083333333334 0.8072916666666666 0.52734375 0.8033854166666666 0.546875 0.8033854166666666 0.5924479166666666 0.8059895833333334 0.5963541666666666 0.8098958333333334 0.6197916666666666 0.8229166666666666 0.6471354166666666 0.8359375 0.66015625 0.8489583333333334 0.6666666666666666 0.8502604166666666 0.6692708333333334 0.8723958333333334 0.671875 0.9635416666666666 0.6744791666666666 0.9661458333333334 0.67578125 0.9661458333333334 0.6796875 0.8697916666666666 0.6770833333333334 0.8489583333333334 0.6744791666666666 0.8359375 0.66796875 0.82421875 0.65625 0.80859375 0.6276041666666666 0.80078125 0.5950520833333334 0.80078125 0.546875 0.80859375 0.51171875 0.81640625 0.4934895833333333 0.828125 0.4765625 0.8372395833333334 0.4700520833333333 0.8541666666666666 0.4635416666666667 0.87890625 0.4635416666666667
2 0.4739583333333333 0.14192708333333334 0.4739583333333333 0.515625 0.4713541666666667 0.5299479166666666 0.47265625 0.63671875 0.4700520833333333 0.6901041666666666 0.4713541666666667 0.7552083333333334 0.4674479166666667 0.9674479166666666 0.46484375 0.9674479166666666 0.46484375 0.875 0.4674479166666667 0.8515625 0.4674479166666667 0.6783854166666666 0.4700520833333333 0.56640625 0.46875 0.5390625 0.4713541666666667 0.4947916666666667 0.4700520833333333 0.4583333333333333 0.47265625 0.3151041666666667 0.47265625 0.14322916666666666
3 0.4427083333333333 0.23567708333333334 0.4453125 0.23958333333333334 0.4466145833333333 0.2552083333333333 0.44140625 0.2565104166666667 0.4401041666666667 0.2526041666666667 0.4388020833333333 0.24088541666666666 0.44140625 0.23697916666666666
3 0.6510416666666666 0.2565104166666667 0.6536458333333334 0.26171875 0.6510416666666666 0.2786458333333333 0.6471354166666666 0.2799479166666667 0.6393229166666666 0.2643229166666667 0.640625 0.26171875 0.64453125 0.2630208333333333 0.6497395833333334 0.2578125
3 0.5260416666666666 0.3111979166666667 0.5286458333333334 0.3125 0.5299479166666666 0.3190104166666667 0.5286458333333334 0.33203125 0.5260416666666666 0.3346354166666667 0.5234375 0.3307291666666667 0.5234375 0.3177083333333333 0.5260416666666666 0.3125
3 0.5045572916666666 0.4069010416666667 0.014322916666666666 0.033203125
3 0.58203125 0.6341145833333334 0.5924479166666666 0.6432291666666666 0.5911458333333334 0.6575520833333334 0.5859375 0.6588541666666666 0.5833333333333334 0.6549479166666666 0.58203125 0.6354166666666666
3 0.6536458333333334 0.5651041666666666 0.6614583333333334 0.5651041666666666 0.66796875 0.5729166666666666 0.6640625 0.5859375 0.6653645833333334 0.6067708333333334 0.66015625 0.6067708333333334 0.6588541666666666 0.58203125 0.65234375 0.5677083333333334 0.6536458333333334 0.56640625
3 0.3645833333333333 0.3893229166666667 0.3723958333333333 0.39453125 0.3736979166666667 0.3997395833333333 0.3723958333333333 0.4049479166666667 0.3684895833333333 0.4088541666666667 0.36328125 0.4075520833333333 0.3580729166666667 0.40234375 0.3580729166666667 0.3880208333333333 0.3606770833333333 0.38671875 0.36328125 0.3893229166666667
3 0.4270833333333333 0.328125 0.4270833333333333 0.3346354166666667 0.4296875 0.3385416666666667 0.4322916666666667 0.3385416666666667 0.43359375 0.3424479166666667 0.4322916666666667 0.3463541666666667 0.4283854166666667 0.3489583333333333 0.42578125 0.3489583333333333 0.4192708333333333 0.33984375 0.4231770833333333 0.3294270833333333 0.42578125 0.328125
3 0.4485677083333333 0.5188802083333334 0.011067708333333334 0.0234375
3 0.7669270833333334 0.5 0.76953125 0.5 0.7747395833333334 0.5091145833333334 0.7747395833333334 0.5143229166666666 0.7708333333333334 0.51953125 0.7578125 0.5182291666666666 0.7669270833333334 0.5013020833333334
3 0.49007578125 0.8575375 0.49303437499999997 0.8765361106770834 0.49710781249999997 0.8761916666666667 0.5044796875 0.8582694440104167 0.49007578125 0.8575375
3 0.55996171875 0.7086861106770833 0.55360859375 0.7105333333333334 0.55220234375 0.7266083333333334 0.5555 0.7317791666666666 0.5613203125 0.7241958333333334 0.55996171875 0.7086861106770833