1 0.5654875 0.33912361067708335 0.5634687500000001 0.33772916666666664 0.5626554687499999 0.3389583333333333 0.56223515625 0.34450277734374996 0.5649265625000001 0.3451013893229167 0.5658234375 0.34310833333333335 0.5654875 0.33912361067708335
0 0 0.4296875 0.07552083333333333 0.4309895833333333 0.09895833333333333 0.4375 0.11588541666666667 0.4557291666666667 0.12630208333333334 0.4752604166666667 0.13411458333333334 0.5 0.13671875 0.51953125 0.13671875 0.55859375 0.13411458333333334 0.5794270833333334 0.13151041666666666 0.58203125 0.13020833333333334 0.59375 0.12239583333333333 0.6119791666666666 0.10677083333333333 0.6341145833333334 0.09765625 0.640625 0.0859375 0.64453125 0.08463541666666667 0.6471354166666666 0 0.6432291666666666 0 0.6380208333333334 0.08072916666666667 0.640625 0.09765625 0.6341145833333334 0.11328125 0.6171875 0.125 0.5950520833333334 0.1328125 0.56640625 0.13411458333333334 0.546875 0.1328125 0.5143229166666666 0.12760416666666666 0.4908854166666667 0.11979166666666667 0.4713541666666667 0.10677083333333333 0.4518229166666667 0.09505208333333333 0.4427083333333333 0.08333333333333333 0.4388020833333333 0.0703125 0.4388020833333333 0.06901041666666667 0.4361979166666667 0 0.4348958333333333 0 0.4309895833333333
0 0.93359375 0.4622395833333333 0.9661458333333334 0.4635416666666667 0.9661458333333334 0.46875 0.8502604166666666 0.4661458333333333 0.8294270833333334 0.4791666666666667 0.8151041666666666 0.5 0.8033854166666666 0.5377604166666666 0.8033854166666666 0.59375 0.8072916666666666 0.6041666666666666 0.8072916666666666 0.6119791666666666 0.8151041666666666 0.6328125 0.82421875 0.6471354166666666 0.84375 0.6640625 0.8515625 0.6666666666666666 0.8776041666666666 0.6666666666666666 0.87890625 0.6692708333333334 0.9635416666666666 0.671875 0.9635416666666666 0.67578125 0.9596354166666666 0.6770833333333334 0.85546875 0.6731770833333334 0.8385416666666666 0.66796875 0.82421875 0.6549479166666666 0.81640625 0.6432291666666666 0.80859375 0.6276041666666666 0.80078125 0.59765625 0.80078125 0.5364583333333334 0.80859375 0.5065104166666666 0.8229166666666666 0.4791666666666667 0.83984375 0.46484375 0.8515625 0.4609375 0.9322916666666666 0.4622395833333333
2 0.47265625 0.13802083333333334 0.4739583333333333 0.31640625 0.4713541666666667 0.3463541666666667 0.4713541666666667 0.6471354166666666 0.4674479166666667 0.7877604166666666 0.4674479166666667 0.9466145833333334 0.4661458333333333 0.96484375 0.4635416666666667 0.96484375 0.46484375 0.7473958333333334 0.46875 0.57421875 0.46875 0.3424479166666667 0.4713541666666667 0.3033854166666667 0.4700520833333333 0.24739583333333334 0.47265625 0.13932291666666666
3 0.8033854166666666 0.375 0.8072916666666666 0.375 0.80859375 0.3841145833333333 0.80078125 0.3971354166666667 0.796875 0.39453125 0.7955729166666666 0.3880208333333333 0.7916666666666666 0.3828125 0.7916666666666666 0.3802083333333333 0.796875 0.3815104166666667 0.8033854166666666 0.3763020833333333
3 0.6888020833333334 0.5963541666666666 0.6953125 0.5963541666666666 0.69921875 0.59375 0.7044270833333334 0.5950520833333334 0.7044270833333334 0.6080729166666666 0.7018229166666666 0.6106770833333334 0.6953125 0.6106770833333334 0.6940104166666666 0.6041666666666666 0.6888020833333334 0.59765625
3 0.6080729166666666 0.4270833333333333 0.6106770833333334 0.4270833333333333 0.61328125 0.4322916666666667 0.61328125 0.4388020833333333 0.6106770833333334 0.4427083333333333 0.6080729166666666 0.4427083333333333 0.60546875 0.4401041666666667 0.6080729166666666 0.4283854166666667
3 0.24088541666666666 0.4375 0.24348958333333334 0.4375 0.24348958333333334 0.4427083333333333 0.24088541666666666 0.4453125 0.23958333333333334 0.4596354166666667 0.234375 0.4609375 0.22786458333333334 0.4505208333333333 0.22786458333333334 0.44140625 0.23697916666666666 0.4427083333333333 0.24088541666666666 0.4388020833333333
3 0.6953125 0.4153645833333333 0.69921875 0.4153645833333333 0.7018229166666666 0.4205729166666667 0.7005208333333334 0.4388020833333333 0.6979166666666666 0.4427083333333333 0.6940104166666666 0.4427083333333333 0.69140625 0.4401041666666667 0.69140625 0.42578125 0.6953125 0.4166666666666667
3 0.6549479166666666 0.8802083333333334 0.6627604166666666 0.88671875 0.6614583333333334 0.90625 0.6588541666666666 0.91015625 0.6549479166666666 0.9049479166666666 0.6549479166666666 0.8958333333333334 0.65234375 0.8893229166666666 0.6536458333333334 0.8815104166666666
3 0.8736979166666666 0.5390625 0.8802083333333334 0.546875 0.8776041666666666 0.5572916666666666 0.87109375 0.5611979166666666 0.86328125 0.5546875 0.86328125 0.546875 0.8671875 0.5416666666666666 0.8723958333333334 0.5403645833333334
3 0.5625 0.3450520833333333 0.5611979166666666 0.32421875 0.5638020833333334 0.3177083333333333 0.5677083333333334 0.3216145833333333 0.5677083333333334 0.3450520833333333 0.5638020833333334 0.3450520833333333
3 0.43359375 0.23828125 0.4375 0.2421875 0.4401041666666667 0.2565104166666667 0.4361979166666667 0.2604166666666667 0.4322916666666667 0.2552083333333333 0.43359375 0.23958333333333334
3 0.7578125 0.6510416666666666 0.7747395833333334 0.6575520833333334 0.7760416666666666 0.6614583333333334 0.7747395833333334 0.6692708333333334 0.7682291666666666 0.6731770833333334 0.7578125 0.65234375
3 0.68359375 0.3723958333333333 0.6861979166666666 0.3723958333333333 0.6927083333333334 0.37890625 0.6888020833333334 0.3971354166666667 0.68359375 0.3971354166666667 0.68359375 0.3736979166666667
3 0.6710937499999999 0.7305555559895834 0.6710937499999999 0.7611111106770833 0.678125 0.7486111106770833 0.68125 0.74027777734375 0.6710937499999999 0.7305555559895834