1 0.3763020833333333 0.1796875 0.00390625 0.005859375
0 0 0.4166666666666667 0.032552083333333336 0.4166666666666667 0.033854166666666664 0.4192708333333333 0.08854166666666667 0.4205729166666667 0.10677083333333333 0.4270833333333333 0.11979166666666667 0.44140625 0.13411458333333334 0.4674479166666667 0.14192708333333334 0.4986979166666667 0.14322916666666666 0.5130208333333334 0.14322916666666666 0.5364583333333334 0.140625 0.5364583333333334 0.13932291666666666 0.4986979166666667 0.13151041666666666 0.47265625 0.12109375 0.4505208333333333 0.10286458333333333 0.4309895833333333 0.08854166666666667 0.42578125 0 0.4231770833333333 0 0.41796875
0 0.89453125 0.4518229166666667 0.9661458333333334 0.4544270833333333 0.9778645833333334 0.4557291666666667 0.9791666666666666 0.4609375 0.87890625 0.4596354166666667 0.8776041666666666 0.45703125 0.86328125 0.45703125 0.8619791666666666 0.4596354166666667 0.84765625 0.46484375 0.8346354166666666 0.4778645833333333 0.8333333333333334 0.4830729166666667 0.8268229166666666 0.4908854166666667 0.8229166666666666 0.4986979166666667 0.8216145833333334 0.5078125 0.8190104166666666 0.5104166666666666 0.8177083333333334 0.5221354166666666 0.8151041666666666 0.5247395833333334 0.8125 0.5703125 0.8151041666666666 0.59375 0.8177083333333334 0.59765625 0.8190104166666666 0.6080729166666666 0.8307291666666666 0.6341145833333334 0.8450520833333334 0.6510416666666666 0.85546875 0.6575520833333334 0.8763020833333334 0.6614583333333334 0.9010416666666666 0.66015625 0.9205729166666666 0.6627604166666666 0.9752604166666666 0.6640625 0.9765625 0.66796875 0.9713541666666666 0.6705729166666666 0.9049479166666666 0.66796875 0.9036458333333334 0.6653645833333334 0.8684895833333334 0.6653645833333334 0.85546875 0.6627604166666666 0.84375 0.65625 0.8346354166666666 0.6471354166666666 0.82421875 0.6315104166666666 0.81640625 0.6119791666666666 0.8111979166666666 0.5872395833333334 0.8098958333333334 0.5442708333333334 0.8125 0.5234375 0.8203125 0.4947916666666667 0.83203125 0.4739583333333333 0.8515625 0.4557291666666667 0.86328125 0.4518229166666667 0.8932291666666666 0.4518229166666667
2 0.4778645833333333 0.4986979166666667 0.4791666666666667 0.6393229166666666 0.4765625 0.6901041666666666 0.4778645833333333 0.75390625 0.4752604166666667 0.7786458333333334 0.4752604166666667 0.94140625 0.47265625 0.9596354166666666 0.4700520833333333 0.9361979166666666 0.47265625 0.8841145833333334 0.4713541666666667 0.8619791666666666 0.4752604166666667 0.6627604166666666 0.4739583333333333 0.6223958333333334 0.4778645833333333 0.5
3 0.3932291666666667 0.53515625 0.3971354166666667 0.53515625 0.3997395833333333 0.5416666666666666 0.3997395833333333 0.55078125 0.39453125 0.55078125 0.390625 0.5442708333333334 0.390625 0.5390625 0.3932291666666667 0.5364583333333334
3 0.5221354166666666 0.19010416666666666 0.5260416666666666 0.19140625 0.5286458333333334 0.19791666666666666 0.5260416666666666 0.21484375 0.5221354166666666 0.21484375 0.5221354166666666 0.19140625
3 0.1328125 0.5286458333333334 0.13932291666666666 0.5338541666666666 0.140625 0.5377604166666666 0.14322916666666666 0.5559895833333334 0.14192708333333334 0.5677083333333334 0.13932291666666666 0.56640625 0.13671875 0.546875 0.13411458333333334 0.5442708333333334 0.12760416666666666 0.5442708333333334 0.125 0.5390625 0.125 0.53125 0.12890625 0.52734375 0.13151041666666666 0.5286458333333334
3 0.2526041666666667 0.7239583333333334 0.25 0.7200520833333334 0.25 0.7122395833333334 0.2578125 0.703125 0.26171875 0.72265625 0.2591145833333333 0.7265625 0.25390625 0.7239583333333334
3 0.4869791666666667 0.7408854166666666 0.4908854166666667 0.7486979166666666 0.4908854166666667 0.7591145833333334 0.4869791666666667 0.7604166666666666 0.4830729166666667 0.7552083333333334 0.4856770833333333 0.7421875
3 0.4296875 0.3919270833333333 0.43359375 0.390625 0.4361979166666667 0.3984375 0.4361979166666667 0.4049479166666667 0.4296875 0.4049479166666667 0.4296875 0.3932291666666667
3 0.3723958333333333 0.14453125 0.3763020833333333 0.15494791666666666 0.37890625 0.17578125 0.3763020833333333 0.18359375 0.37109375 0.17838541666666666 0.3697916666666667 0.16276041666666666 0.3671875 0.15885416666666666 0.3671875 0.1484375 0.37109375 0.14453125
3 0.41796875 0.61328125 0.4166666666666667 0.6015625 0.4192708333333333 0.59765625 0.4231770833333333 0.59765625 0.4244791666666667 0.6015625 0.4244791666666667 0.61328125 0.4192708333333333 0.61328125
3 0.5989583333333334 0.3541666666666667 0.6028645833333334 0.359375 0.6002604166666666 0.3776041666666667 0.5963541666666666 0.3776041666666667 0.59375 0.3736979166666667 0.59375 0.3684895833333333 0.5989583333333334 0.35546875
3 0.48046875 0.4739583333333333 0.4856770833333333 0.484375 0.4856770833333333 0.4947916666666667 0.4817708333333333 0.5013020833333334 0.4752604166666667 0.4921875 0.4752604166666667 0.4765625 0.4791666666666667 0.4739583333333333
3 0.58984375 0.67578125 0.5950520833333334 0.6770833333333334 0.5963541666666666 0.6796875 0.5963541666666666 0.6940104166666666 0.5924479166666666 0.6966145833333334 0.5885416666666666 0.69140625 0.58984375 0.6770833333333334
3 0.4166666666666667 0.7526041666666666 0.41796875 0.7434895833333334 0.4244791666666667 0.73828125 0.4270833333333333 0.7408854166666666 0.42578125 0.7552083333333334 0.421875 0.7591145833333334 0.41796875 0.7565104166666666 0.41796875 0.75390625