1 0.17109375000000002 0.6611111106770834 0.1703125 0.6569444440104167 0.16640625 0.6569444440104167 0.165625 0.65972222265625 0.16640625 0.6625 0.1703125 0.6625 0.17109375000000002 0.6611111106770834
0 0 0.41015625 0.08072916666666667 0.4127604166666667 0.09505208333333333 0.4166666666666667 0.11197916666666667 0.4322916666666667 0.12630208333333334 0.45703125 0.13151041666666666 0.47265625 0.13671875 0.50390625 0.13671875 0.5403645833333334 0.13020833333333334 0.57421875 0.11458333333333333 0.6067708333333334 0.10286458333333333 0.6184895833333334 0.08984375 0.6236979166666666 0.0859375 0.6276041666666666 0.020833333333333332 0.6263020833333334 0.01953125 0.6236979166666666 0.013020833333333334 0.6236979166666666 0.01171875 0.6263020833333334 0 0.6263020833333334 0 0.6197916666666666 0.08333333333333333 0.6223958333333334 0.09895833333333333 0.6158854166666666 0.10807291666666667 0.6067708333333334 0.12109375 0.5859375 0.12109375 0.58203125 0.12890625 0.56640625 0.13411458333333334 0.53515625 0.13411458333333334 0.5078125 0.12890625 0.4752604166666667 0.12239583333333333 0.4583333333333333 0.11067708333333333 0.4375 0.10026041666666667 0.4270833333333333 0.08203125 0.4192708333333333 0.014322916666666666 0.41796875 0.013020833333333334 0.4153645833333333 0 0.4153645833333333 0 0.4114583333333333
0 0.8033854166666666 0.55859375 0.8059895833333334 0.5872395833333334 0.8111979166666666 0.6067708333333334 0.8229166666666666 0.62890625 0.84375 0.6484375 0.859375 0.65234375 0.8971354166666666 0.65234375 0.9635416666666666 0.65625 0.9661458333333334 0.6575520833333334 0.9635416666666666 0.6614583333333334 0.8580729166666666 0.6575520833333334 0.8385416666666666 0.6510416666666666 0.8203125 0.6328125 0.80859375 0.609375 0.80078125 0.5755208333333334 0.8020833333333334 0.5598958333333334
2 0.4700520833333333 0.3411458333333333 0.4739583333333333 0.3567708333333333 0.4713541666666667 0.4466145833333333 0.4739583333333333 0.453125 0.4713541666666667 0.4622395833333333 0.4713541666666667 0.6302083333333334 0.4700520833333333 0.6796875 0.4674479166666667 0.6822916666666666 0.4661458333333333 0.6796875 0.46875 0.5872395833333334 0.4700520833333333 0.3424479166666667
3 0.421875 0.30078125 0.42578125 0.3020833333333333 0.4296875 0.30859375 0.4270833333333333 0.3268229166666667 0.4244791666666667 0.328125 0.41796875 0.3229166666666667 0.4166666666666667 0.3072916666666667 0.4205729166666667 0.3020833333333333
3 0.4583333333333333 0.6731770833333334 0.46484375 0.6770833333333334 0.4674479166666667 0.6822916666666666 0.4661458333333333 0.6953125 0.4635416666666667 0.6966145833333334 0.45703125 0.6927083333333334 0.4583333333333333 0.6822916666666666 0.4544270833333333 0.67578125 0.45703125 0.6731770833333334
3 0.51171875 0.4856770833333333 0.515625 0.484375 0.5182291666666666 0.4908854166666667 0.5182291666666666 0.5234375 0.515625 0.5234375 0.5104166666666666 0.4986979166666667 0.51171875 0.4869791666666667
3 0.15625 0.5572916666666666 0.16145833333333334 0.5572916666666666 0.16536458333333334 0.5611979166666666 0.17317708333333334 0.55859375 0.17708333333333334 0.5598958333333334 0.17708333333333334 0.5651041666666666 0.171875 0.5729166666666666 0.15755208333333334 0.5768229166666666 0.15364583333333334 0.5716145833333334 0.15625 0.55859375
3 0.18880208333333334 0.7890625 0.19140625 0.7942708333333334 0.19791666666666666 0.7903645833333334 0.20182291666666666 0.7916666666666666 0.203125 0.796875 0.19661458333333334 0.8072916666666666 0.19270833333333334 0.8072916666666666 0.18619791666666666 0.8138020833333334 0.18229166666666666 0.8098958333333334 0.1875 0.796875 0.1875 0.7903645833333334
3 0.21484375 0.4244791666666667 0.22526041666666666 0.4322916666666667 0.22395833333333334 0.4440104166666667 0.22135416666666666 0.4453125 0.21744791666666666 0.4375 0.20963541666666666 0.4322916666666667 0.20963541666666666 0.4244791666666667 0.21354166666666666 0.4244791666666667
3 0.8033854166666666 0.52734375 0.8072916666666666 0.5364583333333334 0.8059895833333334 0.54296875 0.80078125 0.5494791666666666 0.796875 0.5481770833333334 0.7942708333333334 0.5442708333333334 0.7916666666666666 0.5325520833333334 0.8020833333333334 0.52734375
3 0.22395833333333334 0.20833333333333334 0.22786458333333334 0.20833333333333334 0.22916666666666666 0.21223958333333334 0.23567708333333334 0.21744791666666666 0.23958333333333334 0.2265625 0.23697916666666666 0.23307291666666666 0.234375 0.22786458333333334 0.22526041666666666 0.22135416666666666 0.22265625 0.21744791666666666 0.22395833333333334 0.20963541666666666
3 0.061197916666666664 0.5481770833333334 0.07291666666666667 0.5520833333333334 0.07291666666666667 0.5598958333333334 0.0703125 0.5638020833333334 0.06770833333333333 0.5638020833333334 0.06640625 0.5611979166666666 0.053385416666666664 0.5598958333333334 0.0546875 0.5494791666666666 0.059895833333333336 0.5481770833333334
3 0.41796875 0.84375 0.4283854166666667 0.8515625 0.4296875 0.8567708333333334 0.42578125 0.8776041666666666 0.41796875 0.86328125 0.41796875 0.8450520833333334
3 0.3854166666666667 0.69140625 0.3880208333333333 0.7057291666666666 0.3841145833333333 0.7122395833333334 0.37890625 0.7044270833333334 0.37890625 0.6966145833333334 0.3841145833333333 0.69140625
3 0.4739583333333333 0.31640625 0.4778645833333333 0.3177083333333333 0.4791666666666667 0.3359375 0.4817708333333333 0.33984375 0.4817708333333333 0.3580729166666667 0.48046875 0.3606770833333333 0.4778645833333333 0.3606770833333333 0.4752604166666667 0.3567708333333333 0.47265625 0.3489583333333333 0.4739583333333333 0.3177083333333333