1 0.5499999999999999 0.33749999999999997 0.5499999999999999 0.3333333333333333 0.5484375 0.3319444440104167 0.5460937499999999 0.3319444440104167 0.5460937499999999 0.33749999999999997 0.546875 0.33888888932291666 0.5499999999999999 0.33749999999999997
0 0 0.4296875 0.078125 0.4309895833333333 0.09895833333333333 0.4375 0.11458333333333333 0.4544270833333333 0.12630208333333334 0.4765625 0.13411458333333334 0.50390625 0.13671875 0.5260416666666666 0.13541666666666666 0.5677083333333334 0.13020833333333334 0.5924479166666666 0.11848958333333333 0.6171875 0.10677083333333333 0.6328125 0.09895833333333333 0.6393229166666666 0.08723958333333333 0.64453125 0.08072916666666667 0.64453125 0.07942708333333333 0.6471354166666666 0.06510416666666667 0.6471354166666666 0.06380208333333333 0.64453125 0 0.6432291666666666 0 0.6380208333333334 0.07942708333333333 0.640625 0.09895833333333333 0.6328125 0.11328125 0.6158854166666666 0.125 0.59375 0.13151041666666666 0.5690104166666666 0.13411458333333334 0.5442708333333334 0.1328125 0.5169270833333334 0.12760416666666666 0.4921875 0.11197916666666667 0.4583333333333333 0.1015625 0.4479166666666667 0.08854166666666667 0.4401041666666667 0.078125 0.4388020833333333 0.07682291666666667 0.4361979166666667 0 0.4348958333333333 0 0.4309895833333333
0 0.92578125 0.4622395833333333 0.9635416666666666 0.4635416666666667 0.9661458333333334 0.46484375 0.9661458333333334 0.46875 0.8502604166666666 0.4661458333333333 0.8294270833333334 0.4791666666666667 0.8151041666666666 0.5 0.8033854166666666 0.5377604166666666 0.8033854166666666 0.59375 0.8072916666666666 0.6041666666666666 0.8072916666666666 0.6119791666666666 0.8151041666666666 0.6328125 0.82421875 0.6471354166666666 0.83984375 0.6614583333333334 0.8515625 0.6666666666666666 0.86328125 0.6666666666666666 0.8645833333333334 0.6692708333333334 0.9635416666666666 0.671875 0.9635416666666666 0.67578125 0.9596354166666666 0.6770833333333334 0.8671875 0.6744791666666666 0.84375 0.6705729166666666 0.828125 0.6588541666666666 0.81640625 0.6432291666666666 0.80859375 0.6276041666666666 0.80078125 0.59765625 0.80078125 0.53515625 0.80859375 0.5065104166666666 0.8229166666666666 0.4791666666666667 0.8359375 0.4674479166666667 0.8515625 0.4609375 0.9244791666666666 0.4622395833333333
2 0.4635416666666667 0.96484375 0.46484375 0.7200520833333334 0.4674479166666667 0.67578125 0.4661458333333333 0.6419270833333334 0.46875 0.53515625 0.46875 0.33984375 0.4713541666666667 0.13932291666666666 0.4739583333333333 0.13802083333333334 0.4739583333333333 0.31640625 0.4713541666666667 0.33984375 0.4700520833333333 0.5859375 0.4713541666666667 0.64453125 0.4674479166666667 0.7708333333333334 0.4674479166666667 0.9401041666666666 0.4661458333333333 0.9635416666666666 0.4635416666666667 0.9661458333333334
3 0.7838541666666666 0.3658854166666667 0.7916666666666666 0.359375 0.7955729166666666 0.359375 0.7981770833333334 0.3619791666666667 0.7981770833333334 0.3658854166666667 0.7903645833333334 0.37890625 0.7838541666666666 0.37890625 0.7838541666666666 0.3671875
3 0.5924479166666666 0.4296875 0.5950520833333334 0.4296875 0.59765625 0.4348958333333333 0.5950520833333334 0.44921875 0.5924479166666666 0.4518229166666667 0.5885416666666666 0.4518229166666667 0.5859375 0.44921875 0.5885416666666666 0.4361979166666667 0.5924479166666666 0.4309895833333333
3 0.6822916666666666 0.5833333333333334 0.6927083333333334 0.5833333333333334 0.6940104166666666 0.5872395833333334 0.6927083333333334 0.5989583333333334 0.6875 0.6002604166666666 0.68359375 0.5989583333333334 0.6822916666666666 0.5846354166666666
3 0.2526041666666667 0.4361979166666667 0.013020833333333334 0.016927083333333332
3 0.67578125 0.4427083333333333 0.6705729166666666 0.4283854166666667 0.6809895833333334 0.4140625 0.6848958333333334 0.4166666666666667 0.6861979166666666 0.4309895833333333 0.6822916666666666 0.4375 0.6822916666666666 0.4427083333333333 0.6770833333333334 0.4427083333333333
3 0.6328125 0.8815104166666666 0.6458333333333334 0.8854166666666666 0.6458333333333334 0.9088541666666666 0.6432291666666666 0.9153645833333334 0.63671875 0.90625 0.6380208333333334 0.8958333333333334 0.6328125 0.8828125
3 0.8502604166666666 0.5338541666666666 0.8541666666666666 0.5364583333333334 0.8658854166666666 0.53515625 0.8684895833333334 0.5390625 0.8684895833333334 0.546875 0.8619791666666666 0.5546875 0.859375 0.5546875 0.8515625 0.5455729166666666 0.8502604166666666 0.53515625
3 0.55859375 0.3125 0.5611979166666666 0.3125 0.5651041666666666 0.3203125 0.5638020833333334 0.3346354166666667 0.55859375 0.3359375 0.5559895833333334 0.3268229166666667 0.55859375 0.3138020833333333
3 0.4401041666666667 0.23958333333333334 0.4427083333333333 0.24088541666666666 0.4466145833333333 0.25 0.4427083333333333 0.2630208333333333 0.4401041666666667 0.2630208333333333 0.4375 0.2591145833333333 0.4388020833333333 0.24088541666666666
3 0.7473958333333334 0.6458333333333334 0.7552083333333334 0.6432291666666666 0.7591145833333334 0.64453125 0.7604166666666666 0.6484375 0.7591145833333334 0.6588541666666666 0.7552083333333334 0.6627604166666666 0.75 0.6575520833333334 0.7473958333333334 0.6471354166666666
3 0.6783854166666666 0.3645833333333333 0.67578125 0.3541666666666667 0.6809895833333334 0.34765625 0.6861979166666666 0.3489583333333333 0.6861979166666666 0.3567708333333333 0.6848958333333334 0.3619791666666667 0.6796875 0.3645833333333333
3 0.68135625 0.7462236106770833 0.6796875 0.7388888893229167 0.67578125 0.7319444440104167 0.66796875 0.7319444440104167 0.67075859375 0.7456861106770832 0.67499765625 0.7489138893229167 0.68135625 0.7462236106770833