1 0.3797625 0.18328333333333333 0.3799046875 0.17884583333333334 0.3790484375 0.17745 0.37540859375 0.17798194401041667 0.37498046875 0.18214166666666667 0.37626484375 0.18480555598958334 0.37790625000000005 0.18569305598958333 0.3797625 0.18328333333333333
0 0 0.4166666666666667 0.018229166666666668 0.4166666666666667 0.01953125 0.4192708333333333 0.09244791666666667 0.421875 0.09895833333333333 0.4231770833333333 0.11067708333333333 0.4309895833333333 0.13020833333333334 0.45703125 0.13151041666666666 0.46484375 0.13411458333333334 0.4674479166666667 0.14192708333333334 0.49609375 0.14453125 0.5325520833333334 0.14322916666666666 0.5377604166666666 0.140625 0.5364583333333334 0.13932291666666666 0.4973958333333333 0.13671875 0.4947916666666667 0.13151041666666666 0.4713541666666667 0.12369791666666667 0.4544270833333333 0.109375 0.4361979166666667 0.09895833333333333 0.4296875 0.08984375 0.4270833333333333 0.0078125 0.4244791666666667 0 0.4231770833333333 0 0.41796875
0 0.9791666666666666 0.45703125 0.98046875 0.4622395833333333 0.9778645833333334 0.4635416666666667 0.8815104166666666 0.4596354166666667 0.86328125 0.4596354166666667 0.85546875 0.4622395833333333 0.8372395833333334 0.4765625 0.8268229166666666 0.4934895833333333 0.8190104166666666 0.5143229166666666 0.8138020833333334 0.5390625 0.8138020833333334 0.5807291666666666 0.8190104166666666 0.6067708333333334 0.8307291666666666 0.6341145833333334 0.84765625 0.6536458333333334 0.8658854166666666 0.6614583333333334 0.97265625 0.6653645833333334 0.9778645833333334 0.6692708333333334 0.9752604166666666 0.671875 0.8723958333333334 0.66796875 0.87109375 0.6653645833333334 0.85546875 0.6640625 0.84375 0.6575520833333334 0.8346354166666666 0.6484375 0.828125 0.6380208333333334 0.81640625 0.6119791666666666 0.8111979166666666 0.5846354166666666 0.8111979166666666 0.5364583333333334 0.81640625 0.5104166666666666 0.82421875 0.4895833333333333 0.8346354166666666 0.47265625 0.8541666666666666 0.4557291666666667 0.8619791666666666 0.453125 0.9049479166666666 0.453125 0.9778645833333334 0.45703125
2 0.4765625 0.51171875 0.48046875 0.5208333333333334 0.4778645833333333 0.6302083333333334 0.4778645833333333 0.7747395833333334 0.4752604166666667 0.80078125 0.4752604166666667 0.9427083333333334 0.4739583333333333 0.9609375 0.4713541666666667 0.9596354166666666 0.4765625 0.5130208333333334
3 0.3932291666666667 0.5364583333333334 0.3971354166666667 0.5364583333333334 0.3997395833333333 0.5403645833333334 0.3997395833333333 0.55078125 0.3958333333333333 0.5520833333333334 0.390625 0.5442708333333334 0.390625 0.5390625 0.3932291666666667 0.5377604166666666
3 0.5260416666666666 0.19140625 0.5286458333333334 0.19661458333333334 0.5260416666666666 0.21614583333333334 0.5234375 0.21614583333333334 0.5221354166666666 0.21354166666666666 0.5221354166666666 0.19270833333333334 0.5247395833333334 0.19140625
3 0.2526041666666667 0.7239583333333334 0.25 0.7161458333333334 0.2578125 0.7044270833333334 0.2630208333333333 0.7200520833333334 0.2591145833333333 0.7239583333333334 0.25390625 0.7239583333333334
3 0.4869791666666667 0.7526041666666666 0.008463541666666666 0.022135416666666668
3 0.4296875 0.3919270833333333 0.43359375 0.390625 0.4361979166666667 0.39453125 0.4348958333333333 0.4075520833333333 0.4296875 0.4049479166666667 0.4296875 0.3932291666666667
3 0.421875 0.59765625 0.4244791666666667 0.6002604166666666 0.42578125 0.6119791666666666 0.4231770833333333 0.6145833333333334 0.41796875 0.61328125 0.41796875 0.6002604166666666 0.4205729166666667 0.5989583333333334
3 0.5989583333333334 0.3567708333333333 0.6028645833333334 0.3580729166666667 0.6041666666666666 0.36328125 0.6015625 0.3776041666666667 0.5989583333333334 0.3802083333333333 0.5963541666666666 0.37890625 0.59375 0.3697916666666667 0.5989583333333334 0.3580729166666667
3 0.48046875 0.47265625 0.4869791666666667 0.484375 0.4856770833333333 0.4986979166666667 0.48046875 0.5026041666666666 0.4752604166666667 0.4921875 0.4752604166666667 0.4791666666666667 0.4791666666666667 0.4739583333333333
3 0.5930989583333334 0.6868489583333334 0.011067708333333334 0.0234375
3 0.4270833333333333 0.73828125 0.4270833333333333 0.7591145833333334 0.4244791666666667 0.765625 0.421875 0.765625 0.4205729166666667 0.7604166666666666 0.4166666666666667 0.7565104166666666 0.4166666666666667 0.7486979166666666 0.41796875 0.7434895833333334 0.42578125 0.73828125
3 0.37344375 0.17423055598958334 0.3759703125 0.170825 0.3752734375 0.16587222265624998 0.377015625 0.16277638932291666 0.37684140625 0.15008472265625 0.37344375 0.14451250000000002 0.36873984375 0.14559722265625 0.36697578125 0.14871666666666666 0.36499375 0.15534722265625 0.36917500000000003 0.16494305598958334 0.369871875 0.16355 0.37344375 0.17423055598958334
3 0.13921796875 0.5381555559895833 0.13959296875000002 0.5321611106770833 0.13500078125 0.5299958333333333 0.13462578125 0.5253333333333333 0.127409375 0.5274986106770834 0.12464453125000001 0.5363166666666667 0.127221875 0.5454805559895833 0.13846796875 0.5458138893229166 0.1406234375 0.5416513893229167 0.13921796875 0.5381555559895833