1 0.51328125 0.47222222265625 0.5109374999999999 0.47222222265625 0.51171875 0.47777777734375 0.5148437499999999 0.4763888893229167 0.51328125 0.47222222265625
0 0 0.4140625 0.09114583333333333 0.4166666666666667 0.09244791666666667 0.4192708333333333 0.09895833333333333 0.4192708333333333 0.11197916666666667 0.42578125 0.12239583333333333 0.4361979166666667 0.13411458333333334 0.4544270833333333 0.14192708333333334 0.4765625 0.14713541666666666 0.5065104166666666 0.14583333333333334 0.5559895833333334 0.14322916666666666 0.5598958333333334 0.14322916666666666 0.5677083333333334 0.13802083333333334 0.5807291666666666 0.13802083333333334 0.5859375 0.12239583333333333 0.61328125 0.11067708333333333 0.6236979166666666 0.09244791666666667 0.6315104166666666 0 0.6276041666666666 0 0.62109375 0.09635416666666667 0.6236979166666666 0.10677083333333333 0.6197916666666666 0.11979166666666667 0.6080729166666666 0.13151041666666666 0.58984375 0.14322916666666666 0.55078125 0.14322916666666666 0.4986979166666667 0.140625 0.4934895833333333 0.140625 0.4856770833333333 0.12890625 0.4544270833333333 0.11458333333333333 0.4348958333333333 0.10286458333333333 0.4270833333333333 0.08984375 0.4231770833333333 0.009114583333333334 0.421875 0 0.4205729166666667 0 0.4153645833333333
0 0.8997395833333334 0.4479166666666667 0.9674479166666666 0.4505208333333333 0.9765625 0.4518229166666667 0.9778645833333334 0.4544270833333333 0.9205729166666666 0.4557291666666667 0.9010416666666666 0.453125 0.859375 0.453125 0.8411458333333334 0.46484375 0.8229166666666666 0.4908854166666667 0.8177083333333334 0.5104166666666666 0.8151041666666666 0.5130208333333334 0.8138020833333334 0.52734375 0.8111979166666666 0.5325520833333334 0.8111979166666666 0.5703125 0.8190104166666666 0.6067708333333334 0.8294270833333334 0.62890625 0.84765625 0.6484375 0.8541666666666666 0.65234375 0.8841145833333334 0.65625 0.9674479166666666 0.6588541666666666 0.9739583333333334 0.66015625 0.9739583333333334 0.6627604166666666 0.8828125 0.6614583333333334 0.8580729166666666 0.6588541666666666 0.8385416666666666 0.6484375 0.8385416666666666 0.6458333333333334 0.82421875 0.62890625 0.82421875 0.625 0.81640625 0.6106770833333334 0.80859375 0.5755208333333334 0.80859375 0.5325520833333334 0.81640625 0.4973958333333333 0.82421875 0.4791666666666667 0.8307291666666666 0.46875 0.83984375 0.4609375 0.83984375 0.4583333333333333 0.85546875 0.44921875 0.8984375 0.4479166666666667
2 0.48046875 0.4622395833333333 0.48046875 0.5768229166666666 0.4739583333333333 0.9518229166666666 0.4713541666666667 0.9231770833333334 0.4752604166666667 0.7421875 0.4765625 0.46875 0.4791666666666667 0.4635416666666667
3 0.38671875 0.5924479166666666 0.3854166666666667 0.5794270833333334 0.390625 0.5716145833333334 0.3932291666666667 0.5729166666666666 0.3932291666666667 0.5924479166666666 0.390625 0.5950520833333334 0.3880208333333333 0.5924479166666666
3 0.4544270833333333 0.5299479166666666 0.4596354166666667 0.5364583333333334 0.4583333333333333 0.5546875 0.4544270833333333 0.5572916666666666 0.44921875 0.5533854166666666 0.4453125 0.5390625 0.4466145833333333 0.5325520833333334 0.44921875 0.5299479166666666 0.453125 0.5299479166666666
3 0.5572916666666666 0.6549479166666666 0.5598958333333334 0.6549479166666666 0.5638020833333334 0.6614583333333334 0.5638020833333334 0.67578125 0.55859375 0.6770833333333334 0.5559895833333334 0.6588541666666666 0.5572916666666666 0.65625
3 0.51171875 0.2526041666666667 0.5143229166666666 0.2552083333333333 0.515625 0.2747395833333333 0.5091145833333334 0.2734375 0.5065104166666666 0.2682291666666667 0.51171875 0.25390625
3 0.2682291666666667 0.7174479166666666 0.2734375 0.7213541666666666 0.2799479166666667 0.72265625 0.2760416666666667 0.7291666666666666 0.2760416666666667 0.7356770833333334 0.26171875 0.734375 0.26171875 0.7239583333333334 0.2669270833333333 0.7174479166666666
3 0.44921875 0.7591145833333334 0.45703125 0.7669270833333334 0.4596354166666667 0.7760416666666666 0.4583333333333333 0.7799479166666666 0.453125 0.7786458333333334 0.44921875 0.76953125 0.44921875 0.7604166666666666
3 0.4661458333333333 0.42578125 0.4700520833333333 0.4270833333333333 0.4739583333333333 0.44140625 0.4739583333333333 0.4440104166666667 0.4713541666666667 0.4453125 0.4674479166666667 0.4440104166666667 0.46484375 0.4388020833333333 0.4661458333333333 0.4270833333333333
3 0.4283854166666667 0.6341145833333334 0.4231770833333333 0.6223958333333334 0.42578125 0.6171875 0.4361979166666667 0.6184895833333334 0.4348958333333333 0.6302083333333334 0.4322916666666667 0.6341145833333334 0.4296875 0.6341145833333334
3 0.578125 0.4375 0.5807291666666666 0.44140625 0.5794270833333334 0.45703125 0.578125 0.4596354166666667 0.57421875 0.4596354166666667 0.5729166666666666 0.45703125 0.5729166666666666 0.4453125 0.5768229166666666 0.4427083333333333 0.578125 0.4388020833333333
3 0.4361979166666667 0.84765625 0.4388020833333333 0.84765625 0.4427083333333333 0.8541666666666666 0.4427083333333333 0.8658854166666666 0.4361979166666667 0.8671875 0.4361979166666667 0.8489583333333334
3 0.19921875 0.5666666666666667 0.20625000000000002 0.5708333333333333 0.209375 0.56527777734375 0.209375 0.5583333333333333 0.20859375 0.5583333333333333 0.20703125 0.5555555559895834 0.203125 0.5555555559895834 0.19843750000000002 0.5513888893229166 0.19609374999999998 0.5513888893229166 0.19453125000000002 0.5555555559895834 0.19375 0.5638888893229167 0.1953125 0.56527777734375 0.19843750000000002 0.56527777734375 0.19921875 0.5666666666666667
3 0.36874999999999997 0.25138888932291664 0.36562500000000003 0.25694444401041666 0.37265624999999997 0.2625 0.37421875 0.25138888932291664 0.36874999999999997 0.25138888932291664