1 0.4484375 0.70277777734375 0.4484375 0.6986111106770833 0.44687499999999997 0.6958333333333333 0.4453125 0.6958333333333333 0.44453125 0.69722222265625 0.44375000000000003 0.7013888893229167 0.4453125 0.7055555559895833 0.44687499999999997 0.7055555559895833 0.4484375 0.70277777734375
3 0.6341145833333334 0.5442708333333334 0.63671875 0.5481770833333334 0.63671875 0.5559895833333334 0.6341145833333334 0.5598958333333334 0.6302083333333334 0.5598958333333334 0.6276041666666666 0.5559895833333334 0.6276041666666666 0.5455729166666666 0.6328125 0.5442708333333334
3 0.5768229166666666 0.2955729166666667 0.5794270833333334 0.2955729166666667 0.5833333333333334 0.3020833333333333 0.5833333333333334 0.3111979166666667 0.578125 0.3216145833333333 0.5703125 0.3151041666666667 0.5768229166666666 0.296875
3 0.5638020833333334 0.6848958333333334 0.5703125 0.6875 0.5768229166666666 0.69921875 0.5716145833333334 0.70703125 0.56640625 0.7057291666666666 0.5625 0.6861979166666666
3 0.2643229166666667 0.4479166666666667 0.26171875 0.4466145833333333 0.2591145833333333 0.4505208333333333 0.2552083333333333 0.4505208333333333 0.2513020833333333 0.4440104166666667 0.2526041666666667 0.4361979166666667 0.2591145833333333 0.4309895833333333 0.2630208333333333 0.4361979166666667 0.265625 0.4466145833333333
3 0.359375 0.3932291666666667 0.3697916666666667 0.41015625 0.3684895833333333 0.4153645833333333 0.3619791666666667 0.4153645833333333 0.359375 0.4075520833333333 0.3541666666666667 0.4010416666666667 0.35546875 0.39453125 0.3580729166666667 0.3932291666666667
3 0.3216145833333333 0.8294270833333334 0.3255208333333333 0.8385416666666666 0.32421875 0.84765625 0.3190104166666667 0.8489583333333334 0.31640625 0.8424479166666666 0.31640625 0.8359375 0.3203125 0.8307291666666666
3 0.4895833333333333 0.82421875 0.4934895833333333 0.83203125 0.4934895833333333 0.8411458333333334 0.4908854166666667 0.8463541666666666 0.48828125 0.8463541666666666 0.4869791666666667 0.84375 0.4830729166666667 0.828125 0.4856770833333333 0.8229166666666666 0.48828125 0.82421875
3 0.484375 0.23307291666666666 0.4908854166666667 0.23828125 0.4908854166666667 0.26171875 0.4830729166666667 0.26171875 0.4791666666666667 0.2526041666666667 0.4791666666666667 0.23828125 0.4830729166666667 0.234375
3 0.4166666666666667 0.64453125 0.4192708333333333 0.6458333333333334 0.4205729166666667 0.65234375 0.4205729166666667 0.66015625 0.4166666666666667 0.6627604166666666 0.41015625 0.65625 0.41015625 0.6510416666666666 0.4153645833333333 0.64453125
3 0.2265625 0.20833333333333334 0.23958333333333334 0.21744791666666666 0.23697916666666666 0.23046875 0.234375 0.23307291666666666 0.23046875 0.23046875 0.22395833333333334 0.21875 0.22395833333333334 0.21354166666666666 0.2265625 0.20963541666666666
3 0.06380208333333333 0.5208333333333334 0.06640625 0.5208333333333334 0.0703125 0.5260416666666666 0.08072916666666667 0.52734375 0.07942708333333333 0.5403645833333334 0.07682291666666667 0.54296875 0.07161458333333333 0.53515625 0.0625 0.5377604166666666 0.061197916666666664 0.5247395833333334 0.06380208333333333 0.5221354166666666
3 0.7825520833333334 0.53125 0.7864583333333334 0.53515625 0.7864583333333334 0.546875 0.7825520833333334 0.5520833333333334 0.77734375 0.55078125 0.7708333333333334 0.5364583333333334 0.78125 0.53125
0 0.47265625 0.2552083333333333 0.4752604166666667 0.2578125 0.47265625 0.5598958333333334 0.4739583333333333 0.6197916666666666 0.4713541666666667 0.6315104166666666 0.4700520833333333 0.8815104166666666 0.4674479166666667 0.9479166666666666 0.46484375 0.9466145833333334 0.46484375 0.8671875 0.4674479166666667 0.8580729166666666 0.46875 0.5690104166666666 0.4713541666666667 0.5338541666666666 0.4700520833333333 0.4466145833333333 0.47265625 0.2565104166666667
0 0 0.625 0.0890625 0.62777777734375 0.1125 0.6124999999999999 0.1265625 0.5916666666666667 0.13749999999999998 0.5569444440104167 0.140625 0.5138888893229167 0.13359374999999998 0.4708333333333334 0.11796875 0.4375 0.10546875 0.4236111106770833 0.08515625 0.4138888893229167 0.012499999999999999 0.41111111067708334 0 0.41111111067708334 0 0.4180555559895833 0.08828124999999999 0.42083333333333334 0.11328125 0.43888888932291664 0.12812500000000002 0.4680555559895833 0.13593750000000002 0.5111111106770834 0.13593750000000002 0.5361111106770834 0.13203125000000002 0.5638888893229167 0.12421875 0.58472222265625 0.11328125 0.6041666666666666 0.09921875000000001 0.6180555559895834 0.08984375 0.62222222265625 0 0.6194444440104167 0 0.625
0 0.83359375 0.64722222265625 0.86953125 0.6583333333333333 0.9640624999999999 0.6583333333333333 0.96328125 0.6541666666666667 0.84375 0.64722222265625 0.8312499999999999 0.6375000000000001 0.8140625 0.6124999999999999 0.8039062499999999 0.5708333333333333 0.803125 0.5430555559895833 0.8046875 0.525 0.8140625 0.49027777734375005 0.8265625 0.4680555559895833 0.8453125 0.45277777734375 0.9679687499999999 0.45416666666666666 0.9679687499999999 0.44861111067708337 0.8820312499999999 0.44444444401041666 0.8406250000000001 0.44861111067708337 0.81640625 0.47361111067708334 0.80703125 0.49583333333333335 0.7999999999999999 0.5291666666666667 0.7999999999999999 0.5666666666666667 0.80703125 0.6041666666666666 0.8171875000000001 0.62777777734375 0.83359375 0.64722222265625