1 0.37734375000000003 0.6388888893229167 0.375 0.64027777734375 0.37656249999999997 0.6458333333333334 0.37734375000000003 0.6388888893229167
0 1 0.41250000000000003 0.9835937499999999 0.41250000000000003 0.9171874999999999 0.41527777734375 0.9031250000000001 0.42222222265625 0.90234375 0.4180555559895833 0.884375 0.43055555598958334 0.86953125 0.4569444440104167 0.8859374999999999 0.43472222265625 0.9 0.4236111106770833 1 0.4180555559895833 1 0.41250000000000003
0 1 0.6194444440104167 0.9070312500000001 0.62222222265625 0.8976562499999999 0.6180555559895834 0.884375 0.6055555559895833 0.86953125 0.5805555559895833 0.8609375 0.54722222265625 0.8585937499999999 0.5208333333333334 0.85546875 0.52222222265625 0.8562500000000001 0.5430555559895833 0.8624999999999999 0.5736111106770834 0.8757812500000001 0.60277777734375 0.8921875 0.6208333333333333 0.90625 0.62777777734375 1 0.625 1 0.6194444440104167
0 0.14921874999999998 0.44861111067708337 0.09375 0.44861111067708337 0.03046875 0.45277777734375 0.029687500000000002 0.4583333333333333 0.1546875 0.4569444440104167 0.1703125 0.4694444440104167 0.18515625 0.4944444440104167 0.19140625 0.5138888893229167 0.19609374999999998 0.5458333333333333 0.19218749999999998 0.5833333333333334 0.18359375 0.6166666666666667 0.178125 0.6291666666666667 0.15703124999999998 0.65 0.13984375000000002 0.6555555559895833 0.0375 0.6611111106770834 0.12734375 0.6611111106770834 0.15234375 0.6569444440104167 0.165625 0.6486111106770833 0.18281250000000002 0.6263888893229167 0.1859375 0.60972222265625 0.19062500000000002 0.60972222265625 0.19296875 0.6013888893229167 0.19843750000000002 0.5625 0.19765625 0.5305555559895833 0.18359375 0.48194444401041664 0.15859375 0.45277777734375 0.14921874999999998 0.44861111067708337
2 0.52890625 0.5986111106770834 0.52734375 0.5555555559895834 0.5265624999999999 0.5458333333333333 0.5265624999999999 0.6180555559895834 0.52890625 0.5986111106770834
2 0.5320312500000001 0.8444444440104166 0.5304687499999999 0.7374999999999999 0.5296875 0.7291666666666666 0.5296875 0.8583333333333334 0.5320312500000001 0.8444444440104166
2 0.525 0.4430555559895833 0.5226562499999999 0.5083333333333333 0.5265624999999999 0.5083333333333333 0.5281250000000001 0.5013888893229167 0.5265624999999999 0.3236111106770833 0.521875 0.12638888932291667 0.5226562499999999 0.4291666666666667 0.525 0.4430555559895833
3 0.41015625 0.6822916666666666 0.4114583333333333 0.6927083333333334 0.4088541666666667 0.6979166666666666 0.4036458333333333 0.6966145833333334 0.3997395833333333 0.69140625 0.40234375 0.6822916666666666 0.4049479166666667 0.6796875 0.4088541666666667 0.6822916666666666
3 0.4244791666666667 0.7591145833333334 0.4296875 0.7591145833333334 0.4401041666666667 0.7708333333333334 0.4322916666666667 0.7838541666666666 0.4270833333333333 0.7825520833333334 0.4270833333333333 0.7682291666666666 0.4244791666666667 0.7604166666666666
3 0.4036458333333333 0.6796875 0.4205729166666667 0.6875 0.4205729166666667 0.6927083333333334 0.41796875 0.6966145833333334 0.4049479166666667 0.6966145833333334 0.3997395833333333 0.6940104166666666 0.3997395833333333 0.6861979166666666 0.4036458333333333 0.6809895833333334
3 0.72265625 0.2578125 0.7265625 0.2591145833333333 0.7278645833333334 0.2669270833333333 0.7265625 0.2721354166666667 0.71875 0.28125 0.7174479166666666 0.2877604166666667 0.7096354166666666 0.2825520833333333 0.71484375 0.2734375 0.7161458333333334 0.265625 0.7213541666666666 0.2591145833333333
3 0.5494791666666666 0.4453125 0.5546875 0.4453125 0.55859375 0.4505208333333333 0.55859375 0.4635416666666667 0.5520833333333334 0.46875 0.546875 0.4609375 0.546875 0.4505208333333333 0.5494791666666666 0.4466145833333333
3 0.4765625 0.2682291666666667 0.4830729166666667 0.27734375 0.4830729166666667 0.2864583333333333 0.4791666666666667 0.2903645833333333 0.4739583333333333 0.2890625 0.4752604166666667 0.26953125
3 0.6744791666666666 0.7916666666666666 0.6809895833333334 0.8033854166666666 0.6783854166666666 0.8138020833333334 0.6731770833333334 0.8138020833333334 0.671875 0.8098958333333334 0.6705729166666666 0.7890625 0.6731770833333334 0.7916666666666666
3 0.4934895833333333 0.72265625 0.4986979166666667 0.734375 0.49609375 0.73828125 0.4921875 0.7395833333333334 0.4856770833333333 0.73828125 0.4856770833333333 0.7239583333333334 0.4921875 0.72265625
3 0.5651041666666666 0.8229166666666666 0.56640625 0.8385416666666666 0.5638020833333334 0.83984375 0.5598958333333334 0.83984375 0.55859375 0.8372395833333334 0.5598958333333334 0.8255208333333334 0.5638020833333334 0.8229166666666666
3 0.8763020833333334 0.46484375 0.8802083333333334 0.4700520833333333 0.8776041666666666 0.4830729166666667 0.8723958333333334 0.4817708333333333 0.8684895833333334 0.4739583333333333 0.8697916666666666 0.4674479166666667 0.875 0.46484375
3 0.72265625 0.2578125 0.7265625 0.2591145833333333 0.7278645833333334 0.2669270833333333 0.7265625 0.2721354166666667 0.71875 0.28125 0.7122395833333334 0.2799479166666667 0.7174479166666666 0.2630208333333333 0.7213541666666666 0.2591145833333333
3 0.16276041666666666 0.5794270833333334 0.16666666666666666 0.5859375 0.171875 0.6015625 0.17057291666666666 0.6028645833333334 0.1640625 0.6028645833333334 0.15885416666666666 0.5989583333333334 0.15755208333333334 0.58203125 0.16145833333333334 0.5794270833333334
3 0.3639322916666667 0.4375 0.014973958333333334 0.01953125
3 0.515625 0.5305555559895833 0.515625 0.5486111106770833 0.5203125000000001 0.5458333333333333 0.5265624999999999 0.525 0.5226562499999999 0.5125000000000001 0.51953125 0.5111111106770834 0.5125000000000001 0.5208333333333334 0.515625 0.5305555559895833