1 0.615625 0.29444444401041664 0.6164062499999999 0.29722222265625003 0.6203124999999999 0.29722222265625003 0.62109375 0.2916666666666667 0.6203124999999999 0.2888888893229167 0.6171875 0.2888888893229167 0.6164062499999999 0.29027777734375 0.615625 0.29444444401041664
3 0.3424479166666667 0.5677083333333334 0.34765625 0.57421875 0.34765625 0.578125 0.34375 0.58203125 0.3424479166666667 0.5872395833333334 0.3372395833333333 0.5846354166666666 0.3359375 0.5794270833333334 0.3372395833333333 0.5690104166666666 0.3411458333333333 0.5677083333333334
3 0.24609375 0.3411458333333333 0.2526041666666667 0.3463541666666667 0.2604166666666667 0.34765625 0.2526041666666667 0.3619791666666667 0.24739583333333334 0.36328125 0.24348958333333334 0.35546875 0.2421875 0.3463541666666667 0.24479166666666666 0.3424479166666667
3 0.5625 0.23958333333333334 0.5651041666666666 0.24739583333333334 0.5611979166666666 0.26171875 0.5559895833333334 0.26171875 0.5559895833333334 0.24869791666666666 0.55859375 0.2421875 0.5611979166666666 0.24088541666666666
3 0.7096354166666666 0.34765625 0.7096354166666666 0.35546875 0.7057291666666666 0.3619791666666667 0.7057291666666666 0.3684895833333333 0.703125 0.3684895833333333 0.69921875 0.36328125 0.69921875 0.3528645833333333 0.7044270833333334 0.34765625 0.7083333333333334 0.34765625
3 0.36328125 0.31640625 0.3671875 0.32421875 0.3658854166666667 0.3359375 0.3606770833333333 0.3346354166666667 0.3580729166666667 0.3307291666666667 0.3580729166666667 0.3216145833333333 0.3619791666666667 0.31640625
3 0.3515625 0.7005208333333334 0.35546875 0.7044270833333334 0.3541666666666667 0.71875 0.3515625 0.7213541666666666 0.34765625 0.7161458333333334 0.34765625 0.7044270833333334 0.3502604166666667 0.7018229166666666
3 0.4205729166666667 0.8802083333333334 0.4205729166666667 0.89453125 0.41796875 0.9010416666666666 0.4140625 0.90234375 0.4127604166666667 0.8997395833333334 0.4127604166666667 0.88671875 0.4166666666666667 0.8815104166666666 0.4192708333333333 0.8815104166666666
3 0.4765625 0.2916666666666667 0.48046875 0.2994791666666667 0.4791666666666667 0.3151041666666667 0.4765625 0.3190104166666667 0.47265625 0.3190104166666667 0.47265625 0.2981770833333333 0.4765625 0.29296875
3 0.37890625 0.4049479166666667 0.3815104166666667 0.40625 0.3854166666666667 0.4166666666666667 0.3854166666666667 0.4270833333333333 0.3828125 0.4322916666666667 0.37890625 0.4322916666666667 0.3736979166666667 0.4205729166666667 0.375 0.4075520833333333 0.3776041666666667 0.40625
3 0.4479166666666667 0.4622395833333333 0.4518229166666667 0.4674479166666667 0.4479166666666667 0.4778645833333333 0.4427083333333333 0.4752604166666667 0.4427083333333333 0.46484375 0.4466145833333333 0.4622395833333333
0 0.19140625 0.5263888893229166 0.1953125 0.5486111106770833 0.1953125 0.5861111106770833 0.18359375 0.6319444440104166 0.16093749999999998 0.6625 0.14531249999999998 0.6694444440104167 0.04296875 0.6736111106770833 0.0375 0.67777777734375 0.13984375000000002 0.6763888893229167 0.16328125000000002 0.6680555559895834 0.18046874999999998 0.64722222265625 0.19296875 0.6180555559895834 0.19921875 0.5805555559895833 0.19843750000000002 0.54722222265625 0.18984375 0.5069444440104166 0.18359375 0.5069444440104166 0.19140625 0.5263888893229166
3 0.171875 0.48828125 0.18359375 0.49609375 0.18229166666666666 0.5013020833333334 0.17447916666666666 0.5104166666666666 0.16536458333333334 0.5026041666666666 0.16536458333333334 0.4934895833333333 0.17057291666666666 0.48828125
3 0.3033854166666667 0.63671875 0.3138020833333333 0.64453125 0.3138020833333333 0.6471354166666666 0.3033854166666667 0.6549479166666666 0.30078125 0.6549479166666666 0.296875 0.6497395833333334 0.296875 0.6419270833333334 0.3020833333333333 0.63671875
0 0.05078125 0.47222222265625 0.14140624999999998 0.4680555559895833 0.15390625 0.4708333333333334 0.17265624999999998 0.48472222265625 0.16874999999999998 0.47500000000000003 0.14453125 0.46249999999999997 0.029687500000000002 0.4680555559895833 0.05078125 0.47222222265625
2 0.5234375 0.140625 0.5260416666666666 0.15755208333333334 0.5247395833333334 0.19010416666666666 0.5286458333333334 0.4622395833333333 0.52734375 0.5494791666666666 0.5299479166666666 0.58984375 0.53125 0.8502604166666666 0.5338541666666666 0.9296875 0.5338541666666666 0.96875 0.53125 0.9700520833333334 0.5286458333333334 0.8919270833333334 0.52734375 0.6432291666666666 0.5247395833333334 0.5846354166666666 0.5234375 0.14192708333333334
0 1 0.43055555598958334 0.99609375 0.43055555598958334 0.9132812499999999 0.43472222265625 0.90078125 0.43888888932291664 0.8835937500000001 0.45555555598958336 0.86953125 0.48194444401041664 0.8601562500000001 0.52777777734375 0.8609375 0.5638888893229167 0.87265625 0.6083333333333333 0.89453125 0.6388888893229167 0.9093749999999999 0.64722222265625 1 0.6458333333333334 1 0.64027777734375 0.9890625000000001 0.6388888893229167 0.90390625 0.6388888893229167 0.88671875 0.62222222265625 0.87890625 0.6083333333333333 0.8718750000000001 0.5944444440104167 0.86484375 0.5638888893229167 0.86484375 0.5208333333333334 0.8679687500000001 0.5055555559895833 0.8765625 0.47777777734375 0.89453125 0.4513888893229167 0.9125 0.44027777734375 1 0.43888888932291664 1 0.43055555598958334