1 0.46953125 0.8486111106770834 0.47109375000000003 0.85 0.4734375 0.8472222226562499 0.4734375 0.8430555559895834 0.47265625 0.8416666666666667 0.47031249999999997 0.8416666666666667 0.46953125 0.8430555559895834 0.46953125 0.8486111106770834
0 0.9986979166666666 0.4114583333333333 0.9986979166666666 0.4192708333333333 0.91796875 0.4205729166666667 0.90625 0.4231770833333333 0.8984375 0.4270833333333333 0.88671875 0.4375 0.875 0.4557291666666667 0.8671875 0.4765625 0.8619791666666666 0.5065104166666666 0.86328125 0.55078125 0.8736979166666666 0.5846354166666666 0.88671875 0.60546875 0.9010416666666666 0.6184895833333334 0.9114583333333334 0.6223958333333334 0.9986979166666666 0.6197916666666666 0.9986979166666666 0.6263020833333334 0.9322916666666666 0.62890625 0.9075520833333334 0.6276041666666666 0.8919270833333334 0.6184895833333334 0.8828125 0.609375 0.8684895833333334 0.5846354166666666 0.859375 0.54296875 0.859375 0.5052083333333334 0.8645833333333334 0.47265625 0.87109375 0.4557291666666667 0.8841145833333334 0.43359375 0.9049479166666666 0.4166666666666667 0.9140625 0.4140625 0.9973958333333334 0.4114583333333333
0 0.032552083333333336 0.4479166666666667 0.14973958333333334 0.4453125 0.15885416666666666 0.44921875 0.16666666666666666 0.4544270833333333 0.17838541666666666 0.4674479166666667 0.19010416666666666 0.4908854166666667 0.19791666666666666 0.5234375 0.19921875 0.5403645833333334 0.19791666666666666 0.5455729166666666 0.19661458333333334 0.5442708333333334 0.1953125 0.5247395833333334 0.1875 0.4934895833333333 0.17578125 0.4713541666666667 0.16015625 0.4557291666666667 0.14322916666666666 0.44921875 0.053385416666666664 0.453125 0.032552083333333336 0.4518229166666667 0.032552083333333336 0.44921875
2 0.5247395833333334 0.4244791666666667 0.52734375 0.4244791666666667 0.5286458333333334 0.4479166666666667 0.53125 0.80859375 0.5338541666666666 0.8372395833333334 0.5325520833333334 0.8580729166666666 0.53515625 0.921875 0.5338541666666666 0.9466145833333334 0.53125 0.9466145833333334 0.5286458333333334 0.69140625 0.5260416666666666 0.6276041666666666 0.52734375 0.52734375 0.5234375 0.4440104166666667 0.5247395833333334 0.42578125
3 0.3463541666666667 0.55078125 0.3489583333333333 0.5533854166666666 0.3489583333333333 0.5598958333333334 0.3450520833333333 0.5690104166666666 0.3411458333333333 0.5677083333333334 0.33984375 0.5611979166666666 0.3411458333333333 0.5520833333333334 0.3450520833333333 0.55078125
3 0.3828125 0.7421875 0.3815104166666667 0.7526041666666666 0.37890625 0.7591145833333334 0.375 0.76171875 0.37109375 0.7591145833333334 0.37109375 0.7473958333333334 0.3723958333333333 0.7434895833333334 0.3815104166666667 0.7421875
3 0.4518229166666667 0.8580729166666666 0.4557291666666667 0.8580729166666666 0.4596354166666667 0.8684895833333334 0.45703125 0.88671875 0.4557291666666667 0.890625 0.453125 0.8893229166666666 0.4505208333333333 0.87890625 0.4518229166666667 0.859375
3 0.5247395833333334 0.40234375 0.52734375 0.4049479166666667 0.52734375 0.4153645833333333 0.5221354166666666 0.4466145833333333 0.5182291666666666 0.44140625 0.5182291666666666 0.42578125 0.51953125 0.4088541666666667 0.5234375 0.4036458333333333
3 0.4973958333333333 0.22786458333333334 0.49609375 0.20833333333333334 0.5 0.203125 0.5065104166666666 0.203125 0.5078125 0.20572916666666666 0.5078125 0.22135416666666666 0.50390625 0.234375 0.5 0.23177083333333334 0.4986979166666667 0.22786458333333334
3 0.5625 0.6796875 0.011067708333333334 0.018229166666666668
3 0.6354166666666666 0.8424479166666666 0.6432291666666666 0.8424479166666666 0.6471354166666666 0.8463541666666666 0.6458333333333334 0.859375 0.63671875 0.86328125 0.6354166666666666 0.84375
3 0.7356770833333334 0.38671875 0.74609375 0.39453125 0.7447916666666666 0.40234375 0.73828125 0.4075520833333333 0.7369791666666666 0.4114583333333333 0.7330729166666666 0.4114583333333333 0.7317708333333334 0.3958333333333333 0.7356770833333334 0.3880208333333333
3 0.7838541666666666 0.19791666666666666 0.78515625 0.20963541666666666 0.7747395833333334 0.22265625 0.7708333333333334 0.22265625 0.7708333333333334 0.21614583333333334 0.7747395833333334 0.20442708333333334 0.7786458333333334 0.19921875 0.7825520833333334 0.19791666666666666
3 0.9147135416666666 0.5201822916666666 0.020833333333333332 0.020833333333333332
3 0.19921875 0.5481770833333334 0.20442708333333334 0.5546875 0.2109375 0.5572916666666666 0.20703125 0.5625 0.20572916666666666 0.5690104166666666 0.19921875 0.5703125 0.19401041666666666 0.5651041666666666 0.19270833333333334 0.5572916666666666 0.1953125 0.55078125 0.19791666666666666 0.5494791666666666
3 0.3984375 0.265625 0.4010416666666667 0.26953125 0.4010416666666667 0.2799479166666667 0.4036458333333333 0.28515625 0.3997395833333333 0.29296875 0.3958333333333333 0.29296875 0.3919270833333333 0.2799479166666667 0.3919270833333333 0.26953125 0.3971354166666667 0.265625