1 0.4453125 0.33749999999999997 0.44687499999999997 0.3416666666666666 0.45 0.34027777734375 0.45078124999999997 0.33472222265625 0.45 0.3333333333333333 0.44687499999999997 0.33055555598958336 0.4453125 0.3319444440104167 0.4453125 0.33749999999999997
0 0.8841145833333334 0.6236979166666666 0.8684895833333334 0.5924479166666666 0.8619791666666666 0.5520833333333334 0.8645833333333334 0.5052083333333334 0.8684895833333334 0.48828125 0.87109375 0.4856770833333333 0.8723958333333334 0.4765625 0.8763020833333334 0.46875 0.88671875 0.4518229166666667 0.9036458333333334 0.4361979166666667 0.91015625 0.43359375 0.984375 0.4296875 0.9986979166666666 0.4296875 0.9986979166666666 0.4348958333333333 0.93359375 0.4361979166666667 0.9322916666666666 0.4388020833333333 0.91015625 0.4401041666666667 0.8971354166666666 0.4479166666666667 0.88671875 0.4583333333333333 0.87109375 0.4921875 0.8658854166666666 0.5169270833333334 0.8645833333333334 0.5442708333333334 0.8671875 0.5703125 0.875 0.59765625 0.8841145833333334 0.6145833333333334 0.8958333333333334 0.6302083333333334 0.9166666666666666 0.640625 0.9986979166666666 0.6380208333333334 0.9986979166666666 0.64453125 0.9817708333333334 0.6432291666666666 0.9505208333333334 0.64453125 0.94921875 0.6471354166666666 0.9153645833333334 0.6471354166666666 0.9140625 0.64453125 0.90625 0.6432291666666666 0.8958333333333334 0.63671875 0.88671875 0.6276041666666666 0.8854166666666666 0.6236979166666666
0 0.15234375 0.4622395833333333 0.16666666666666666 0.4700520833333333 0.18229166666666666 0.4895833333333333 0.19010416666666666 0.5065104166666666 0.19791666666666666 0.5364583333333334 0.19791666666666666 0.59765625 0.18619791666666666 0.63671875 0.1796875 0.6484375 0.16796875 0.6614583333333334 0.16015625 0.66796875 0.14713541666666666 0.6731770833333334 0.05859375 0.6770833333333334 0.036458333333333336 0.6770833333333334 0.033854166666666664 0.67578125 0.03515625 0.671875 0.13932291666666666 0.6692708333333334 0.140625 0.6666666666666666 0.14713541666666666 0.6666666666666666 0.16145833333333334 0.66015625 0.17447916666666666 0.6471354166666666 0.1875 0.6236979166666666 0.1953125 0.59375 0.1953125 0.5377604166666666 0.1875 0.5091145833333334 0.1796875 0.4934895833333333 0.16666666666666666 0.4765625 0.15234375 0.4674479166666667 0.125 0.4661458333333333 0.048177083333333336 0.4700520833333333 0.03515625 0.4700520833333333 0.03125 0.4674479166666667 0.032552083333333336 0.46484375 0.04296875 0.4635416666666667 0.12239583333333333 0.4609375 0.15104166666666666 0.4622395833333333
2 0.5247395833333334 0.13802083333333334 0.52734375 0.13932291666666666 0.52734375 0.24088541666666666 0.5299479166666666 0.3098958333333333 0.5299479166666666 0.5598958333333334 0.53515625 0.8385416666666666 0.53515625 0.9661458333333334 0.5325520833333334 0.96484375 0.53125 0.94140625 0.5325520833333334 0.9153645833333334 0.52734375 0.64453125 0.5286458333333334 0.5911458333333334 0.5247395833333334 0.13932291666666666
3 0.203125 0.3619791666666667 0.21354166666666666 0.3684895833333333 0.2109375 0.3723958333333333 0.2109375 0.3802083333333333 0.20572916666666666 0.3815104166666667 0.19921875 0.3723958333333333 0.19791666666666666 0.3658854166666667 0.20182291666666666 0.36328125
3 0.4069010416666667 0.4388020833333333 0.01171875 0.024739583333333332
3 0.13541666666666666 0.5364583333333334 0.13802083333333334 0.5377604166666666 0.14713541666666666 0.53515625 0.14713541666666666 0.54296875 0.14322916666666666 0.55078125 0.13671875 0.5559895833333334 0.13020833333333334 0.5546875 0.12760416666666666 0.5494791666666666 0.12890625 0.5390625 0.13411458333333334 0.5364583333333334
3 0.3138020833333333 0.5833333333333334 0.31640625 0.5833333333333334 0.31640625 0.5872395833333334 0.3111979166666667 0.6028645833333334 0.3059895833333333 0.6028645833333334 0.3033854166666667 0.5950520833333334 0.3046875 0.5872395833333334 0.3138020833333333 0.5846354166666666
3 0.75390625 0.4296875 0.7565104166666666 0.4348958333333333 0.75390625 0.4453125 0.7473958333333334 0.4466145833333333 0.7421875 0.4427083333333333 0.7421875 0.4375 0.7526041666666666 0.4309895833333333
3 0.3151041666666667 0.4192708333333333 0.3268229166666667 0.4296875 0.3229166666666667 0.4388020833333333 0.31640625 0.4466145833333333 0.3138020833333333 0.4453125 0.3098958333333333 0.4361979166666667 0.3098958333333333 0.421875 0.3138020833333333 0.4192708333333333
3 0.3203125 0.734375 0.3307291666666667 0.7317708333333334 0.3268229166666667 0.7513020833333334 0.3177083333333333 0.7434895833333334 0.3177083333333333 0.73828125 0.3203125 0.7356770833333334
3 0.3580729166666667 0.8802083333333334 0.3580729166666667 0.9049479166666666 0.35546875 0.9114583333333334 0.3515625 0.9140625 0.3489583333333333 0.8880208333333334 0.3567708333333333 0.8802083333333334
3 0.4361979166666667 0.3125 0.4388020833333333 0.3125 0.44140625 0.3229166666666667 0.4401041666666667 0.3346354166666667 0.4375 0.3372395833333333 0.43359375 0.3359375 0.4309895833333333 0.3255208333333333 0.4361979166666667 0.3138020833333333
3 0.5598958333333334 0.24088541666666666 0.5625 0.24348958333333334 0.5625 0.2565104166666667 0.5598958333333334 0.2630208333333333 0.5559895833333334 0.2630208333333333 0.5520833333333334 0.2526041666666667 0.55859375 0.2421875
3 0.23697916666666666 0.6458333333333334 0.24348958333333334 0.64453125 0.25 0.6458333333333334 0.2513020833333333 0.6484375 0.24479166666666666 0.6614583333333334 0.23958333333333334 0.6640625 0.23567708333333334 0.6575520833333334 0.23697916666666666 0.6471354166666666
3 0.31640625 0.3502604166666667 0.3229166666666667 0.3567708333333333 0.31640625 0.3723958333333333 0.3138020833333333 0.3723958333333333 0.3111979166666667 0.3606770833333333 0.3111979166666667 0.3541666666666667 0.3151041666666667 0.3502604166666667