1 0.509375 0.8069444440104167 0.5125000000000001 0.80972222265625 0.5140625 0.8069444440104167 0.5140625 0.80277777734375 0.51328125 0.8013888893229167 0.51015625 0.8013888893229167 0.509375 0.80277777734375 0.509375 0.8069444440104167
0 0.90625 0.4166666666666667 0.9986979166666666 0.4127604166666667 0.9986979166666666 0.4192708333333333 0.9895833333333334 0.4205729166666667 0.90625 0.4231770833333333 0.8997395833333334 0.42578125 0.8880208333333334 0.43359375 0.875 0.4505208333333333 0.87109375 0.45703125 0.8697916666666666 0.4674479166666667 0.86328125 0.4739583333333333 0.8619791666666666 0.4908854166666667 0.85546875 0.4973958333333333 0.8580729166666666 0.5026041666666666 0.8580729166666666 0.5442708333333334 0.8619791666666666 0.5559895833333334 0.8619791666666666 0.5638020833333334 0.87109375 0.5885416666666666 0.8880208333333334 0.6119791666666666 0.8958333333333334 0.6184895833333334 0.9049479166666666 0.6223958333333334 0.9986979166666666 0.6197916666666666 0.9986979166666666 0.6263020833333334 0.9908854166666666 0.6276041666666666 0.8997395833333334 0.6276041666666666 0.8971354166666666 0.6236979166666666 0.8919270833333334 0.6223958333333334 0.8828125 0.6145833333333334 0.8645833333333334 0.5859375 0.8567708333333334 0.5572916666666666 0.8541666666666666 0.52734375 0.8541666666666666 0.50390625 0.859375 0.48828125 0.8606770833333334 0.4739583333333333 0.8645833333333334 0.46875 0.8684895833333334 0.453125 0.8841145833333334 0.4296875 0.8932291666666666 0.4231770833333333 0.90625 0.41796875
0 0.1484375 0.4505208333333333 0.16276041666666666 0.4583333333333333 0.17838541666666666 0.4765625 0.19140625 0.5078125 0.19661458333333334 0.5416666666666666 0.19661458333333334 0.5716145833333334 0.1953125 0.58984375 0.19140625 0.59765625 0.19010416666666666 0.6080729166666666 0.18098958333333334 0.6302083333333334 0.16796875 0.6458333333333334 0.16796875 0.6484375 0.15885416666666666 0.6549479166666666 0.140625 0.6614583333333334 0.08072916666666667 0.6640625 0.03515625 0.6640625 0.032552083333333336 0.6614583333333334 0.03515625 0.66015625 0.140625 0.65625 0.15625 0.6510416666666666 0.17317708333333334 0.6341145833333334 0.1875 0.60546875 0.19140625 0.5911458333333334 0.19401041666666666 0.56640625 0.19140625 0.5208333333333334 0.18489583333333334 0.4986979166666667 0.17317708333333334 0.4765625 0.16666666666666666 0.46875 0.15364583333333334 0.4609375 0.15104166666666666 0.45703125 0.14322916666666666 0.4544270833333333 0.13151041666666666 0.4544270833333333 0.11067708333333333 0.45703125 0.0625 0.45703125 0.061197916666666664 0.4596354166666667 0.028645833333333332 0.4609375 0.028645833333333332 0.4544270833333333 0.12890625 0.44921875 0.14713541666666666 0.4505208333333333
2 0.5208333333333334 0.125 0.5234375 0.19140625 0.5247395833333334 0.43359375 0.52734375 0.5299479166666666 0.5260416666666666 0.5651041666666666 0.5286458333333334 0.6184895833333334 0.5286458333333334 0.6315104166666666 0.5247395833333334 0.6380208333333334 0.5234375 0.46875 0.5208333333333334 0.4635416666666667 0.5234375 0.4557291666666667 0.51953125 0.22395833333333334 0.5208333333333334 0.12630208333333334
3 0.69140625 0.8229166666666666 0.6979166666666666 0.82421875 0.7018229166666666 0.828125 0.7018229166666666 0.8411458333333334 0.69140625 0.8411458333333334 0.6888020833333334 0.8268229166666666 0.6901041666666666 0.82421875
3 0.53515625 0.6302083333333334 0.5377604166666666 0.63671875 0.53125 0.6549479166666666 0.5286458333333334 0.6575520833333334 0.5247395833333334 0.65625 0.5234375 0.6484375 0.52734375 0.63671875 0.5338541666666666 0.6315104166666666
3 0.583984375 0.4485677083333333 0.016276041666666668 0.027994791666666668
3 0.5703125 0.234375 0.5807291666666666 0.24609375 0.5807291666666666 0.2526041666666667 0.5768229166666666 0.2565104166666667 0.5729166666666666 0.2591145833333333 0.56640625 0.2565104166666667 0.5677083333333334 0.23828125 0.5703125 0.23567708333333334
3 0.578125 0.7174479166666666 0.5885416666666666 0.7174479166666666 0.5885416666666666 0.72265625 0.5846354166666666 0.7278645833333334 0.5846354166666666 0.7317708333333334 0.58203125 0.7330729166666666 0.57421875 0.7317708333333334 0.57421875 0.7252604166666666 0.578125 0.71875
3 0.5559895833333334 0.5208333333333334 0.55859375 0.5208333333333334 0.5611979166666666 0.5260416666666666 0.5611979166666666 0.5338541666666666 0.5559895833333334 0.5403645833333334 0.5533854166666666 0.5403645833333334 0.5520833333333334 0.52734375 0.5559895833333334 0.5221354166666666
3 0.5182291666666666 0.7916666666666666 0.5247395833333334 0.796875 0.5260416666666666 0.8033854166666666 0.5182291666666666 0.8098958333333334 0.5104166666666666 0.8098958333333334 0.5078125 0.8072916666666666 0.5078125 0.8033854166666666 0.5182291666666666 0.79296875
3 0.7434895833333334 0.23958333333333334 0.7473958333333334 0.24479166666666666 0.7447916666666666 0.2578125 0.7369791666666666 0.2578125 0.7369791666666666 0.24869791666666666 0.7421875 0.24088541666666666
3 0.21484375 0.57421875 0.21354166666666666 0.5846354166666666 0.20833333333333334 0.5924479166666666 0.203125 0.5924479166666666 0.19661458333333334 0.5859375 0.19661458333333334 0.5807291666666666 0.21354166666666666 0.57421875
3 0.8776041666666666 0.4661458333333333 0.8802083333333334 0.4700520833333333 0.87890625 0.4817708333333333 0.87109375 0.484375 0.8671875 0.484375 0.8671875 0.4700520833333333 0.8723958333333334 0.4661458333333333 0.8763020833333334 0.4661458333333333
3 0.59375 0.8098958333333334 0.59765625 0.8098958333333334 0.59765625 0.828125 0.5911458333333334 0.8346354166666666 0.5885416666666666 0.8268229166666666 0.59375 0.8111979166666666
3 0.5078125 0.4401041666666667 0.5104166666666666 0.4609375 0.50390625 0.4674479166666667 0.5013020833333334 0.4622395833333333 0.5013020833333334 0.4505208333333333 0.5078125 0.44140625