1 0.3828125 0.775 0.38437499999999997 0.7791666666666667 0.3875 0.7763888893229166 0.3875 0.7694444440104166 0.38671875 0.7680555559895833 0.38437499999999997 0.7666666666666666 0.3828125 0.7708333333333334 0.3828125 0.775
0 0.9986979166666666 0.4114583333333333 0.9986979166666666 0.41796875 0.9088541666666666 0.4205729166666667 0.8997395833333334 0.4244791666666667 0.8919270833333334 0.4296875 0.87890625 0.4453125 0.8723958333333334 0.45703125 0.8645833333333334 0.4791666666666667 0.8619791666666666 0.50390625 0.859375 0.5091145833333334 0.859375 0.5338541666666666 0.8619791666666666 0.5377604166666666 0.86328125 0.5572916666666666 0.8697916666666666 0.578125 0.8854166666666666 0.60546875 0.9010416666666666 0.6184895833333334 0.91015625 0.62109375 0.9986979166666666 0.6184895833333334 0.9986979166666666 0.6236979166666666 0.9856770833333334 0.6236979166666666 0.984375 0.6263020833333334 0.9817708333333334 0.6263020833333334 0.98046875 0.6236979166666666 0.9791666666666666 0.6263020833333334 0.9427083333333334 0.6276041666666666 0.9049479166666666 0.6263020833333334 0.9036458333333334 0.6236979166666666 0.8919270833333334 0.6184895833333334 0.87890625 0.60546875 0.8684895833333334 0.5872395833333334 0.859375 0.5559895833333334 0.8567708333333334 0.53125 0.8580729166666666 0.4986979166666667 0.8619791666666666 0.4765625 0.8684895833333334 0.4557291666666667 0.87890625 0.4401041666666667 0.8802083333333334 0.4348958333333333 0.8919270833333334 0.4231770833333333 0.9010416666666666 0.4192708333333333 0.90234375 0.4166666666666667 0.91015625 0.4140625 0.9973958333333334 0.4114583333333333
0 0.15234375 0.4453125 0.17057291666666666 0.45703125 0.17057291666666666 0.4596354166666667 0.18229166666666666 0.4739583333333333 0.1953125 0.51171875 0.19791666666666666 0.52734375 0.19791666666666666 0.5703125 0.1953125 0.5885416666666666 0.18619791666666666 0.6158854166666666 0.17447916666666666 0.6354166666666666 0.16276041666666666 0.6471354166666666 0.1484375 0.6536458333333334 0.049479166666666664 0.6588541666666666 0.03515625 0.6588541666666666 0.03515625 0.6536458333333334 0.14453125 0.6497395833333334 0.1640625 0.6393229166666666 0.17578125 0.6263020833333334 0.1875 0.6015625 0.19270833333333334 0.5729166666666666 0.1953125 0.5690104166666666 0.1953125 0.5247395833333334 0.1875 0.4947916666666667 0.1796875 0.4778645833333333 0.1640625 0.4583333333333333 0.15494791666666666 0.4518229166666667 0.14713541666666666 0.44921875 0.032552083333333336 0.4518229166666667 0.03125 0.4479166666666667 0.109375 0.4440104166666667 0.15104166666666666 0.4453125
2 0.5247395833333334 0.4479166666666667 0.52734375 0.4518229166666667 0.52734375 0.5729166666666666 0.5299479166666666 0.6106770833333334 0.5299479166666666 0.7565104166666666 0.5325520833333334 0.8645833333333334 0.53125 0.9049479166666666 0.5338541666666666 0.921875 0.5325520833333334 0.9466145833333334 0.5299479166666666 0.9453125 0.5286458333333334 0.9127604166666666 0.5286458333333334 0.7591145833333334 0.5260416666666666 0.69921875 0.52734375 0.6419270833333334 0.5247395833333334 0.62890625 0.5234375 0.44921875
3 0.38671875 0.20182291666666666 0.390625 0.20442708333333334 0.390625 0.21744791666666666 0.3932291666666667 0.2265625 0.3880208333333333 0.22786458333333334 0.3841145833333333 0.22395833333333334 0.3815104166666667 0.20703125 0.3854166666666667 0.203125
3 0.3274739583333333 0.5716145833333334 0.009114583333333334 0.020833333333333332
3 0.5182291666666666 0.43359375 0.5234375 0.4361979166666667 0.5234375 0.4453125 0.5221354166666666 0.4596354166666667 0.515625 0.4713541666666667 0.5130208333333334 0.4713541666666667 0.5130208333333334 0.4583333333333333 0.5169270833333334 0.4348958333333333
3 0.36328125 0.75390625 0.012369791666666666 0.024739583333333332
3 0.6145833333333334 0.8385416666666666 0.6171875 0.83984375 0.6184895833333334 0.8450520833333334 0.6184895833333334 0.85546875 0.6158854166666666 0.8606770833333334 0.609375 0.859375 0.609375 0.8502604166666666 0.6145833333333334 0.83984375
3 0.7421875 0.34765625 0.74609375 0.3502604166666667 0.74609375 0.359375 0.7447916666666666 0.3619791666666667 0.73828125 0.3645833333333333 0.7369791666666666 0.3684895833333333 0.734375 0.3684895833333333 0.7330729166666666 0.3645833333333333 0.7356770833333334 0.3515625 0.7408854166666666 0.34765625
3 0.4029947916666667 0.8932291666666666 0.01171875 0.033203125
3 0.50390625 0.16536458333333334 0.5104166666666666 0.17317708333333334 0.5104166666666666 0.18229166666666666 0.5065104166666666 0.19270833333333334 0.5026041666666666 0.1953125 0.4986979166666667 0.19140625 0.49609375 0.17838541666666666 0.4973958333333333 0.171875 0.5026041666666666 0.16666666666666666
3 0.5390625 0.6731770833333334 0.5416666666666666 0.67578125 0.5416666666666666 0.6940104166666666 0.5390625 0.6966145833333334 0.53515625 0.6966145833333334 0.5338541666666666 0.6927083333333334 0.5377604166666666 0.6744791666666666
3 0.7916666666666666 0.17578125 0.7916666666666666 0.18880208333333334 0.7838541666666666 0.19791666666666666 0.78125 0.19791666666666666 0.7799479166666666 0.19401041666666666 0.78125 0.17838541666666666 0.7838541666666666 0.17578125 0.7903645833333334 0.17578125
3 0.9205729166666666 0.4817708333333333 0.9231770833333334 0.4856770833333333 0.9205729166666666 0.4973958333333333 0.91015625 0.4973958333333333 0.91015625 0.4908854166666667 0.9075520833333334 0.4869791666666667 0.9075520833333334 0.4830729166666667 0.91015625 0.4817708333333333 0.9192708333333334 0.4817708333333333
3 0.16927083333333334 0.5690104166666666 0.16796875 0.5572916666666666 0.171875 0.55078125 0.17578125 0.55078125 0.18619791666666666 0.5611979166666666 0.17838541666666666 0.5703125 0.17317708333333334 0.5716145833333334 0.17057291666666666 0.5690104166666666