1 0.8390624999999999 0.6763888893229167 0.8445312500000001 0.6749999999999999 0.8390624999999999 0.65972222265625 0.8359375 0.6611111106770834 0.8351562499999999 0.6694444440104167 0.8390624999999999 0.6763888893229167
0 1 0.40972222265625 0.97109375 0.40972222265625 0.91171875 0.4138888893229167 0.8875000000000001 0.43472222265625 0.8734375 0.46249999999999997 0.8664062499999999 0.4916666666666667 0.865625 0.5430555559895833 0.8734375 0.57777777734375 0.8875000000000001 0.6041666666666666 0.9015624999999999 0.6194444440104167 0.9148437500000001 0.6263888893229167 1 0.625 1 0.6180555559895834 0.91171875 0.6194444440104167 0.88828125 0.59722222265625 0.87890625 0.5791666666666667 0.8703124999999999 0.5486111106770833 0.8679687500000001 0.5125000000000001 0.87109375 0.4875 0.87890625 0.45972222265625 0.890625 0.43888888932291664 0.91171875 0.41944444401041664 1 0.41527777734375 1 0.40972222265625
0 0.15703124999999998 0.44722222265624995 0.034374999999999996 0.44861111067708337 0.03359375 0.45416666666666666 0.15625 0.45277777734375 0.17265624999999998 0.46527777734375 0.18828124999999998 0.4916666666666667 0.19921875 0.5361111106770834 0.19921875 0.5680555559895833 0.19140625 0.6013888893229167 0.18046874999999998 0.625 0.16640625 0.6430555559895833 0.137109375 0.65277777734375 0.03671875 0.6541666666666667 0.03671875 0.6611111106770834 0.13749999999999998 0.6583333333333333 0.16874999999999998 0.64722222265625 0.18671875000000002 0.6236111106770833 0.196875 0.59722222265625 0.20078125 0.57222222265625 0.19999999999999998 0.5236111106770833 0.19296875 0.49305555598958334 0.18281250000000002 0.4708333333333334 0.15703124999999998 0.44722222265624995
2 0.5265624999999999 0.3541666666666667 0.5296875 0.44722222265624995 0.5320312500000001 0.43888888932291664 0.5304687499999999 0.14166666666666666 0.52890625 0.12222222265625 0.5265624999999999 0.12222222265625 0.5265624999999999 0.3541666666666667
2 0.5328125 0.8083333333333332 0.53359375 0.8527777773437499 0.53671875 0.8611111106770833 0.53671875 0.7583333333333333 0.53359375 0.45 0.5296875 0.45 0.5328125 0.8083333333333332
3 0.27187500000000003 0.5569444440104167 0.27499999999999997 0.54722222265625 0.27109374999999997 0.5375 0.2625 0.5458333333333333 0.26640625 0.5583333333333333 0.27187500000000003 0.5569444440104167
3 0.5859375 0.37361111067708336 0.5851562499999999 0.3611111106770833 0.578125 0.3666666666666667 0.5812499999999999 0.3805555559895833 0.5859375 0.37361111067708336
3 0.5632812500000001 0.5180555559895833 0.5625 0.5069444440104166 0.5578124999999999 0.5083333333333333 0.55703125 0.52222222265625 0.5632812500000001 0.5180555559895833
3 0.6164062499999999 0.37916666666666665 0.6265625 0.38194444401041666 0.6320312499999999 0.37222222265625 0.63125 0.36388888932291663 0.6281249999999999 0.35833333333333334 0.6203124999999999 0.35972222265625 0.6164062499999999 0.37916666666666665
3 0.78671875 0.45555555598958336 0.7882812499999999 0.44861111067708337 0.7828125 0.44166666666666665 0.77890625 0.45416666666666666 0.78671875 0.45555555598958336
3 0.76953125 0.22777777734375002 0.7765624999999999 0.21805555598958334 0.7765624999999999 0.20972222265624998 0.7726562499999999 0.20972222265624998 0.76328125 0.2236111106770833 0.76953125 0.22777777734375002
3 0.9679687499999999 0.5499999999999999 0.96875 0.5361111106770834 0.9539062500000001 0.5361111106770834 0.953125 0.5541666666666667 0.9679687499999999 0.5499999999999999
3 0.84921875 0.6763888893229167 0.86171875 0.6805555559895833 0.8601562500000001 0.67222222265625 0.853125 0.6611111106770834 0.8484375000000001 0.6680555559895834 0.84921875 0.6763888893229167
3 0.8109375 0.8694444440104167 0.8109375 0.8527777773437499 0.80078125 0.8527777773437499 0.7999999999999999 0.85972222265625 0.8109375 0.8694444440104167
3 0.6609375000000001 0.64722222265625 0.6687500000000001 0.6444444440104167 0.6687500000000001 0.6361111106770834 0.6640625 0.6319444440104166 0.6609375000000001 0.6361111106770834 0.6609375000000001 0.64722222265625
3 0.63046875 0.6833333333333332 0.63515625 0.6749999999999999 0.6335937500000001 0.6694444440104167 0.6265625 0.6680555559895834 0.6171875 0.6791666666666667 0.63046875 0.6833333333333332
3 0.6554687499999999 0.8250000000000001 0.6570312500000001 0.8083333333333332 0.6484375 0.8083333333333332 0.6476562499999999 0.8208333333333333 0.6554687499999999 0.8250000000000001