1 0.32968749999999997 0.4763888893229167 0.32968749999999997 0.4708333333333334 0.32890625 0.4694444440104167 0.32578124999999997 0.4694444440104167 0.32578124999999997 0.4763888893229167 0.32734375 0.47777777734375 0.32968749999999997 0.4763888893229167
0 0 0.4166666666666667 0.08723958333333333 0.4192708333333333 0.10286458333333333 0.421875 0.11458333333333333 0.4283854166666667 0.13151041666666666 0.44921875 0.13932291666666666 0.4661458333333333 0.14713541666666666 0.4947916666666667 0.14973958333333334 0.5247395833333334 0.14583333333333334 0.5651041666666666 0.13802083333333334 0.58984375 0.12630208333333334 0.6106770833333334 0.10807291666666667 0.6276041666666666 0.09765625 0.6315104166666666 0 0.62890625 0 0.6223958333333334 0.09505208333333333 0.625 0.10416666666666667 0.6223958333333334 0.11458333333333333 0.6158854166666666 0.12890625 0.59765625 0.13932291666666666 0.57421875 0.14453125 0.55078125 0.14583333333333334 0.53125 0.14453125 0.5 0.13932291666666666 0.4778645833333333 0.13151041666666666 0.45703125 0.11588541666666667 0.4361979166666667 0.10677083333333333 0.4296875 0.09505208333333333 0.42578125 0.00390625 0.4231770833333333 0 0.421875 0 0.41796875
0 0.9661458333333334 0.4505208333333333 0.9739583333333334 0.4518229166666667 0.9739583333333334 0.4557291666666667 0.8567708333333334 0.453125 0.84765625 0.45703125 0.8268229166666666 0.4778645833333333 0.8151041666666666 0.50390625 0.8072916666666666 0.5416666666666666 0.8072916666666666 0.5651041666666666 0.8098958333333334 0.57421875 0.8098958333333334 0.5859375 0.8190104166666666 0.6145833333333334 0.8307291666666666 0.6341145833333334 0.84765625 0.6497395833333334 0.8580729166666666 0.6536458333333334 0.8697916666666666 0.6549479166666666 0.8802083333333334 0.6536458333333334 0.9661458333333334 0.6575520833333334 0.9700520833333334 0.66015625 0.9674479166666666 0.6627604166666666 0.87109375 0.66015625 0.8528645833333334 0.6575520833333334 0.83984375 0.6510416666666666 0.8229166666666666 0.6315104166666666 0.8125 0.609375 0.8072916666666666 0.5885416666666666 0.8046875 0.5611979166666666 0.8072916666666666 0.5208333333333334 0.8125 0.5 0.82421875 0.4739583333333333 0.83984375 0.4557291666666667 0.8515625 0.44921875 0.859375 0.4479166666666667 0.96484375 0.4505208333333333
2 0.4778645833333333 0.2890625 0.4817708333333333 0.3020833333333333 0.4778645833333333 0.5703125 0.4791666666666667 0.6315104166666666 0.4765625 0.6549479166666666 0.4739583333333333 0.94921875 0.4713541666666667 0.9479166666666666 0.4739583333333333 0.6354166666666666 0.4765625 0.62890625 0.4739583333333333 0.609375 0.4765625 0.52734375 0.4778645833333333 0.2903645833333333
3 0.515625 0.4791666666666667 0.5208333333333334 0.4817708333333333 0.5221354166666666 0.4869791666666667 0.5221354166666666 0.49609375 0.515625 0.49609375 0.515625 0.48046875
3 0.484375 0.2747395833333333 0.48828125 0.2747395833333333 0.4908854166666667 0.2799479166666667 0.4908854166666667 0.2890625 0.48828125 0.29296875 0.484375 0.2877604166666667 0.484375 0.2760416666666667
3 0.4596354166666667 0.6158854166666666 0.4635416666666667 0.6236979166666666 0.4635416666666667 0.6315104166666666 0.4596354166666667 0.6354166666666666 0.4557291666666667 0.62890625 0.4557291666666667 0.6171875 0.4583333333333333 0.6158854166666666
3 0.3098958333333333 0.6119791666666666 0.3138020833333333 0.6184895833333334 0.3138020833333333 0.6263020833333334 0.3111979166666667 0.62890625 0.3046875 0.6263020833333334 0.3020833333333333 0.62109375 0.3020833333333333 0.6171875 0.30859375 0.6119791666666666
3 0.39453125 0.4322916666666667 0.3997395833333333 0.43359375 0.4010416666666667 0.4388020833333333 0.4049479166666667 0.44140625 0.4049479166666667 0.44921875 0.4010416666666667 0.4518229166666667 0.3984375 0.4505208333333333 0.39453125 0.4440104166666667 0.39453125 0.43359375
3 0.5989583333333334 0.5442708333333334 0.6041666666666666 0.53125 0.6067708333333334 0.5299479166666666 0.6106770833333334 0.53515625 0.6106770833333334 0.5481770833333334 0.60546875 0.55078125 0.6002604166666666 0.5455729166666666
3 0.44921875 0.21875 0.4557291666666667 0.22916666666666666 0.4544270833333333 0.2421875 0.44921875 0.24348958333333334 0.44921875 0.22005208333333334
3 0.3776041666666667 0.55078125 0.3828125 0.5533854166666666 0.38671875 0.5520833333333334 0.38671875 0.56640625 0.3841145833333333 0.5716145833333334 0.3776041666666667 0.5651041666666666 0.3776041666666667 0.5520833333333334
3 0.4466145833333333 0.4674479166666667 0.4518229166666667 0.4752604166666667 0.4518229166666667 0.48828125 0.4466145833333333 0.4908854166666667 0.4401041666666667 0.4869791666666667 0.4401041666666667 0.46875 0.4453125 0.4674479166666667
3 0.30703125000000003 0.3458333333333334 0.30703125000000003 0.3361111106770833 0.30624999999999997 0.3333333333333333 0.30390625 0.33055555598958336 0.3 0.3319444440104167 0.29765625 0.3361111106770833 0.29765625 0.33888888932291666 0.30312500000000003 0.34722222265625 0.30703125000000003 0.3458333333333334
3 0.36953125000000003 0.74027777734375 0.3703125 0.7388888893229167 0.375 0.7388888893229167 0.37578125 0.7374999999999999 0.378125 0.7374999999999999 0.37890625 0.7361111106770833 0.38046874999999997 0.725 0.38046874999999997 0.7194444440104166 0.37109375 0.7194444440104166 0.3703125 0.7208333333333333 0.36953125000000003 0.725 0.36953125000000003 0.73472222265625 0.3703125 0.7361111106770833 0.36953125000000003 0.74027777734375
3 0.453125 0.7277777773437499 0.45390625 0.7236111106770834 0.45390625 0.7194444440104166 0.453125 0.7180555559895834 0.453125 0.7111111106770833 0.45234375 0.7097222226562501 0.44921875 0.7097222226562501 0.44921875 0.7166666666666667 0.4453125 0.7263888893229167 0.44609375 0.7277777773437499 0.453125 0.7277777773437499