0 0.9010416666666666 0.4375 0.9153645833333334 0.4322916666666667 0.9986979166666666 0.4296875 0.9986979166666666 0.4348958333333333 0.95703125 0.4361979166666667 0.9557291666666666 0.4388020833333333 0.9192708333333334 0.4388020833333333 0.90234375 0.4440104166666667 0.88671875 0.4583333333333333 0.875 0.4791666666666667 0.8684895833333334 0.5 0.8645833333333334 0.5234375 0.8645833333333334 0.5559895833333334 0.87109375 0.5885416666666666 0.8828125 0.6145833333333334 0.8997395833333334 0.6341145833333334 0.9153645833333334 0.640625 0.9986979166666666 0.6380208333333334 0.9986979166666666 0.64453125 0.9453125 0.64453125 0.9440104166666666 0.6471354166666666 0.9140625 0.6471354166666666 0.9127604166666666 0.64453125 0.8997395833333334 0.640625 0.8919270833333334 0.6341145833333334 0.8841145833333334 0.6263020833333334 0.875 0.609375 0.8645833333333334 0.5794270833333334 0.8619791666666666 0.5611979166666666 0.8606770833333334 0.5390625 0.8645833333333334 0.5 0.8723958333333334 0.4752604166666667 0.8828125 0.4557291666666667 0.8919270833333334 0.4453125 0.9010416666666666 0.4388020833333333
0 0.1484375 0.4622395833333333 0.15885416666666666 0.4661458333333333 0.17447916666666666 0.4778645833333333 0.18619791666666666 0.4973958333333333 0.19401041666666666 0.5182291666666666 0.1953125 0.53125 0.19791666666666666 0.5364583333333334 0.19921875 0.5794270833333334 0.19791666666666666 0.5989583333333334 0.19010416666666666 0.6276041666666666 0.1796875 0.6484375 0.15885416666666666 0.6692708333333334 0.14713541666666666 0.6731770833333334 0.07421875 0.6770833333333334 0.03515625 0.6770833333333334 0.03515625 0.671875 0.04296875 0.6731770833333334 0.140625 0.6692708333333334 0.14192708333333334 0.6666666666666666 0.1484375 0.6666666666666666 0.15755208333333334 0.6627604166666666 0.16796875 0.6549479166666666 0.18359375 0.6328125 0.1953125 0.5963541666666666 0.1953125 0.5364583333333334 0.1875 0.5104166666666666 0.1796875 0.4934895833333333 0.16276041666666666 0.4739583333333333 0.15104166666666666 0.4674479166666667 0.13411458333333334 0.4661458333333333 0.061197916666666664 0.4700520833333333 0.036458333333333336 0.4700520833333333 0.03125 0.4674479166666667 0.032552083333333336 0.46484375 0.052083333333333336 0.4635416666666667 0.14713541666666666 0.4622395833333333
1 0.5234375 0.31805555598958335 0.5234375 0.325 0.5242187500000001 0.32638888932291665 0.5265624999999999 0.32638888932291665 0.5281250000000001 0.3236111106770833 0.52734375 0.31805555598958335 0.5265624999999999 0.31666666666666665 0.525 0.31666666666666665 0.5234375 0.31805555598958335
2 0.5247395833333334 0.13802083333333334 0.52734375 0.15494791666666666 0.52734375 0.30859375 0.5299479166666666 0.3216145833333333 0.5286458333333334 0.3971354166666667 0.53125 0.5494791666666666 0.5299479166666666 0.5729166666666666 0.5325520833333334 0.6432291666666666 0.53125 0.703125 0.5338541666666666 0.73828125 0.53515625 0.8385416666666666 0.53515625 0.96484375 0.5325520833333334 0.9635416666666666 0.53125 0.9427083333333334 0.53125 0.7760416666666666 0.5286458333333334 0.73828125 0.52734375 0.6484375 0.52734375 0.359375 0.5247395833333334 0.3385416666666667 0.5247395833333334 0.3268229166666667 0.52734375 0.32421875 0.5247395833333334 0.3190104166666667 0.5247395833333334 0.13932291666666666
3 0.4231770833333333 0.4440104166666667 0.4283854166666667 0.4466145833333333 0.4296875 0.4518229166666667 0.4296875 0.4609375 0.4283854166666667 0.4635416666666667 0.4244791666666667 0.4635416666666667 0.4231770833333333 0.4583333333333333 0.4192708333333333 0.4544270833333333 0.4231770833333333 0.4453125
3 0.3307291666666667 0.5716145833333334 0.3346354166666667 0.57421875 0.3359375 0.578125 0.3346354166666667 0.5859375 0.3307291666666667 0.58984375 0.3255208333333333 0.5872395833333334 0.3229166666666667 0.578125 0.32421875 0.57421875 0.3294270833333333 0.5716145833333334
3 0.7259114583333334 0.423828125 0.012369791666666666 0.024739583333333332
3 0.34765625 0.4049479166666667 0.3515625 0.41015625 0.3515625 0.41796875 0.35546875 0.4244791666666667 0.3541666666666667 0.4322916666666667 0.3515625 0.4348958333333333 0.3450520833333333 0.4322916666666667 0.34375 0.4296875 0.3424479166666667 0.4140625 0.3463541666666667 0.40625
3 0.3359375 0.3229166666666667 0.3424479166666667 0.3307291666666667 0.3385416666666667 0.3411458333333333 0.3333333333333333 0.3411458333333333 0.33203125 0.3372395833333333 0.33203125 0.32421875 0.3346354166666667 0.3229166666666667
3 0.3359375 0.7174479166666666 0.3424479166666667 0.71875 0.3385416666666667 0.7265625 0.3372395833333333 0.7356770833333334 0.33203125 0.734375 0.3294270833333333 0.7252604166666666 0.3307291666666667 0.71875 0.3346354166666667 0.7174479166666666
3 0.3860677083333333 0.8854166666666666 0.008463541666666666 0.0234375
3 0.15234375 0.5143229166666666 0.16276041666666666 0.5182291666666666 0.16276041666666666 0.5299479166666666 0.15755208333333334 0.5338541666666666 0.14973958333333334 0.53125 0.14713541666666666 0.5234375 0.1484375 0.5169270833333334 0.15104166666666666 0.515625
3 0.4661458333333333 0.3177083333333333 0.46875 0.3255208333333333 0.4661458333333333 0.3385416666666667 0.4609375 0.3346354166666667 0.4609375 0.3216145833333333 0.46484375 0.3177083333333333
3 0.5559895833333334 0.24088541666666666 0.55859375 0.24479166666666666 0.5572916666666666 0.2604166666666667 0.5520833333333334 0.26171875 0.5520833333333334 0.24609375 0.5546875 0.2421875
3 0.2838541666666667 0.63671875 0.2838541666666667 0.6393229166666666 0.27734375 0.64453125 0.2734375 0.6536458333333334 0.2682291666666667 0.65234375 0.2669270833333333 0.6497395833333334 0.2682291666666667 0.63671875 0.2825520833333333 0.63671875
3 0.2265625 0.3450520833333333 0.23828125 0.3567708333333333 0.23177083333333334 0.3658854166666667 0.22786458333333334 0.3658854166666667 0.22265625 0.359375 0.22265625 0.3463541666666667 0.22526041666666666 0.3450520833333333