1 0.2770890625 0.34375555598958335 0.27911171875 0.3467819440104167 0.28060234375 0.34205277734375 0.277728125 0.33694583333333333 0.27617644921875 0.339923 0.2770890625 0.34375555598958335
0 0 0.4166666666666667 0.01171875 0.4166666666666667 0.013020833333333334 0.4192708333333333 0.08854166666666667 0.4205729166666667 0.10026041666666667 0.421875 0.11458333333333333 0.4283854166666667 0.12239583333333333 0.4348958333333333 0.13411458333333334 0.4518229166666667 0.14192708333333334 0.4700520833333333 0.14322916666666666 0.48046875 0.14713541666666666 0.4895833333333333 0.15104166666666666 0.5299479166666666 0.14973958333333334 0.55078125 0.14192708333333334 0.5846354166666666 0.13020833333333334 0.609375 0.11197916666666667 0.6276041666666666 0.09895833333333333 0.6328125 0 0.6302083333333334 0 0.6223958333333334 0.09635416666666667 0.6276041666666666 0.09765625 0.625 0.11067708333333333 0.62109375 0.125 0.6067708333333334 0.13541666666666666 0.58984375 0.14322916666666666 0.56640625 0.14713541666666666 0.5442708333333334 0.14713541666666666 0.51171875 0.14322916666666666 0.4869791666666667 0.140625 0.484375 0.13932291666666666 0.4739583333333333 0.13151041666666666 0.45703125 0.11458333333333333 0.4348958333333333 0.10286458333333333 0.4283854166666667 0.09114583333333333 0.42578125 0.014322916666666666 0.4244791666666667 0 0.4231770833333333 0 0.41796875
0 0.8958333333333334 0.44921875 0.9739583333333334 0.4518229166666667 0.9778645833333334 0.453125 0.9778645833333334 0.45703125 0.8619791666666666 0.4544270833333333 0.84375 0.46484375 0.8333333333333334 0.4752604166666667 0.8268229166666666 0.4856770833333333 0.8138020833333334 0.5208333333333334 0.8111979166666666 0.5416666666666666 0.8111979166666666 0.5703125 0.8190104166666666 0.6080729166666666 0.8268229166666666 0.6223958333333334 0.8268229166666666 0.6263020833333334 0.8346354166666666 0.63671875 0.84765625 0.6497395833333334 0.8580729166666666 0.6549479166666666 0.9661458333333334 0.66015625 0.9752604166666666 0.6614583333333334 0.9752604166666666 0.6640625 0.9635416666666666 0.6653645833333334 0.8854166666666666 0.6627604166666666 0.8541666666666666 0.6588541666666666 0.8424479166666666 0.65234375 0.8307291666666666 0.6393229166666666 0.82421875 0.6302083333333334 0.81640625 0.6119791666666666 0.80859375 0.5755208333333334 0.80859375 0.5390625 0.8111979166666666 0.53125 0.8125 0.5130208333333334 0.8203125 0.4895833333333333 0.8346354166666666 0.4661458333333333 0.84765625 0.4544270833333333 0.8619791666666666 0.44921875 0.89453125 0.44921875
2 0.48046875 0.13020833333333334 0.4830729166666667 0.12890625 0.484375 0.14322916666666666 0.4817708333333333 0.3177083333333333 0.4830729166666667 0.4114583333333333 0.4791666666666667 0.4140625 0.4791666666666667 0.421875 0.4817708333333333 0.4244791666666667 0.4817708333333333 0.6302083333333334 0.4791666666666667 0.6432291666666666 0.4778645833333333 0.7161458333333334 0.4778645833333333 0.9231770833333334 0.4752604166666667 0.9270833333333334 0.4765625 0.9440104166666666 0.4739583333333333 0.9518229166666666 0.47265625 0.8697916666666666 0.4752604166666667 0.82421875 0.4765625 0.5625 0.4791666666666667 0.48828125 0.4791666666666667 0.44140625 0.4765625 0.4140625 0.4791666666666667 0.4088541666666667 0.4817708333333333 0.13151041666666666
3 0.3828125 0.8020833333333334 0.3880208333333333 0.8125 0.3880208333333333 0.8203125 0.3841145833333333 0.82421875 0.3776041666666667 0.8216145833333334 0.3776041666666667 0.8111979166666666 0.3815104166666667 0.8033854166666666
3 0.46484375 0.5677083333333334 0.4674479166666667 0.57421875 0.4674479166666667 0.5846354166666666 0.46484375 0.5859375 0.4609375 0.5846354166666666 0.4596354166666667 0.5807291666666666 0.4596354166666667 0.5716145833333334 0.4635416666666667 0.5677083333333334
3 0.4401041666666667 0.7330729166666666 0.4427083333333333 0.74609375 0.4388020833333333 0.7513020833333334 0.43359375 0.7473958333333334 0.43359375 0.7395833333333334 0.4388020833333333 0.7330729166666666
3 0.4427083333333333 0.23697916666666666 0.4375 0.22786458333333334 0.4375 0.22005208333333334 0.4401041666666667 0.21614583333333334 0.4427083333333333 0.21484375 0.4440104166666667 0.23567708333333334
3 0.3776041666666667 0.5559895833333334 0.3802083333333333 0.55859375 0.3802083333333333 0.5716145833333334 0.3776041666666667 0.57421875 0.3697916666666667 0.5703125 0.3697916666666667 0.5611979166666666 0.3763020833333333 0.5559895833333334
3 0.3932291666666667 0.40625 0.3971354166666667 0.4114583333333333 0.3971354166666667 0.421875 0.390625 0.421875 0.3893229166666667 0.4114583333333333 0.3919270833333333 0.4075520833333333
3 0.24739583333333334 0.5963541666666666 0.25 0.6015625 0.24869791666666666 0.61328125 0.23828125 0.609375 0.23697916666666666 0.60546875 0.23828125 0.59765625 0.24088541666666666 0.5950520833333334 0.24609375 0.5963541666666666
3 0.484375 0.40625 0.4895833333333333 0.4075520833333333 0.4908854166666667 0.41015625 0.4908854166666667 0.4205729166666667 0.4895833333333333 0.4244791666666667 0.4869791666666667 0.4244791666666667 0.4830729166666667 0.421875 0.484375 0.4075520833333333
3 0.5729166666666666 0.5572916666666666 0.5755208333333334 0.5690104166666666 0.5716145833333334 0.578125 0.56640625 0.57421875 0.56640625 0.56640625 0.5690104166666666 0.5638020833333334 0.5690104166666666 0.55859375 0.5716145833333334 0.5572916666666666
3 0.4986979166666667 0.26171875 0.5026041666666666 0.2630208333333333 0.50390625 0.2734375 0.5026041666666666 0.28125 0.4986979166666667 0.28125 0.4986979166666667 0.2630208333333333
3 0.42812500000000003 0.4875 0.42890625 0.4875 0.43124999999999997 0.48333333333333334 0.43203125000000003 0.48333333333333334 0.43203125000000003 0.47222222265625 0.43046875 0.46388888932291666 0.42890625 0.4611111106770833 0.42890625 0.45972222265625 0.42343749999999997 0.45972222265625 0.41953124999999997 0.46527777734375 0.41875 0.4680555559895833 0.41875 0.4763888893229167 0.421875 0.48333333333333334 0.42812500000000003 0.4875
3 0.27983125000000003 0.33901527734375003 0.28003359375 0.33415972265625 0.2824625 0.33415972265625 0.28377890625 0.32624722265625 0.27365625 0.32157222265625 0.269253125 0.32665833333333333 0.27213828125 0.3352388893229166 0.27669296875 0.3354194440104166 0.2774015625 0.33775694401041667 0.27983125000000003 0.33901527734375003