1 0.5648125 0.6487583333333333 0.5655625 0.6513125000000001 0.5665625 0.6536444440104167 0.5674374999999999 0.6541986106770833 0.5685625 0.6541986106770833 0.569375 0.65109027734375 0.568046875 0.6461388893229166 0.5653750000000001 0.6462041666666667 0.5648125 0.6487583333333333
0 0 0.4140625 0.09244791666666667 0.4166666666666667 0.09375 0.4192708333333333 0.10416666666666667 0.421875 0.11458333333333333 0.4283854166666667 0.13411458333333334 0.4557291666666667 0.14322916666666666 0.4869791666666667 0.14713541666666666 0.5143229166666666 0.14583333333333334 0.55078125 0.14322916666666666 0.5546875 0.14192708333333334 0.5703125 0.13411458333333334 0.5924479166666666 0.11458333333333333 0.6197916666666666 0.09635416666666667 0.6302083333333334 0 0.6276041666666666 0 0.6223958333333334 0.09635416666666667 0.6236979166666666 0.10286458333333333 0.62109375 0.11979166666666667 0.6067708333333334 0.12890625 0.5924479166666666 0.13541666666666666 0.5768229166666666 0.13671875 0.5677083333333334 0.13932291666666666 0.5651041666666666 0.14322916666666666 0.5442708333333334 0.14322916666666666 0.5052083333333334 0.13671875 0.4752604166666667 0.12760416666666666 0.453125 0.11067708333333333 0.4322916666666667 0.09244791666666667 0.4231770833333333 0.01171875 0.421875 0 0.4205729166666667 0 0.4153645833333333
0 0.96875 0.4505208333333333 0.9765625 0.4518229166666667 0.9778645833333334 0.453125 0.9752604166666666 0.4557291666666667 0.8580729166666666 0.453125 0.8502604166666666 0.45703125 0.8333333333333334 0.47265625 0.8190104166666666 0.4986979166666667 0.8190104166666666 0.50390625 0.8138020833333334 0.5169270833333334 0.8098958333333334 0.5481770833333334 0.8111979166666666 0.5755208333333334 0.8190104166666666 0.6080729166666666 0.8307291666666666 0.6315104166666666 0.8463541666666666 0.6484375 0.86328125 0.6549479166666666 0.96875 0.6588541666666666 0.9739583333333334 0.66015625 0.9739583333333334 0.6627604166666666 0.9661458333333334 0.6640625 0.86328125 0.66015625 0.8502604166666666 0.65625 0.83984375 0.6497395833333334 0.828125 0.6354166666666666 0.81640625 0.61328125 0.80859375 0.5794270833333334 0.8072916666666666 0.5455729166666666 0.8111979166666666 0.515625 0.81640625 0.49609375 0.828125 0.4713541666666667 0.8463541666666666 0.453125 0.859375 0.4479166666666667 0.9674479166666666 0.4505208333333333
2 0.48046875 0.12239583333333333 0.4830729166666667 0.12760416666666666 0.48046875 0.2682291666666667 0.4817708333333333 0.3984375 0.4791666666666667 0.4739583333333333 0.4778645833333333 0.7239583333333334 0.4752604166666667 0.7890625 0.4752604166666667 0.93359375 0.4739583333333333 0.9518229166666666 0.4713541666666667 0.9505208333333334 0.4791666666666667 0.3359375 0.4791666666666667 0.27734375 0.4765625 0.265625 0.4791666666666667 0.2604166666666667 0.48046875 0.12369791666666667
3 0.3776041666666667 0.5572916666666666 0.3802083333333333 0.5572916666666666 0.3841145833333333 0.5625 0.3841145833333333 0.57421875 0.3802083333333333 0.5755208333333334 0.375 0.5703125 0.375 0.5611979166666666 0.3776041666666667 0.55859375
3 0.4322916666666667 0.5247395833333334 0.4401041666666667 0.5338541666666666 0.4388020833333333 0.5494791666666666 0.4348958333333333 0.5520833333333334 0.4283854166666667 0.5494791666666666 0.4283854166666667 0.53125 0.4309895833333333 0.5260416666666666
3 0.4947916666666667 0.25390625 0.4973958333333333 0.2552083333333333 0.4986979166666667 0.2786458333333333 0.4947916666666667 0.27734375 0.4895833333333333 0.2682291666666667 0.4934895833333333 0.2552083333333333
3 0.4114583333333333 0.6328125 0.4153645833333333 0.6393229166666666 0.4153645833333333 0.6471354166666666 0.4114583333333333 0.6510416666666666 0.40625 0.6471354166666666 0.40625 0.6341145833333334 0.41015625 0.6328125
3 0.4505208333333333 0.4459635416666667 0.008463541666666666 0.01953125
3 0.25390625 0.7291666666666666 0.016927083333333332 0.016927083333333332
3 0.4557291666666667 0.734375 0.4583333333333333 0.734375 0.4583333333333333 0.7591145833333334 0.453125 0.7604166666666666 0.44921875 0.7473958333333334 0.44921875 0.7421875 0.4557291666666667 0.7356770833333334
3 0.3763020833333333 0.23307291666666666 0.3841145833333333 0.23958333333333334 0.3841145833333333 0.25390625 0.3802083333333333 0.2565104166666667 0.3776041666666667 0.2526041666666667 0.375 0.234375
3 0.5572916666666666 0.47265625 0.5546875 0.4661458333333333 0.5546875 0.4557291666666667 0.55859375 0.4518229166666667 0.5625 0.4518229166666667 0.5651041666666666 0.4557291666666667 0.5638020833333334 0.4713541666666667 0.55859375 0.47265625
3 0.5638020833333334 0.6458333333333334 0.5690104166666666 0.6497395833333334 0.5755208333333334 0.6614583333333334 0.5755208333333334 0.6796875 0.5716145833333334 0.6861979166666666 0.5677083333333334 0.6848958333333334 0.56640625 0.6653645833333334 0.5625 0.6536458333333334 0.5638020833333334 0.6471354166666666
3 0.21614583333333334 0.5403645833333334 0.22395833333333334 0.55078125 0.22395833333333334 0.5598958333333334 0.22135416666666666 0.5611979166666666 0.22135416666666666 0.5638020833333334 0.21875 0.5638020833333334 0.20963541666666666 0.5494791666666666 0.2109375 0.5416666666666666 0.21484375 0.5403645833333334
3 0.4244791666666667 0.83203125 0.4270833333333333 0.8333333333333334 0.4283854166666667 0.83984375 0.4283854166666667 0.8463541666666666 0.4244791666666667 0.8502604166666666 0.4205729166666667 0.8489583333333334 0.4205729166666667 0.8333333333333334 0.4231770833333333 0.83203125