1 0.3875 0.7263888893229167 0.3875 0.7208333333333333 0.38671875 0.7166666666666667 0.38359375 0.7166666666666667 0.3828125 0.7180555559895834 0.3828125 0.7222222226562499 0.38671875 0.7277777773437499 0.3875 0.7263888893229167
0 0 0.4114583333333333 0.0859375 0.4140625 0.10286458333333333 0.4231770833333333 0.11458333333333333 0.4348958333333333 0.12630208333333334 0.4544270833333333 0.13411458333333334 0.4778645833333333 0.13802083333333334 0.5052083333333334 0.13802083333333334 0.5377604166666666 0.13411458333333334 0.56640625 0.12760416666666666 0.5859375 0.11067708333333333 0.61328125 0.09244791666666667 0.6263020833333334 0.08333333333333333 0.62890625 0 0.6263020833333334 0 0.6197916666666666 0.08723958333333333 0.6223958333333334 0.09895833333333333 0.6171875 0.11067708333333333 0.60546875 0.12369791666666667 0.5846354166666666 0.13020833333333334 0.56640625 0.13541666666666666 0.5403645833333334 0.13541666666666666 0.50390625 0.13020833333333334 0.4765625 0.11979166666666667 0.4505208333333333 0.10677083333333333 0.4322916666666667 0.09114583333333333 0.421875 0.0859375 0.4205729166666667 0 0.41796875 0 0.4127604166666667
0 0.8893229166666666 0.4453125 0.9622395833333334 0.4479166666666667 0.9674479166666666 0.44921875 0.96875 0.453125 0.9283854166666666 0.453125 0.8958333333333334 0.4505208333333333 0.8515625 0.4505208333333333 0.84375 0.453125 0.8255208333333334 0.4700520833333333 0.8138020833333334 0.4908854166666667 0.8072916666666666 0.5104166666666666 0.8046875 0.5377604166666666 0.80078125 0.53515625 0.8033854166666666 0.5286458333333334 0.8033854166666666 0.515625 0.8072916666666666 0.4986979166666667 0.81640625 0.4765625 0.8294270833333334 0.4583333333333333 0.8463541666666666 0.4466145833333333 0.8880208333333334 0.4453125
2 0.4739583333333333 0.12109375 0.4739583333333333 0.4622395833333333 0.4713541666666667 0.4973958333333333 0.4700520833333333 0.8072916666666666 0.46875 0.8580729166666666 0.4661458333333333 0.875 0.4674479166666667 0.9479166666666666 0.4661458333333333 0.94921875 0.4635416666666667 0.9466145833333334 0.4635416666666667 0.8697916666666666 0.4674479166666667 0.7890625 0.47265625 0.12239583333333333
3 0.26953125 0.8333333333333334 0.2734375 0.8307291666666666 0.2760416666666667 0.83203125 0.2734375 0.8489583333333334 0.26953125 0.8515625 0.2643229166666667 0.8515625 0.26171875 0.8463541666666666 0.2630208333333333 0.8385416666666666 0.26953125 0.8346354166666666
3 0.5091145833333334 0.6627604166666666 0.5091145833333334 0.6861979166666666 0.50390625 0.6861979166666666 0.5 0.68359375 0.5 0.6744791666666666 0.50390625 0.6666666666666666 0.5078125 0.6640625
3 0.4518229166666667 0.2669270833333333 0.4583333333333333 0.265625 0.4622395833333333 0.26953125 0.4622395833333333 0.29296875 0.4596354166666667 0.2955729166666667 0.453125 0.2955729166666667 0.44921875 0.2864583333333333 0.44921875 0.2734375 0.4518229166666667 0.2682291666666667
3 0.2265625 0.50390625 0.2265625 0.5169270833333334 0.22395833333333334 0.5234375 0.20963541666666666 0.5234375 0.20963541666666666 0.5104166666666666 0.22005208333333334 0.5091145833333334 0.22526041666666666 0.5052083333333334
3 0.4075520833333333 0.7135416666666666 0.4088541666666667 0.7161458333333334 0.4153645833333333 0.71875 0.4114583333333333 0.7330729166666666 0.4075520833333333 0.7369791666666666 0.3984375 0.7265625 0.3984375 0.72265625 0.40234375 0.71875 0.40234375 0.7122395833333334 0.4049479166666667 0.7109375 0.40625 0.7135416666666666
3 0.07942708333333333 0.5 0.07942708333333333 0.515625 0.07552083333333333 0.5130208333333334 0.06510416666666667 0.51171875 0.06640625 0.4973958333333333 0.078125 0.5
3 0.8033854166666666 0.5403645833333334 0.80859375 0.546875 0.8072916666666666 0.55859375 0.8033854166666666 0.5611979166666666 0.7916666666666666 0.5598958333333334 0.79296875 0.5520833333333334 0.8020833333333334 0.5416666666666666
3 0.5364583333333334 0.32421875 0.5390625 0.3333333333333333 0.5364583333333334 0.3450520833333333 0.5338541666666666 0.3450520833333333 0.5260416666666666 0.3359375 0.53125 0.32421875 0.53515625 0.32421875
3 0.23984375 0.4055555559895833 0.240625 0.4041666666666666 0.23984375 0.40277777734375 0.240625 0.3986111106770833 0.24453125 0.3958333333333333 0.24531250000000002 0.39305555598958336 0.24531250000000002 0.39027777734375 0.22968750000000002 0.3875 0.22890625 0.39027777734375 0.22890625 0.3944444440104167 0.23750000000000002 0.4069444440104167 0.23984375 0.4055555559895833
3 0.22968750000000002 0.21805555598958334 0.23046875 0.22222222265625 0.2328125 0.22638888932291668 0.234375 0.22777777734375002 0.2359375 0.22638888932291668 0.23671875 0.2236111106770833 0.2359375 0.2125 0.23046875 0.20138888932291665 0.2265625 0.20138888932291665 0.225 0.2041666666666667 0.225 0.20972222265624998 0.22578125000000002 0.2125 0.22968750000000002 0.21805555598958334
3 0.48470624999999995 0.8756055559895833 0.483109375 0.8669041666666667 0.481725 0.87239027734375 0.4764015625 0.8773069440104168 0.47299453124999996 0.8752263893229166 0.4739 0.8877236106770834 0.4762953125 0.8931958333333333 0.48204453124999996 0.8844958333333334 0.48470624999999995 0.8756055559895833
3 0.57578125 0.5111111106770834 0.5773437499999999 0.5069444440104166 0.5773437499999999 0.5 0.5765625 0.49722222265625 0.57421875 0.4944444440104167 0.5703125 0.4944444440104167 0.5703125 0.5083333333333333 0.571875 0.5111111106770834 0.57578125 0.5111111106770834