0 0 0.4114583333333333 0.078125 0.4127604166666667 0.09114583333333333 0.4140625 0.10677083333333333 0.421875 0.11979166666666667 0.4348958333333333 0.13151041666666666 0.4557291666666667 0.13932291666666666 0.4830729166666667 0.14322916666666666 0.5182291666666666 0.14192708333333334 0.5455729166666666 0.13411458333333334 0.5794270833333334 0.11848958333333333 0.6080729166666666 0.10546875 0.6197916666666666 0.0859375 0.6276041666666666 0.048177083333333336 0.6263020833333334 0.046875 0.6236979166666666 0.037760416666666664 0.6236979166666666 0.036458333333333336 0.6263020833333334 0.033854166666666664 0.6263020833333334 0.032552083333333336 0.6236979166666666 0.026041666666666668 0.6236979166666666 0.024739583333333332 0.6263020833333334 0.022135416666666668 0.6263020833333334 0.020833333333333332 0.6236979166666666 0 0.6236979166666666 0 0.6184895833333334 0.09114583333333333 0.62109375 0.10286458333333333 0.6158854166666666 0.11328125 0.60546875 0.12760416666666666 0.5846354166666666 0.13541666666666666 0.5611979166666666 0.13671875 0.546875 0.13932291666666666 0.54296875 0.13932291666666666 0.4986979166666667 0.13671875 0.4934895833333333 0.13541666666666666 0.4778645833333333 0.125 0.4518229166666667 0.11588541666666667 0.4375 0.10677083333333333 0.4283854166666667 0.09244791666666667 0.4205729166666667 0.08463541666666667 0.4192708333333333 0 0.41796875 0 0.4127604166666667
0 0.9244791666666666 0.4427083333333333 0.9635416666666666 0.4440104166666667 0.9700520833333334 0.4453125 0.9700520833333334 0.44921875 0.8541666666666666 0.4466145833333333 0.84375 0.4505208333333333 0.8333333333333334 0.4583333333333333 0.8190104166666666 0.4778645833333333 0.8190104166666666 0.4817708333333333 0.8111979166666666 0.4973958333333333 0.8046875 0.5390625 0.8072916666666666 0.5794270833333334 0.8151041666666666 0.6067708333333334 0.8268229166666666 0.6276041666666666 0.8359375 0.63671875 0.8489583333333334 0.64453125 0.8567708333333334 0.6458333333333334 0.8580729166666666 0.6484375 0.9609375 0.6510416666666666 0.9661458333333334 0.65234375 0.9661458333333334 0.65625 0.86328125 0.6536458333333334 0.84765625 0.6510416666666666 0.83984375 0.6471354166666666 0.82421875 0.6315104166666666 0.8125 0.6106770833333334 0.8046875 0.5846354166666666 0.8020833333333334 0.55859375 0.8033854166666666 0.51953125 0.8072916666666666 0.4986979166666667 0.8151041666666666 0.4817708333333333 0.81640625 0.4739583333333333 0.8268229166666666 0.4609375 0.8268229166666666 0.4583333333333333 0.8424479166666666 0.4453125 0.85546875 0.44140625 0.9231770833333334 0.4427083333333333
1 0.47578125 0.5319444440104167 0.4765625 0.5305555559895833 0.4765625 0.5263888893229166 0.47578125 0.525 0.47265625 0.525 0.471875 0.5263888893229166 0.471875 0.5319444440104167 0.4734375 0.5333333333333333 0.47578125 0.5319444440104167
2 0.4765625 0.12109375 0.4778645833333333 0.2552083333333333 0.4752604166666667 0.3151041666666667 0.4739583333333333 0.5065104166666666 0.4713541666666667 0.484375 0.4752604166666667 0.12239583333333333
3 0.6171875 0.16145833333333334 0.6236979166666666 0.16145833333333334 0.6263020833333334 0.16536458333333334 0.6263020833333334 0.17317708333333334 0.6223958333333334 0.18359375 0.6158854166666666 0.18489583333333334 0.61328125 0.17447916666666666 0.6171875 0.16276041666666666
3 0.6790364583333334 0.564453125 0.011067708333333334 0.020833333333333332
3 0.4739583333333333 0.5052083333333334 0.4778645833333333 0.5052083333333334 0.4791666666666667 0.5078125 0.4791666666666667 0.53125 0.4739583333333333 0.5338541666666666 0.4739583333333333 0.5065104166666666
3 0.3958333333333333 0.859375 0.3932291666666667 0.8776041666666666 0.390625 0.8815104166666666 0.38671875 0.8802083333333334 0.3841145833333333 0.8763020833333334 0.3828125 0.8658854166666666 0.3880208333333333 0.8606770833333334 0.39453125 0.859375
3 0.2708333333333333 0.2591145833333333 0.2721354166666667 0.2799479166666667 0.26953125 0.2825520833333333 0.2591145833333333 0.2682291666666667 0.2604166666666667 0.2591145833333333 0.26953125 0.2591145833333333
3 0.59375 0.876953125 0.011067708333333334 0.0234375
3 0.203125 0.14322916666666666 0.21223958333333334 0.15625 0.21354166666666666 0.17317708333333334 0.20963541666666666 0.171875 0.20572916666666666 0.16145833333333334 0.19921875 0.15364583333333334 0.19921875 0.14583333333333334 0.20182291666666666 0.14453125
3 0.4908854166666667 0.14322916666666666 0.4934895833333333 0.15104166666666666 0.4908854166666667 0.15885416666666666 0.4908854166666667 0.17057291666666666 0.4869791666666667 0.17447916666666666 0.484375 0.17447916666666666 0.48046875 0.16927083333333334 0.4778645833333333 0.15234375 0.4791666666666667 0.14453125 0.4817708333333333 0.14192708333333334 0.4895833333333333 0.14322916666666666
3 0.4427083333333333 0.65625 0.4375 0.65234375 0.4375 0.6393229166666666 0.4427083333333333 0.63671875 0.4440104166666667 0.6549479166666666
3 0.8190104166666666 0.515625 0.8229166666666666 0.5143229166666666 0.828125 0.5065104166666666 0.8346354166666666 0.515625 0.8333333333333334 0.5286458333333334 0.8307291666666666 0.53125 0.8177083333333334 0.5299479166666666 0.8190104166666666 0.5169270833333334
3 0.7057291666666666 0.7083333333333334 0.7096354166666666 0.7083333333333334 0.7161458333333334 0.7135416666666666 0.7135416666666666 0.73046875 0.7109375 0.73046875 0.703125 0.7213541666666666 0.7057291666666666 0.7096354166666666
3 0.10312500000000001 0.48472222265625 0.09921875000000001 0.47500000000000003 0.08671875 0.4694444440104167 0.08671875 0.48333333333333334 0.09375 0.48333333333333334 0.10234375 0.4944444440104167 0.10312500000000001 0.48472222265625