1 0.5953125 0.7374999999999999 0.59609375 0.7388888893229167 0.59921875 0.7374999999999999 0.6 0.7361111106770833 0.6007812499999999 0.7319444440104167 0.6 0.7305555559895834 0.59609375 0.7305555559895834 0.5953125 0.7319444440104167 0.5953125 0.7374999999999999
0 0.8645833333333334 0.4765625 0.8658854166666666 0.48046875 0.86328125 0.484375 0.8619791666666666 0.50390625 0.86328125 0.55078125 0.875 0.5872395833333334 0.8880208333333334 0.60546875 0.8984375 0.6158854166666666 0.9140625 0.62109375 0.9986979166666666 0.6184895833333334 0.9986979166666666 0.6236979166666666 0.9518229166666666 0.6236979166666666 0.9505208333333334 0.6263020833333334 0.9166666666666666 0.6276041666666666 0.9075520833333334 0.6263020833333334 0.90625 0.6236979166666666 0.8997395833333334 0.6223958333333334 0.8828125 0.6080729166666666 0.8684895833333334 0.5846354166666666 0.859375 0.546875 0.8580729166666666 0.5169270833333334 0.8606770833333334 0.4869791666666667 0.8645833333333334 0.4778645833333333
0 0.14713541666666666 0.4466145833333333 0.16276041666666666 0.453125 0.17447916666666666 0.46484375 0.19140625 0.49609375 0.19791666666666666 0.5247395833333334 0.19921875 0.5403645833333334 0.19791666666666666 0.5846354166666666 0.1953125 0.5963541666666666 0.18359375 0.6276041666666666 0.16276041666666666 0.6510416666666666 0.13932291666666666 0.6588541666666666 0.08463541666666667 0.6614583333333334 0.03515625 0.6614583333333334 0.03515625 0.6575520833333334 0.14713541666666666 0.65234375 0.15755208333333334 0.6484375 0.17708333333333334 0.62890625 0.1875 0.609375 0.1953125 0.5794270833333334 0.19661458333333334 0.5377604166666666 0.19140625 0.5091145833333334 0.18359375 0.4869791666666667 0.1796875 0.4830729166666667 0.1796875 0.4791666666666667 0.15494791666666666 0.4544270833333333 0.14713541666666666 0.4518229166666667 0.125 0.4518229166666667 0.032552083333333336 0.4557291666666667 0.03125 0.453125 0.032552083333333336 0.4505208333333333 0.0546875 0.44921875 0.14583333333333334 0.4466145833333333
2 0.5247395833333334 0.12239583333333333 0.52734375 0.4427083333333333 0.5299479166666666 0.5 0.5286458333333334 0.5455729166666666 0.53125 0.625 0.53125 0.7747395833333334 0.5338541666666666 0.8033854166666666 0.53515625 0.9466145833333334 0.53125 0.9466145833333334 0.53125 0.84375 0.5286458333333334 0.7903645833333334 0.5286458333333334 0.6640625 0.5260416666666666 0.5651041666666666 0.52734375 0.5104166666666666 0.5247395833333334 0.484375 0.5234375 0.12369791666666667
3 0.6354166666666666 0.578125 0.6393229166666666 0.5833333333333334 0.6393229166666666 0.5885416666666666 0.6328125 0.59765625 0.62890625 0.5963541666666666 0.62890625 0.5794270833333334 0.6341145833333334 0.578125
3 0.8684895833333334 0.4622395833333333 0.8736979166666666 0.4609375 0.87890625 0.4557291666666667 0.8854166666666666 0.4661458333333333 0.8854166666666666 0.4700520833333333 0.87890625 0.4713541666666667 0.8736979166666666 0.4752604166666667 0.87109375 0.4830729166666667 0.87109375 0.49609375 0.8645833333333334 0.4986979166666667 0.8645833333333334 0.4791666666666667 0.8671875 0.4752604166666667 0.8684895833333334 0.4635416666666667
3 0.24739583333333334 0.5364583333333334 0.24869791666666666 0.5442708333333334 0.24479166666666666 0.5494791666666666 0.23697916666666666 0.5481770833333334 0.23177083333333334 0.54296875 0.23177083333333334 0.5390625 0.23958333333333334 0.5338541666666666 0.24609375 0.5364583333333334
3 0.6139322916666666 0.4934895833333333 0.012369791666666666 0.0234375
3 0.6145833333333334 0.22265625 0.6197916666666666 0.22395833333333334 0.6197916666666666 0.23958333333333334 0.6145833333333334 0.24609375 0.6067708333333334 0.2421875 0.6145833333333334 0.22395833333333334
3 0.72265625 0.8372395833333334 0.7265625 0.8411458333333334 0.7252604166666666 0.85546875 0.7200520833333334 0.85546875 0.7174479166666666 0.8489583333333334 0.71875 0.8385416666666666 0.7213541666666666 0.8372395833333334
3 0.6158854166666666 0.6966145833333334 0.6171875 0.69921875 0.6236979166666666 0.7018229166666666 0.6236979166666666 0.7057291666666666 0.61328125 0.7174479166666666 0.609375 0.7174479166666666 0.6067708333333334 0.71484375 0.60546875 0.6966145833333334 0.6145833333333334 0.6966145833333334
3 0.6640625 0.6380208333333334 0.6666666666666666 0.6419270833333334 0.66796875 0.65234375 0.6666666666666666 0.65625 0.6614583333333334 0.6588541666666666 0.6575520833333334 0.65625 0.6575520833333334 0.64453125 0.6627604166666666 0.6380208333333334
3 0.6067708333333334 0.4322916666666667 0.6028645833333334 0.4231770833333333 0.60546875 0.4127604166666667 0.6080729166666666 0.41015625 0.6119791666666666 0.41015625 0.6158854166666666 0.4140625 0.6171875 0.4192708333333333 0.6158854166666666 0.4296875 0.6119791666666666 0.43359375 0.6080729166666666 0.4322916666666667
3 0.59765625 0.50390625 0.6002604166666666 0.5065104166666666 0.6002604166666666 0.51171875 0.59375 0.5221354166666666 0.5911458333333334 0.5221354166666666 0.5885416666666666 0.5182291666666666 0.5885416666666666 0.5078125 0.58984375 0.5052083333333334 0.5963541666666666 0.50390625
3 0.75546875 0.22916666666666666 0.7546875000000001 0.23194444401041667 0.7546875000000001 0.23611111067708335 0.75390625 0.23750000000000002 0.75390625 0.24166666666666667 0.7570312499999999 0.24166666666666667 0.76015625 0.23750000000000002 0.76015625 0.23611111067708335 0.765625 0.225 0.765625 0.22083333333333333 0.7648437499999999 0.21944444401041666 0.7625000000000001 0.21805555598958334 0.7609374999999999 0.21944444401041666 0.75546875 0.22916666666666666
3 0.6164062499999999 0.7902777773437499 0.6179687500000001 0.7930555559895834 0.6179687500000001 0.8041666666666667 0.61875 0.8083333333333332 0.6203124999999999 0.8083333333333332 0.6265625 0.7999999999999999 0.6265625 0.7958333333333334 0.625 0.7930555559895834 0.61953125 0.7888888893229167 0.6164062499999999 0.7888888893229167 0.6164062499999999 0.7902777773437499