1 0.63046015625 0.17863055598958333 0.63100703125 0.17161111067708334 0.62827109375 0.17046111067708333 0.62724921875 0.17681527734375 0.62943828125 0.17888888932291666 0.63046015625 0.17863055598958333
0 0.9466145833333334 0.4166666666666667 0.9986979166666666 0.4153645833333333 0.9986979166666666 0.421875 0.90625 0.42578125 0.8880208333333334 0.4348958333333333 0.87109375 0.45703125 0.8697916666666666 0.46484375 0.86328125 0.4765625 0.8580729166666666 0.4986979166666667 0.85546875 0.5260416666666666 0.8567708333333334 0.5364583333333334 0.85546875 0.5390625 0.8528645833333334 0.5325520833333334 0.85546875 0.49609375 0.8606770833333334 0.4739583333333333 0.8671875 0.45703125 0.87890625 0.4375 0.8880208333333334 0.4283854166666667 0.8997395833333334 0.421875 0.9466145833333334 0.41796875
0 0.13932291666666666 0.4518229166666667 0.15234375 0.4583333333333333 0.16796875 0.4765625 0.18229166666666666 0.5104166666666666 0.1875 0.5442708333333334 0.1875 0.5716145833333334 0.18359375 0.59765625 0.17447916666666666 0.6276041666666666 0.171875 0.62890625 0.17057291666666666 0.6341145833333334 0.16145833333333334 0.6471354166666666 0.15364583333333334 0.6549479166666666 0.13802083333333334 0.6627604166666666 0.10416666666666667 0.6653645833333334 0.06380208333333333 0.6653645833333334 0.0625 0.66796875 0.032552083333333336 0.6692708333333334 0.022135416666666668 0.6692708333333334 0.01953125 0.6640625 0.033854166666666664 0.6640625 0.04296875 0.6614583333333334 0.12109375 0.66015625 0.140625 0.65625 0.15104166666666666 0.6497395833333334 0.16927083333333334 0.6276041666666666 0.17578125 0.6119791666666666 0.18359375 0.58203125 0.18489583333333334 0.5481770833333334 0.18098958333333334 0.51953125 0.171875 0.4934895833333333 0.16015625 0.4739583333333333 0.15104166666666666 0.46484375 0.13932291666666666 0.4596354166666667 0.13802083333333334 0.45703125 0.0703125 0.45703125 0.06901041666666667 0.4596354166666667 0.018229166666666668 0.4609375 0.016927083333333332 0.4557291666666667 0.0234375 0.453125 0.09895833333333333 0.4505208333333333 0.13802083333333334 0.4518229166666667
2 0.5208333333333334 0.5338541666666666 0.5234375 0.8177083333333334 0.5260416666666666 0.859375 0.5260416666666666 0.95703125 0.5234375 0.9557291666666666 0.5221354166666666 0.9401041666666666 0.5234375 0.9166666666666666 0.5208333333333334 0.87109375 0.5208333333333334 0.7122395833333334 0.5169270833333334 0.5533854166666666 0.5169270833333334 0.5442708333333334 0.5208333333333334 0.53515625
3 0.6041666666666666 0.53515625 0.60546875 0.5455729166666666 0.6015625 0.55078125 0.59765625 0.5494791666666666 0.59765625 0.5403645833333334 0.5989583333333334 0.5364583333333334 0.6028645833333334 0.53515625
3 0.3958333333333333 0.6940104166666666 0.011067708333333334 0.020833333333333332
3 0.47265625 0.18619791666666666 0.4752604166666667 0.1875 0.4765625 0.19270833333333334 0.4752604166666667 0.21223958333333334 0.47265625 0.21354166666666666 0.4700520833333333 0.2109375 0.46875 0.1953125 0.47265625 0.1875
3 0.5625 0.75 0.56640625 0.75 0.5651041666666666 0.7682291666666666 0.5598958333333334 0.76953125 0.5559895833333334 0.7643229166666666 0.5559895833333334 0.7604166666666666 0.5625 0.7513020833333334
3 0.5 0.7578125 0.5 0.7643229166666666 0.5026041666666666 0.7682291666666666 0.5013020833333334 0.7760416666666666 0.4986979166666667 0.7786458333333334 0.4934895833333333 0.7760416666666666 0.4934895833333333 0.7630208333333334 0.4986979166666667 0.7591145833333334
3 0.53515625 0.3919270833333333 0.5364583333333334 0.4036458333333333 0.5338541666666666 0.4088541666666667 0.52734375 0.4049479166666667 0.52734375 0.3958333333333333 0.5338541666666666 0.3919270833333333
3 0.7408854166666666 0.7109375 0.7395833333333334 0.71875 0.7356770833333334 0.71875 0.7330729166666666 0.7213541666666666 0.7291666666666666 0.7174479166666666 0.7278645833333334 0.7135416666666666 0.73046875 0.7096354166666666 0.7317708333333334 0.69921875 0.7395833333333334 0.7109375
3 0.5677083333333334 0.609375 0.5703125 0.61328125 0.5703125 0.6236979166666666 0.56640625 0.6276041666666666 0.5625 0.6236979166666666 0.5625 0.6145833333333334 0.56640625 0.609375
3 0.62890625 0.16927083333333334 0.6354166666666666 0.17057291666666666 0.6380208333333334 0.17447916666666666 0.6380208333333334 0.1796875 0.6328125 0.18880208333333334 0.6263020833333334 0.1796875 0.6263020833333334 0.17317708333333334 0.62890625 0.17057291666666666
3 0.40234375 0.3984375 0.40625 0.4088541666666667 0.4049479166666667 0.41796875 0.4036458333333333 0.4205729166666667 0.3997395833333333 0.4205729166666667 0.3958333333333333 0.4140625 0.3958333333333333 0.4075520833333333 0.40234375 0.3997395833333333
3 0.5125000000000001 0.5138888893229167 0.51953125 0.5208333333333334 0.5234375 0.51527777734375 0.5242187500000001 0.5041666666666667 0.51796875 0.49722222265625 0.5125000000000001 0.5041666666666667 0.5125000000000001 0.5138888893229167
3 0.8523437500000001 0.5499999999999999 0.8515625 0.5499999999999999 0.85 0.5555555559895834 0.8523437500000001 0.5555555559895834 0.853125 0.5569444440104167 0.85703125 0.5569444440104167 0.8578125 0.5583333333333333 0.8601562500000001 0.5583333333333333 0.86171875 0.5569444440104167 0.8640625000000001 0.5513888893229166 0.8640625000000001 0.5458333333333333 0.8624999999999999 0.5430555559895833 0.8585937499999999 0.5416666666666666 0.8562500000000001 0.5430555559895833 0.8523437500000001 0.5499999999999999