1 0.43417656250000003 0.34310833333333335 0.4350734375 0.3451013893229167 0.43776484374999997 0.34450277734374996 0.43734453125 0.3389583333333333 0.43653125 0.33772916666666664 0.4345125 0.33912361067708335 0.43417656250000003 0.34310833333333335
0 0.8997395833333334 0.4375 0.9231770833333334 0.4309895833333333 0.9986979166666666 0.4296875 0.9986979166666666 0.4348958333333333 0.9296875 0.4361979166666667 0.9283854166666666 0.4388020833333333 0.9153645833333334 0.4388020833333333 0.8997395833333334 0.4453125 0.88671875 0.4583333333333333 0.875 0.4791666666666667 0.8684895833333334 0.5 0.8645833333333334 0.5260416666666666 0.8658854166666666 0.56640625 0.87109375 0.5872395833333334 0.87890625 0.6067708333333334 0.8958333333333334 0.6302083333333334 0.9114583333333334 0.6393229166666666 0.91796875 0.640625 0.9986979166666666 0.6380208333333334 0.9986979166666666 0.6432291666666666 0.9140625 0.6471354166666666 0.9127604166666666 0.64453125 0.90625 0.6432291666666666 0.8919270833333334 0.6341145833333334 0.8763020833333334 0.6119791666666666 0.8684895833333334 0.59375 0.8671875 0.58203125 0.8645833333333334 0.5794270833333334 0.8619791666666666 0.55859375 0.8619791666666666 0.51953125 0.8645833333333334 0.5 0.8723958333333334 0.4752604166666667 0.8828125 0.4557291666666667 0.8997395833333334 0.4388020833333333
0 0.15234375 0.4622395833333333 0.16666666666666666 0.4700520833333333 0.17838541666666666 0.4830729166666667 0.19010416666666666 0.5065104166666666 0.19791666666666666 0.5364583333333334 0.19791666666666666 0.59765625 0.19010416666666666 0.6276041666666666 0.18229166666666666 0.6432291666666666 0.16796875 0.6614583333333334 0.16015625 0.66796875 0.14973958333333334 0.671875 0.0390625 0.6770833333333334 0.03515625 0.67578125 0.03515625 0.671875 0.14713541666666666 0.6666666666666666 0.16276041666666666 0.6588541666666666 0.17447916666666666 0.6471354166666666 0.18359375 0.6328125 0.19140625 0.6119791666666666 0.19140625 0.6041666666666666 0.1953125 0.59375 0.1953125 0.5377604166666666 0.18359375 0.5 0.16927083333333334 0.4791666666666667 0.1484375 0.4661458333333333 0.061197916666666664 0.46875 0.03125 0.4674479166666667 0.032552083333333336 0.4635416666666667 0.1015625 0.4609375 0.15104166666666666 0.4622395833333333
2 0.5247395833333334 0.13802083333333334 0.52734375 0.140625 0.5299479166666666 0.57421875 0.53515625 0.8658854166666666 0.53515625 0.96484375 0.5325520833333334 0.96484375 0.53125 0.9466145833333334 0.53125 0.7877604166666666 0.52734375 0.6471354166666666 0.52734375 0.3463541666666667 0.5247395833333334 0.31640625 0.5247395833333334 0.13932291666666666
3 0.19140625 0.375 0.1953125 0.375 0.20182291666666666 0.3815104166666667 0.20703125 0.3802083333333333 0.20182291666666666 0.39453125 0.19791666666666666 0.3971354166666667 0.19010416666666666 0.3841145833333333 0.19140625 0.3763020833333333
3 0.3020833333333333 0.5950520833333334 0.3098958333333333 0.5963541666666666 0.3098958333333333 0.5989583333333334 0.3046875 0.6041666666666666 0.3033854166666667 0.6106770833333334 0.296875 0.6106770833333334 0.2942708333333333 0.6080729166666666 0.2942708333333333 0.5950520833333334 0.30078125 0.5950520833333334
3 0.390625 0.4270833333333333 0.3932291666666667 0.43359375 0.3932291666666667 0.4401041666666667 0.390625 0.4427083333333333 0.3880208333333333 0.4427083333333333 0.3854166666666667 0.4388020833333333 0.3854166666666667 0.4322916666666667 0.3893229166666667 0.4270833333333333
3 0.7643229166666666 0.44921875 0.016927083333333332 0.0234375
3 0.3033854166666667 0.4290364583333333 0.012369791666666666 0.027994791666666668
3 0.34375 0.8802083333333334 0.3463541666666667 0.8815104166666666 0.3463541666666667 0.8893229166666666 0.3424479166666667 0.9088541666666666 0.33984375 0.91015625 0.3372395833333333 0.90625 0.3359375 0.8932291666666666 0.3372395833333333 0.8841145833333334 0.3424479166666667 0.8815104166666666
3 0.125 0.5390625 0.13151041666666666 0.5416666666666666 0.13541666666666666 0.546875 0.13541666666666666 0.5546875 0.12760416666666666 0.5611979166666666 0.12109375 0.5572916666666666 0.11848958333333333 0.546875 0.12369791666666667 0.5403645833333334
3 0.4309895833333333 0.3450520833333333 0.4309895833333333 0.3216145833333333 0.43359375 0.3177083333333333 0.4361979166666667 0.3190104166666667 0.4375 0.32421875 0.4375 0.3385416666666667 0.4361979166666667 0.3450520833333333 0.4322916666666667 0.3450520833333333
3 0.5638020833333334 0.24934895833333334 0.009114583333333334 0.0234375
3 0.24088541666666666 0.6510416666666666 0.23046875 0.6731770833333334 0.22395833333333334 0.6692708333333334 0.22395833333333334 0.6575520833333334 0.23958333333333334 0.6510416666666666
3 0.3151041666666667 0.3723958333333333 0.3151041666666667 0.3971354166666667 0.3098958333333333 0.3971354166666667 0.30859375 0.3880208333333333 0.3059895833333333 0.3854166666666667 0.3059895833333333 0.37890625 0.3138020833333333 0.3723958333333333
3 0.32890625 0.7611111106770833 0.32890625 0.7305555559895834 0.31875000000000003 0.74027777734375 0.32187499999999997 0.7486111106770833 0.32890625 0.7611111106770833