1 0.46796875 0.5208333333333334 0.47109375000000003 0.5208333333333334 0.471875 0.5166666666666667 0.47031249999999997 0.5138888893229167 0.46796875 0.5138888893229167 0.46718750000000003 0.51527777734375 0.46718750000000003 0.5194444440104167 0.46796875 0.5208333333333334
0 0 0.4244791666666667 0.1015625 0.4270833333333333 0.11458333333333333 0.4322916666666667 0.12630208333333334 0.4427083333333333 0.14192708333333334 0.4674479166666667 0.14973958333333334 0.4921875 0.15364583333333334 0.5208333333333334 0.15364583333333334 0.5455729166666666 0.15104166666666666 0.5677083333333334 0.14583333333333334 0.5872395833333334 0.13411458333333334 0.6119791666666666 0.11979166666666667 0.62890625 0.10416666666666667 0.63671875 0 0.6341145833333334 0 0.62890625 0.10286458333333333 0.6315104166666666 0.11197916666666667 0.6276041666666666 0.12890625 0.609375 0.13932291666666666 0.5911458333333334 0.14713541666666666 0.5677083333333334 0.14973958333333334 0.5481770833333334 0.1484375 0.5052083333333334 0.13932291666666666 0.4713541666666667 0.13151041666666666 0.45703125 0.11067708333333333 0.4361979166666667 0.10026041666666667 0.4322916666666667 0.01953125 0.4296875 0 0.4309895833333333 0 0.42578125
0 0.8932291666666666 0.453125 0.9674479166666666 0.4557291666666667 0.9739583333333334 0.45703125 0.9752604166666666 0.4609375 0.9440104166666666 0.4622395833333333 0.859375 0.4596354166666667 0.8463541666666666 0.46484375 0.83984375 0.4700520833333333 0.8216145833333334 0.49609375 0.8151041666666666 0.51171875 0.8098958333333334 0.5390625 0.8098958333333334 0.5794270833333334 0.8177083333333334 0.6119791666666666 0.8294270833333334 0.6354166666666666 0.84375 0.6510416666666666 0.85546875 0.6575520833333334 0.875 0.66015625 0.9283854166666666 0.66015625 0.96875 0.6627604166666666 0.9713541666666666 0.6640625 0.9700520833333334 0.66796875 0.9427083333333334 0.66796875 0.94140625 0.6653645833333334 0.8854166666666666 0.6653645833333334 0.8515625 0.6614583333333334 0.83984375 0.6549479166666666 0.83203125 0.6471354166666666 0.8203125 0.62890625 0.8203125 0.625 0.8125 0.609375 0.8072916666666666 0.58203125 0.8072916666666666 0.5364583333333334 0.8125 0.5104166666666666 0.8203125 0.4895833333333333 0.8307291666666666 0.47265625 0.8502604166666666 0.4557291666666667 0.859375 0.453125 0.8919270833333334 0.453125
2 0.48046875 0.4817708333333333 0.4817708333333333 0.6419270833333334 0.4791666666666667 0.6796875 0.4765625 0.953125 0.4739583333333333 0.953125 0.47265625 0.92578125 0.4752604166666667 0.8997395833333334 0.4739583333333333 0.8515625 0.4765625 0.7747395833333334 0.4765625 0.61328125 0.4791666666666667 0.5559895833333334 0.4791666666666667 0.4830729166666667
3 0.6640625 0.57421875 0.6666666666666666 0.5794270833333334 0.6653645833333334 0.5989583333333334 0.66015625 0.6002604166666666 0.6575520833333334 0.5911458333333334 0.6588541666666666 0.578125 0.6627604166666666 0.5755208333333334
3 0.5143229166666666 0.7135416666666666 0.5169270833333334 0.71875 0.5169270833333334 0.7317708333333334 0.51171875 0.734375 0.5104166666666666 0.7317708333333334 0.5104166666666666 0.71875 0.5130208333333334 0.71484375
3 0.53515625 0.2643229166666667 0.5403645833333334 0.2643229166666667 0.54296875 0.26953125 0.5416666666666666 0.28125 0.5390625 0.28515625 0.5364583333333334 0.28515625 0.5338541666666666 0.27734375 0.53515625 0.265625
3 0.5052083333333334 0.62109375 0.5078125 0.6302083333333334 0.5065104166666666 0.6380208333333334 0.5026041666666666 0.6380208333333334 0.5 0.6341145833333334 0.5 0.6236979166666666 0.50390625 0.62109375
3 0.5638020833333334 0.5559895833333334 0.5677083333333334 0.55859375 0.5677083333333334 0.5703125 0.5651041666666666 0.5729166666666666 0.5611979166666666 0.5690104166666666 0.5625 0.5572916666666666
3 0.4244791666666667 0.5859375 0.4270833333333333 0.5885416666666666 0.42578125 0.6015625 0.4205729166666667 0.5989583333333334 0.4205729166666667 0.5872395833333334 0.4231770833333333 0.5859375
3 0.4427083333333333 0.4075520833333333 0.4440104166666667 0.4192708333333333 0.4401041666666667 0.421875 0.4375 0.4192708333333333 0.4361979166666667 0.4088541666666667 0.44140625 0.4075520833333333
3 0.3619791666666667 0.3307291666666667 0.3658854166666667 0.32421875 0.3697916666666667 0.32421875 0.3736979166666667 0.33203125 0.3723958333333333 0.3385416666666667 0.3697916666666667 0.3411458333333333 0.3671875 0.33984375 0.36328125 0.3359375 0.36328125 0.33203125
3 0.4049479166666667 0.7682291666666666 0.4114583333333333 0.7760416666666666 0.4088541666666667 0.78515625 0.4049479166666667 0.7877604166666666 0.4010416666666667 0.7838541666666666 0.3997395833333333 0.7760416666666666 0.4010416666666667 0.7708333333333334 0.4036458333333333 0.76953125
3 0.4596354166666667 0.26171875 0.453125 0.24739583333333334 0.4544270833333333 0.24088541666666666 0.4622395833333333 0.23958333333333334 0.46484375 0.25390625 0.4596354166666667 0.2604166666666667
3 0.5221354166666666 0.4635416666666667 0.52734375 0.4674479166666667 0.5260416666666666 0.4830729166666667 0.5234375 0.4830729166666667 0.5221354166666666 0.46484375
3 0.48046875 0.46388888932291666 0.48593749999999997 0.45972222265625 0.48593749999999997 0.4458333333333333 0.48046875 0.43888888932291664 0.47578125 0.44027777734375 0.47265625 0.4458333333333333 0.4734375 0.4583333333333333 0.48046875 0.46388888932291666