1 0.309375 0.4041666666666666 0.309375 0.41111111067708334 0.3125 0.41111111067708334 0.3125 0.4041666666666666 0.309375 0.4041666666666666
0 0 0.4166666666666667 0.08463541666666667 0.4192708333333333 0.10286458333333333 0.421875 0.11328125 0.4270833333333333 0.12239583333333333 0.4348958333333333 0.13671875 0.4583333333333333 0.14583333333333334 0.4856770833333333 0.14973958333333334 0.5130208333333334 0.1484375 0.5481770833333334 0.14192708333333334 0.5807291666666666 0.12760416666666666 0.609375 0.11067708333333333 0.6263020833333334 0.09895833333333333 0.6315104166666666 0 0.62890625 0 0.6223958333333334 0.09635416666666667 0.625 0.11328125 0.6171875 0.12369791666666667 0.6067708333333334 0.13541666666666666 0.5859375 0.14322916666666666 0.5611979166666666 0.14583333333333334 0.5390625 0.14453125 0.4973958333333333 0.13932291666666666 0.4817708333333333 0.13932291666666666 0.4752604166666667 0.12760416666666666 0.4505208333333333 0.11458333333333333 0.4348958333333333 0.09635416666666667 0.42578125 0.006510416666666667 0.4231770833333333 0 0.421875 0 0.41796875
0 0.9283854166666666 0.44921875 0.9674479166666666 0.4505208333333333 0.9739583333333334 0.4518229166666667 0.9739583333333334 0.4557291666666667 0.8580729166666666 0.453125 0.8489583333333334 0.45703125 0.8294270833333334 0.4752604166666667 0.8177083333333334 0.4973958333333333 0.8098958333333334 0.52734375 0.80859375 0.5651041666666666 0.8111979166666666 0.5872395833333334 0.8190104166666666 0.61328125 0.8255208333333334 0.6263020833333334 0.8346354166666666 0.6380208333333334 0.84765625 0.6497395833333334 0.8580729166666666 0.6536458333333334 0.8697916666666666 0.6549479166666666 0.96484375 0.6575520833333334 0.9713541666666666 0.66015625 0.96875 0.6627604166666666 0.8684895833333334 0.66015625 0.8502604166666666 0.65625 0.8385416666666666 0.6497395833333334 0.828125 0.6380208333333334 0.81640625 0.6171875 0.8072916666666666 0.5846354166666666 0.8059895833333334 0.5455729166666666 0.80859375 0.5182291666666666 0.81640625 0.4908854166666667 0.83203125 0.46484375 0.8450520833333334 0.453125 0.859375 0.4479166666666667 0.9270833333333334 0.44921875
2 0.4817708333333333 0.2903645833333333 0.4817708333333333 0.4557291666666667 0.4791666666666667 0.4713541666666667 0.4791666666666667 0.6341145833333334 0.4739583333333333 0.94921875 0.4713541666666667 0.9322916666666666 0.47265625 0.7877604166666666 0.4765625 0.62890625 0.4752604166666667 0.5651041666666666 0.4791666666666667 0.3190104166666667 0.4778645833333333 0.2916666666666667 0.48046875 0.2903645833333333
3 0.5078125 0.4700520833333333 0.5130208333333334 0.4700520833333333 0.5169270833333334 0.4752604166666667 0.5169270833333334 0.4908854166666667 0.51171875 0.4908854166666667 0.5065104166666666 0.4778645833333333 0.5078125 0.4713541666666667
3 0.4869791666666667 0.2734375 0.4908854166666667 0.27734375 0.4908854166666667 0.2903645833333333 0.48828125 0.29296875 0.484375 0.2864583333333333 0.4856770833333333 0.2747395833333333
3 0.4557291666666667 0.6204427083333334 0.010416666666666666 0.018229166666666668
3 0.4466145833333333 0.7161458333333334 0.453125 0.7252604166666666 0.453125 0.7395833333333334 0.44921875 0.7408854166666666 0.4453125 0.7369791666666666 0.4466145833333333 0.7174479166666666
3 0.4361979166666667 0.46875 0.4401041666666667 0.4674479166666667 0.4440104166666667 0.4700520833333333 0.4479166666666667 0.4817708333333333 0.4466145833333333 0.4908854166666667 0.4401041666666667 0.4921875 0.43359375 0.4830729166666667 0.43359375 0.4752604166666667 0.4361979166666667 0.4700520833333333
3 0.3033854166666667 0.61328125 0.3046875 0.6158854166666666 0.3098958333333333 0.6171875 0.3072916666666667 0.6302083333333334 0.3033854166666667 0.6302083333333334 0.2942708333333333 0.6197916666666666 0.296875 0.6119791666666666 0.3020833333333333 0.61328125
3 0.6028645833333334 0.5377604166666666 0.6067708333333334 0.5416666666666666 0.6080729166666666 0.5481770833333334 0.60546875 0.5572916666666666 0.6002604166666666 0.5546875 0.5989583333333334 0.5390625 0.6015625 0.5377604166666666
3 0.3697916666666667 0.7473958333333334 0.3684895833333333 0.73828125 0.3736979166666667 0.73046875 0.375 0.7213541666666666 0.3776041666666667 0.7239583333333334 0.3802083333333333 0.74609375 0.3763020833333333 0.7513020833333334 0.3736979166666667 0.7513020833333334 0.37109375 0.7473958333333334
3 0.39453125 0.44921875 0.3919270833333333 0.44140625 0.3932291666666667 0.4322916666666667 0.3971354166666667 0.4322916666666667 0.3997395833333333 0.4361979166666667 0.3997395833333333 0.4479166666666667 0.3971354166666667 0.4505208333333333 0.3958333333333333 0.44921875
3 0.44921875 0.22135416666666666 0.4557291666666667 0.22916666666666666 0.4544270833333333 0.24088541666666666 0.44921875 0.24348958333333334 0.4466145833333333 0.23307291666666666 0.44921875 0.22265625
3 0.3880208333333333 0.5533854166666666 0.3880208333333333 0.56640625 0.3854166666666667 0.5690104166666666 0.37890625 0.5611979166666666 0.37890625 0.5546875 0.3828125 0.55078125 0.38671875 0.5533854166666666
3 0.29375 0.32638888932291665 0.29296875 0.3361111106770833 0.3046875 0.34027777734375 0.30078125 0.3236111106770833 0.29375 0.32638888932291665