1 0.32061875 0.2708 0.32139531250000003 0.27395416666666667 0.32361406249999997 0.27493888932291666 0.32605546874999997 0.27355972265625 0.32594453125 0.27178472265625003 0.32538984375 0.26725138932291664 0.3231703125 0.26547777734375 0.3218390625 0.26685694401041665 0.32061875 0.2708
0 0 0.4309895833333333 0.08463541666666667 0.43359375 0.09635416666666667 0.4375 0.11458333333333333 0.4544270833333333 0.12630208333333334 0.4752604166666667 0.13411458333333334 0.4986979166666667 0.13802083333333334 0.53125 0.13802083333333334 0.5546875 0.13411458333333334 0.5846354166666666 0.12239583333333333 0.6145833333333334 0.11458333333333333 0.6276041666666666 0.10286458333333333 0.6393229166666666 0.08463541666666667 0.6484375 0.022135416666666668 0.6471354166666666 0.020833333333333332 0.64453125 0 0.64453125 0 0.6393229166666666 0.07552083333333333 0.6419270833333334 0.08723958333333333 0.640625 0.09895833333333333 0.6354166666666666 0.11197916666666667 0.62109375 0.12369791666666667 0.6015625 0.13151041666666666 0.5768229166666666 0.13541666666666666 0.55078125 0.13411458333333334 0.5182291666666666 0.12760416666666666 0.4895833333333333 0.12109375 0.4739583333333333 0.10677083333333333 0.453125 0.09635416666666667 0.4453125 0.08072916666666667 0.4401041666666667 0.006510416666666667 0.4388020833333333 0.005208333333333333 0.4361979166666667 0.00390625 0.4388020833333333 0 0.4388020833333333 0 0.4322916666666667
0 0.90625 0.4635416666666667 0.9661458333333334 0.4661458333333333 0.9661458333333334 0.4713541666666667 0.8515625 0.4674479166666667 0.8359375 0.4752604166666667 0.8190104166666666 0.4947916666666667 0.8177083333333334 0.5026041666666666 0.8151041666666666 0.50390625 0.8138020833333334 0.51171875 0.8111979166666666 0.5130208333333334 0.8098958333333334 0.5221354166666666 0.8033854166666666 0.5377604166666666 0.8020833333333334 0.58203125 0.8072916666666666 0.61328125 0.8151041666666666 0.6341145833333334 0.8216145833333334 0.6419270833333334 0.8229166666666666 0.6471354166666666 0.8359375 0.66015625 0.8463541666666666 0.6666666666666666 0.8502604166666666 0.6666666666666666 0.8515625 0.6692708333333334 0.9635416666666666 0.6731770833333334 0.96484375 0.67578125 0.9609375 0.6783854166666666 0.8619791666666666 0.67578125 0.8463541666666666 0.6731770833333334 0.8359375 0.66796875 0.8203125 0.6510416666666666 0.8125 0.6380208333333334 0.8046875 0.6171875 0.7994791666666666 0.5846354166666666 0.80078125 0.5377604166666666 0.8033854166666666 0.5325520833333334 0.8046875 0.51953125 0.8125 0.5026041666666666 0.8125 0.4973958333333333 0.82421875 0.4778645833333333 0.8385416666666666 0.4674479166666667 0.84765625 0.4635416666666667 0.9049479166666666 0.4635416666666667
2 0.4739583333333333 0.13932291666666666 0.4752604166666667 0.16536458333333334 0.4739583333333333 0.33984375 0.4713541666666667 0.3828125 0.4713541666666667 0.6484375 0.46875 0.7317708333333334 0.4700520833333333 0.7486979166666666 0.4674479166666667 0.7864583333333334 0.4661458333333333 0.96484375 0.4635416666666667 0.96484375 0.4635416666666667 0.8671875 0.46484375 0.73828125 0.4674479166666667 0.703125 0.4661458333333333 0.6432291666666666 0.46875 0.57421875 0.46875 0.3606770833333333 0.4713541666666667 0.3098958333333333 0.4700520833333333 0.26953125 0.47265625 0.140625
3 0.7213541666666666 0.328125 0.7291666666666666 0.3255208333333333 0.734375 0.3268229166666667 0.73046875 0.3502604166666667 0.7252604166666666 0.34765625 0.7213541666666666 0.3294270833333333
3 0.6119791666666666 0.3111979166666667 0.6158854166666666 0.3125 0.6158854166666666 0.3268229166666667 0.61328125 0.3294270833333333 0.609375 0.3268229166666667 0.609375 0.3177083333333333 0.6119791666666666 0.3125
3 0.6731770833333334 0.6380208333333334 0.67578125 0.6484375 0.6731770833333334 0.6549479166666666 0.6705729166666666 0.65625 0.6653645833333334 0.6549479166666666 0.66015625 0.6484375 0.671875 0.6380208333333334
3 0.6276041666666666 0.6979166666666666 0.62890625 0.71484375 0.6263020833333334 0.7252604166666666 0.6236979166666666 0.7239583333333334 0.6197916666666666 0.7135416666666666 0.6184895833333334 0.7018229166666666 0.6197916666666666 0.69921875 0.6263020833333334 0.6979166666666666
3 0.55078125 0.8697916666666666 0.5533854166666666 0.8697916666666666 0.5611979166666666 0.8776041666666666 0.5611979166666666 0.8919270833333334 0.5572916666666666 0.8932291666666666 0.5546875 0.890625 0.55078125 0.87109375
3 0.4388020833333333 0.22526041666666666 0.4427083333333333 0.23828125 0.4401041666666667 0.24348958333333334 0.4375 0.24348958333333334 0.43359375 0.23177083333333334 0.4348958333333333 0.2265625 0.4375 0.22526041666666666
3 0.50390625 0.2734375 0.5091145833333334 0.2734375 0.5130208333333334 0.28515625 0.5130208333333334 0.2942708333333333 0.5091145833333334 0.2981770833333333 0.50390625 0.29296875 0.50390625 0.2747395833333333
3 0.6549479166666666 0.56640625 0.6614583333333334 0.5729166666666666 0.6614583333333334 0.578125 0.6549479166666666 0.5859375 0.6484375 0.5768229166666666 0.6510416666666666 0.5677083333333334 0.6536458333333334 0.56640625
3 0.59375 0.4010416666666667 0.5963541666666666 0.4049479166666667 0.5963541666666666 0.4205729166666667 0.5924479166666666 0.42578125 0.58984375 0.42578125 0.58203125 0.4153645833333333 0.5859375 0.4036458333333333 0.5885416666666666 0.4010416666666667 0.5924479166666666 0.4010416666666667
3 0.5299479166666666 0.478515625 0.010416666666666666 0.0234375
3 0.8072916666666666 0.46484375 0.8111979166666666 0.4635416666666667 0.8177083333333334 0.4674479166666667 0.8177083333333334 0.4765625 0.8111979166666666 0.484375 0.8072916666666666 0.4830729166666667 0.8033854166666666 0.4765625 0.8072916666666666 0.4661458333333333
3 0.3203125 0.2591145833333333 0.32421875 0.265625 0.32421875 0.2734375 0.3203125 0.27734375 0.3190104166666667 0.2825520833333333 0.3125 0.2825520833333333 0.3111979166666667 0.2747395833333333 0.3072916666666667 0.2682291666666667 0.30859375 0.2643229166666667 0.3177083333333333 0.2643229166666667 0.3203125 0.2604166666666667