1 0.5703125 0.3424479166666667 0.5716145833333334 0.3463541666666667 0.5690104166666666 0.3463541666666667 0.56640625 0.3502604166666667 0.5651041666666666 0.3411458333333333 0.5677083333333334 0.33984375 0.5690104166666666 0.34375
0 0 0.4283854166666667 0.08333333333333333 0.4309895833333333 0.09895833333333333 0.4361979166666667 0.11458333333333333 0.4518229166666667 0.12630208333333334 0.47265625 0.13411458333333334 0.4947916666666667 0.13802083333333334 0.5234375 0.13802083333333334 0.5559895833333334 0.13020833333333334 0.5963541666666666 0.11458333333333333 0.6263020833333334 0.10677083333333333 0.6341145833333334 0.0859375 0.64453125 0 0.6419270833333334 0 0.63671875 0.08463541666666667 0.6393229166666666 0.10026041666666667 0.6328125 0.11588541666666667 0.6145833333333334 0.12369791666666667 0.6002604166666666 0.13151041666666666 0.5768229166666666 0.13541666666666666 0.5533854166666666 0.13541666666666666 0.5260416666666666 0.13151041666666666 0.4986979166666667 0.12369791666666667 0.4752604166666667 0.11197916666666667 0.4557291666666667 0.10286458333333333 0.4466145833333333 0.09244791666666667 0.4401041666666667 0.08463541666666667 0.4388020833333333 0.08333333333333333 0.4361979166666667 0.005208333333333333 0.4348958333333333 0 0.43359375 0 0.4296875
0 0.9466145833333334 0.4622395833333333 0.9674479166666666 0.4635416666666667 0.9674479166666666 0.4674479166666667 0.9609375 0.46875 0.85546875 0.46484375 0.8463541666666666 0.4674479166666667 0.83203125 0.4765625 0.8190104166666666 0.4947916666666667 0.8098958333333334 0.515625 0.8098958333333334 0.5221354166666666 0.8033854166666666 0.5442708333333334 0.8033854166666666 0.5872395833333334 0.8072916666666666 0.6002604166666666 0.8072916666666666 0.6080729166666666 0.8190104166666666 0.63671875 0.8255208333333334 0.6471354166666666 0.84375 0.6627604166666666 0.8580729166666666 0.6666666666666666 0.8880208333333334 0.6666666666666666 0.8893229166666666 0.6692708333333334 0.96484375 0.671875 0.96484375 0.67578125 0.8619791666666666 0.6731770833333334 0.84375 0.6692708333333334 0.8411458333333334 0.6653645833333334 0.83203125 0.6614583333333334 0.8203125 0.6484375 0.8072916666666666 0.6197916666666666 0.80078125 0.5924479166666666 0.80078125 0.5416666666666666 0.8033854166666666 0.5364583333333334 0.8046875 0.5208333333333334 0.81640625 0.4908854166666667 0.82421875 0.4778645833333333 0.83203125 0.4700520833333333 0.8489583333333334 0.4609375 0.9453125 0.4622395833333333
2 0.4739583333333333 0.13671875 0.4739583333333333 0.44140625 0.4713541666666667 0.4765625 0.47265625 0.54296875 0.4674479166666667 0.96484375 0.46484375 0.96484375 0.4635416666666667 0.9544270833333334 0.4635416666666667 0.9322916666666666 0.4674479166666667 0.75390625 0.47265625 0.13802083333333334
3 0.8072916666666666 0.3815104166666667 0.8138020833333334 0.3815104166666667 0.8151041666666666 0.3841145833333333 0.8098958333333334 0.3984375 0.8059895833333334 0.4010416666666667 0.8020833333333334 0.3984375 0.80078125 0.3854166666666667 0.8072916666666666 0.3828125
3 0.69921875 0.5963541666666666 0.7083333333333334 0.5963541666666666 0.7109375 0.6015625 0.7096354166666666 0.6106770833333334 0.70703125 0.6145833333333334 0.7044270833333334 0.6145833333333334 0.69921875 0.609375 0.69921875 0.59765625
3 0.6927083333333334 0.3828125 0.6966145833333334 0.38671875 0.6940104166666666 0.4049479166666667 0.6901041666666666 0.40625 0.68359375 0.39453125 0.68359375 0.3893229166666667 0.6888020833333334 0.3880208333333333 0.69140625 0.3841145833333333
3 0.6627604166666666 0.8776041666666666 0.6705729166666666 0.8841145833333334 0.6692708333333334 0.90234375 0.6653645833333334 0.9049479166666666 0.6627604166666666 0.9010416666666666 0.6614583333333334 0.87890625
3 0.6223958333333334 0.4270833333333333 0.6223958333333334 0.4479166666666667 0.6197916666666666 0.4518229166666667 0.6158854166666666 0.4505208333333333 0.61328125 0.4361979166666667 0.62109375 0.4270833333333333
3 0.8802083333333334 0.5390625 0.8854166666666666 0.5481770833333334 0.8841145833333334 0.5572916666666666 0.8763020833333334 0.5611979166666666 0.8697916666666666 0.5572916666666666 0.86328125 0.546875 0.8697916666666666 0.546875 0.87890625 0.5403645833333334
3 0.2265625 0.4453125 0.23046875 0.4505208333333333 0.23567708333333334 0.4518229166666667 0.23567708333333334 0.4596354166666667 0.23307291666666666 0.4635416666666667 0.22916666666666666 0.46484375 0.22526041666666666 0.46484375 0.22265625 0.45703125 0.22265625 0.4466145833333333 0.22526041666666666 0.4453125
3 0.7057291666666666 0.4127604166666667 0.7096354166666666 0.4166666666666667 0.7096354166666666 0.4309895833333333 0.7044270833333334 0.4401041666666667 0.7018229166666666 0.4401041666666667 0.6953125 0.4309895833333333 0.69921875 0.4166666666666667 0.7044270833333334 0.4127604166666667
3 0.5598958333333334 0.3216145833333333 0.5677083333333334 0.33203125 0.5677083333333334 0.3489583333333333 0.5638020833333334 0.3528645833333333 0.5572916666666666 0.3528645833333333 0.5572916666666666 0.3333333333333333 0.5598958333333334 0.3229166666666667
3 0.671875 0.7291666666666666 0.6822916666666666 0.7395833333333334 0.6822916666666666 0.7447916666666666 0.6783854166666666 0.7486979166666666 0.6796875 0.76171875 0.671875 0.76171875 0.671875 0.73046875
3 0.7669270833333334 0.6614583333333334 0.7799479166666666 0.6588541666666666 0.7825520833333334 0.6627604166666666 0.7825520833333334 0.6705729166666666 0.7760416666666666 0.6783854166666666 0.76953125 0.6705729166666666 0.7682291666666666 0.6627604166666666
3 0.4322916666666667 0.23697916666666666 0.4348958333333333 0.23697916666666666 0.4401041666666667 0.2526041666666667 0.4388020833333333 0.2604166666666667 0.4361979166666667 0.2604166666666667 0.43359375 0.2565104166666667 0.4309895833333333 0.24739583333333334 0.4322916666666667 0.23828125