3 0.5390625 0.5208333333333334 0.54296875 0.5208333333333334 0.5494791666666666 0.5286458333333334 0.5494791666666666 0.5338541666666666 0.54296875 0.5403645833333334 0.5416666666666666 0.5533854166666666 0.53515625 0.5572916666666666 0.53515625 0.5364583333333334 0.5364583333333334 0.5260416666666666 0.5390625 0.5221354166666666
3 0.4427083333333333 0.4401041666666667 0.45703125 0.4466145833333333 0.45703125 0.4518229166666667 0.4505208333333333 0.4583333333333333 0.4453125 0.4700520833333333 0.4466145833333333 0.4765625 0.4440104166666667 0.48046875 0.44140625 0.48046875 0.4401041666666667 0.4583333333333333 0.4427083333333333 0.44140625
3 0.53515625 0.24609375 0.5390625 0.24609375 0.54296875 0.25390625 0.54296875 0.265625 0.5377604166666666 0.2682291666666667 0.53515625 0.265625 0.5338541666666666 0.2565104166666667 0.53515625 0.24739583333333334
3 0.6848958333333334 0.8098958333333334 0.69140625 0.8125 0.6940104166666666 0.8177083333333334 0.6940104166666666 0.8268229166666666 0.69140625 0.8294270833333334 0.6875 0.8294270833333334 0.6848958333333334 0.8268229166666666 0.6848958333333334 0.8111979166666666
3 0.19205729166666666 0.59765625 0.016927083333333332 0.020833333333333332
0 1 0.6194444440104167 0.9078125 0.62222222265625 0.8890625 0.60972222265625 0.87109375 0.5819444440104167 0.8624999999999999 0.5486111106770833 0.86171875 0.49722222265625 0.85703125 0.5208333333333334 0.8609375 0.5611111106770833 0.8718750000000001 0.5930555559895833 0.8875000000000001 0.61527777734375 0.9078125 0.62777777734375 0.978125 0.6263888893229167 0.984375 0.6208333333333333 0.9859375 0.6263888893229167 1 0.625 1 0.6194444440104167
3 0.8815104166666666 0.4674479166666667 0.8815104166666666 0.48046875 0.87890625 0.4830729166666667 0.8697916666666666 0.484375 0.8671875 0.4817708333333333 0.8684895833333334 0.4700520833333333 0.875 0.4661458333333333 0.8802083333333334 0.4674479166666667
3 0.58828125 0.8333333333333334 0.5875 0.8236111106770833 0.578125 0.8263888893229167 0.5789062500000001 0.8513888893229167 0.58828125 0.8333333333333334
3 0.49374999999999997 0.8013888893229167 0.4875 0.7861111106770834 0.47812499999999997 0.7930555559895834 0.47890625000000003 0.8069444440104167 0.49374999999999997 0.8013888893229167
3 0.5515625000000001 0.7333333333333334 0.5499999999999999 0.7263888893229167 0.54140625 0.7305555559895834 0.5437500000000001 0.7416666666666667 0.5515625000000001 0.7333333333333334
3 0.47578125 0.67222222265625 0.47812499999999997 0.6861111106770833 0.49296875 0.6638888893229167 0.4921875 0.6583333333333333 0.48593749999999997 0.6569444440104167 0.47812499999999997 0.6638888893229167 0.47578125 0.67222222265625
3 0.5640625 0.48194444401041664 0.56796875 0.49027777734375005 0.5734374999999999 0.48333333333333334 0.5789062500000001 0.4458333333333333 0.571875 0.43888888932291664 0.5671875000000001 0.44722222265624995 0.5640625 0.48194444401041664
3 0.7312500000000001 0.27222222265625 0.7414062499999999 0.26388888932291665 0.7414062499999999 0.25277777734375 0.73671875 0.25277777734375 0.7296874999999999 0.26388888932291665 0.7312500000000001 0.27222222265625
2 0.5208333333333334 0.125 0.5234375 0.125 0.5234375 0.20442708333333334 0.52734375 0.27734375 0.5260416666666666 0.4947916666666667 0.5286458333333334 0.51953125 0.52734375 0.60546875 0.5299479166666666 0.6158854166666666 0.5286458333333334 0.6653645833333334 0.53125 0.7369791666666666 0.53125 0.8919270833333334 0.5338541666666666 0.9192708333333334 0.5338541666666666 0.9466145833333334 0.53125 0.94921875 0.53125 0.9270833333333334 0.5286458333333334 0.9127604166666666 0.5208333333333334 0.12630208333333334
0 1 0.41250000000000003 0.9953124999999999 0.41250000000000003 0.9219665494791666 0.4169578736979167 0.92734375 0.42083333333333334 1 0.4180555559895833 1 0.41250000000000003
0 0.9209599153645834 0.4170190559895834 0.90390625 0.4180555559895833 0.88515625 0.4319444440104167 0.8734375 0.44861111067708337 0.8703124999999999 0.45972222265625 0.8859374999999999 0.4375 0.9209599153645834 0.4170190559895834
1 0.46796875 0.7916666666666666 0.47031249999999997 0.7944444440104167 0.471875 0.7930555559895834 0.471875 0.7875 0.47109375000000003 0.7861111106770834 0.46953125 0.7861111106770834 0.46796875 0.7888888893229167 0.46796875 0.7916666666666666
0 0.035937500000000004 0.6611111106770834 0.15312499999999998 0.6583333333333333 0.17265624999999998 0.6444444440104167 0.18281250000000002 0.6263888893229167 0.18281250000000002 0.6194444440104167 0.1734375 0.6361111106770834 0.15078125 0.6541666666666667 0.035937500000000004 0.6611111106770834
0 0.12265625000000001 0.44861111067708337 0.032031250000000004 0.45555555598958336 0.1484375 0.45416666666666666 0.16171875 0.4611111106770833 0.17500000000000002 0.47500000000000003 0.1875 0.49861111067708336 0.196875 0.5499999999999999 0.19453125000000002 0.5805555559895833 0.196875 0.5861111106770833 0.19999999999999998 0.5416666666666666 0.196875 0.5194444440104167 0.1796875 0.47361111067708334 0.15546875000000002 0.4513888893229167 0.12265625000000001 0.44861111067708337