1 0.11328125 0.6055555559895833 0.11328125 0.6013888893229167 0.10859375 0.60277777734375 0.10703125000000001 0.6055555559895833 0.10859375 0.60972222265625 0.1125 0.6083333333333333 0.11328125 0.6055555559895833
0 0 0.41015625 0.07942708333333333 0.4127604166666667 0.08854166666666667 0.4140625 0.09895833333333333 0.4205729166666667 0.10807291666666667 0.4283854166666667 0.12239583333333333 0.4505208333333333 0.13411458333333334 0.48828125 0.13671875 0.5169270833333334 0.13411458333333334 0.5546875 0.13020833333333334 0.5703125 0.125 0.57421875 0.1328125 0.5403645833333334 0.13151041666666666 0.4921875 0.12760416666666666 0.4739583333333333 0.12109375 0.45703125 0.10807291666666667 0.4348958333333333 0.09505208333333333 0.4244791666666667 0.08203125 0.4192708333333333 0.022135416666666668 0.41796875 0.020833333333333332 0.4153645833333333 0 0.4153645833333333 0 0.4114583333333333
0 0.953125 0.4479166666666667 0.9661458333333334 0.44921875 0.9674479166666666 0.453125 0.8502604166666666 0.4505208333333333 0.83984375 0.4557291666666667 0.8229166666666666 0.4713541666666667 0.8111979166666666 0.4934895833333333 0.8033854166666666 0.5260416666666666 0.8020833333333334 0.56640625 0.8033854166666666 0.5794270833333334 0.8111979166666666 0.6080729166666666 0.8229166666666666 0.6302083333333334 0.8424479166666666 0.6484375 0.84765625 0.6510416666666666 0.8671875 0.6536458333333334 0.8802083333333334 0.65234375 0.9518229166666666 0.65625 0.9635416666666666 0.6575520833333334 0.9635416666666666 0.6614583333333334 0.8684895833333334 0.6588541666666666 0.84765625 0.65625 0.8359375 0.6510416666666666 0.82421875 0.6393229166666666 0.8151041666666666 0.6263020833333334 0.8033854166666666 0.5950520833333334 0.7994791666666666 0.56640625 0.7994791666666666 0.5364583333333334 0.8046875 0.5026041666666666 0.81640625 0.4739583333333333 0.83203125 0.4544270833333333 0.8424479166666666 0.4479166666666667 0.8515625 0.4453125 0.9518229166666666 0.4479166666666667
2 0.4739583333333333 0.12109375 0.4752604166666667 0.14453125 0.4739583333333333 0.3046875 0.4713541666666667 0.3229166666666667 0.4700520833333333 0.6901041666666666 0.4674479166666667 0.7369791666666666 0.4674479166666667 0.8671875 0.46484375 0.9479166666666666 0.4635416666666667 0.94921875 0.4622395833333333 0.9466145833333334 0.4635416666666667 0.796875 0.4661458333333333 0.6979166666666666 0.46484375 0.6783854166666666 0.4674479166666667 0.6575520833333334 0.4661458333333333 0.6184895833333334 0.4700520833333333 0.3763020833333333 0.46875 0.3020833333333333 0.4713541666666667 0.2734375 0.47265625 0.12239583333333333
3 0.171875 0.8072916666666666 0.17317708333333334 0.8216145833333334 0.16796875 0.8255208333333334 0.16536458333333334 0.8229166666666666 0.16276041666666666 0.8255208333333334 0.15885416666666666 0.82421875 0.15885416666666666 0.8125 0.16276041666666666 0.80859375 0.17057291666666666 0.8072916666666666
3 0.45703125 0.3046875 0.4622395833333333 0.3190104166666667 0.4596354166666667 0.33203125 0.44921875 0.3255208333333333 0.4557291666666667 0.3059895833333333
3 0.4908854166666667 0.4895833333333333 0.4947916666666667 0.4895833333333333 0.4986979166666667 0.4986979166666667 0.4973958333333333 0.52734375 0.4947916666666667 0.52734375 0.4947916666666667 0.5182291666666666 0.4895833333333333 0.5026041666666666 0.4908854166666667 0.4908854166666667
3 0.12630208333333334 0.57421875 0.12760416666666666 0.5807291666666666 0.12369791666666667 0.5911458333333334 0.11588541666666667 0.5989583333333334 0.11197916666666667 0.609375 0.10807291666666667 0.6080729166666666 0.11197916666666667 0.5963541666666666 0.10677083333333333 0.5924479166666666 0.10677083333333333 0.5885416666666666 0.11197916666666667 0.5794270833333334 0.12109375 0.57421875 0.125 0.57421875
3 0.3658854166666667 0.6705729166666666 0.3684895833333333 0.6705729166666666 0.3763020833333333 0.6809895833333334 0.3763020833333333 0.6861979166666666 0.3658854166666667 0.6861979166666666 0.36328125 0.6809895833333334 0.3658854166666667 0.671875
3 0.1953125 0.4140625 0.19921875 0.4140625 0.20182291666666666 0.4166666666666667 0.20833333333333334 0.4283854166666667 0.20833333333333334 0.43359375 0.20572916666666666 0.4348958333333333 0.203125 0.4348958333333333 0.19921875 0.4296875 0.1953125 0.4296875 0.19140625 0.421875 0.1953125 0.4153645833333333
3 0.4010416666666667 0.8203125 0.4036458333333333 0.8229166666666666 0.4049479166666667 0.83203125 0.4088541666666667 0.83984375 0.4088541666666667 0.8489583333333334 0.40625 0.85546875 0.4049479166666667 0.8567708333333334 0.4010416666666667 0.8515625 0.3971354166666667 0.8411458333333334 0.3997395833333333 0.8216145833333334
3 0.4401041666666667 0.6588541666666666 0.4466145833333333 0.6653645833333334 0.44921875 0.6744791666666666 0.4466145833333333 0.6861979166666666 0.44140625 0.68359375 0.4401041666666667 0.66015625
3 0.053385416666666664 0.5403645833333334 0.055989583333333336 0.5455729166666666 0.048177083333333336 0.5520833333333334 0.045572916666666664 0.5572916666666666 0.03515625 0.5559895833333334 0.033854166666666664 0.5481770833333334 0.052083333333333336 0.5416666666666666
3 0.22526041666666666 0.2109375 0.23177083333333334 0.21223958333333334 0.23697916666666666 0.22005208333333334 0.23958333333333334 0.22916666666666666 0.23697916666666666 0.23697916666666666 0.234375 0.23828125 0.23046875 0.22526041666666666 0.22526041666666666 0.21875 0.22526041666666666 0.21223958333333334
3 0.7734375 0.5234375 0.7799479166666666 0.5234375 0.7825520833333334 0.52734375 0.7825520833333334 0.5364583333333334 0.7799479166666666 0.5390625 0.7799479166666666 0.54296875 0.7747395833333334 0.5442708333333334 0.7643229166666666 0.5377604166666666 0.7643229166666666 0.5338541666666666 0.7734375 0.5247395833333334
3 0.41015625 0.325 0.40859375000000003 0.3125 0.39999999999999997 0.31111111067708336 0.39687500000000003 0.31666666666666665 0.39765625 0.32638888932291665 0.40781249999999997 0.3319444440104167 0.41015625 0.325