1 0.28671874999999997 0.35694444401041664 0.28750000000000003 0.35277777734375 0.284375 0.3513888893229167 0.28359375000000003 0.3555555559895833 0.28671874999999997 0.35694444401041664
0 0 0.4166666666666667 0.026041666666666668 0.4166666666666667 0.02734375 0.4192708333333333 0.09244791666666667 0.4205729166666667 0.11458333333333333 0.4283854166666667 0.13020833333333334 0.4479166666666667 0.140625 0.4700520833333333 0.14713541666666666 0.4947916666666667 0.14973958333333334 0.5247395833333334 0.14713541666666666 0.5598958333333334 0.13802083333333334 0.5911458333333334 0.13020833333333334 0.6067708333333334 0.11197916666666667 0.6263020833333334 0.09375 0.6328125 0 0.62890625 0 0.6223958333333334 0.09895833333333333 0.625 0.11067708333333333 0.6197916666666666 0.12369791666666667 0.6067708333333334 0.13541666666666666 0.5872395833333334 0.13541666666666666 0.58203125 0.14322916666666666 0.5611979166666666 0.14583333333333334 0.5364583333333334 0.14453125 0.4986979166666667 0.13932291666666666 0.4765625 0.12760416666666666 0.4518229166666667 0.11067708333333333 0.4322916666666667 0.09375 0.42578125 0 0.4231770833333333 0 0.41796875
0 0.8346354166666666 0.4635416666666667 0.8424479166666666 0.4557291666666667 0.85546875 0.44921875 0.9518229166666666 0.4505208333333333 0.9752604166666666 0.453125 0.9739583333333334 0.45703125 0.8971354166666666 0.4557291666666667 0.8736979166666666 0.453125 0.8567708333333334 0.4544270833333333 0.8359375 0.46875 0.828125 0.4791666666666667 0.8190104166666666 0.49609375 0.8098958333333334 0.5325520833333334 0.8098958333333334 0.5755208333333334 0.8138020833333334 0.5963541666666666 0.8268229166666666 0.6276041666666666 0.8333333333333334 0.63671875 0.84765625 0.6497395833333334 0.859375 0.6549479166666666 0.9674479166666666 0.6588541666666666 0.97265625 0.6614583333333334 0.96875 0.6640625 0.859375 0.66015625 0.83984375 0.6510416666666666 0.828125 0.6380208333333334 0.81640625 0.6158854166666666 0.80859375 0.5885416666666666 0.8072916666666666 0.5325520833333334 0.81640625 0.4934895833333333 0.82421875 0.4765625 0.8346354166666666 0.46484375
2 0.48046875 0.12760416666666666 0.4830729166666667 0.13020833333333334 0.4830729166666667 0.2799479166666667 0.48046875 0.4036458333333333 0.4817708333333333 0.4557291666666667 0.4791666666666667 0.47265625 0.48046875 0.51171875 0.4752604166666667 0.8229166666666666 0.4752604166666667 0.9401041666666666 0.47265625 0.9505208333333334 0.4713541666666667 0.9283854166666666 0.4765625 0.6276041666666666 0.4752604166666667 0.5703125 0.4778645833333333 0.3359375 0.48046875 0.2760416666666667 0.48046875 0.12890625
3 0.5026041666666666 0.4479166666666667 0.5052083333333334 0.44921875 0.5052083333333334 0.46484375 0.5026041666666666 0.4661458333333333 0.49609375 0.4609375 0.4947916666666667 0.45703125 0.4947916666666667 0.453125 0.5013020833333334 0.4479166666666667
3 0.48828125 0.2708333333333333 0.4908854166666667 0.2708333333333333 0.4934895833333333 0.27734375 0.4934895833333333 0.29296875 0.4908854166666667 0.2955729166666667 0.48828125 0.2942708333333333 0.48828125 0.2721354166666667
3 0.2760416666666667 0.3072916666666667 0.2838541666666667 0.3072916666666667 0.2877604166666667 0.3098958333333333 0.2877604166666667 0.3216145833333333 0.28515625 0.3255208333333333 0.2760416666666667 0.31640625 0.2760416666666667 0.30859375
3 0.44921875 0.5872395833333334 0.4518229166666667 0.5885416666666666 0.4557291666666667 0.6002604166666666 0.4544270833333333 0.6119791666666666 0.44921875 0.6106770833333334 0.4466145833333333 0.6067708333333334 0.4453125 0.6015625 0.44921875 0.5950520833333334 0.44921875 0.5885416666666666
3 0.4375 0.7356770833333334 0.44140625 0.7317708333333334 0.4453125 0.734375 0.4440104166666667 0.7447916666666666 0.4401041666666667 0.7486979166666666 0.4361979166666667 0.7486979166666666 0.4348958333333333 0.74609375 0.4375 0.7369791666666666
3 0.4283854166666667 0.4609375 0.4322916666666667 0.4609375 0.4348958333333333 0.4635416666666667 0.4375 0.4739583333333333 0.4361979166666667 0.4869791666666667 0.4348958333333333 0.4895833333333333 0.4309895833333333 0.4895833333333333 0.4283854166666667 0.4830729166666667 0.42578125 0.4817708333333333 0.42578125 0.4635416666666667 0.4283854166666667 0.4622395833333333
3 0.2786458333333333 0.5911458333333334 0.2864583333333333 0.59375 0.2903645833333333 0.5989583333333334 0.28125 0.609375 0.2734375 0.6028645833333334 0.2734375 0.59375 0.27734375 0.5911458333333334
3 0.38671875 0.5481770833333334 0.3919270833333333 0.5546875 0.3919270833333333 0.5677083333333334 0.38671875 0.5703125 0.3854166666666667 0.5677083333333334 0.3828125 0.55859375 0.3828125 0.5533854166666666 0.3854166666666667 0.5494791666666666
3 0.3684895833333333 0.7786458333333334 0.3671875 0.7734375 0.3723958333333333 0.7578125 0.3763020833333333 0.7643229166666666 0.3776041666666667 0.77734375 0.3763020833333333 0.7799479166666666 0.3697916666666667 0.7786458333333334
3 0.390625 0.43359375 0.3971354166666667 0.4322916666666667 0.3997395833333333 0.4401041666666667 0.3971354166666667 0.44921875 0.3932291666666667 0.44921875 0.390625 0.4466145833333333 0.390625 0.4348958333333333
3 0.4466145833333333 0.21875 0.4518229166666667 0.22916666666666666 0.4518229166666667 0.24088541666666666 0.44921875 0.24348958333333334 0.4453125 0.23567708333333334 0.4453125 0.22005208333333334
3 0.5859375 0.55078125 0.5911458333333334 0.5520833333333334 0.5924479166666666 0.5559895833333334 0.5924479166666666 0.5690104166666666 0.5885416666666666 0.5729166666666666 0.5859375 0.5716145833333334 0.5859375 0.5520833333333334