1 0.390625 0.42222222265625 0.39140625 0.42083333333333334 0.39140625 0.4180555559895833 0.38984375 0.41527777734375 0.38671875 0.41527777734375 0.38671875 0.42083333333333334 0.3875 0.42222222265625 0.390625 0.42222222265625
0 0 0.43359375 0.08333333333333333 0.4348958333333333 0.09635416666666667 0.4375 0.09765625 0.4401041666666667 0.10286458333333333 0.44140625 0.11979166666666667 0.45703125 0.13020833333333334 0.4752604166666667 0.13802083333333334 0.5 0.14192708333333334 0.5260416666666666 0.14192708333333334 0.5598958333333334 0.13802083333333334 0.5859375 0.13151041666666666 0.6067708333333334 0.11458333333333333 0.6341145833333334 0.09244791666666667 0.6484375 0 0.6471354166666666 0 0.6393229166666666 0.09114583333333333 0.6419270833333334 0.10286458333333333 0.63671875 0.11328125 0.6263020833333334 0.125 0.609375 0.13541666666666666 0.5794270833333334 0.13932291666666666 0.5572916666666666 0.13932291666666666 0.5338541666666666 0.13541666666666666 0.50390625 0.125 0.4752604166666667 0.11067708333333333 0.4544270833333333 0.10286458333333333 0.4479166666666667 0.08723958333333333 0.4427083333333333 0 0.4401041666666667 0 0.4348958333333333
0 0.9674479166666666 0.4661458333333333 0.9674479166666666 0.4713541666666667 0.8828125 0.4700520833333333 0.859375 0.4674479166666667 0.83984375 0.4739583333333333 0.8333333333333334 0.4791666666666667 0.8333333333333334 0.4817708333333333 0.8268229166666666 0.4869791666666667 0.8190104166666666 0.4986979166666667 0.8177083333333334 0.5052083333333334 0.8111979166666666 0.515625 0.8033854166666666 0.5520833333333334 0.8033854166666666 0.5846354166666666 0.8059895833333334 0.5885416666666666 0.8098958333333334 0.6158854166666666 0.8190104166666666 0.6380208333333334 0.8216145833333334 0.6393229166666666 0.8268229166666666 0.6497395833333334 0.8385416666666666 0.6614583333333334 0.8502604166666666 0.6666666666666666 0.8515625 0.6692708333333334 0.859375 0.6705729166666666 0.9518229166666666 0.6731770833333334 0.9661458333333334 0.6744791666666666 0.9661458333333334 0.6783854166666666 0.8828125 0.6770833333333334 0.859375 0.67578125 0.84375 0.671875 0.8372395833333334 0.66796875 0.8203125 0.6497395833333334 0.8072916666666666 0.6197916666666666 0.80078125 0.5859375 0.80078125 0.5533854166666666 0.8072916666666666 0.5169270833333334 0.8203125 0.48828125 0.8268229166666666 0.4817708333333333 0.8268229166666666 0.4791666666666667 0.8372395833333334 0.4700520833333333 0.8502604166666666 0.4635416666666667 0.9661458333333334 0.4661458333333333
2 0.4739583333333333 0.140625 0.4765625 0.14453125 0.4739583333333333 0.3463541666666667 0.4739583333333333 0.6497395833333334 0.4713541666666667 0.6588541666666666 0.4700520833333333 0.9361979166666666 0.4674479166666667 0.9427083333333334 0.4674479166666667 0.9674479166666666 0.46484375 0.94140625 0.4674479166666667 0.921875 0.4674479166666667 0.76953125 0.4700520833333333 0.6614583333333334 0.46875 0.625 0.4713541666666667 0.5846354166666666 0.4700520833333333 0.4752604166666667 0.4739583333333333 0.14192708333333334
3 0.6458333333333334 0.24869791666666666 0.6471354166666666 0.2591145833333333 0.6432291666666666 0.2747395833333333 0.6393229166666666 0.2734375 0.6393229166666666 0.26953125 0.6341145833333334 0.2643229166666667 0.6341145833333334 0.2604166666666667 0.64453125 0.24869791666666666
3 0.515625 0.3059895833333333 0.51953125 0.3046875 0.5221354166666666 0.30859375 0.5221354166666666 0.32421875 0.5182291666666666 0.3268229166666667 0.515625 0.3229166666666667 0.515625 0.3072916666666667
3 0.6549479166666666 0.5755208333333334 0.65234375 0.5651041666666666 0.65234375 0.5611979166666666 0.6549479166666666 0.55859375 0.6627604166666666 0.5598958333333334 0.6627604166666666 0.5703125 0.6588541666666666 0.5755208333333334 0.65625 0.5755208333333334
3 0.5006510416666666 0.4049479166666667 0.013020833333333334 0.029296875
3 0.5872395833333334 0.6328125 0.5872395833333334 0.6510416666666666 0.5833333333333334 0.6510416666666666 0.5807291666666666 0.6471354166666666 0.5807291666666666 0.6341145833333334 0.5859375 0.6328125
3 0.4440104166666667 0.23958333333333334 0.4479166666666667 0.25 0.4466145833333333 0.2578125 0.4427083333333333 0.2578125 0.4401041666666667 0.2526041666666667 0.4401041666666667 0.24088541666666666 0.4427083333333333 0.23958333333333334
3 0.37890625 0.39453125 0.3841145833333333 0.4075520833333333 0.390625 0.4166666666666667 0.390625 0.4231770833333333 0.38671875 0.4231770833333333 0.3854166666666667 0.4166666666666667 0.375 0.4036458333333333 0.375 0.3958333333333333 0.3776041666666667 0.39453125
3 0.546875 0.70703125 0.55078125 0.7083333333333334 0.5520833333333334 0.7161458333333334 0.5520833333333334 0.7265625 0.546875 0.7265625 0.546875 0.7083333333333334
3 0.4140625 0.328125 0.41796875 0.328125 0.4231770833333333 0.3372395833333333 0.4231770833333333 0.34375 0.41796875 0.3528645833333333 0.4127604166666667 0.3450520833333333 0.4140625 0.3294270833333333
3 0.4401041666666667 0.5130208333333334 0.4440104166666667 0.5169270833333334 0.4440104166666667 0.5247395833333334 0.4401041666666667 0.53125 0.4375 0.53125 0.43359375 0.5260416666666666 0.43359375 0.5182291666666666 0.4388020833333333 0.5130208333333334
3 0.765625 0.5208333333333334 0.014322916666666666 0.022135416666666668
3 0.484375 0.8489583333333334 0.4947916666666667 0.8580729166666666 0.4947916666666667 0.87109375 0.4908854166666667 0.8736979166666666 0.4869791666666667 0.8671875 0.484375 0.8502604166666666