1 0.6218750000000001 0.1875 0.6242187499999999 0.1875 0.625 0.18611111067708333 0.625 0.1805555559895833 0.6234375 0.17777777734375 0.6203124999999999 0.1805555559895833 0.6203124999999999 0.18611111067708333 0.6218750000000001 0.1875
0 0.8802083333333334 0.44140625 0.8932291666666666 0.4283854166666667 0.9088541666666666 0.4231770833333333 0.9986979166666666 0.4192708333333333 0.9986979166666666 0.42578125 0.9140625 0.4283854166666667 0.8984375 0.4322916666666667 0.8919270833333334 0.4361979166666667 0.875 0.4557291666666667 0.8671875 0.47265625 0.8619791666666666 0.4947916666666667 0.859375 0.4973958333333333 0.8580729166666666 0.5338541666666666 0.85546875 0.5338541666666666 0.8567708333333334 0.49609375 0.8684895833333334 0.4583333333333333 0.8802083333333334 0.4427083333333333
0 0.13932291666666666 0.4557291666666667 0.15885416666666666 0.46875 0.16796875 0.4791666666666667 0.17838541666666666 0.4986979166666667 0.17838541666666666 0.50390625 0.18359375 0.515625 0.18359375 0.5234375 0.18619791666666666 0.52734375 0.18880208333333334 0.5481770833333334 0.1875 0.58984375 0.18229166666666666 0.6158854166666666 0.17447916666666666 0.6354166666666666 0.16666666666666666 0.6484375 0.15494791666666666 0.66015625 0.13802083333333334 0.6692708333333334 0.040364583333333336 0.6744791666666666 0.0234375 0.6744791666666666 0.022135416666666668 0.671875 0.026041666666666668 0.6692708333333334 0.0390625 0.6692708333333334 0.040364583333333336 0.6666666666666666 0.055989583333333336 0.6653645833333334 0.1328125 0.6640625 0.13932291666666666 0.6627604166666666 0.15494791666666666 0.6536458333333334 0.16927083333333334 0.6354166666666666 0.1796875 0.6119791666666666 0.18098958333333334 0.5989583333333334 0.18359375 0.5963541666666666 0.18619791666666666 0.5703125 0.18489583333333334 0.5390625 0.1796875 0.5143229166666666 0.17708333333333334 0.51171875 0.171875 0.4947916666666667 0.16145833333333334 0.4791666666666667 0.14322916666666666 0.46484375 0.13541666666666666 0.4622395833333333 0.06770833333333333 0.46484375 0.018229166666666668 0.4635416666666667 0.024739583333333332 0.4583333333333333 0.13802083333333334 0.4557291666666667
2 0.5208333333333334 0.5052083333333334 0.5234375 0.5833333333333334 0.5234375 0.7044270833333334 0.5260416666666666 0.7552083333333334 0.5260416666666666 0.9010416666666666 0.5286458333333334 0.9348958333333334 0.52734375 0.9609375 0.5247395833333334 0.9609375 0.5234375 0.9427083333333334 0.5247395833333334 0.8984375 0.51953125 0.6419270833333334 0.5208333333333334 0.5065104166666666
3 0.6015625 0.5377604166666666 0.6041666666666666 0.5377604166666666 0.6080729166666666 0.5442708333333334 0.6041666666666666 0.5533854166666666 0.5989583333333334 0.5546875 0.5989583333333334 0.5442708333333334 0.6015625 0.5390625
3 0.47265625 0.21614583333333334 0.4700520833333333 0.2109375 0.4700520833333333 0.19921875 0.4739583333333333 0.19270833333333334 0.4778645833333333 0.19661458333333334 0.4765625 0.21354166666666666 0.4739583333333333 0.21614583333333334
3 0.6328125 0.140625 0.63671875 0.14322916666666666 0.63671875 0.15234375 0.6328125 0.16015625 0.6276041666666666 0.16015625 0.62890625 0.14453125 0.6315104166666666 0.14192708333333334
3 0.8567708333333334 0.5325520833333334 0.8619791666666666 0.5338541666666666 0.8697916666666666 0.5299479166666666 0.8736979166666666 0.53515625 0.87109375 0.5455729166666666 0.8619791666666666 0.5481770833333334 0.859375 0.5651041666666666 0.85546875 0.5703125 0.8541666666666666 0.56640625 0.8567708333333334 0.5338541666666666
3 0.578125 0.6002604166666666 0.5807291666666666 0.6015625 0.5794270833333334 0.6171875 0.5755208333333334 0.6171875 0.5729166666666666 0.61328125 0.57421875 0.6015625 0.5768229166666666 0.6002604166666666
3 0.7395833333333334 0.7057291666666666 0.7486979166666666 0.7200520833333334 0.7447916666666666 0.7265625 0.73828125 0.7265625 0.7356770833333334 0.7239583333333334 0.7395833333333334 0.70703125
3 0.51171875 0.7434895833333334 0.515625 0.7578125 0.5143229166666666 0.7630208333333334 0.5078125 0.7630208333333334 0.5078125 0.75 0.5104166666666666 0.7447916666666666
3 0.5638020833333334 0.3932291666666667 0.5690104166666666 0.39453125 0.5690104166666666 0.4049479166666667 0.5651041666666666 0.4088541666666667 0.5625 0.4088541666666667 0.5638020833333334 0.39453125
3 0.51953125 0.4765625 0.5234375 0.484375 0.5234375 0.4947916666666667 0.5182291666666666 0.50390625 0.5130208333333334 0.5026041666666666 0.51171875 0.49609375 0.5130208333333334 0.4817708333333333 0.5182291666666666 0.4765625
3 0.3971354166666667 0.359375 0.3997395833333333 0.359375 0.4049479166666667 0.3736979166666667 0.4049479166666667 0.3776041666666667 0.4010416666666667 0.3815104166666667 0.3984375 0.3802083333333333 0.3958333333333333 0.3723958333333333 0.3971354166666667 0.3606770833333333
3 0.4088541666666667 0.6783854166666666 0.41015625 0.6940104166666666 0.40625 0.7005208333333334 0.40234375 0.6979166666666666 0.4010416666666667 0.6848958333333334 0.4036458333333333 0.6796875 0.4075520833333333 0.6783854166666666
3 0.57421875 0.7395833333333334 0.5807291666666666 0.7473958333333334 0.5807291666666666 0.7604166666666666 0.57421875 0.7604166666666666 0.5729166666666666 0.7578125 0.5729166666666666 0.7408854166666666