1 0.08984375 0.6555555559895833 0.09296875 0.6555555559895833 0.09375 0.6541666666666667 0.09375 0.65 0.090625 0.64722222265625 0.08828124999999999 0.6486111106770833 0.08828124999999999 0.6541666666666667 0.08984375 0.6555555559895833
0 0 0.4114583333333333 0.08463541666666667 0.4140625 0.09895833333333333 0.421875 0.11197916666666667 0.4348958333333333 0.12369791666666667 0.4557291666666667 0.12760416666666666 0.4713541666666667 0.13020833333333334 0.4739583333333333 0.13541666666666666 0.5091145833333334 0.13411458333333334 0.5533854166666666 0.13020833333333334 0.5703125 0.11848958333333333 0.59765625 0.11067708333333333 0.609375 0.10026041666666667 0.6197916666666666 0.09375 0.6223958333333334 0.08854166666666667 0.6276041666666666 0.08072916666666667 0.62890625 0 0.6263020833333334 0 0.62109375 0.08333333333333333 0.6223958333333334 0.09895833333333333 0.6145833333333334 0.11588541666666667 0.59375 0.12369791666666667 0.5768229166666666 0.125 0.5690104166666666 0.12760416666666666 0.56640625 0.1328125 0.5325520833333334 0.1328125 0.5104166666666666 0.12760416666666666 0.4765625 0.11588541666666667 0.44921875 0.10807291666666667 0.4375 0.09765625 0.4270833333333333 0.07942708333333333 0.4192708333333333 0 0.41796875 0 0.4127604166666667
0 0.90234375 0.4466145833333333 0.96484375 0.44921875 0.9674479166666666 0.453125 0.9479166666666666 0.4544270833333333 0.85546875 0.4505208333333333 0.8424479166666666 0.4544270833333333 0.828125 0.4661458333333333 0.8098958333333334 0.4973958333333333 0.8033854166666666 0.5234375 0.8020833333333334 0.5690104166666666 0.8072916666666666 0.59765625 0.8190104166666666 0.6263020833333334 0.83984375 0.6484375 0.8580729166666666 0.6536458333333334 0.9635416666666666 0.6575520833333334 0.9635416666666666 0.6614583333333334 0.9127604166666666 0.6614583333333334 0.8502604166666666 0.6575520833333334 0.8346354166666666 0.6510416666666666 0.828125 0.64453125 0.81640625 0.6302083333333334 0.8072916666666666 0.609375 0.80078125 0.5859375 0.7994791666666666 0.5364583333333334 0.8046875 0.5026041666666666 0.81640625 0.4739583333333333 0.828125 0.4583333333333333 0.84765625 0.4466145833333333 0.9010416666666666 0.4466145833333333
2 0.4700520833333333 0.5208333333333334 0.4713541666666667 0.5377604166666666 0.4674479166666667 0.703125 0.4661458333333333 0.9348958333333334 0.46484375 0.94921875 0.4622395833333333 0.94921875 0.4674479166666667 0.5364583333333334 0.4700520833333333 0.5221354166666666
3 0.4427083333333333 0.3385416666666667 0.4427083333333333 0.3502604166666667 0.4401041666666667 0.3528645833333333 0.4401041666666667 0.3567708333333333 0.4361979166666667 0.3567708333333333 0.43359375 0.3515625 0.4322916666666667 0.33203125 0.4348958333333333 0.3307291666666667 0.44140625 0.3385416666666667
3 0.38671875 0.3216145833333333 0.3932291666666667 0.328125 0.39453125 0.3333333333333333 0.3919270833333333 0.3502604166666667 0.3828125 0.34375 0.3802083333333333 0.3359375 0.3815104166666667 0.3268229166666667 0.3854166666666667 0.3229166666666667
3 0.4700520833333333 0.49609375 0.4700520833333333 0.53125 0.4609375 0.5078125 0.4609375 0.4973958333333333 0.4635416666666667 0.4947916666666667 0.46875 0.49609375
3 0.1640625 0.8268229166666666 0.16927083333333334 0.8294270833333334 0.17447916666666666 0.8385416666666666 0.16927083333333334 0.8463541666666666 0.16145833333333334 0.8463541666666666 0.16015625 0.8359375 0.1640625 0.828125
3 0.4283854166666667 0.6588541666666666 0.4322916666666667 0.6640625 0.4283854166666667 0.6770833333333334 0.4244791666666667 0.6770833333333334 0.421875 0.6744791666666666 0.4205729166666667 0.6640625 0.41796875 0.6614583333333334 0.4192708333333333 0.6575520833333334 0.4270833333333333 0.6588541666666666
3 0.19010416666666666 0.4192708333333333 0.19270833333333334 0.421875 0.19270833333333334 0.4348958333333333 0.19010416666666666 0.4388020833333333 0.18098958333333334 0.4283854166666667 0.18098958333333334 0.4205729166666667 0.18880208333333334 0.4192708333333333
3 0.22786458333333334 0.2109375 0.23697916666666666 0.22395833333333334 0.23567708333333334 0.23046875 0.23307291666666666 0.23046875 0.22395833333333334 0.22005208333333334 0.22395833333333334 0.21223958333333334 0.2265625 0.2109375
3 0.08463541666666667 0.6328125 0.08723958333333333 0.6341145833333334 0.09114583333333333 0.6432291666666666 0.09244791666666667 0.65625 0.08854166666666667 0.6588541666666666 0.07682291666666667 0.6549479166666666 0.07552083333333333 0.65234375 0.07552083333333333 0.6458333333333334 0.08463541666666667 0.6341145833333334
3 0.349609375 0.662109375 0.010416666666666666 0.020833333333333332
3 0.75390625 0.5208333333333334 0.7565104166666666 0.5208333333333334 0.7591145833333334 0.5247395833333334 0.7591145833333334 0.5390625 0.75390625 0.5442708333333334 0.7447916666666666 0.5377604166666666 0.7447916666666666 0.5325520833333334 0.75390625 0.5221354166666666
3 0.040364583333333336 0.5677083333333334 0.040364583333333336 0.58203125 0.029947916666666668 0.58203125 0.026041666666666668 0.5859375 0.0234375 0.5846354166666666 0.022135416666666668 0.5794270833333334 0.0234375 0.57421875 0.03515625 0.5677083333333334 0.0390625 0.5677083333333334
3 0.3736979166666667 0.8098958333333334 0.3763020833333333 0.80859375 0.37890625 0.8111979166666666 0.3841145833333333 0.8111979166666666 0.38671875 0.81640625 0.3841145833333333 0.828125 0.3776041666666667 0.828125 0.3736979166666667 0.8229166666666666 0.375 0.8111979166666666