1 0.66015625 0.7430555559895833 0.6609375000000001 0.7444444440104167 0.6625 0.7444444440104167 0.6640625 0.7416666666666667 0.6640625 0.74027777734375 0.6625 0.7374999999999999 0.6609375000000001 0.7374999999999999 0.66015625 0.7388888893229167 0.66015625 0.7430555559895833
0 0.9049479166666666 0.4166666666666667 0.9114583333333334 0.4140625 0.9986979166666666 0.4114583333333333 0.9986979166666666 0.41796875 0.9231770833333334 0.4192708333333333 0.9114583333333334 0.4205729166666667 0.8997395833333334 0.42578125 0.88671875 0.4375 0.88671875 0.4401041666666667 0.87890625 0.44921875 0.8671875 0.4791666666666667 0.86328125 0.4986979166666667 0.86328125 0.5442708333333334 0.8684895833333334 0.56640625 0.87890625 0.5924479166666666 0.8880208333333334 0.60546875 0.8997395833333334 0.6171875 0.9127604166666666 0.6223958333333334 0.9986979166666666 0.6197916666666666 0.9986979166666666 0.6263020833333334 0.9088541666666666 0.6276041666666666 0.8919270833333334 0.6171875 0.8841145833333334 0.609375 0.87109375 0.5872395833333334 0.8645833333333334 0.5677083333333334 0.8606770833333334 0.5442708333333334 0.859375 0.5182291666666666 0.8619791666666666 0.4895833333333333 0.8723958333333334 0.453125 0.8828125 0.4388020833333333 0.8841145833333334 0.43359375 0.8919270833333334 0.42578125 0.9049479166666666 0.41796875
0 0.15885416666666666 0.4505208333333333 0.16666666666666666 0.4557291666666667 0.16796875 0.4596354166666667 0.17838541666666666 0.4700520833333333 0.18619791666666666 0.4856770833333333 0.1953125 0.5169270833333334 0.1953125 0.5403645833333334 0.19270833333333334 0.5364583333333334 0.19140625 0.5130208333333334 0.18359375 0.4895833333333333 0.171875 0.46875 0.15364583333333334 0.453125 0.14713541666666666 0.4505208333333333 0.057291666666666664 0.453125 0.028645833333333332 0.4518229166666667 0.028645833333333332 0.44921875 0.03125 0.4479166666666667 0.09895833333333333 0.4453125 0.14713541666666666 0.4453125 0.15755208333333334 0.4505208333333333
2 0.5247395833333334 0.12109375 0.5260416666666666 0.2591145833333333 0.5286458333333334 0.3125 0.52734375 0.4908854166666667 0.53125 0.6276041666666666 0.53125 0.8216145833333334 0.5338541666666666 0.8580729166666666 0.5338541666666666 0.8736979166666666 0.53125 0.8828125 0.5286458333333334 0.8385416666666666 0.5286458333333334 0.6861979166666666 0.5260416666666666 0.62890625 0.52734375 0.5677083333333334 0.5247395833333334 0.5091145833333334 0.5247395833333334 0.28515625 0.5221354166666666 0.16536458333333334 0.5234375 0.12239583333333333
3 0.47265625 0.32421875 0.4765625 0.3411458333333333 0.47265625 0.3489583333333333 0.46875 0.3463541666666667 0.4661458333333333 0.3359375 0.46875 0.3255208333333333 0.4713541666666667 0.32421875
3 0.4986979166666667 0.6731770833333334 0.5026041666666666 0.67578125 0.5026041666666666 0.6809895833333334 0.5 0.69140625 0.4973958333333333 0.6940104166666666 0.4934895833333333 0.6940104166666666 0.4934895833333333 0.6770833333333334 0.4973958333333333 0.6731770833333334
3 0.4361979166666667 0.4921875 0.4375 0.5052083333333334 0.43359375 0.5104166666666666 0.4270833333333333 0.50390625 0.4270833333333333 0.4973958333333333 0.4309895833333333 0.4921875 0.4348958333333333 0.4921875
3 0.78125 0.5130208333333334 0.7838541666666666 0.5130208333333334 0.7955729166666666 0.5234375 0.7955729166666666 0.52734375 0.7916666666666666 0.5325520833333334 0.78515625 0.53515625 0.7825520833333334 0.5338541666666666 0.78125 0.5143229166666666
3 0.54296875 0.2734375 0.5481770833333334 0.2734375 0.5533854166666666 0.2825520833333333 0.55078125 0.2942708333333333 0.5442708333333334 0.3020833333333333 0.5390625 0.2955729166666667 0.5390625 0.2786458333333333 0.54296875 0.2747395833333333
3 0.5299479166666666 0.8736979166666666 0.5299479166666666 0.890625 0.5260416666666666 0.89453125 0.5208333333333334 0.8919270833333334 0.5208333333333334 0.87890625 0.5286458333333334 0.8736979166666666
3 0.7630208333333334 0.39453125 0.7708333333333334 0.390625 0.7734375 0.3919270833333333 0.7734375 0.4010416666666667 0.7643229166666666 0.41015625 0.76171875 0.4088541666666667 0.7630208333333334 0.3958333333333333
3 0.59765625 0.72265625 0.6015625 0.7265625 0.6015625 0.7395833333333334 0.59765625 0.7421875 0.59375 0.73828125 0.59375 0.7291666666666666 0.5963541666666666 0.7239583333333334
3 0.7721354166666666 0.20182291666666666 0.7721354166666666 0.21354166666666666 0.76953125 0.21614583333333334 0.7682291666666666 0.22395833333333334 0.7643229166666666 0.22786458333333334 0.7591145833333334 0.22526041666666666 0.7591145833333334 0.22005208333333334 0.7630208333333334 0.20703125 0.7669270833333334 0.20182291666666666 0.7708333333333334 0.20182291666666666
3 0.91796875 0.5 0.9270833333333334 0.4973958333333333 0.9309895833333334 0.4973958333333333 0.93359375 0.5 0.93359375 0.51171875 0.921875 0.5143229166666666 0.91796875 0.5130208333333334 0.91796875 0.5013020833333334
3 0.19140625 0.5390625 0.19661458333333334 0.5455729166666666 0.20182291666666666 0.546875 0.20182291666666666 0.55078125 0.19791666666666666 0.5559895833333334 0.19401041666666666 0.5598958333333334 0.18880208333333334 0.5598958333333334 0.18489583333333334 0.5559895833333334 0.18359375 0.5494791666666666 0.19010416666666666 0.5403645833333334
3 0.74609375 0.8486111106770834 0.74375 0.8375 0.7374999999999999 0.8430555559895834 0.740625 0.8527777773437499 0.74609375 0.8486111106770834