0 0 0.4114583333333333 0.08463541666666667 0.4140625 0.09505208333333333 0.4166666666666667 0.11588541666666667 0.4348958333333333 0.12630208333333334 0.4518229166666667 0.13411458333333334 0.47265625 0.13932291666666666 0.5 0.13932291666666666 0.5442708333333334 0.13411458333333334 0.5716145833333334 0.13020833333333334 0.5846354166666666 0.12239583333333333 0.5989583333333334 0.11588541666666667 0.609375 0.10677083333333333 0.6184895833333334 0.09635416666666667 0.6236979166666666 0.09505208333333333 0.6263020833333334 0.0859375 0.62890625 0 0.6263020833333334 0 0.6197916666666666 0.08854166666666667 0.6223958333333334 0.09765625 0.6184895833333334 0.11197916666666667 0.60546875 0.12369791666666667 0.5885416666666666 0.13541666666666666 0.5520833333333334 0.13671875 0.5403645833333334 0.13671875 0.50390625 0.13151041666666666 0.4765625 0.12369791666666667 0.4544270833333333 0.11197916666666667 0.4375 0.10286458333333333 0.4283854166666667 0.09375 0.4231770833333333 0.08333333333333333 0.4205729166666667 0 0.41796875 0 0.4127604166666667
0 0.9244791666666666 0.4466145833333333 0.9622395833333334 0.4479166666666667 0.9674479166666666 0.44921875 0.96875 0.453125 0.8515625 0.4505208333333333 0.8385416666666666 0.45703125 0.8268229166666666 0.46875 0.8111979166666666 0.4973958333333333 0.8072916666666666 0.51171875 0.8059895833333334 0.5286458333333334 0.8033854166666666 0.53515625 0.8033854166666666 0.5703125 0.8059895833333334 0.57421875 0.8098958333333334 0.5989583333333334 0.8190104166666666 0.62109375 0.8294270833333334 0.6354166666666666 0.8450520833333334 0.6484375 0.8515625 0.6510416666666666 0.8854166666666666 0.6536458333333334 0.9544270833333334 0.6549479166666666 0.9635416666666666 0.65625 0.9661458333333334 0.6575520833333334 0.96484375 0.66015625 0.8828125 0.6588541666666666 0.8606770833333334 0.6575520833333334 0.84375 0.6536458333333334 0.8385416666666666 0.6510416666666666 0.8203125 0.6315104166666666 0.80859375 0.6080729166666666 0.8072916666666666 0.5963541666666666 0.8033854166666666 0.5872395833333334 0.80078125 0.5703125 0.80078125 0.5338541666666666 0.8046875 0.5091145833333334 0.81640625 0.4765625 0.8294270833333334 0.4583333333333333 0.84375 0.4479166666666667 0.8528645833333334 0.4453125 0.9231770833333334 0.4466145833333333
2 0.4739583333333333 0.2734375 0.4765625 0.2747395833333333 0.4739583333333333 0.3489583333333333 0.4739583333333333 0.6197916666666666 0.4713541666666667 0.6223958333333334 0.4700520833333333 0.87890625 0.4674479166666667 0.9479166666666666 0.46484375 0.9466145833333334 0.4674479166666667 0.8580729166666666 0.46875 0.5716145833333334 0.4713541666666667 0.5403645833333334 0.4713541666666667 0.32421875 0.4739583333333333 0.2747395833333333
3 0.2565104166666667 0.4518229166666667 0.2591145833333333 0.4544270833333333 0.2591145833333333 0.4635416666666667 0.2552083333333333 0.4674479166666667 0.24348958333333334 0.4635416666666667 0.24479166666666666 0.4544270833333333 0.24869791666666666 0.4518229166666667 0.2552083333333333 0.4518229166666667
3 0.3072916666666667 0.83203125 0.3177083333333333 0.8307291666666666 0.3177083333333333 0.8450520833333334 0.3138020833333333 0.8489583333333334 0.3072916666666667 0.8489583333333334 0.3072916666666667 0.8333333333333334
3 0.4798177083333333 0.2526041666666667 0.013020833333333334 0.033203125
3 0.55078125 0.6692708333333334 0.5533854166666666 0.671875 0.5520833333333334 0.6888020833333334 0.5494791666666666 0.6901041666666666 0.546875 0.6861979166666666 0.546875 0.6731770833333334 0.5494791666666666 0.6705729166666666
3 0.6171875 0.5338541666666666 0.6263020833333334 0.5325520833333334 0.6276041666666666 0.53515625 0.6263020833333334 0.55078125 0.62109375 0.55078125 0.6171875 0.53515625
3 0.484375 0.8268229166666666 0.4869791666666667 0.8268229166666666 0.4895833333333333 0.8307291666666666 0.4921875 0.84765625 0.4895833333333333 0.8606770833333334 0.4869791666666667 0.8619791666666666 0.484375 0.859375 0.4830729166666667 0.8502604166666666 0.48046875 0.84765625 0.48046875 0.8307291666666666 0.484375 0.828125
3 0.4205729166666667 0.6328125 0.4244791666666667 0.6380208333333334 0.4244791666666667 0.6510416666666666 0.41796875 0.65625 0.4140625 0.65234375 0.4127604166666667 0.6432291666666666 0.4192708333333333 0.6341145833333334
3 0.23177083333333334 0.20442708333333334 0.23567708333333334 0.20833333333333334 0.24088541666666666 0.22135416666666666 0.24088541666666666 0.22786458333333334 0.23697916666666666 0.23307291666666666 0.234375 0.23307291666666666 0.2265625 0.21614583333333334 0.2265625 0.20703125 0.23046875 0.20442708333333334
3 0.3111979166666667 0.38671875 0.3151041666666667 0.3880208333333333 0.3151041666666667 0.3932291666666667 0.3216145833333333 0.4010416666666667 0.3203125 0.4270833333333333 0.3111979166666667 0.4049479166666667 0.3111979166666667 0.3880208333333333
3 0.07421875 0.5143229166666666 0.07421875 0.5364583333333334 0.06770833333333333 0.5325520833333334 0.061197916666666664 0.5364583333333334 0.057291666666666664 0.53125 0.05859375 0.51953125 0.061197916666666664 0.5169270833333334 0.06770833333333333 0.51953125 0.07291666666666667 0.5143229166666666
3 0.7825520833333334 0.5325520833333334 0.7838541666666666 0.5494791666666666 0.7799479166666666 0.5533854166666666 0.77734375 0.5533854166666666 0.7721354166666666 0.5481770833333334 0.7721354166666666 0.53515625 0.7786458333333334 0.53125 0.78125 0.5325520833333334
3 0.5677083333333334 0.2981770833333333 0.5729166666666666 0.3072916666666667 0.5716145833333334 0.3229166666666667 0.5677083333333334 0.32421875 0.5611979166666666 0.3151041666666667 0.5611979166666666 0.30859375 0.56640625 0.2994791666666667