1 0.5226562499999999 0.5319444440104167 0.5234375 0.5333333333333333 0.5265624999999999 0.53472222265625 0.52734375 0.5333333333333333 0.52734375 0.52777777734375 0.5265624999999999 0.5263888893229166 0.5234375 0.5263888893229166 0.5226562499999999 0.52777777734375 0.5226562499999999 0.5319444440104167
3 0.375 0.16145833333333334 0.3815104166666667 0.16276041666666666 0.3841145833333333 0.171875 0.3828125 0.18359375 0.37890625 0.18619791666666666 0.3763020833333333 0.18489583333333334 0.3723958333333333 0.17317708333333334 0.3723958333333333 0.1640625 0.375 0.16276041666666666
3 0.3203125 0.5546875 0.3229166666666667 0.5572916666666666 0.3229166666666667 0.5716145833333334 0.3177083333333333 0.5755208333333334 0.3138020833333333 0.5716145833333334 0.3138020833333333 0.5651041666666666 0.31640625 0.5559895833333334 0.3190104166666667 0.5546875
3 0.5234375 0.5052083333333334 0.5260416666666666 0.5260416666666666 0.5247395833333334 0.53515625 0.51953125 0.5325520833333334 0.5182291666666666 0.51171875 0.51953125 0.5065104166666666 0.5221354166666666 0.5052083333333334
3 0.40625 0.8645833333333334 0.41015625 0.8697916666666666 0.40625 0.8854166666666666 0.4036458333333333 0.88671875 0.3997395833333333 0.8802083333333334 0.40234375 0.8671875 0.4049479166666667 0.8658854166666666
3 0.6028645833333334 0.8606770833333334 0.6119791666666666 0.8619791666666666 0.6158854166666666 0.8671875 0.6119791666666666 0.8815104166666666 0.6041666666666666 0.890625 0.6028645833333334 0.8619791666666666
3 0.7330729166666666 0.2552083333333333 0.7369791666666666 0.2565104166666667 0.73828125 0.26171875 0.7330729166666666 0.27734375 0.7291666666666666 0.28125 0.7239583333333334 0.2799479166666667 0.7239583333333334 0.2643229166666667 0.7265625 0.2565104166666667 0.7317708333333334 0.2552083333333333
3 0.796875 0.14322916666666666 0.7994791666666666 0.14583333333333334 0.7994791666666666 0.15234375 0.7916666666666666 0.16145833333333334 0.7890625 0.1796875 0.78515625 0.18880208333333334 0.7825520833333334 0.18619791666666666 0.7825520833333334 0.16927083333333334 0.78515625 0.15755208333333334 0.7955729166666666 0.14322916666666666
3 0.5143229166666666 0.158203125 0.015625 0.033203125
3 0.2890625 0.7083333333333334 0.2916666666666667 0.7083333333333334 0.2955729166666667 0.7200520833333334 0.2877604166666667 0.73046875 0.28515625 0.73046875 0.28125 0.71875 0.28125 0.7135416666666666 0.2890625 0.7096354166666666
3 0.8984375 0.4739583333333333 0.9049479166666666 0.4700520833333333 0.9088541666666666 0.4700520833333333 0.9114583333333334 0.4739583333333333 0.91015625 0.4856770833333333 0.90625 0.4869791666666667 0.90234375 0.484375 0.8958333333333334 0.4895833333333333 0.8919270833333334 0.48828125 0.8919270833333334 0.4817708333333333 0.8984375 0.4752604166666667
3 0.55859375 0.6380208333333334 0.5611979166666666 0.640625 0.5611979166666666 0.6510416666666666 0.5572916666666666 0.65625 0.5533854166666666 0.65234375 0.5546875 0.6393229166666666 0.5572916666666666 0.6380208333333334
3 0.17708333333333334 0.5143229166666666 0.1796875 0.5299479166666666 0.17317708333333334 0.5299479166666666 0.17057291666666666 0.5325520833333334 0.16796875 0.5325520833333334 0.16536458333333334 0.5286458333333334 0.1640625 0.515625 0.16927083333333334 0.5065104166666666 0.17578125 0.5143229166666666
2 0.5208333333333334 0.5390625 0.5221354166666666 0.5338541666666666 0.5260416666666666 0.5338541666666666 0.5260416666666666 0.5794270833333334 0.5286458333333334 0.6158854166666666 0.52734375 0.7135416666666666 0.5299479166666666 0.7643229166666666 0.5286458333333334 0.78515625 0.53125 0.8984375 0.53125 0.9427083333333334 0.5286458333333334 0.9453125 0.5260416666666666 0.79296875 0.52734375 0.7682291666666666 0.5247395833333334 0.7317708333333334 0.5234375 0.6158854166666666 0.5247395833333334 0.5807291666666666 0.5221354166666666 0.5403645833333334
0 0.16874999999999998 0.45416666666666666 0.15312499999999998 0.4430555559895833 0.029687500000000002 0.44444444401041666 0.029687500000000002 0.44861111067708337 0.15390625 0.44861111067708337 0.16953125 0.4611111106770833 0.18125 0.4791666666666667 0.18828124999999998 0.49305555598958334 0.1953125 0.5263888893229166 0.1953125 0.5611111106770833 0.1875 0.5986111106770834 0.1703125 0.6305555559895833 0.15625 0.6430555559895833 0.0328125 0.65277777734375 0.039843750000000004 0.6569444440104167 0.0859375 0.6555555559895833 0.14296875 0.65277777734375 0.15859375 0.64722222265625 0.17578125 0.6305555559895833 0.18984375 0.60277777734375 0.19765625 0.5666666666666667 0.19765625 0.5305555559895833 0.19296875 0.5 0.18281250000000002 0.47361111067708334 0.16874999999999998 0.45416666666666666
0 1 0.41111111067708334 0.9656250000000001 0.41111111067708334 0.9078125 0.4138888893229167 0.88828125 0.425 0.8734375 0.44444444401041666 0.859375 0.4861111106770833 0.85703125 0.5319444440104167 0.8640625000000001 0.5736111106770834 0.875 0.5986111106770834 0.890625 0.6166666666666667 0.9109375000000001 0.6263888893229167 1 0.6236111106770833 1 0.6180555559895834 0.90078125 0.6180555559895834 0.88515625 0.6041666666666666 0.87109375 0.5805555559895833 0.86171875 0.5444444440104167 0.8601562500000001 0.5111111106770834 0.8679687500000001 0.4666666666666666 0.88515625 0.43472222265625 0.90859375 0.41944444401041664 1 0.4166666666666667 1 0.41111111067708334