1 0.47031249999999997 0.6875 0.47265625 0.6861111106770833 0.47265625 0.6819444440104167 0.47109375000000003 0.6791666666666667 0.46875 0.6805555559895833 0.46875 0.6861111106770833 0.47031249999999997 0.6875
0 0.90625 0.4166666666666667 0.9986979166666666 0.4140625 0.9986979166666666 0.4192708333333333 0.99609375 0.4205729166666667 0.90625 0.4231770833333333 0.8919270833333334 0.4296875 0.8828125 0.4375 0.8671875 0.4622395833333333 0.86328125 0.4713541666666667 0.8619791666666666 0.4817708333333333 0.859375 0.484375 0.8580729166666666 0.5026041666666666 0.85546875 0.5078125 0.85546875 0.5364583333333334 0.86328125 0.5755208333333334 0.87109375 0.59375 0.8736979166666666 0.5950520833333334 0.87890625 0.60546875 0.8919270833333334 0.6184895833333334 0.9036458333333334 0.6236979166666666 0.9986979166666666 0.6223958333333334 0.9986979166666666 0.6276041666666666 0.9921875 0.62890625 0.9036458333333334 0.6302083333333334 0.8958333333333334 0.6276041666666666 0.8932291666666666 0.6236979166666666 0.8854166666666666 0.6197916666666666 0.875 0.6080729166666666 0.8645833333333334 0.5911458333333334 0.8567708333333334 0.5677083333333334 0.85546875 0.5494791666666666 0.8528645833333334 0.54296875 0.8528645833333334 0.5052083333333334 0.85546875 0.4986979166666667 0.85546875 0.48828125 0.8645833333333334 0.45703125 0.8763020833333334 0.4375 0.8841145833333334 0.4283854166666667 0.8919270833333334 0.4231770833333333 0.90625 0.41796875
0 0.13541666666666666 0.4466145833333333 0.15104166666666666 0.4518229166666667 0.15885416666666666 0.45703125 0.16796875 0.4674479166666667 0.17447916666666666 0.4765625 0.17447916666666666 0.48046875 0.18229166666666666 0.4947916666666667 0.18359375 0.50390625 0.18619791666666666 0.5065104166666666 0.19140625 0.5364583333333334 0.19140625 0.57421875 0.18229166666666666 0.61328125 0.17057291666666666 0.63671875 0.15885416666666666 0.6497395833333334 0.15104166666666666 0.6549479166666666 0.13151041666666666 0.66015625 0.059895833333333336 0.6627604166666666 0.028645833333333332 0.6627604166666666 0.024739583333333332 0.6614583333333334 0.028645833333333332 0.6588541666666666 0.1328125 0.6549479166666666 0.14713541666666666 0.6510416666666666 0.16145833333333334 0.6393229166666666 0.17578125 0.6171875 0.18489583333333334 0.5924479166666666 0.18880208333333334 0.5690104166666666 0.1875 0.5286458333333334 0.1796875 0.49609375 0.17708333333333334 0.4947916666666667 0.17057291666666666 0.4791666666666667 0.15885416666666666 0.46484375 0.14453125 0.4544270833333333 0.08984375 0.453125 0.024739583333333332 0.4557291666666667 0.0234375 0.4518229166666667 0.13411458333333334 0.4466145833333333
2 0.5182291666666666 0.265625 0.5182291666666666 0.2747395833333333 0.5221354166666666 0.2838541666666667 0.5208333333333334 0.3567708333333333 0.5247395833333334 0.6119791666666666 0.5234375 0.6575520833333334 0.5260416666666666 0.7044270833333334 0.5260416666666666 0.71875 0.5234375 0.7239583333333334 0.5208333333333334 0.6901041666666666 0.5208333333333334 0.56640625 0.5182291666666666 0.4635416666666667 0.51953125 0.4075520833333333 0.5169270833333334 0.3033854166666667 0.5182291666666666 0.2669270833333333
3 0.6028645833333334 0.21744791666666666 0.6080729166666666 0.21614583333333334 0.6106770833333334 0.21223958333333334 0.61328125 0.21484375 0.61328125 0.22135416666666666 0.6080729166666666 0.23567708333333334 0.6028645833333334 0.22526041666666666 0.6028645833333334 0.21875
3 0.5338541666666666 0.7135416666666666 0.5377604166666666 0.7200520833333334 0.53515625 0.7317708333333334 0.5286458333333334 0.7317708333333334 0.5247395833333334 0.72265625 0.5247395833333334 0.7161458333333334 0.5325520833333334 0.7135416666666666
3 0.4270833333333333 0.6653645833333334 0.4388020833333333 0.6653645833333334 0.4388020833333333 0.6692708333333334 0.4322916666666667 0.6809895833333334 0.4283854166666667 0.68359375 0.42578125 0.6796875 0.4270833333333333 0.6666666666666666
3 0.6067708333333334 0.6497395833333334 0.60546875 0.640625 0.6106770833333334 0.6341145833333334 0.6158854166666666 0.6380208333333334 0.6158854166666666 0.64453125 0.6119791666666666 0.65234375 0.6080729166666666 0.6497395833333334
3 0.5598958333333334 0.4166666666666667 0.5638020833333334 0.4153645833333333 0.56640625 0.4192708333333333 0.56640625 0.4309895833333333 0.5625 0.4348958333333333 0.55859375 0.42578125 0.5598958333333334 0.41796875
3 0.6341145833333334 0.5403645833333334 0.6380208333333334 0.5403645833333334 0.640625 0.546875 0.6393229166666666 0.5546875 0.6341145833333334 0.5572916666666666 0.6315104166666666 0.5546875 0.6341145833333334 0.5416666666666666
3 0.7591145833333334 0.7057291666666666 0.7630208333333334 0.7057291666666666 0.7682291666666666 0.7122395833333334 0.7682291666666666 0.72265625 0.7604166666666666 0.7239583333333334 0.7578125 0.7265625 0.7565104166666666 0.71875 0.7591145833333334 0.70703125
3 0.4557291666666667 0.4322916666666667 0.45703125 0.4427083333333333 0.453125 0.4505208333333333 0.44921875 0.4505208333333333 0.4466145833333333 0.4479166666666667 0.4466145833333333 0.4375 0.4505208333333333 0.4322916666666667 0.4544270833333333 0.4322916666666667
3 0.5872395833333334 0.8307291666666666 0.5924479166666666 0.8359375 0.5911458333333334 0.84765625 0.5885416666666666 0.8502604166666666 0.5833333333333334 0.84765625 0.58203125 0.8359375 0.5859375 0.83203125
3 0.584375 0.5458333333333333 0.59375 0.5430555559895833 0.5929687499999999 0.5263888893229166 0.5851562499999999 0.5236111106770833 0.5812499999999999 0.5333333333333333 0.584375 0.5458333333333333
3 0.7820312500000001 0.5333333333333333 0.7859375000000001 0.5291666666666667 0.7843749999999999 0.525 0.7734375 0.52222222265625 0.7726562499999999 0.5291666666666667 0.7820312500000001 0.5333333333333333
3 0.5226562499999999 0.2694444440104167 0.5265624999999999 0.2611111106770833 0.5265624999999999 0.24861111067708333 0.52109375 0.24722222265625002 0.51953125 0.26805555598958336 0.5226562499999999 0.2694444440104167