1 0.38359375 0.6013888893229167 0.38437499999999997 0.6 0.38437499999999997 0.5944444440104167 0.3828125 0.5916666666666667 0.38046874999999997 0.5916666666666667 0.3796875 0.5930555559895833 0.3796875 0.5986111106770834 0.38125000000000003 0.6013888893229167 0.38359375 0.6013888893229167
0 0 0.4140625 0.09114583333333333 0.4166666666666667 0.09244791666666667 0.4192708333333333 0.09895833333333333 0.4192708333333333 0.11458333333333333 0.4283854166666667 0.13411458333333334 0.45703125 0.14192708333333334 0.4817708333333333 0.14713541666666666 0.5182291666666666 0.14583333333333334 0.546875 0.13671875 0.5859375 0.12239583333333333 0.6106770833333334 0.10546875 0.6263020833333334 0.09635416666666667 0.6302083333333334 0.04296875 0.6302083333333334 0 0.6276041666666666 0 0.62109375 0.06510416666666667 0.6236979166666666 0.09505208333333333 0.6236979166666666 0.10286458333333333 0.62109375 0.11979166666666667 0.6067708333333334 0.12109375 0.6015625 0.13151041666666666 0.5872395833333334 0.13932291666666666 0.5638020833333334 0.14322916666666666 0.5390625 0.14322916666666666 0.5065104166666666 0.140625 0.5013020833333334 0.140625 0.4908854166666667 0.13671875 0.4817708333333333 0.13671875 0.4752604166666667 0.12760416666666666 0.453125 0.11067708333333333 0.4322916666666667 0.09244791666666667 0.4231770833333333 0.022135416666666668 0.4205729166666667 0.01171875 0.421875 0 0.4205729166666667 0 0.4153645833333333
0 0.9739583333333334 0.4505208333333333 0.9739583333333334 0.4557291666666667 0.8736979166666666 0.4518229166666667 0.8580729166666666 0.453125 0.8515625 0.4557291666666667 0.8333333333333334 0.4713541666666667 0.8229166666666666 0.48828125 0.8138020833333334 0.5130208333333334 0.8098958333333334 0.5364583333333334 0.8098958333333334 0.5716145833333334 0.8190104166666666 0.6106770833333334 0.8333333333333334 0.6354166666666666 0.8463541666666666 0.6484375 0.8658854166666666 0.6549479166666666 0.9544270833333334 0.6575520833333334 0.9700520833333334 0.6588541666666666 0.9739583333333334 0.6614583333333334 0.9713541666666666 0.6627604166666666 0.8684895833333334 0.66015625 0.8541666666666666 0.6575520833333334 0.83984375 0.6497395833333334 0.82421875 0.6302083333333334 0.81640625 0.6145833333333334 0.8151041666666666 0.6041666666666666 0.8125 0.6015625 0.8072916666666666 0.57421875 0.8072916666666666 0.53515625 0.8125 0.5065104166666666 0.8203125 0.484375 0.8307291666666666 0.4674479166666667 0.8450520833333334 0.453125 0.86328125 0.4466145833333333 0.97265625 0.4505208333333333
2 0.48046875 0.12239583333333333 0.4830729166666667 0.1484375 0.4778645833333333 0.5716145833333334 0.4791666666666667 0.6223958333333334 0.4752604166666667 0.7552083333333334 0.4752604166666667 0.9270833333333334 0.4739583333333333 0.9505208333333334 0.4713541666666667 0.9505208333333334 0.4700520833333333 0.92578125 0.47265625 0.8671875 0.47265625 0.7135416666666666 0.4752604166666667 0.6549479166666666 0.4739583333333333 0.6171875 0.4765625 0.51171875 0.4765625 0.3463541666666667 0.4791666666666667 0.2981770833333333 0.4778645833333333 0.26171875 0.48046875 0.12369791666666667
3 0.5846354166666666 0.4075520833333333 0.5885416666666666 0.41015625 0.5885416666666666 0.4283854166666667 0.5846354166666666 0.4309895833333333 0.58203125 0.4296875 0.5794270833333334 0.421875 0.58203125 0.4114583333333333 0.5846354166666666 0.4088541666666667
3 0.4440104166666667 0.24869791666666666 0.4466145833333333 0.24869791666666666 0.44921875 0.2552083333333333 0.44921875 0.2669270833333333 0.4479166666666667 0.26953125 0.4453125 0.26953125 0.4427083333333333 0.2669270833333333 0.4440104166666667 0.25
3 0.39453125 0.19791666666666666 0.3971354166666667 0.19791666666666666 0.4036458333333333 0.20703125 0.4036458333333333 0.21484375 0.3997395833333333 0.21744791666666666 0.39453125 0.2109375 0.39453125 0.19921875
3 0.5442708333333334 0.6145833333333334 0.546875 0.6184895833333334 0.546875 0.6302083333333334 0.54296875 0.6328125 0.5377604166666666 0.6236979166666666 0.5377604166666666 0.6171875 0.54296875 0.6145833333333334
3 0.24609375 0.4557291666666667 0.24869791666666666 0.4752604166666667 0.2526041666666667 0.4830729166666667 0.2513020833333333 0.4973958333333333 0.24479166666666666 0.48828125 0.2421875 0.4713541666666667 0.23567708333333334 0.4635416666666667 0.23697916666666666 0.4583333333333333 0.24479166666666666 0.4557291666666667
3 0.22005208333333334 0.65625 0.22005208333333334 0.6692708333333334 0.21354166666666666 0.6731770833333334 0.2109375 0.6731770833333334 0.20963541666666666 0.6705729166666666 0.20963541666666666 0.66015625 0.21614583333333334 0.6549479166666666 0.21875 0.65625
3 0.4427083333333333 0.7486979166666666 0.4427083333333333 0.7669270833333334 0.43359375 0.7643229166666666 0.4361979166666667 0.75390625 0.44140625 0.7486979166666666
3 0.3385416666666667 0.5130208333333334 0.3463541666666667 0.51953125 0.34765625 0.5234375 0.34765625 0.5481770833333334 0.3450520833333333 0.5494791666666666 0.3424479166666667 0.546875 0.3424479166666667 0.5364583333333334 0.3346354166666667 0.5260416666666666 0.3346354166666667 0.5182291666666666 0.3385416666666667 0.5143229166666666
3 0.4244791666666667 0.37890625 0.4283854166666667 0.3802083333333333 0.4309895833333333 0.3880208333333333 0.4283854166666667 0.3984375 0.42578125 0.3984375 0.4231770833333333 0.3854166666666667 0.4244791666666667 0.3802083333333333
3 0.3841145833333333 0.845703125 0.012369791666666666 0.022135416666666668
3 0.371875 0.5180555559895833 0.37578125 0.5208333333333334 0.3796875 0.5208333333333334 0.38437499999999997 0.5166666666666667 0.38515625000000003 0.5138888893229167 0.38515625000000003 0.5083333333333333 0.38437499999999997 0.5055555559895833 0.38046874999999997 0.49861111067708336 0.378125 0.49861111067708336 0.37656249999999997 0.49722222265625 0.371875 0.5013888893229167 0.3703125 0.5069444440104166 0.3703125 0.5138888893229167 0.371875 0.5166666666666667 0.371875 0.5180555559895833
3 0.3390625 0.6013888893229167 0.34140624999999997 0.60277777734375 0.34531249999999997 0.60277777734375 0.34531249999999997 0.6 0.34218750000000003 0.5888888893229166 0.33984375 0.5875 0.33749999999999997 0.5875 0.33671875 0.5888888893229166 0.3359375 0.5916666666666667 0.33671875 0.5930555559895833 0.33671875 0.59722222265625 0.3390625 0.6013888893229167